Appliances,lights,T1,RH_1,T2,RH_2,T3,RH_3,T4,RH_4,T5,RH_5,T6,RH_6,T7,RH_7,T8,RH_8,T9,RH_9,T_out,Press_mm_hg,RH_out,Windspeed,Visibility,Tdewpoint
110,20,21.5,45.12666667,20.79,44.63333333,20.39,46,19.66666667,48.09333333,18.96333333,55.33333333,5.59,86.325,17.79,43.4,19.29,49.16333333,16.82333333,44.59,5.6,735.8,88,6,40,3.7
400,20,21.53333333,44.96666667,20.79,44.36,20.42666667,45.93333333,19.6,47.5,19.03333333,54.09333333,5.656666667,86.22666667,17.79,43.22333333,19.35666667,49.03,16.82333333,44.53,5.65,735.8833333,87.83333333,6.166666667,40,3.72
400,20,21.6,44.76666667,20.89,44.22333333,20.5,45.93333333,19.69666667,47.62666667,19.1,53.36666667,5.833333333,85.76666667,17.79,43.03,19.39,48.86333333,16.89,44.59,5.7,735.9666667,87.66666667,6.333333333,40,3.73
390,30,21.6,44.56,20.96333333,43.96333333,20.5,45.79,20.09666667,47.56666667,19.15833333,52.4725,5.9,85.03333333,17.79,42.76,19.39,48.86333333,16.89,44.5225,5.75,736.05,87.5,6.5,40,3.75
240,20,21.6,44.36,21,43.83333333,20.5,45.73,20.59666667,47.22333333,19.2,51.99,6,84.12666667,17.79,42.62666667,19.34,48.95,16.82333333,44.43333333,5.8,736.1333333,87.33333333,6.666666667,40,3.77
60,20,21.6,44.2,21,43.7,20.5,45.59,20.99666667,47.03,19.2225,51.52,6,84.06,17.7,42.62666667,19.29,49.23,16.89,44.5,5.85,736.2166667,87.16666667,6.833333333,40,3.78
60,20,21.6,44.2,21,43.59,20.4175,45.545,21.16666667,46.52666667,19.29,51.23,5.966666667,84.79,17.7,42.76,19.35666667,49.43,16.89,44.5,5.9,736.3,87,7,40,3.8
60,20,21.6,44.2,21,43.59,20.39,45.66333333,21.03333333,46.4,19.29,51.06,5.9,85.59666667,17.7,43.03,19.39,49.89,16.89,45.06666667,5.8,736.4,87.83333333,6.833333333,37,3.85
50,10,21.6,44.2,21,43.7,20.29,45.73,20.96333333,46.43333333,19.29,50.93333333,5.763333333,86.26,17.7,43.16333333,19.39,50.16333333,16.89,45.26,5.7,736.5,88.66666667,6.666666667,34,3.9
70,20,21.5,44.23,20.92666667,43.76,20.29,45.79,20.865,46.5675,19.29,50.86333333,5.623333333,86.59333333,17.7,43.4,19.39,50.46333333,16.89,45.43333333,5.6,736.6,89.5,6.5,31,3.95
60,20,21.5,44.36333333,20.89,43.845,20.29,45.79,20.73,46.59,19.29,50.79,5.59,87.49666667,17.7,43.46666667,19.39,50.72333333,16.89,45.56,5.5,736.7,90.33333333,6.333333333,28,4
40,20,21.39,44.43333333,20.79,43.79,20.23,45.65666667,20.7,46.79,19.2,50.66333333,5.59,87.89666667,17.7,43.62666667,19.39,50.96333333,16.89,45.62666667,5.4,736.8,91.16666667,6.166666667,25,4.05
40,10,21.39,44.56,20.79,43.86333333,20.2,45.66333333,20.63333333,46.79,19.2,50.53,5.59,88.63333333,17.7,43.76,19.39,51.16333333,16.89,45.7,5.3,736.9,92,6,22,4.1
30,20,21.29,44.82666667,20.7,44,20.2,45.59,20.56666667,46.93333333,19.2,50.5,5.53,89.02666667,17.7,43.93333333,19.46333333,51.5,16.89,45.79,5.27,737,92,6,25,4.07
40,20,21.29,44.96666667,20.63333333,44,20.16666667,45.5,20.5,47.13333333,19.2,50.43333333,5.53,89.4,17.76,44.33333333,19.39,51.56,16.89,45.86333333,5.23,737.1,92,6,28,4.03
50,20,21.26,45.09,20.6,44.03,20.1,45.5,20.5,47.23,19.16666667,50.36333333,5.53,89.19333333,17.79,44.96333333,19.39,51.86,16.89,45.9,5.2,737.2,92,6,31,4
310,10,21.2,45.09,20.6,44.09,20.1,45.5,20.42666667,47.23,19.1,50.29,5.4,89.4,17.79,45.22333333,19.39,52,16.89,45.96666667,5.17,737.3,92,6,34,3.97
380,20,21.16666667,45.23,20.5,44.12666667,20.1,45.5,20.46,47.36,19.06666667,50.26,5.2,88.99,17.79,45.32666667,19.35666667,52.09,16.89,46.03,5.13,737.4,92,6,37,3.93
380,20,21.075,45.3725,20.5,44.2,20.1,45.53,20.79333333,47.56,19,50.12666667,4.866666667,89.06333333,17.79,45.425,19.29,52.16333333,16.89,46.09,5.1,737.5,92,6,40,3.9
370,20,21,45.4,20.39,44.2,20.1,45.59,21.26333333,47.46666667,19,50.09,4.933333333,91.16,17.79,45.56,19.29,52.5,16.89,46.2,5.12,737.6333333,92,5.833333333,40,3.92
120,10,21,45.59,20.39,44.26,20.1,45.59,21.59666667,47.4,19,50.03,5,91.43333333,17.79,45.73,19.23,52.9,16.89,46.2,5.13,737.7666667,92,5.666666667,40,3.93
50,0,20.92666667,45.59,20.29,44.29,20.16666667,45.53,21.89,46.96666667,19,50.03,4.866666667,91.26,17.79,45.86333333,19.29,53.5,16.89,46.29,5.15,737.9,92,5.5,40,3.95
40,0,20.89,45.66666667,20.23,44.29,20.13333333,45.5,21.82333333,46.22666667,18.92666667,50.09,4.726666667,91.59333333,17.79,45.82666667,19.29,53.96,16.89,46.43333333,5.17,738.0333333,92,5.333333333,40,3.97
50,0,20.89,46.06,20.2,44.4,20.2,45.5,21.66666667,46.06,18.89,50.09,4.466666667,91.76,17.79,45.96666667,19.29,54.46333333,16.89,46.63333333,5.18,738.1666667,92,5.166666667,40,3.98
40,0,20.79,46.2,20.2,44.46666667,20.16666667,45.5,21.53333333,45.93333333,18.89,50.1725,4.333333333,91.76,17.79,46,19.2225,54.7225,16.89,46.82666667,5.2,738.3,92,5,40,4
50,0,20.79,46.2,20.1,44.53,20.125,45.425,21.35666667,45.9,18.89,50.2,4.156666667,91.83333333,17.79,46,19.2,54.96666667,16.96333333,46.96666667,5.13,738.4,92,4.833333333,40,3.93
50,0,20.7,46.26,20.1,44.59,20.13333333,45.4,21.23,45.9,18.79,50.09,4.156666667,92.56666667,17.89,46,19.2,54.96666667,17,47.23,5.07,738.5,92,4.666666667,40,3.87
50,0,20.7,46.2,20,44.43333333,20.2,45.5,21.06666667,45.9,18.79,50.09,4.333333333,93.53,17.89,46.06,19.2,54.9,17,47.36333333,5,738.6,92,4.5,40,3.8
40,0,20.6,46.2,20,44.5,20.2,45.5,20.92666667,45.9,18.79,50.09,4.333333333,93.32333333,17.89,46.09,19.2,54.86333333,17,47.53,4.93,738.7,92,4.333333333,40,3.73
40,0,20.6,46.12666667,20,44.5,20.2,45.4,20.745,45.9,18.73,50.09,4.19,93.12666667,17.82333333,45.96333333,19.13333333,54.79,17,47.66333333,4.87,738.8,92,4.166666667,40,3.67
30,0,20.56666667,46.06666667,19.89,44.59,20.2,45.4,20.66666667,46,18.7,50.09,4.063333333,92.86666667,17.85666667,45.96666667,19.2,54.9,17,47.82666667,4.8,738.9,92,4,40,3.6
20,0,20.5,46.2,19.82333333,44.53,20.29,45.46666667,20.53333333,46,18.7,50.09,3.863333333,92.96666667,17.85666667,45.96666667,19.2,54.96666667,17,47.9,4.82,739.0166667,92.16666667,4.333333333,40,3.63
20,0,20.5,46.29,19.79,44.53,20.29,45.4,20.39,46.03,18.7,50.09,3.79,93.09333333,17.89,46.2,19.2,55.09,17,48.03,4.83,739.1333333,92.33333333,4.666666667,40,3.67
40,0,20.42666667,46.23,19.79,44.53,20.2,45.4,20.39,46.16333333,18.63333333,50.03,3.895,94.045,17.89,46.2,19.2,55.03,17,48.09,4.85,739.25,92.5,5,40,3.7
50,0,20.39,46.29,19.76,44.59,20.2,45.4,20.29,46.2,18.6,50,4.19,94.65666667,17.89,46.2,19.2,54.86333333,17.06666667,48.29,4.87,739.3666667,92.66666667,5.333333333,40,3.73
50,0,20.39,46.36333333,19.7,44.59,20.2,45.5,20.23,46.26,18.6,50,4.263333333,94.79666667,17.89,46.12666667,19.2,54.73,17.06666667,48.36333333,4.88,739.4833333,92.83333333,5.666666667,40,3.77
40,0,20.29,46.5,19.7,44.7,20.26,45.5,20.1,46.29,18.6,50,4.463333333,95.03,17.89,46.09,19.1,54.56,17.03333333,48.46333333,4.9,739.6,93,6,40,3.8
50,0,20.29,46.545,19.63333333,44.62666667,20.29,45.5,20.03333333,46.29,18.53333333,50,4.59,95.03,17.89,45.92,19.1,54.5,17.03333333,48.59,4.92,739.65,92.66666667,5.833333333,40,3.77
40,0,20.23,46.5,19.6,44.59,20.29,45.5,20,46.4,18.5,50,4.726666667,94.86666667,17.89,45.73,19.1,54.5,17.03333333,48.76666667,4.93,739.7,92.33333333,5.666666667,40,3.73
40,0,20.2,46.43333333,19.6,44.59,20.29,45.5,19.92666667,46.46666667,18.5,50,4.8,94.72666667,17.89,45.7,19.1,54.5,17.03333333,48.9,4.95,739.75,92,5.5,40,3.7
40,0,20.2,46.56,19.56666667,44.7,20.29,45.56,19.85666667,46.46666667,18.5,50,4.8,94.49333333,17.89,45.7,19.1,54.4,17.1,49.045,4.97,739.8,91.66666667,5.333333333,40,3.67
60,0,20.16666667,46.36333333,19.5,44.7,20.29,45.59,19.79,46.46666667,18.5,50,4.8,94.22666667,17.89,45.59,19.1,54.4,17.1,49.2,4.98,739.85,91.33333333,5.166666667,40,3.63
50,0,20.1,46.36333333,19.5,44.79,20.29,45.59,19.76,46.59,18.5,50,4.8,94.12666667,17.89,45.66333333,19.1,54.29,17.1,49.26,5,739.9,91,5,40,3.6
50,0,20.1,46.5,19.42666667,44.73,20.29,45.59,19.7,46.66333333,18.4725,49.975,4.8,94,17.89,45.59,19.1,54.23,17.1,49.29,4.98,739.9666667,91.66666667,4.833333333,40,3.68
40,0,20.03333333,46.36,19.39,44.73,20.29,45.59,19.66666667,46.66333333,18.39,49.9,4.763333333,93.56333333,17.89,45.59,19.05,54.045,17.1,49.36333333,4.97,740.0333333,92.33333333,4.666666667,40,3.77
40,0,20,46.29,19.39,44.79,20.35666667,45.59,19.6,46.59,18.39,49.9,4.763333333,94.02333333,17.89,45.62666667,19,54,17.1,49.43333333,4.95,740.1,93,4.5,40,3.85
40,0,20,46.29,19.39,44.79,20.39,45.59,19.6,46.62666667,18.39,49.9,4.833333333,94.72666667,17.89,45.62666667,19.06666667,54,17.1,49.56,4.93,740.1666667,93.66666667,4.333333333,40,3.93
40,0,20,46.23,19.39,44.79,20.32333333,45.59,19.6,46.7,18.39,49.9,4.833333333,95,17.89,45.59,19.1,53.9,17.1,49.62666667,4.92,740.2333333,94.33333333,4.166666667,40,4.02
50,0,19.92666667,46.23,19.29,44.9,20.32333333,45.59,19.5,46.7,18.39,49.9,4.9,95.53,17.89,45.72333333,19.03333333,53.82666667,17.1,49.7,4.9,740.3,95,4,40,4.1
70,10,19.89,46.23,19.29,44.925,20.32333333,45.59,19.5,46.7,18.35666667,49.93333333,4.9975,95.82,17.89,45.9,19,53.79,17.1,49.82666667,4.93,740.4333333,94.66666667,4.166666667,38.16666667,4.1
40,0,19.89,46.43,19.29,45,20.29,45.59,19.42666667,46.7,18.29,50,5.09,96.03,17.89,45.96666667,19,53.79,17.1,49.96666667,4.97,740.5666667,94.33333333,4.333333333,36.33333333,4.1
30,0,19.89,46.62666667,19.29,45.12666667,20.29,45.59,19.39,46.7,18.29,50.12666667,5,95.9,17.89,45.9,19,53.76,17.13333333,50,5,740.7,94,4.5,34.5,4.1
20,10,19.89,46.7,19.218,45.2,20.29,45.5,19.39,46.7,18.29,50.2,5,95.96666667,17.89,45.82666667,19,53.7,17.2,50,5.03,740.8333333,93.66666667,4.666666667,32.66666667,4.1
30,0,19.89,46.86333333,19.2,45.245,20.29,45.43333333,19.29,46.79,18.29,50.23,4.966666667,95.93333333,17.89,45.7225,19,53.875,17.2,50,5.07,740.9666667,93.33333333,4.833333333,30.83333333,4.1
40,10,19.82333333,46.86333333,19.2,45.36333333,20.2,45.29,19.29,46.79,18.29,50.29,4.9,95.93333333,17.89,45.79,19,54,17.2,50,5.1,741.1,93,5,29,4.1
50,10,19.85666667,46.93,19.2,45.4,20.2,45.29,19.29,46.79,18.29,50.42666667,4.933333333,96.09,17.89,45.86333333,19,54.06,17.2,50.09,5.1,741.2166667,92.66666667,5,30.83333333,4.05
60,20,19.79,46.79,19.2,45.32666667,20.16666667,45.29,19.29,46.59666667,18.23,50.83333333,4.933333333,96.09,17.89,45.52,18.92666667,53.8,17.2,49.96333333,5.1,741.3333333,92.33333333,5,32.66666667,4
60,20,19.79,46.895,19.175,45.195,20.1,45.29,19.26,46.29666667,18.2,51.26666667,5,96.09,17.89,45.14,18.9725,53.15,17.2,49.72333333,5.1,741.45,92,5,34.5,3.95
70,20,19.79,47.42666667,19.1,45.03,20.1,45.29,19.2,46.09,18.2,51.52666667,5,96.09,17.85666667,44.83333333,18.89,52.8,17.2,49.46333333,5.1,741.5666667,91.66666667,5,36.33333333,3.9
60,30,19.79,48.36666667,19.1,45,20.1,45.29,19.16666667,45.96666667,18.1,51.82666667,5,96.09,17.79,44.56666667,18.85666667,52.36333333,17.15,48.995,5.1,741.6833333,91.33333333,5,38.16666667,3.85
140,20,19.79,48.66666667,19.1,45,20.2,45.29,19.16666667,45.9,18.1,51.96666667,5.06,96.15666667,17.79,44.32666667,18.79,51.96333333,17.1,48.63333333,5.1,741.8,91,5,40,3.8
110,30,19.79,48.53333333,19.06666667,45.06,20.13333333,45.29,19.2,45.76,18.1,52.12666667,5.09,96.02666667,17.85666667,44.66,18.79,51.63333333,17.1,48.36,5.05,741.8833333,91,5,40,3.73
90,10,19.89,50,19.02222222,45.04444444,20.15,45.245,19.2,45.62666667,18.03333333,52.2,5.09,95.76,18,45.06333333,18.79,51.395,17.1,48.02666667,5,741.9666667,91,5,40,3.67
60,0,19.89,48.73333333,19.1,45.2,20.1,45.2,19.1,45.52666667,18.05,52.4,5,95.45666667,18,44.45666667,18.7,51.045,17.1,47.76666667,4.95,742.05,91,5,40,3.6
60,0,19.89,48.02666667,19.03333333,45.12666667,20.1,45.2,19.1,45.4,18,52.5,4.793333333,94.79,17.89,43.96,18.7,50.76,17.1,47.46666667,4.9,742.1333333,91,5,40,3.53
60,0,19.89,47.63333333,19,45.09,20.1,45.2,19.1,45.36333333,18,52.56,4.466666667,94.19333333,17.89,43.56666667,18.7,50.645,17.03333333,47.26666667,4.85,742.2166667,91,5,40,3.47
50,0,19.85666667,47.06333333,19,45.03,20.1,45.2,19.1,45.23,18,52.79,4.2975,94.45,17.85666667,43.1,18.7,50.42,17,46.93,4.8,742.3,91,5,40,3.4
60,0,19.79,46.65666667,19,44.96666667,20.1,45.16333333,19.1,45.09,17.92666667,52.79,4.063333333,94.19333333,17.79,42.76666667,18.63333333,50.15666667,17.06666667,46.79,4.88,742.3833333,91,5,38.16666667,3.48
50,0,19.79,46.33333333,19,44.82666667,20.1,45.09,19.1,44.96666667,17.89,52.76,4.03,94.66666667,17.79,42.43,18.66666667,50.02666667,17.03333333,46.59,4.97,742.4666667,91,5,36.33333333,3.57
30,0,19.79,46.06666667,19,44.645,20.1,45.16333333,19.03333333,44.76666667,17.89,52.03333333,4.09,95,17.79,42.23,18.6,49.82666667,17.03333333,46.39,5.05,742.55,91,5,34.5,3.65
40,0,19.76,45.86333333,18.96333333,44.56,20.03333333,44.96333333,19,44.66333333,18,50.9,4.123333333,95.39666667,17.7,41.96666667,18.6,49.66333333,17,46.16333333,5.13,742.6333333,91,5,32.66666667,3.73
30,0,19.7,45.79,18.96333333,44.43333333,20,44.9,19.06666667,44.59,18,50.42666667,4.263333333,95.79666667,17.7,41.82666667,18.6,49.59,17,46.03,5.22,742.7166667,91,5,30.83333333,3.82
260,0,19.7,45.66333333,18.89,44.29,20,44.9,19.1,44.69333333,18,49.93,4.463333333,96.26,17.7,41.66333333,18.6,49.46666667,17,45.86333333,5.3,742.8,91,5,29,3.9
500,0,19.7,45.59,18.89,44.23,19.89,44.9,19.16666667,45.02666667,18,49.65666667,4.73,96.46666667,17.7,41.59,18.53333333,49.4,17,45.73,5.48,742.8833333,90.16666667,5,30.83333333,3.95
450,0,19.73,47.79333333,18.92666667,44.23,19.89,44.9,19.36,45.36,18,49.5,5.03,96.56,17.7,41.5,18.5,49.26,17,45.66333333,5.67,742.9666667,89.33333333,5,32.66666667,4
50,10,19.79,48.79333333,19,44.36333333,19.89,44.86333333,19.69333333,45.56,18,49.56,5.156666667,96.5,17.7,41.4,18.5,49.2,17,45.46333333,5.85,743.05,88.5,5,34.5,4.05
60,0,19.89,47.94,19.03333333,44.56666667,19.96333333,44.86333333,20,45.13333333,18.03333333,49.62666667,5.333333333,96.56,17.7,41.32666667,18.5,49.09,17.03333333,45.29,6.03,743.1333333,87.66666667,5,36.33333333,4.1
60,0,19.89,47.16,19.03333333,44.56666667,19.92666667,44.79,20.06666667,44.86,18.1,49.56666667,5.4,96.29333333,17.7,41.26,18.5,49.09,17.03333333,45.23,6.22,743.2166667,86.83333333,5,38.16666667,4.15
50,0,19.89,46.76666667,19.03333333,44.5,20,44.79,20.13333333,44.7,18.03333333,49.32666667,5.53,96.19,17.7,41.2,18.5,49,17.05,45.245,6.4,743.3,86,5,40,4.2
50,0,20,46.29666667,19.1,44.5,20,44.79,20.2,44.62666667,18.1,49.32666667,5.796666667,96.19,17.73,41.02666667,18.5,48.93333333,17.1,45.29,6.5,743.3333333,85.16666667,5.333333333,38,4.17
50,0,20,45.96333333,19.1,44.46666667,19.92666667,44.79,20.2,44.59,18.1,49.26,5.833333333,95.02333333,17.79,40.9,18.42666667,48.59,17.1,45.23,6.6,743.3666667,84.33333333,5.666666667,36,4.13
60,0,20,46.22333333,19.1,44.4,19.945,44.79,20.13333333,44.46333333,18.1,49.12666667,5.966666667,94.56333333,17.79,40.7,18.5,48.46333333,17.1,45.2,6.7,743.4,83.5,6,34,4.1
60,0,20,45.96333333,19.1,44.29,19.89,44.76,20.1,44.16333333,18.1,49.09,6.245,93.745,17.85666667,40.62666667,18.5,48.19,17.1,45.12666667,6.8,743.4333333,82.66666667,6.333333333,32,4.07
60,0,20,45.72333333,19.15,44.245,19.89,44.7,20.1,44.03,18.1,49,6.433333333,91.23,17.82333333,40.46666667,18.5,47.96666667,17.1,45.2,6.9,743.4666667,81.83333333,6.666666667,30,4.03
60,0,20,45.66333333,19.2,44.2,19.96333333,44.7,20.03333333,43.9,18.1,48.93333333,6.5,88.89666667,17.89,40.32666667,18.56666667,47.82666667,17.1,45.2,7,743.5,81,7,28,4
190,0,20.03333333,45.5,19.2,44.12666667,19.96333333,44.7,20.03333333,43.69333333,18.06666667,49,6.59,85.46333333,17.9175,40.24,18.56666667,47.59,17.1,45.06,7.08,743.5,80.66666667,7,30,4.02
220,0,20.1,45.69333333,19.2,43.9,20,44.79,20,43.845,18,49.4,6.656666667,84.39666667,17.92666667,40.03,18.55,47.545,17.1,45,7.17,743.5,80.33333333,7,32,4.03
170,0,20.1,45.4,19.2,43.9,20,44.79,20,43.82666667,17.96333333,49.89,6.933333333,83.1,17.9725,39.875,18.6,47.35222222,17.1,44.86333333,7.25,743.5,80,7,34,4.05
390,0,20.1,45.32666667,19.2,43.856,19.96333333,44.79,20,43.96666667,17.89,50.22333333,7.126666667,82.89333333,18,39.7,18.6,47.2,17.1,44.79,7.33,743.5,79.66666667,7,36,4.07
90,0,20.1,45.32666667,19.2,43.7,19.89,44.79,19.89,44.09,17.89,50.398,7.433333333,82.33333333,18,39.66333333,18.5,47.2,17.1,44.7,7.42,743.5,79.33333333,7,38,4.08
60,0,20.16666667,46.99333333,19.2,43.76,19.89,44.79,19.89,44.16333333,17.89,50.56,7.5,81,18,39.59,18.5,47.12666667,17.16666667,44.62666667,7.5,743.5,79,7,40,4.1
290,0,20.1,46.43,19.1,43.8175,19.89,44.79,19.85666667,44.16,17.85666667,50.73,7.4,80.36,17.89,39.59,18.5,47.23,17.16666667,44.56,7.42,743.5,79.33333333,7.166666667,40,4.07
130,0,20.1,46.03,19.1,43.838125,19.89,44.79,19.85666667,44.02666667,17.85666667,50.86333333,7.466666667,80.36,17.89,39.59,18.5,47.29,17.1,44.5,7.33,743.5,79.66666667,7.333333333,40,4.03
140,0,20.06666667,45.36333333,19.1,43.745,19.89,44.86333333,19.79,43.86333333,17.79,50.93333333,7.656666667,78.79,17.89,39.59,18.5,47.33,17.1,44.4,7.25,743.5,80,7.5,40,4
240,0,20,44.96333333,19.1,43.59555556,19.89,44.82666667,19.73,43.53,17.79,51,7.53,78.19,17.89,39.59,18.5,47.2825,17.1,44.32666667,7.17,743.5,80.33333333,7.666666667,40,3.97
50,0,20,44.76,19.1,43.48888889,19.89,44.9,19.7,43.5,17.79,51,7.623333333,78.73,17.945,39.565,18.5,47.13714286,17.1,44.29,7.08,743.5,80.66666667,7.833333333,40,3.93
60,0,20,44.595,19.1,43.425,19.89,44.9,19.7,43.5,17.79,51,7.69,77.19666667,18.07777778,39.47666667,18.5,47.01133333,17.1,44.23,7,743.5,81,8,40,3.9
60,0,20,44.43333333,19.1,43.334,19.89,44.9,19.7,43.46666667,17.79,51,7.56,76.32333333,18.18333333,39.275,18.5,46.91666667,17.1,44.2,6.98,743.55,80.16666667,7.5,40,3.73
60,0,20,44.26,19.1,43.29,19.89,44.9,19.7,43.4,17.79,51,7.433333333,76.46333333,18.18333333,39.09,18.5,46.86333333,17.1,44.2,6.97,743.6,79.33333333,7,40,3.57
370,0,20,44.2,19.1,43.29,19.89,44.9,19.6,43.2,17.73,51,7.295,77.4,18.1,39.09,18.5,46.79,17.1,44.12666667,6.95,743.65,78.5,6.5,40,3.4
200,0,20,44.06,19.03333333,43.23,19.945,44.9,19.6,43.12666667,17.79,51,6.9,77.63333333,18.06666667,39.06,18.5,47,17.1,44,6.93,743.7,77.66666667,6,40,3.23
70,0,20,44.06,19,43.2,19.89,44.9,19.56666667,43.06,17.7,51,6.966666667,78.82666667,18,39,18.42666667,46.93333333,17.1,43.93333333,6.92,743.75,76.83333333,5.5,40,3.07
50,0,20,44.09,19,43.12666667,19.89,44.82666667,19.5,43,17.7,51,6.966666667,79.49,17.9725,39,18.46333333,47,17.1,43.79,6.9,743.8,76,5,40,2.9
40,0,20,44.03,19,43.09,19.89,44.9,19.46333333,43.06,17.7,51,6.833333333,78.75666667,17.89,39,18.39,47,17.1,43.79,6.8,743.8166667,77,4.833333333,40,3
40,0,19.96333333,43.9,18.92666667,43.09,19.89,44.9,19.39,43,17.7,51,6.366666667,79.06,18.03333333,39.09,18.39,46.9,17.1,43.7,6.7,743.8333333,78,4.666666667,40,3.1
30,0,19.96333333,43.9,19.03333333,43.06,19.89,44.79,19.445,43.145,17.7,51,6.433333333,82.53333333,18.16666667,39.03,18.4975,46.6725,17.1,43.76,6.6,743.85,79,4.5,40,3.2
30,0,20,43.86333333,19.1,43,19.89,44.79,19.53333333,43.16333333,17.7,51,6.933333333,81.02666667,18.32333333,38.83333333,18.66666667,46.53,17.16666667,43.79,6.5,743.8666667,80,4.333333333,40,3.3
30,0,20.06666667,43.86333333,19.13333333,42.86333333,19.89,44.76,19.6,43.03,17.7,51,7,76.83333333,18.445,38.645,18.79,46.22333333,17.16666667,43.79,6.4,743.8833333,81,4.166666667,40,3.4
30,0,20.1,43.79,19.2,42.715,19.89,44.7,19.6,42.86333333,17.7,51,6.933333333,75.13333333,18.52857143,38.25357143,18.79,45.98083333,17.2,43.79,6.3,743.9,82,4,40,3.5
40,0,20.1,43.73,19.13636364,42.65,19.89,44.7,19.53333333,42.79,17.7,51.06,6.726666667,75.33333333,18.48777778,38.18777778,18.78,45.88777778,17.2,43.73,6.33,743.95,80.83333333,4.5,38.16666667,3.3
50,0,20.1,43.56,19.13,42.59,19.89,44.76,19.39,42.59,17.66666667,51,6.526666667,73.76,18.39,38.027,18.71636364,45.81,17.2,43.66333333,6.37,744,79.66666667,5,36.33333333,3.1
40,0,20.1,43.43333333,19.1,42.59,19.89,44.79,19.39,42.59,17.6,51,6.333333333,73.5,18.37571429,38,18.7,45.79,17.2,43.53,6.4,744.05,78.5,5.5,34.5,2.9
40,0,20.1,43.16333333,19.0375,42.53375,19.82333333,44.73,19.29,42.59,17.6,50.96666667,6.123333333,75.7,18.242,37.94666667,18.7,45.72454545,17.1,43.4,6.43,744.1,77.33333333,6,32.66666667,2.7
40,0,20.1,43.03,19.00769231,42.43,19.79,44.7,19.29,42.59,17.6,50.9,6.19,76.36666667,18.2,37.9,18.63125,45.711875,17.1,43.32666667,6.47,744.15,76.16666667,6.5,30.83333333,2.5
60,0,20.06666667,42.83333333,19,42.41818182,19.79,44.7,19.26,42.56,17.6,50.9,6.156666667,76.89333333,18.13888889,37.90555556,18.6,45.79,17.1,43.26,6.5,744.2,75,7,29,2.3
60,10,20,42.6725,19,42.43333333,19.79,44.66333333,19.2,42.56,17.6,50.9,6.09,77.56,18.1,37.94545455,18.6,45.80833333,17.1,43.2,6.32,744.2833333,76.66666667,7,30.83333333,2.43
210,20,20,42.53,18.99,42.47181818,19.79,44.59,19.2,42.62666667,17.6,50.79,6.09,77.995,18.1,38.045,18.6,45.9,17.1,43.145,6.13,744.3666667,78.33333333,7,32.66666667,2.57
380,20,20.03333333,43.49666667,18.90222222,42.58,19.82333333,44.59,19.2,42.76,17.6,50.73,6.06,78.7,18.01818182,38.05727273,18.53636364,46,17.1,43,5.95,744.45,80,7,34.5,2.7
370,40,20.03333333,42.96333333,18.89,42.56,19.89,44.59,19.36,43.56666667,17.53333333,50.79,5.933333333,81.03333333,18,38.34416667,18.5,46,17.1,43,5.77,744.5333333,81.66666667,7,36.33333333,2.83
230,30,20,43.16,18.89,42.79666667,19.89,44.59,19.69333333,43.9,17.6,50.79,5.526666667,82.89333333,18.06666667,38.9,18.5,46.12666667,17.06666667,42.93,5.58,744.6166667,83.33333333,7,38.16666667,2.97
80,40,20,43.9,18.85666667,43.4,19.79,44.46666667,20.16333333,43.83333333,17.6,50.745,5.26,83.43333333,18.13333333,39.32666667,18.5,46.33333333,17,42.86333333,5.4,744.7,85,7,40,3.1
90,30,20,43.7,18.85666667,43.46666667,19.79,44.46666667,20.29,43.62666667,17.5,50.82666667,5.06,84.25666667,18.2,39.32666667,18.6,46.62666667,17.03333333,42.82666667,5.3,744.75,86,6.833333333,40,3.15
70,20,20,43.76,18.92666667,43.36333333,19.79,44.4,20.2,43.49,17.5,50.9,4.933333333,85.06333333,18.245,39.45,18.66666667,46.83333333,17.03333333,42.82666667,5.2,744.8,87,6.666666667,40,3.2
40,10,20.03333333,44,19,43.29,19.79,44.4,20.2,43.09666667,17.5,51,4.933333333,86.45666667,18.2,39.26,18.7,47.02666667,17,42.7,5.1,744.85,88,6.5,40,3.25
40,0,20.1,44.26,19.2,43.29,19.89,44.4,20.1,42.845,17.5,51,5,87.66333333,18.2,39.12666667,18.76,46.9,17,42.76,5,744.9,89,6.333333333,40,3.3
30,0,20.1,44.2,19.245,43.245,19.89,44.32666667,19.96333333,42.59,17.5,51.09,4.9,88.63333333,18.1,39.09,18.7,46.7675,17,42.79,4.9,744.95,90,6.166666667,40,3.35
50,0,20.1,44.12666667,19.29,43.095,19.79,44.09,19.89,42.59,17.5,51.09,4.9,89.42666667,18.1,39.09,18.7,46.645,17,42.79,4.8,745,91,6,40,3.4
50,0,20.1,44.06,19.37,42.92,19.79,44.09,19.85666667,42.56,17.5,51,4.866666667,90.22666667,18.06666667,39.06,18.6,46.5,17,42.79,4.75,745.0333333,91.33333333,6.166666667,40,3.4
60,0,20.1,44,19.39,42.9,19.79,44.12666667,19.79,42.5,17.5,51,4.866666667,90.89333333,18,39,18.53333333,46.56,16.92666667,42.79,4.7,745.0666667,91.66666667,6.333333333,40,3.4
50,0,20.1,43.9,19.39,42.76,19.79,44.2,19.76,42.53,17.5,51,4.933333333,91.4,17.96333333,39,18.5,46.9,16.89,42.79,4.65,745.1,92,6.5,40,3.4
60,0,20.1,43.82666667,19.39,42.7,19.79,44.2,19.7,42.53,17.5,51,4.933333333,91.26,17.89,39,18.5,47.12666667,16.96333333,42.86333333,4.6,745.1333333,92.33333333,6.666666667,40,3.4
60,0,20.03333333,43.73,19.39,42.66333333,19.79,44.2,19.66666667,42.56,17.5,50.96666667,4.626666667,90.96333333,17.89,39,18.5,47.26,16.89,42.9,4.55,745.1666667,92.66666667,6.833333333,40,3.4
60,0,20.1,43.73,19.39,42.53,19.79,44.29,19.6,42.5,17.5,50.9,4.4,91.2725,17.89,39,18.5,47.32666667,16.89,42.9,4.5,745.2,93,7,40,3.4
50,0,20.06666667,43.49,19.35666667,42.5,19.79,44.29,19.6,42.5,17.5,50.86333333,4.366666667,92.46,17.79,38.9,18.5,47.4,16.89,42.9,4.53,745.3166667,92.66666667,6.833333333,40,3.4
50,0,20,43.29,19.29,42.43333333,19.79,44.29,19.53333333,42.5,17.5,50.79,4.53,93.19,17.79,38.9,18.39,47.4,16.89,42.9,4.57,745.4333333,92.33333333,6.666666667,40,3.4
50,0,20,43.145,19.29,42.45,19.79,44.29,19.5,42.5,17.5,50.79,4.59,93.19,17.79,38.9,18.39,47.4,16.89,42.845,4.6,745.55,92,6.5,40,3.4
50,0,20,43.06,19.26,42.46666667,19.79,44.29,19.5,42.5,17.5,50.73,4.56,93.06,17.79,38.96666667,18.39,47.4,16.89,42.82666667,4.63,745.6666667,91.66666667,6.333333333,40,3.4
50,0,19.92666667,43,19.2,42.4,19.79,44.29,19.46333333,42.46666667,17.39,50.59,4.366666667,92.93333333,17.79,39,18.39,47.4,16.89,42.9,4.67,745.7833333,91.33333333,6.166666667,40,3.4
60,0,19.89,42.86333333,19.2,42.32666667,19.79,44.29,19.39,42.4,17.39,50.53,4.263333333,93.36666667,17.73,39,18.39,47.4,16.89,42.9,4.7,745.9,91,6,40,3.4
60,0,19.89,42.79,19.2,42.32666667,19.79,44.26,19.39,42.43333333,17.39,50.5,4.263333333,93.89333333,17.7,39,18.39,47.32666667,16.89,42.9,4.8,745.95,90.5,6.166666667,38.16666667,3.42
40,0,19.89,42.7,19.1,42.36333333,19.79,44.2,19.32333333,42.5,17.39,50.46666667,4.4,94.26333333,17.7,39,18.29,47.29,16.89,42.9,4.9,746,90,6.333333333,36.33333333,3.43
30,0,19.82333333,42.62666667,19.1,42.29,19.79,44.16333333,19.29,42.5,17.39,50.4,4.466666667,94.39666667,17.7,39,18.29,47.29,16.89,42.82666667,5,746.05,89.5,6.5,34.5,3.45
30,20,19.79,42.59,19.04444444,42.24,19.73,44.09,19.29,42.5,17.39,50.4,4.623333333,94.4,17.625,38.925,18.29,47.29,16.79,42.79,5.1,746.1,89,6.666666667,32.66666667,3.47
30,10,19.79,42.72333333,19,42.05636364,19.7,44,19.29,42.69,17.39,50.32666667,4.69,94.26,17.72454545,39.32727273,18.29,47.48166667,16.79,42.79,5.2,746.15,88.5,6.833333333,30.83333333,3.48
40,0,19.76,42.76,19,41.88666667,19.7,44.06,19.29,42.73,17.39,50.29,4.833333333,94.39666667,17.78,39.68944444,18.36272727,47.70545455,16.89,43.19666667,5.3,746.2,88,7,29,3.5
50,10,19.7,42.7,19,41.98833333,19.7,44.12666667,19.23,42.79,17.39,50.29,4.966666667,94.59,17.80666667,40.19611111,18.479375,48.3425,16.89,43.79666667,5.33,746.2666667,87.33333333,6.833333333,30.83333333,3.4
50,0,19.7,42.7,19,42.06428571,19.7,44.2,19.2,43,17.39,50.32666667,5.09,94.62666667,17.85666667,40.69222222,18.55882353,48.84176471,16.89,44.19333333,5.37,746.3333333,86.66666667,6.666666667,32.66666667,3.3
50,0,19.63333333,42.62666667,18.910625,42.2525,19.73,44.29,19.2,43.13333333,17.39,50.46666667,5.09,94.29333333,17.89,40.93777778,18.6,49.32272727,16.89,44.66,5.4,746.4,86,6.5,34.5,3.2
40,0,19.66666667,43,18.89,42.410625,19.79,44.29,19.2,43.23,17.39,50.53,5.19,93.63333333,17.84,41.085,18.6,49.664375,16.92666667,45.09666667,5.43,746.4666667,85.33333333,6.333333333,36.33333333,3.1
50,0,19.6,43,18.89,42.5,19.79,44.43333333,19.2,43.36333333,17.39,50.66333333,5.2725,92.47,17.84454545,41.27363636,18.6,50.05909091,16.92666667,45.43,5.47,746.5333333,84.66666667,6.166666667,38.16666667,3
40,0,19.6,43,18.89,42.645,19.79,44.5,19.13333333,43.4,17.35666667,50.79,5.366666667,90.8,17.84625,41.44125,18.63333333,50.39,17,45.7,5.5,746.6,84,6,40,2.9
40,0,19.53333333,43,18.80818182,42.7,19.79,44.53,19.13333333,43.46666667,17.35666667,50.86333333,5.5,89.1,17.89,41.59,18.61428571,50.56714286,17,45.83333333,5.58,746.7333333,83.33333333,6.333333333,40,2.87
40,0,19.5,43.09,18.79,42.75625,19.79,44.59,19.1,43.5,17.29,51.03,5.56,87.36666667,17.80111111,41.72777778,18.6,50.88285714,17,46.03,5.67,746.8666667,82.66666667,6.666666667,40,2.83
40,0,19.5,43.09,18.79,42.86166667,19.79,44.59,19.1,43.5,17.29,51.09,5.69,85.43,17.79,41.93888889,18.625,51.25,17,46.16333333,5.75,747,82,7,40,2.8
50,0,19.5,43.145,18.79,43,19.79,44.59,19.1,43.53,17.29,51.23,5.69,84.62333333,17.79,42.12666667,18.7,51.465,17,46.29,5.83,747.1333333,81.33333333,7.333333333,40,2.77
50,0,19.5,43.2,18.775,43.045,19.89,44.82666667,19.03333333,43.53,17.29,51.29,5.8,83.82666667,17.79,42.294,18.7,51.59,17,46.53,5.92,747.2666667,80.66666667,7.666666667,40,2.73
50,0,19.42666667,43.2,18.7,43.09,19.89,44.9,19,43.59,17.29,51.4,5.866666667,82.56,17.84,42.495,18.7,51.63125,17,46.66333333,6,747.4,80,8,40,2.7
30,0,19.39,43.2,18.7,43.2,19.89,44.845,19,43.59,17.29,51.4,6,80.95666667,17.80428571,42.58642857,18.72571429,51.79428571,17,46.82666667,5.88,747.5333333,81.33333333,8,37.83333333,2.83
20,0,19.39,43.26,18.7,43.26,19.89,44.86333333,18.96333333,43.62666667,17.29,51.5,6,80.69,17.815,42.9,18.79,51.925,17,46.96666667,5.77,747.6666667,82.66666667,8,35.66666667,2.97
30,0,19.39,43.29,18.69090909,43.31,19.89,44.79,18.89,43.7,17.29,51.59,5.73,84.03333333,17.89,43.156,18.75,52.18555556,17,47.12666667,5.65,747.8,84,8,33.5,3.1
20,0,19.39,43.36333333,18.67777778,43.39777778,19.89,44.79,18.89,43.7,17.29,51.59,5.53,86.56,17.89,43.2,18.815,52.25,17,47.26,5.53,747.9333333,85.33333333,8,31.33333333,3.23
40,0,19.39,43.4,18.64285714,43.42857143,19.82333333,44.73,18.89,43.76,17.29,51.7,5.5,87.45666667,17.89,43.42714286,18.87571429,52.32142857,17,47.43333333,5.42,748.0666667,86.66666667,8,29.16666667,3.37
50,0,19.32333333,43.46666667,18.6,43.46,19.79,44.7,18.89,43.79,17.29,51.7,5.56,86.33,17.89,43.59,18.75142857,52.29,17,47.56,5.3,748.2,88,8,27,3.5
60,0,19.29,43.5,18.6,43.5,19.79,44.76,18.89,43.82666667,17.29,51.73,5.5,86.32666667,17.89,43.59,18.7,52.43333333,17.03333333,47.76666667,5.3,748.3166667,88.5,8,26,3.57
50,0,19.29,43.56,18.6,43.56,19.79,44.79,18.89,43.9,17.29,51.79,5.433333333,87.46666667,17.89,43.66333333,18.7,52.63333333,17.03333333,47.96666667,5.3,748.4333333,89,8,25,3.63
40,0,19.29,43.59,18.58888889,43.59,19.85666667,44.86333333,18.79,43.9,17.29,51.9,5.4,89.32666667,17.89,43.86222222,18.7,53.17333333,17,48.15666667,5.3,748.55,89.5,8,24,3.7
40,0,19.29,43.59,18.5,43.59,19.89,44.9,18.79,43.9,17.29,51.9,5.4,89.97,17.89,44,18.7,53.46666667,17,48.36333333,5.3,748.6666667,90,8,23,3.77
50,0,19.29,43.7,18.5,43.63583333,19.89,44.9,18.79,43.93333333,17.29,51.93333333,5.4,89.83333333,17.89,44.365,18.7,54.00625,17.1,48.65666667,5.3,748.7833333,90.5,8,22,3.83
40,0,19.29,43.76,18.5,43.68625,19.89,44.9,18.79,44,17.29,52,5.4,89.26333333,17.979375,44.679375,18.7,54.55714286,17.03333333,48.79,5.3,748.9,91,8,21,3.9
40,0,19.2,43.7,18.5,43.7,19.89,44.96666667,18.79,44,17.29,52.03,5.466666667,89.19,18,44.755,18.705,54.84777778,17.1,48.96333333,5.33,749.0833333,90.66666667,8,21.5,3.88
50,0,19.2,43.76,18.5,43.775,19.89,45,18.79,44.06,17.23,52.03,5.5,88.39333333,18,44.765,18.75,55,17.1,49.09,5.37,749.2666667,90.33333333,8,22,3.87
50,0,19.2,43.79,18.5,43.845,19.89,45,18.76,44.09,17.26,52.09,5.56,87.32666667,18,44.69388889,18.705,54.94444444,17.1,49.23,5.4,749.45,90,8,22.5,3.85
50,0,19.2,43.86333333,18.5,43.9,19.89,45,18.7,44.09,17.26,52.16333333,5.59,86.06,18,44.68166667,18.73,54.96111111,17.1,49.3175,5.43,749.6333333,89.66666667,8,23,3.83
40,0,19.2,43.9,18.48307692,43.86192308,19.96333333,45,18.7,44.12666667,17.2,52.09,5.656666667,86,18,44.60833333,18.765,54.88166667,17.1,49.46666667,5.47,749.8166667,89.33333333,8,23.5,3.82
30,0,19.1,43.93333333,18.49388889,43.79,19.89,45.03,18.7,44.12666667,17.2,52.16333333,5.69,85.33333333,18,44.71444444,18.74,54.765,17.1,49.53,5.5,750,89,8,24,3.8
20,0,19.1,44,18.42055556,43.80833333,19.89,45.0675,18.7,44.12666667,17.2,52.23,5.69,85.06,18.01111111,44.785,18.725,54.65722222,17.1,49.59,5.48,750.2,89,8,24,3.78
20,0,19.1,44,18.39611111,43.79611111,19.89,45,18.7,44.2,17.2,52.29,5.69,84.76,18.03333333,44.755,18.71,54.545,17.1,49.59,5.47,750.4,89,8,24,3.77
20,0,19.1,44,18.39,43.79,19.89,45,18.7,44.2,17.2,52.29,5.69,84.63333333,18.06111111,44.79444444,18.73,54.43277778,17.1,49.66333333,5.45,750.6,89,8,24,3.75
50,0,19.1,44.09,18.39,43.79,19.82333333,44.93333333,18.7,44.2,17.2,52.4,5.726666667,83.19666667,18.02777778,44.69444444,18.715,54.29222222,17.1,49.7,5.43,750.8,89,8,24,3.73
50,0,19.1,44.09,18.37181818,43.84,19.79,44.93333333,18.63333333,44.12666667,17.2,52.4,5.8,82.25666667,18,44.65722222,18.725,54.205,17.1,49.76,5.42,751,89,8,24,3.72
50,0,19.03333333,44.03,18.30764706,43.9,19.79,45,18.63333333,44.2,17.2,52.43333333,5.833333333,80.99,18,44.66944444,18.7,54.14923077,17.1,49.79,5.4,751.2,89,8,24,3.7
40,0,19.03333333,44.09,18.34294118,43.9,19.82333333,45.03,18.6,44.145,17.2,52.5,5.833333333,80.19666667,18.05,44.66333333,18.72454545,54.09,17.1,49.79,5.37,751.3166667,89.16666667,8,23.66666667,3.68
40,0,19,44.09,18.34,43.91666667,19.82333333,45.03,18.6,44.12666667,17.2,52.5,5.8,80.14,18,44.68777778,18.74,54.09,17.2,49.9,5.33,751.4333333,89.33333333,8,23.33333333,3.67
50,0,19,44.09,18.29,43.90555556,19.89,45.06,18.6,44.2,17.2,52.5,5.763333333,79.73,18,44.78111111,18.725,54.015,17.2,49.9,5.3,751.55,89.5,8,23,3.65
40,0,19,44.09,18.29,43.9,19.89,45.06,18.53333333,44.2,17.2,52.59,5.623333333,79.86333333,18.02777778,44.91555556,18.7,53.92777778,17.2,49.96666667,5.27,751.6666667,89.66666667,8,22.66666667,3.63
50,0,19,44.16333333,18.29,43.93888889,19.89,45.06,18.6,44.2,17.2,52.59,5.623333333,80.02666667,18.02777778,44.95,18.7,53.85722222,17.2,49.96666667,5.23,751.7833333,89.83333333,8,22.33333333,3.62
50,0,18.96333333,44.2,18.273125,43.98125,19.89,45.06,18.56666667,44.2,17.2,52.59,5.69,79.63333333,18.0125,44.891875,18.7,53.784375,17.2,50,5.2,751.9,90,8,22,3.6
50,0,18.89,44.2,18.29,44,19.89,45.09,18.5,44.2,17.2,52.66333333,5.56,78.83,18,44.834,18.7,53.72571429,17.2,50.06,5.17,752.05,90,7.833333333,22.16666667,3.57
40,0,18.89,44.2,18.245,44,19.89,45.09,18.5,44.2,17.1,52.7,5.433333333,78.43,18,44.9,18.7,53.66333333,17.2,50.12666667,5.13,752.2,90,7.666666667,22.33333333,3.53
40,0,18.89,44.2,18.2,44,19.96333333,45.09,18.5,44.2,17.16666667,52.7,5.226666667,78.82333333,18,44.94545455,18.7,53.59,17.2,50.2,5.1,752.35,90,7.5,22.5,3.5
50,0,18.89,44.23,18.2,44,19.89,45.09,18.5,44.2,17.2,52.79,5.366666667,78.96333333,18,45.06714286,18.7,53.5,17.2,50.2,5.07,752.5,90,7.333333333,22.66666667,3.47
20,0,18.89,44.29,18.2,44,19.92666667,45.09,18.5,44.2,17.2,52.79,5.5,78.63333333,18,45.24090909,18.7,53.42,17.2,50.2,5.03,752.65,90,7.166666667,22.83333333,3.43
20,0,18.89,44.29,18.2,44,19.92666667,45.03,18.46333333,44.16333333,17.16666667,52.79,5.56,78.36666667,18.00555556,45.30166667,18.7,53.38705882,17.2,50.26,5,752.8,90,7,23,3.4
50,0,18.865,44.365,18.2,44,19.89,45.06,18.46333333,44.16333333,17.13333333,52.79,5.59,78.6,18.03333333,45.39666667,18.7,53.29846154,17.2,50.32666667,5.02,752.9833333,89.83333333,6.833333333,25.83333333,3.4
30,10,18.79,44.72333333,18.2,44.06666667,19.815,44.82,18.39,44.12666667,17.1,52.79,5.59,78.93333333,18.05714286,45.55,18.7,53.29,17.2,50.32666667,5.03,753.1666667,89.66666667,6.666666667,28.66666667,3.4
50,10,18.89,45.03,18.2,44.29375,19.73,44.62666667,18.39,44.12666667,17.16666667,53.32333333,5.59,79.16,18.07142857,45.52571429,18.68181818,53.25363636,17.2,50.29,5.05,753.35,89.5,6.5,31.5,3.4
50,10,18.89,45.09,18.17272727,44.41636364,19.7,44.59,18.39,44.09,18.85,84.9,5.53,79.3,18,45.1725,18.62727273,53.16454545,17.2,50.29,5.07,753.5333333,89.33333333,6.333333333,34.33333333,3.4
200,0,18.89,45,18.18181818,44.54090909,19.7,44.53,18.39,44.16333333,18.76,84.79,5.53,79.46666667,18.05,46.08071429,18.64285714,53.26428571,17.2,50.32666667,5.08,753.7166667,89.16666667,6.166666667,37.16666667,3.4
110,10,18.89,45,18.15,44.59,19.6,44.22333333,18.39,44.16333333,18.96666667,83.52333333,5.59,79.33333333,18.1,46.26333333,18.6,53.14,17.2,50.4,5.1,753.9,89,6,40,3.4
80,10,18.79,44.63333333,18.1,44.19666667,19.53333333,43.83,18.39,44.09,19.76,73.52333333,5.59,79.35,18.1,45.65666667,18.6,52.82666667,17.2,50.22333333,5.08,753.9666667,89.16666667,5.833333333,36.66666667,3.4
50,0,18.79,44.5,18.1,43.96666667,19.5,43.9,18.39,44.09,19.3,66.79,5.59,79.4,18,44.83333333,18.6,52.3,17.2,49.96333333,5.07,754.0333333,89.33333333,5.666666667,33.33333333,3.4
50,0,18.79,44.59,18.05,43.845,19.5,43.96666667,18.39,43.96666667,18.89,63.09,5.59,79.59333333,17.945,44.295,18.55,51.895,17.2,49.6,5.05,754.1,89.5,5.5,30,3.4
50,0,18.79,44.53,18.1,43.8175,19.5,44,18.32333333,43.9,18.615,59.86333333,5.59,79.89666667,17.89,43.15833333,18.5,51.4975,17.2,49.19333333,5.03,754.1666667,89.66666667,5.333333333,26.66666667,3.4
40,0,18.79,44.36333333,18.1,43.79,19.5,44,18.29,43.79,18.5,58.83,5.59,80.09,17.89,42.838125,18.5,51.06666667,17.1,48.79666667,5.02,754.2333333,89.83333333,5.166666667,23.33333333,3.4
40,0,18.79,44.23,18,43.645,19.5,43.9,18.29,43.79,18.35666667,57.8,5.59,79.89666667,17.89,42.514,18.5,50.9,17.1,48.46333333,5,754.3,90,5,20,3.4
30,0,18.79,44.06,18,43.7,19.5,43.9,18.29,43.7,18.29,57.245,5.59,79.49666667,17.79,41.96666667,18.39,50.56,17.1,48.1,5,754.45,89.66666667,4.833333333,21.5,3.37
180,20,18.79,43.93333333,18,43.45,19.5,43.96666667,18.29,43.7,18.2225,56.4725,5.56,79.4,17.79,41.76666667,18.39,50.2925,17.1,47.8,5,754.6,89.33333333,4.666666667,23,3.33
350,30,18.79,43.9,18,43.36333333,19.42666667,43.76666667,18.23,43.65666667,18.2,55.8,5.5,79.4,17.76,41.43,18.39,50.03,17.1,47.4,5,754.75,89,4.5,24.5,3.3
350,20,18.79,43.9,18,43.36333333,19.39,43.59,18.49666667,43.86333333,18.2,55.73333333,5.466666667,79.06,17.7,41.23,18.29,49.76,17.1,47.06666667,5,754.9,88.66666667,4.333333333,26,3.27
300,30,18.79,44,18,43.4,19.39,43.59,18.82333333,44,18.26,56.66,5.4,79.12666667,17.7,41.02666667,18.29,49.62666667,17,46.72333333,5,755.05,88.33333333,4.166666667,27.5,3.23
400,20,18.85666667,44.06,18.06666667,43.46666667,19.39,43.59,19.03,44,18.29,56.66666667,5.5,79.15666667,17.7,40.82666667,18.29,49.36333333,17,46.42,5,755.2,88,4,29,3.2
390,30,18.89,44.23,18.13333333,43.59,19.46333333,43.66333333,19.46,44.06,18.29,56.46666667,5.5,79.09,17.7,40.645,18.29,49.23,17,46.15666667,5,755.3166667,88,4.166666667,30.83333333,3.18
290,30,18.9975,44.3975,18.26,43.66333333,19.5,43.7,19.72666667,43.93333333,18.2,55.79,5.59,78.99333333,17.73,41.66666667,18.26,49.13333333,17,45.86333333,5,755.4333333,88,4.333333333,32.66666667,3.17
60,30,19.1,44.5,18.32333333,43.5,19.5,43.7,20.06666667,43.66333333,18.13333333,55.73,5.59,78.66,17.85666667,42.26666667,18.2,48.93333333,17,45.73,5,755.55,88,4.5,34.5,3.15
70,20,19.13333333,44.5,18.46333333,43.5,19.42666667,43.62666667,20.2,43.25666667,18.1,55.49,5.59,79.46666667,17.79,42.46666667,18.26,49.16333333,17,45.46666667,5,755.6666667,88,4.666666667,36.33333333,3.13
110,30,19.2,44.36,18.53333333,43.43,19.46333333,43.66333333,20.16666667,43.02666667,18.03333333,55.15666667,5.59,79.99333333,17.73,42.26666667,18.26,49.22333333,17,45.52666667,5,755.7833333,88,4.833333333,38.16666667,3.12
90,20,19.2,44.06,18.6,43.23,19.39,43.59,20.1,42.76666667,18,54.69,5.45,80.39,17.7,41.93,18.26,49.52666667,17.1,46.3,5,755.9,88,5,40,3.1
60,20,19.2,44.06,18.6,43.15666667,19.39,43.62666667,20.1,42.7,17.96333333,54.53,5.53,80.93333333,17.7,41.65666667,18.2,49.26666667,17.1,47.1,5.08,756.0333333,86.83333333,5,38.16666667,2.98
70,20,19.2,44.09,18.66666667,43.43,19.46333333,43.76,20.1,42.7,17.89,54.53,5.656666667,80.72666667,17.66666667,41.29666667,18.15,48.995,17.1,47.06,5.17,756.1666667,85.66666667,5,36.33333333,2.87
80,20,19.2,44.16333333,18.7,43.93,19.5,43.82666667,20.05,42.6,17.89,54.33333333,5.726666667,79.89333333,17.6,41.03,18.1,48.66333333,17.1,46.86,5.25,756.3,84.5,5,34.5,2.75
60,0,19.23,44.39,18.76,43.86333333,19.5,43.9,20,42.32666667,17.89,54.2,5.866666667,77.1,17.6,40.72333333,18.1,48.46333333,17,46.52666667,5.33,756.4333333,83.33333333,5,32.66666667,2.63
40,10,19.29,44.79666667,18.79,44,19.5,44,19.92666667,42.4,17.85666667,54.02666667,5.9,74.86666667,17.6,40.46333333,18.1,48.16333333,17,46.19333333,5.42,756.5666667,82.16666667,5,30.83333333,2.52
30,10,19.29,45.16333333,18.79,44,19.5,44,19.85666667,42.02666667,17.79,53.9,5.9,75.72666667,17.56666667,40.26,18.03333333,47.89,17,45.86333333,5.5,756.7,81,5,29,2.4
70,10,19.23,45.03,18.7,43.145,19.39,43.5,19.79,41.82666667,17.76,53.76,5.933333333,76,17.5,40.12666667,18,47.7,17,45.65666667,5.58,756.7833333,80.16666667,5.166666667,30.83333333,2.35
50,10,19.29,45.73333333,18.7,43.06,19.39,43.36,19.7,41.76666667,17.7,53.56666667,6.06,76.12666667,17.5,40,18,47.56666667,16.96333333,45.46666667,5.67,756.8666667,79.33333333,5.333333333,32.66666667,2.3
80,10,19.29,45.12666667,18.7,43,19.32333333,43.4,19.63333333,42.1,17.73,53.36333333,6.226666667,75.29333333,17.5,39.93333333,18,47.46666667,16.89,45.26666667,5.75,756.95,78.5,5.5,34.5,2.25
80,10,19.2,44.83333333,18.7,43.06,19.39,43.52666667,19.6,42.86,17.73,53.15666667,6.3,73.56,17.5,39.76,18,47.32666667,16.89,44.93,5.83,757.0333333,77.66666667,5.666666667,36.33333333,2.2
50,0,19.2,44.7,18.63333333,42.93333333,19.39,43.65666667,19.6,43.6,17.7,52.96666667,6.53,71.8,17.5,39.62666667,17.96333333,47.16333333,16.89,44.65666667,5.92,757.1166667,76.83333333,5.833333333,38.16666667,2.15
40,0,19.2,44.9,18.6,42.83333333,19.39,43.93,19.56666667,43.52666667,17.7,52.82666667,6.656666667,69.93333333,17.5,39.46666667,17.96333333,47.03,16.89,44.22333333,6,757.2,76,6,40,2.1
50,0,19.2,44.69333333,18.6,42.16666667,19.46333333,43.96,19.42666667,43.26666667,17.63333333,52.62666667,6.726666667,67.36,17.42666667,39.26666667,17.89,46.86333333,16.89,43.8975,5.92,757.2833333,76.33333333,5.833333333,38.16666667,2.07
40,0,19.2,43.6,18.5,41.79,19.39,43.62666667,19.39,42.86333333,17.63333333,52.56666667,6.866666667,65.96666667,17.445,39.1,17.89,46.73,16.89,43.56666667,5.83,757.3666667,76.66666667,5.666666667,36.33333333,2.03
40,0,19.2,43.12,18.5,41.73,19.39,43.59,19.39,42.65666667,17.6,52.22333333,6.8,64.63333333,17.5,38.86333333,17.89,46.46666667,16.89,43.33333333,5.75,757.45,77,5.5,34.5,2
50,0,19.13333333,42.76666667,18.5,41.66333333,19.365,43.5225,19.29,42.36333333,17.6,52.03,6.866666667,64.9,17.5,38.79,17.89,46.32666667,16.89,43.06666667,5.67,757.5333333,77.33333333,5.333333333,32.66666667,1.97
30,0,19.16666667,42.46666667,18.5,41.53,19.35666667,43.43333333,19.29,42.23,17.6,51.83333333,7.045,63.34,17.5,38.66333333,17.89,46.16333333,16.89,42.86333333,5.58,757.6166667,77.66666667,5.166666667,30.83333333,1.93
30,0,19.1,42.26666667,18.5,41.36333333,19.29,43.26,19.2,41.86333333,17.6,51.62666667,6.933333333,62.02666667,17.42666667,38.46333333,17.89,46.03,16.89,42.73,5.5,757.7,78,5,29,1.9
20,0,19.1,42.09,18.5,41.29,19.29,43.12666667,19.2,41.79,17.5,51.45,6.933333333,61.89333333,17.39,38.26,17.85666667,45.86333333,16.89,42.46666667,5.73,757.6833333,76.83333333,5,28.66666667,1.9
20,0,19.1,41.96333333,18.46333333,41.16333333,19.29,43,19.16666667,41.7,17.5,51.22333333,7,62.19333333,17.39,38.2,17.79,45.73,16.89,42.32666667,5.97,757.6666667,75.66666667,5,28.33333333,1.9
50,0,19.06666667,41.76,18.39,41.03,19.29,42.93333333,19.1,41.7,17.5,51.03,7.126666667,62.46666667,17.42666667,38.12666667,17.79,45.545,16.89,42.29,6.2,757.65,74.5,5,28,1.9
40,0,19,41.62666667,18.39,40.9,19.29,42.9,19.1,41.79,17.5,50.86333333,7.19,61.96666667,17.42666667,38.06666667,17.79,45.46666667,16.89,42.29,6.43,757.6333333,73.33333333,5,27.66666667,1.9
50,0,19,41.56,18.39,40.82666667,19.23,42.82666667,19.1,41.79,17.5,50.73,6.996666667,59.89333333,17.5,37.96666667,17.85666667,45.4,16.89,42.29,6.67,757.6166667,72.16666667,5,27.33333333,1.9
40,0,19,41.43333333,18.39,40.7,19.26,42.86333333,19.1,41.79,17.5,50.59,6.466666667,59.76333333,17.42666667,37.76666667,17.79,45.22333333,16.89,42.15666667,6.9,757.6,71,5,27,1.9
60,0,19,41.29,18.39,40.62666667,19.2,42.79,19,41.7,17.5,50.46333333,6.333333333,61.09666667,17.42666667,37.7,17.79,45.09,16.89,41.9,6.8,757.55,70.66666667,5.166666667,29.16666667,1.75
40,0,19,41.29,18.39,40.495,19.26,42.76,19,41.7,17.39,50.22333333,6.6,61.76333333,17.5,37.62666667,17.82333333,45.09,16.82333333,41.82666667,6.7,757.5,70.33333333,5.333333333,31.33333333,1.6
40,0,19,41.2,18.39,40.4,19.26,42.7,19,41.59,17.39,50.09,6.933333333,61.03,17.63333333,37.59,17.89,44.89,16.89,41.9,6.6,757.45,70,5.5,33.5,1.45
50,0,19,41.12666667,18.39,40.32666667,19.29,42.66333333,19,41.59,17.39,50,7.293333333,58.73333333,17.76,37.46333333,18,44.63333333,16.89,41.9,6.5,757.4,69.66666667,5.666666667,35.66666667,1.3
40,0,19.03333333,41.12666667,18.42666667,40.2,19.29,42.59,19.03333333,41.5,17.39,49.86,7.7,56.4,17.92666667,37.26,18,44.36,16.89,41.76,6.4,757.35,69.33333333,5.833333333,37.83333333,1.15
40,0,19.1,41.12666667,18.5,40.12666667,19.29,42.56,19.1,41.36,17.39,49.76,7.9,52.69333333,18.06666667,37.06666667,18.13333333,44.13333333,16.89,41.7,6.3,757.3,69,6,40,1
30,0,19.13333333,41,18.5,40.06,19.29,42.5,19.1,41.13333333,17.39,49.62666667,7.833333333,53.36,18.29,36.72333333,18.26,43.93333333,16.89,41.52666667,6.32,757.3166667,68,5.666666667,40,0.817
30,0,19.2,40.93333333,18.5,40,19.29,42.5,19.1,41,17.39,49.46666667,7.866666667,53.05666667,18.35666667,36.46333333,18.39,43.63333333,16.89,41.3175,6.33,757.3333333,67,5.333333333,40,0.633
30,0,19.2,40.76,18.63333333,39.9,19.35666667,42.43333333,19.13333333,40.86333333,17.39,49.4,7.726666667,51.86333333,18.445,36.145,18.46333333,43.43333333,16.89,41.23,6.35,757.35,66,5,40,0.45
40,0,19.2675,40.745,18.7,39.82666667,19.29,42.29,19.2,40.65666667,17.39,49.26,7.69,52.245,18.63333333,35.86333333,18.53333333,43.13333333,17,41.13333333,6.37,757.3666667,65,4.666666667,40,0.267
80,0,19.29,40.56666667,18.73,39.56,19.29,42.13333333,19.29,40.5,17.39,49.12666667,7.626666667,51.82333333,18.7,35.73,18.66666667,43,17,41,6.38,757.3833333,64,4.333333333,40,0.0833
70,0,19.39,40.53,18.79,39.5,19.29,42,19.29,40.5,17.39,49.09,7.433333333,52.09666667,18.82333333,35.93333333,18.76333333,43.32666667,17,41.12666667,6.4,757.4,63,4,40,-0.1
80,0,19.39,40.59,18.79,39.62666667,19.29,42,19.29,40.36333333,17.39,49.09,7.156666667,52.13333333,18.96333333,36,18.89,43.46666667,17.06666667,41.2,6.17,757.3833333,64.33333333,3.833333333,40,-0.0667
70,0,19.39,40.62666667,18.79,39.7,19.29,41.93333333,19.29,40.29,17.39,49,7.03,52.52666667,18.89,36.12666667,19,43.73,17.06666667,41.06,5.93,757.3666667,65.66666667,3.666666667,40,-0.0333
80,0,19.39,40.7,18.79,39.7,19.29,42,19.2,40.2,17.39,49,6.7,52.63,18.89,36.73333333,19.06666667,43.93,17,40.93333333,5.7,757.35,67,3.5,40,0
80,0,19.32333333,40.73,18.79,39.76,19.29,42,19.13333333,40.12666667,17.39,49,6.366666667,53.75666667,18.89,37.46333333,19.05,44.045,17,40.76,5.47,757.3333333,68.33333333,3.333333333,40,0.0333
100,0,19.39,40.86333333,18.7,39.79,19.29,42,19.1,40.09,17.29,48.9,5.933333333,54.82333333,18.89,37.53,19.1,44.23,17,40.7,5.23,757.3166667,69.66666667,3.166666667,40,0.0667
90,0,19.35666667,40.79,18.7,39.73,19.29,42,19.06666667,40.02666667,17.29,48.9,5.66,55.69666667,18.79,37.19333333,19.1,44.29,17,40.56,5,757.3,71,3,40,0.1
100,10,19.29,40.73,18.7,39.76,19.29,42.03,19,39.9,17.29,48.9,5.33,57.13333333,18.73,36.86,19.13333333,44.32666667,17,40.43333333,4.78,757.3,72,3,40,0.0833
90,0,19.29,40.66333333,18.7,39.7,19.29,42.09,19,39.93333333,17.29,48.9,5.063333333,57.8,18.66666667,36.43,19.2,44.4,17,40.26,4.57,757.3,73,3,40,0.0667
110,0,19.29,40.66333333,18.7,39.7,19.29,42.06,19,40,17.29,48.79,4.626666667,59.42333333,18.6,36.23,19.29,44.53,17,40.12666667,4.35,757.3,74,3,40,0.05
90,10,19.29,40.79,18.7,39.7,19.29,42,18.89,40,17.29,48.79,4.366666667,60.69666667,18.5,36.02666667,19.35666667,44.66333333,16.89,40.03,4.13,757.3,75,3,40,0.0333
100,0,19.29,40.73,18.7,39.76,19.29,42.03,18.89,40,17.29,48.79,3.966666667,63.02666667,18.42666667,35.82666667,19.42666667,44.73,16.89,40.09,3.92,757.3,76,3,40,0.0167
100,10,19.29,40.79,18.7,39.82666667,19.29,42.09,18.89,40.12666667,17.29,48.73,3.826666667,65.76666667,18.39,35.76,19.56666667,44.73,16.89,40.06,3.7,757.3,77,3,40,0
110,0,19.29,40.73,18.7,39.9,19.23,41.93333333,18.82333333,40.06666667,17.29,48.7,3.723333333,67.22666667,18.32333333,35.76,19.63333333,44.7,16.89,40,3.53,757.3,79,3,38.16666667,0.167
100,10,19.26,40.7,18.7,39.9,19.23,42,18.79,40.09,17.29,48.7,3.42,68.1475,18.29,35.79,19.7,44.7,16.85666667,39.96666667,3.37,757.3,81,3,36.33333333,0.333
90,10,19.26,40.76,18.7,39.96666667,19.2,41.96666667,18.79,40.09,17.29,48.7,3.156666667,69.23,18.23,35.79,19.76,44.79,16.865,39.9975,3.2,757.3,83,3,34.5,0.5
90,10,19.29,40.9,18.7,40,19.2,41.96666667,18.79,40.09,17.23,48.62666667,2.863333333,70.82333333,18.2,35.79,19.76,44.86333333,16.89,40.09,3.03,757.3,85,3,32.66666667,0.667
180,10,19.29,40.82666667,18.7,40,19.2,41.845,18.73,40.09,17.23,48.62666667,2.656666667,71.42333333,18.2,36.06666667,19.79,44.93333333,16.79,39.96666667,2.87,757.3,87,3,30.83333333,0.833
140,0,19.29,41.15,18.79,40.09,19.2,41.7,18.7,40.09,17.23,48.7,2.466666667,72.96666667,18.2,36.33333333,19.79,45,16.79,39.96666667,2.7,757.3,89,3,29,1
100,10,19.32333333,42.15666667,18.79,40.09,19.2,41.76,18.7,40.16333333,17.26,48.79,2.4,74.63333333,18.2,36.29,19.79,45.09,16.79,40,2.78,757.2333333,88.83333333,3.333333333,29,1.07
110,20,19.39,42.09666667,18.82333333,40.15666667,19.29,41.79,18.7,40.29,17.26,48.86333333,2.223333333,75.73,18.2,36.49,19.79,45.09,16.79,40,2.87,757.1666667,88.66666667,3.666666667,29,1.13
340,20,19.39,41.73,18.82333333,40.23,19.29,41.86333333,18.7,40.29,17.2,49.29,2.03,76.19666667,18.2,37,19.79,45.06,16.79,40,2.95,757.1,88.5,4,29,1.2
380,20,19.39,41.65666667,18.89,40.4,19.29,42.03,18.66666667,40.36333333,18.16666667,74.7,1.863333333,77.29,18.26,37.46666667,19.79,44.93333333,16.79,40,3.03,757.0333333,88.33333333,4.333333333,29,1.27
210,30,19.39,41.59,18.89,40.4,19.29,42.16333333,18.6,40.3725,17.89333333,75.03333333,1.79,79.09666667,18.32333333,37.93333333,19.79,44.93333333,16.79,40.03,3.12,756.9666667,88.16666667,4.666666667,29,1.33
150,20,19.46333333,41.59,19,40.4,19.2,42.2,18.6,40.46666667,17.7,75.02333333,1.7,80.36333333,18.46333333,38.13333333,19.79,45.1175,16.73,40.16333333,3.2,756.9,88,5,29,1.4
330,20,19.5,41.6,19,40.4,19.2,42.26,18.7,40.8,17.63333333,74.35666667,1.7,81.29666667,18.5,38.23,19.79,45.36333333,16.79,40.2,3.17,756.9,88.16666667,5,30.83333333,1.4
420,20,19.5,41.32666667,19,40.5,19.2,42.29,18.76,41.26666667,18.3,78.6,1.633333333,82.73333333,18.5,38.15666667,19.79,45.13333333,16.73,40.2,3.13,756.9,88.33333333,5,32.66666667,1.4
330,20,19.53333333,41.29,19,40.5,19.2,42.23,19.13333333,41.65666667,19.23333333,87.06,1.633333333,83.59333333,18.39,38.02666667,19.79,45.13333333,16.7,40.23,3.1,756.9,88.5,5,34.5,1.4
130,20,19.6,41.43,19.1,40.7,19.2,42.46333333,19.4,41.93,18.63333333,88.43333333,1.6,83.99,18.46333333,38.5,19.7,45,16.7,40.23,3.07,756.9,88.66666667,5,36.33333333,1.4
130,20,19.6,41.5,19.1,40.82666667,19.2,42.66333333,19.73,41.86333333,18.36,88.29333333,1.6,84.46333333,18.46333333,37.99,19.7,45.06,16.7,40.2,3.03,756.9,88.83333333,5,38.16666667,1.4
110,20,19.6,41.56,19.16666667,40.9,19.2,42.73,19.79,41.73,18.16666667,87.43,1.445,84.295,18.32333333,37.86333333,19.79,45.23,16.7,40.2,3,756.9,89,5,40,1.4
250,10,19.6,41.59,19.13333333,40.9,19.2,42.86333333,19.7,41.29666667,18.1,85.89666667,1.5,85.4,18.39,38,19.79,45.36333333,16.7,40.16333333,2.95,756.8166667,88.83333333,5,38.16666667,1.32
520,0,19.6,41.53,19.13333333,40.9,19.13333333,42.86,19.63333333,41.03,18.06666667,84.12333333,1.426666667,85.26,18.39,38,19.79,45.42666667,16.7,40.09,2.9,756.7333333,88.66666667,5,36.33333333,1.23
360,0,19.6,41.5,19.1,40.96666667,19.26,43.46666667,19.56666667,40.69333333,18.66666667,89.52333333,1.29,85.62333333,18.35666667,38,19.79,45.76,16.66666667,40.06,2.85,756.65,88.5,5,34.5,1.15
330,0,19.6,41.69333333,19.1,40.82666667,19.59666667,45.16666667,19.5,40.36,19.16666667,91.29333333,1.23,85.76333333,18.29,38,19.73,45.96333333,16.65,40.1225,2.8,756.5666667,88.33333333,5,32.66666667,1.07
310,0,19.6,42,19.1,40.79,19.93,46.03333333,19.39,40.06,19.16666667,90.76666667,1.166666667,85.9,18.29,38.045,19.73,46.16333333,16.6,40.09,2.75,756.4833333,88.16666667,5,30.83333333,0.983
270,0,19.6,42,19.1,40.73,20.35,46.545,19.39,39.93333333,19.32333333,87.49666667,1.1,86.3,18.29,37.86333333,19.76,46.2,16.6,40.06,2.7,756.4,88,5,29,0.9
230,0,19.6,42.145,19.06666667,40.63333333,20.63333333,46.36333333,19.29,39.76,19.46333333,84.09666667,1.133333333,87.36666667,18.23,37.73,19.7,46.2,16.6,40,2.78,756.3166667,87.66666667,5.166666667,30.83333333,0.917
170,10,19.6,42.2,19,40.56,20.76,46.15666667,19.29,39.7,19.32666667,80.62333333,1.26,88.1,18.2,37.76,19.7,46.2,16.6,40,2.87,756.2333333,87.33333333,5.333333333,32.66666667,0.933
60,0,19.6,42.06666667,19,40.65666667,21.06666667,45.79,19.2,39.63333333,19.13333333,79.09666667,1.426666667,88.89666667,18.2,37.76,19.7,46.2,16.6,40,2.95,756.15,87,5.5,34.5,0.95
30,0,19.5,42,19,40.93,21.2,45.59666667,19.13333333,40.1,18.945,76.15,1.566666667,89.03,18.2,38.06666667,19.66666667,46.32666667,16.6,40.63333333,3.03,756.0666667,86.66666667,5.666666667,36.33333333,0.967
30,0,19.5,42.13333333,18.96333333,41.06666667,21.06666667,44.99,19.1,40.53,18.79,73.63333333,1.73,89.19,18.2,38.26,19.6,46.6,16.6,41.1,3.12,755.9833333,86.33333333,5.833333333,38.16666667,0.983
30,0,19.5,42.2,18.89,41.2,20.86,44.65666667,19.075,40.7675,18.73,72.3,1.79,89.39666667,18.2,38.46333333,19.6,47,16.6,41.56666667,3.2,755.9,86,6,40,1
40,0,19.42666667,42.12666667,18.89,41.29,20.66666667,44.43,19,40.96666667,18.6,71.06333333,1.933333333,89.65666667,18.2,38.72333333,19.6,47.33333333,16.6,41.9,3.13,755.8333333,86.5,5.833333333,38.16666667,1.03
50,0,19.39,42.09,18.82333333,41.23,20.6,44.23,18.96333333,41.03,18.53333333,70.25666667,1.933333333,89.59,18.1,38.96333333,19.6,47.8,16.6,42.15666667,3.07,755.7666667,87,5.666666667,36.33333333,1.07
50,0,19.39,42.09,18.79,41.29,20.5,44.16333333,18.89,41.09,18.5,69.7,1.9,89.56,18.1,39.22333333,19.6,48.15666667,16.6,42.43,3,755.7,87.5,5.5,34.5,1.1
40,0,19.35666667,42.09,18.79,41.29,20.42666667,43.96333333,18.89,41.12666667,18.42666667,69.1,1.9,89.5925,18.1,39.29,19.6,48.36333333,16.66666667,42.73,2.93,755.6333333,88,5.333333333,32.66666667,1.13
40,0,19.29,42.09,18.7,41.4,20.39,43.76,18.82333333,41.12666667,18.35666667,68.39666667,1.826666667,89.69,18.1,39.49,19.6,48.65666667,16.6,42.86333333,2.87,755.5666667,88.5,5.166666667,30.83333333,1.17
50,0,19.29,42.09,18.7,41.4,20.32333333,43.7,18.79,41.23,18.35666667,67.99666667,1.666666667,89.5,18.1,39.82666667,19.6,48.93,16.66666667,43.2,2.8,755.5,89,5,29,1.2
50,0,19.29,42.09,18.63333333,41.32666667,20.26,43.63333333,18.79,41.29,18.29,67.65666667,1.6,89.43333333,18.1,39.96666667,19.6,49.12666667,16.6,43.26,2.82,755.3666667,89.16666667,5,28.66666667,1.23
40,0,19.2,42.06,18.6,41.29,20.2,43.5,18.76,41.32666667,18.23,67.39666667,1.463333333,89.19,18.1,40.06666667,19.6,49.26,16.6,43.43333333,2.83,755.2333333,89.33333333,5,28.33333333,1.27
60,0,19.2,42.06,18.6,41.29,20.2,43.5,18.7,41.46666667,18.2,67.06,1.39,89.73,18.1,40.26,19.56666667,49.43333333,16.66666667,43.63333333,2.85,755.1,89.5,5,28,1.3
40,0,19.2,42.09,18.6,41.29,20.2,43.43333333,18.7,41.5,18.13333333,66.86666667,1.533333333,90.5,18.1,40.59,19.5,49.56,16.65,43.845,2.87,754.9666667,89.66666667,5,27.66666667,1.33
40,0,19.13333333,42.09,18.53333333,41.29,20.16666667,43.4,18.7,41.5,18.1,66.56,1.6,90.96666667,18.1,40.66333333,19.46333333,49.86,16.63333333,44.06666667,2.88,754.8333333,89.83333333,5,27.33333333,1.37
50,0,19.1,42.09,18.5,41.29,20.1,43.46666667,18.7,41.59,18.1,66.36666667,1.73,91.56333333,18.1,40.845,19.39,50.13333333,16.63333333,44.2,2.9,754.7,90,5,27,1.4
40,0,19.1,42.09,18.5,41.29,20.1,43.4,18.63333333,41.59,18,65.96666667,1.79,91.83,18.1,41.09666667,19.39,50.43333333,16.7,44.56666667,2.88,754.5666667,90.5,5,27.16666667,1.45
30,0,19.1,42.09,18.46333333,41.26,20,43.32666667,18.6,41.59,18,65.76,1.9,92.29333333,18.1,41.36333333,19.39,50.56,16.63333333,44.76,2.87,754.4333333,91,5,27.33333333,1.5
30,0,19,42,18.39,41.2,20,43.32666667,18.6,41.59,17.89,65.62666667,2.026666667,92.62666667,18.1,41.62666667,19.39,50.86,16.7,45.12666667,2.85,754.3,91.5,5,27.5,1.55
30,0,19,42.06,18.39,41.29,19.96333333,43.26,18.53333333,41.7,17.89,65.43333333,2.09,92.62666667,18.1,41.76,19.39,51,16.7,45.33333333,2.83,754.1666667,92,5,27.66666667,1.6
40,0,19,42.09,18.39,41.29,19.89,43.2,18.53333333,41.7,17.89,65.14,2.09,92.56,18.1,41.96333333,19.29,51.09,16.7,45.56666667,2.82,754.0333333,92.5,5,27.83333333,1.65
40,0,19,42.09,18.29,41.29,19.89,43.2,18.5,41.79,17.79,64.76333333,2.2,92.79333333,18.1,42.09,19.29,51.09,16.7,45.76,2.8,753.9,93,5,28,1.7
50,0,18.96333333,42.09,18.29,41.29,19.89,43.2,18.5,41.79,17.79,64.62333333,2.26,93.12666667,18.1,42.09,19.29,51.09,16.7,46.03,2.87,753.7333333,92.33333333,5.166666667,30,1.68
40,0,18.89,42.16333333,18.29,41.4,19.89,43.23,18.5,41.79,17.79,64.46666667,2.495,93.295,18.1,42.22333333,19.29,51.09,16.7,46.16333333,2.93,753.5666667,91.66666667,5.333333333,32,1.67
40,0,18.89,42.2,18.29,41.4,19.82333333,43.29,18.39,41.79,17.73,64.33333333,2.73,93.43333333,18.1,42.43333333,19.29,51.09,16.7,46.32666667,3,753.4,91,5.5,34,1.65
40,0,18.89,42.2,18.2,41.29,19.85666667,43.29,18.46333333,41.86333333,17.7,64.15666667,2.79,93.16,18.1,42.43333333,19.23,51,16.7,46.46666667,3.07,753.2333333,90.33333333,5.666666667,36,1.63
50,0,18.79,42.12666667,18.2,41.36333333,19.79,43.29,18.39,41.82666667,17.7,64.03,2.863333333,92.86333333,18.1,42.46666667,19.29,51.06,16.7,46.59,3.13,753.0666667,89.66666667,5.833333333,38,1.62
50,0,18.79,42.2,18.2,41.4,19.79,43.4,18.39,41.9,17.7,63.86333333,2.79,92.59,18.1,42.4,19.2,50.9,16.7,46.66333333,3.2,752.9,89,6,40,1.6
50,0,18.79,42.2,18.2,41.425,19.79,43.32666667,18.39,41.9,17.7,63.79,2.933333333,92.8,18.1,42.36333333,19.2,50.9,16.7,46.7,3.23,752.7666667,89,5.833333333,38,1.63
40,0,18.79,42.2,18.13333333,41.5,19.79,43.26,18.39,41.96666667,17.7,63.63333333,3,92.6,18.1,42.36333333,19.2,50.79,16.7,46.76,3.27,752.6333333,89,5.666666667,36,1.67
50,0,18.76,42.23,18.1,41.5,19.79,43.2,18.35666667,42,17.63333333,63.43333333,3.09,92.43333333,18.1,42.46666667,19.13333333,50.73,16.7,46.9,3.3,752.5,89,5.5,34,1.7
40,0,18.7,42.29,18.1,41.5,19.79,43.29,18.29,42.04,17.6,63.29,3.09,92.03333333,18.1,42.4,19.16666667,50.66333333,16.7,46.96666667,3.33,752.3666667,89,5.333333333,32,1.73
40,0,18.7,42.29,18.1,41.59,19.79,43.29,18.29,42.02666667,17.6,63.15666667,3.06,91.39666667,18.1,42.4,19.16666667,50.59,16.7,47.045,3.37,752.2333333,89,5.166666667,30,1.77
20,0,18.7,42.29,18.03333333,41.53,19.79,43.32666667,18.29,41.96666667,17.56666667,63.06,3.06,91.33,18.1,42.46666667,19.1,50.59,16.7,47.12666667,3.4,752.1,89,5,28,1.8
30,0,18.7,42.29,18.1,41.59,19.7225,43.3725,18.29,42.09,17.5,63,3,91.33,18.05,42.345,19.1,50.53,16.7,47.26,3.38,751.9166667,89.16666667,5.166666667,28.16666667,1.8
30,0,18.7,42.29,18.1,41.59,19.7,43.29,18.29,42.09,17.5,62.86333333,3,91.06333333,18.1,42.43333333,19.1,50.46666667,16.7,47.32666667,3.37,751.7333333,89.33333333,5.333333333,28.33333333,1.8
40,0,18.66666667,42.29,18,41.5,19.7,43.29,18.29,42.12666667,17.5,62.79,3.03,91.26333333,18.03333333,42.36,19.1,50.46666667,16.7,47.46666667,3.35,751.55,89.5,5.5,28.5,1.8
50,0,18.6,42.29,18,41.56,19.7,43.29,18.23,42.12666667,17.46333333,62.56,3.09,91.26333333,18,42.2,19,50.4,16.73,47.53,3.33,751.3666667,89.66666667,5.666666667,28.66666667,1.8
40,0,18.6,42.29,18,41.59,19.7,43.26,18.2,42.2,17.46333333,62.5,3.09,91.15666667,18,42.2,19,50.4,16.73,47.66333333,3.32,751.1833333,89.83333333,5.833333333,28.83333333,1.8
40,0,18.6,42.32666667,18,41.59,19.7,43.2,18.2,42.2,17.445,62.45,3.09,91.03,18,42.32666667,19.03333333,50.43333333,16.7,47.7,3.3,751,90,6,29,1.8
50,0,18.6,42.4,17.96333333,41.7,19.7,43.2,18.2,42.2,17.39,62.36333333,3.09,90.9,18,42.46666667,19.03333333,50.36,16.7,47.76,3.32,750.8666667,90,5.833333333,28.66666667,1.82
40,0,18.6,42.4,17.89,41.7,19.7,43.2,18.2,42.2,17.39,62.29,3.09,90.46666667,18,42.5,19,50.4,16.73,47.79,3.33,750.7333333,90,5.666666667,28.33333333,1.83
50,0,18.53333333,42.4,17.89,41.62666667,19.7,43.2,18.15,42.29,17.39,62.26,3.09,90.46666667,18,42.5,19,50.4,16.73,47.79,3.35,750.6,90,5.5,28,1.85
50,0,18.5,42.43333333,17.89,41.7,19.76,43.26,18.1,42.29,17.39,62.2,3.126666667,90.76,18,42.5,19,50.4,16.73,47.82666667,3.37,750.4666667,90,5.333333333,27.66666667,1.87
40,0,18.5,42.5,17.89,41.73,19.79,43.29,18.1,42.36333333,17.35666667,62.2,3.26,90.96666667,18,42.56,18.9175,50.425,16.79,47.96666667,3.38,750.3333333,90,5.166666667,27.33333333,1.88
50,0,18.5,42.5,17.89,41.79,19.79,43.29,18.1,42.4,17.35666667,62.2,3.5,90.76333333,18,42.59,18.89,50.43333333,16.7,48,3.4,750.2,90,5,27,1.9
40,0,18.5,42.5,17.79,41.73,19.79,43.29,18.1,42.4,17.35666667,62.06,3.56,90.49666667,18,42.59,18.89,50.5,16.7,48,3.5,750.0833333,89.83333333,5.666666667,27.16666667,1.98
40,0,18.46333333,42.56,17.84,41.79,19.79,43.29,18.1,42.5,17.29,62,3.73,90.09333333,18,42.5,18.89,50.5,16.79,48.09,3.6,749.9666667,89.66666667,6.333333333,27.33333333,2.07
40,0,18.39,42.5,17.79,41.79,19.79,43.29,18.1,42.5,17.29,62,3.79,89.63333333,18,42.56,18.89,50.5,16.73,48.16333333,3.7,749.85,89.5,7,27.5,2.15
40,0,18.39,42.53,17.79,41.79,19.79,43.36333333,18.1,42.53,17.29,62,3.9,89.23,17.96333333,42.73,18.89,50.5,16.7,48.2,3.8,749.7333333,89.33333333,7.666666667,27.66666667,2.23
30,10,18.39,42.59,17.79,41.86333333,19.79,43.4,18.1,42.59,17.29,62,3.9,89.03,17.96333333,42.93,18.85666667,50.56,16.7,48.2,3.9,749.6166667,89.16666667,8.333333333,27.83333333,2.32
70,10,18.39,42.59,17.79,41.9,19.79,43.4,18,42.53,17.29,61.93333333,3.863333333,88.83,18,43.53,18.79,50.56,16.745,48.345,4,749.5,89,9,28,2.4
360,20,18.39,42.86333333,17.79,41.96666667,19.76,43.36333333,18,42.59,17.29,61.73333333,3.79,88.62333333,18,43.65666667,18.82333333,50.73,16.79,48.46666667,3.95,749.4,89.5,8.833333333,26.66666667,2.42
400,10,18.39,43.36,17.79,42.23,19.7,43.2225,18.06666667,42.92666667,17.29,61.19333333,3.79,89.13,18,42.995,18.89,50.65666667,16.79,48.32666667,3.9,749.3,90,8.666666667,25.33333333,2.43
70,10,18.39,43.96666667,17.79,42.43,19.63333333,43.12666667,18.4,43.26,17.23,60.52666667,3.79,89.92333333,17.89,42.36333333,18.79,49.99,16.76,48.02666667,3.85,749.2,90.5,8.5,24,2.45
70,0,18.39,44.09,17.79,42.62666667,19.6,43.16333333,18.73,43.12333333,17.23,60.06666667,3.79,90.72666667,17.89,41.96333333,18.73,49.65666667,16.7,47.69333333,3.8,749.1,91,8.333333333,22.66666667,2.47
390,0,18.39,44.0225,17.79,42.7,19.53333333,43.09,18.79,42.53,17.2,59.63333333,3.79,91.2975,17.89,41.52666667,18.7,49.33333333,16.7,47.29666667,3.75,749,91.5,8.166666667,21.33333333,2.48
100,0,18.39,43.93333333,17.76,42.7,19.5,43,18.79,42.13333333,17.2,59.36,3.79,91.73,17.82333333,41.19333333,18.7,49.06666667,16.7,46.96333333,3.7,748.9,92,8,20,2.5
80,10,18.39,43.76,17.7,42.62666667,19.5,43,18.73,42,17.2,58.995,3.79,92.22666667,17.79,40.86333333,18.6,48.63333333,16.7,46.63333333,3.3,749,93,7.166666667,22.5,2.25
70,0,18.39,43.7,17.7,42.59,19.46333333,42.9,18.7,42,17.2,58.7,3.863333333,92.96,17.79,40.65666667,18.66666667,48.5,16.7,46.36,2.9,749.1,94,6.333333333,25,2
170,10,18.39,43.59,17.7,42.53,19.39,42.82666667,18.7,41.93333333,17.2,58.5,3.79,93.62333333,17.79,40.46666667,18.6,48.13333333,16.7,46.03,2.5,749.2,95,5.5,27.5,1.75
360,0,18.39,43.53,17.7,42.5,19.35666667,42.63333333,18.65,41.79,17.2,56.56666667,3.73,93.62333333,17.79,40.32666667,18.53333333,47.86,16.7,46.03,2.1,749.3,96,4.666666667,30,1.5
180,10,18.39,43.36333333,17.7,42.43333333,19.29,42.5,18.6,41.66333333,17.2,55.36,3.1,93.06666667,17.7,40.06,18.5,47.6,16.7,46,1.7,749.4,97,3.833333333,32.5,1.25
130,0,18.39,43.29,17.79,42.29,19.29,42.4,18.6,41.53,17.2,53.89666667,2.766666667,93.46666667,17.7,39.86,18.5,47.2675,16.7,45.93333333,1.3,749.5,98,3,35,1
70,20,18.42666667,43.32666667,17.79,42.23,19.29,42.4,18.56666667,41.4,17.26,52.82333333,2.5,93.72666667,17.63333333,39.59,18.42666667,46.89,16.7,45.86333333,1.4,749.3666667,97.5,3.5,35.83333333,1.03
70,10,18.5,43.4,17.92666667,42.2,19.29,42.4,18.5,41.4,17.29,51.69666667,2.433333333,94.06,17.63333333,39.39,18.39,46.63333333,16.7,45.73,1.5,749.2333333,97,4,36.66666667,1.07
180,20,18.53333333,43.4,18.025,42.1175,19.29,42.4,18.5,41.59666667,17.35666667,50.89666667,2.363333333,94.16,17.6,39.16333333,18.39,46.43333333,16.7,45.5,1.6,749.1,96.5,4.5,37.5,1.1
170,20,18.53333333,43.26666667,18.1,42.09,19.16666667,42,18.56666667,41.86333333,17.39,50.03333333,2.29,94.36666667,17.6,39.03,18.35666667,46.22333333,16.745,45.5,1.7,748.9666667,96,5,38.33333333,1.13
390,30,18.6,43.29,18.23,42.03,19.16666667,42.33333333,18.63333333,42.06666667,17.46333333,49.5,2.29,94.62333333,17.6,38.86333333,18.29,46.09,16.79,45.645,1.8,748.8333333,95.5,5.5,39.16666667,1.17
420,20,18.66666667,43.49,18.29,42.09,19.23,42.56666667,18.7,42.26,17.5,49.32666667,2.29,94.69,17.53333333,38.79,18.29,45.96666667,16.79,46.02666667,1.9,748.7,95,6,40,1.2
340,20,18.7,43.63333333,18.39,42.09,19.29,42.7,18.7,42.29,17.5,49.99333333,2.29,94.83333333,17.5,38.7,18.29,45.82666667,16.79,46.4,1.97,748.7333333,94.66666667,5.666666667,40,1.22
550,10,18.7,43.43333333,18.39,42.09,19.26,42.52666667,18.7,42.29,17.39,51.19666667,2.29,94.9,17.5,38.6175,18.23,45.73,16.89,46.52666667,2.03,748.7666667,94.33333333,5.333333333,40,1.23
690,10,18.79,43.76666667,18.5,42.06,19.32,43.145,18.7,42.5,17.32333333,51.86333333,2.4,94.95,17.5,38.59,18.23,45.65666667,16.89,46.4,2.1,748.8,94,5,40,1.25
620,10,18.79,43.69333333,18.56666667,41.72666667,19.69333333,44.86,18.76,42.3,17.26,52.4,2.433333333,95.06333333,17.5,38.5,18.2,45.5,16.89,46.26,2.17,748.8333333,93.66666667,4.666666667,40,1.27
610,10,18.82333333,43.26,18.63333333,41.46666667,20.19666667,46.39666667,18.79,42.09,17.2,52.52666667,2.5,95.19,17.42666667,38.36,18.2,45.43333333,16.89,46.12666667,2.23,748.8666667,93.33333333,4.333333333,40,1.28
490,10,18.9175,43.05,18.7,41.32666667,20.59666667,47.19666667,18.79,42.09,17.2,52.82666667,2.626666667,95.33333333,17.46333333,38.36333333,18.16666667,45.29,16.89,46,2.3,748.9,93,4,40,1.3
260,20,19,42.93333333,18.82333333,41.09,20.99333333,47.76666667,18.79,42.12666667,17.2,52.9,2.7,95.46666667,17.39,38.23,18.1,45.23,16.89,46,2.4,748.85,92.83333333,4.166666667,40,1.37
240,10,19.1,42.86333333,18.89,41.03,21.32666667,47.96666667,18.79,42.2,17.2,53.045,2.826666667,95.53,17.39,38.2,18.1,45.16333333,16.89,46,2.5,748.8,92.66666667,4.333333333,40,1.43
220,10,19.16666667,43.53,19.03333333,40.79,21.63333333,47.62333333,18.89,42.29,17.2,53.12666667,2.966666667,95.59,17.39,38.12666667,18.1,45.09,16.89,46,2.6,748.75,92.5,4.5,40,1.5
130,10,19.36,44.56666667,19.16666667,40.73,21.76,46.62333333,18.89,42.42,17.2,53.2,3.066666667,95.66,17.39,38.09,18.1,45,16.92666667,45.96666667,2.7,748.7,92.33333333,4.666666667,40,1.57
90,10,19.56666667,44.5,19.32333333,40.66333333,21.79,45.39333333,18.89,42.72333333,17.1,53.2,3.26,95.93333333,17.39,38.03,18.03333333,44.93333333,17,45.9,2.8,748.65,92.16666667,4.833333333,40,1.63
290,10,19.73,45.12333333,19.46333333,40.59,21.73,44.72666667,18.92666667,42.93333333,17.1,53.2,3.433333333,96,17.39,38,18,44.86333333,17,45.93333333,2.9,748.6,92,5,40,1.7
410,0,19.99666667,45.73,19.63333333,40.53,21.56666667,44.46333333,19,43.19333333,17.1,53.2,3.5,96,17.39,38,18,44.86333333,17,45.93333333,3.12,748.55,91.33333333,5.166666667,40,1.82
320,0,20.1,45.05666667,19.7,40.59,21.56666667,45.25666667,19,43.43333333,17.1,53.2,3.53,96.03,17.39,38,18,44.79,17,45.9,3.33,748.5,90.66666667,5.333333333,40,1.93
260,0,20.16666667,44.46333333,19.79,40.46666667,21.86,46.6,19,43.1,17.1,53.2,3.53,95.96333333,17.39,38,18,44.79,17.06666667,46.02666667,3.55,748.45,90,5.5,40,2.05
210,0,20.36,45.19333333,19.8925,40.3725,22.06666667,46.93333333,18.96333333,42.43,17.1,53.2,3.433333333,95.76,17.39,37.93333333,18,44.79,17.1,46.12666667,3.77,748.4,89.33333333,5.666666667,40,2.17
210,0,20.56666667,44.72666667,20.06666667,40.29,22.23,46.06333333,18.89,42.15666667,17.1,53.2,3.433333333,95.83333333,17.39,37.93333333,18,44.79,17.1,46.26,3.98,748.35,88.66666667,5.833333333,40,2.28
140,0,20.82333333,44.33333333,20.13333333,40.2,22.29,45.53,18.85666667,42.06666667,17.1,53.2,3.53,96.06,17.42666667,38.03,18,44.73,17.1,46.56666667,4.2,748.3,88,6,40,2.4
60,0,20.96333333,43.86666667,20.26,40.12666667,22.39,44.9,18.85666667,42.79333333,17.1,53.2,3.6175,95.9975,17.42666667,37.96333333,18.03333333,44.62666667,17.1,46.83333333,4.3,748.2166667,87.5,6,40,2.42
50,0,21.1,43.52666667,20.29,40,22.32333333,44.42666667,18.92666667,43.62666667,17.1,53.2,3.833333333,96.39666667,17.42666667,37.93333333,18.1,44.7,17.15,47.145,4.4,748.1333333,87,6,40,2.43
60,0,21.16666667,43.06666667,20.29,40,22.16666667,43.7,19,43.76,17.1,53.2,4.16,96.56333333,17.4175,37.95,18.03333333,44.62666667,17.2,47.26,4.5,748.05,86.5,6,40,2.45
50,0,21.2,42.1,20.39,39.76,22.025,43.6175,19.1,43.9,17.03333333,53.12666667,4.366666667,96.69,17.39,38,18.1,44.7,17.2,47.33333333,4.6,747.9666667,86,6,40,2.47
60,0,21.2,41.69333333,20.46333333,39.7,21.92666667,43.59,19.1,43.9,17.1,53.2,4.563333333,96.83333333,17.5,38.09,18.03333333,44.76666667,17.2,47.5,4.7,747.8833333,85.5,6,40,2.48
140,0,21.23,41.59666667,20.5,39.59,21.85666667,43.43,19.1,43.79,17.1,53.2,4.83,96.96666667,17.5,38.09,18.1,44.9,17.26,47.56,4.8,747.8,85,6,40,2.5
270,0,21.29,41.565,20.56666667,39.53,21.73,43.15666667,19.1,43.79,17.03333333,53.23,5.063333333,96.83333333,17.5,38.09,18.06666667,45,17.26,47.66333333,4.92,747.7333333,84.83333333,6,40,2.58
200,0,21.35666667,41.29,20.6,39.46666667,21.66666667,42.93,19.1,43.72333333,17.03333333,53.23,5.263333333,96.83333333,17.5,38.09,18,45,17.2,47.53,5.03,747.6666667,84.66666667,6,40,2.67
60,0,21.35666667,40.83333333,20.6,39.4,21.6,42.73,19.03333333,43.33,17.05,53.29,5.263333333,96.16333333,17.5,38.09,18,45,17.2,47.19333333,5.15,747.6,84.5,6,40,2.75
50,0,21.35666667,40.62666667,20.73,39.4,21.5,42.52666667,19,42.96666667,17.06666667,53.36333333,5.123333333,95.29,17.5,38.16333333,18,45,17.2,46.86,5.27,747.5333333,84.33333333,6,40,2.83
60,0,21.5,40.56,20.79,39.32666667,21.5,42.32666667,18.9175,42.8175,17,53.29,5.123333333,94.35666667,17.39,38.09,18,45,17.2,46.49,5.38,747.4666667,84.16666667,6,40,2.92
80,0,21.5,40.43333333,20.89,39.29,21.5,42.06,18.89,42.73,17.03333333,53.32666667,5.123333333,92.76333333,17.46333333,38.09,18,44.93333333,17.2,46.15666667,5.5,747.4,84,6,40,3
50,0,21.6,40.26,20.96333333,39.23,21.42666667,41.86,18.89,42.59,17.1,53.4,5.123333333,91.82666667,17.39,38.06,18,44.9,17.2,45.83333333,5.48,747.4333333,83.16666667,6,40,2.83
40,0,21.6,40.12666667,21,39.16333333,21.39,41.66333333,18.82333333,42.53,17.1,53.5,5.263333333,91.03333333,17.39,38,17.92666667,44.82666667,17.13333333,45.62666667,5.47,747.4666667,82.33333333,6,40,2.67
50,0,21.6,40.06,21.06666667,39.09,21.39,41.53,18.79,42.5,17.1,53.5,5.433333333,90.59666667,17.39,38,17.89,44.79,17.1,45.36333333,5.45,747.5,81.5,6,40,2.5
50,0,21.6,40,21.1,39.09,21.39,41.5,18.79,42.43333333,17.1,53.5,5.433333333,88.93,17.39,38,17.89,44.76,17.1,45.23,5.43,747.5333333,80.66666667,6,40,2.33
40,0,21.53333333,40,21.075,38.9975,21.32333333,41.43333333,18.76,42.36333333,17.1,53.5,5.366666667,85.53,17.39,37.9,17.89,44.7,17.1,44.96666667,5.42,747.5666667,79.83333333,6,40,2.17
30,0,21.53333333,39.93333333,21,38.9,21.29,41.4,18.76,42.29,17.1,53.46666667,5.2725,81.34,17.39,37.82666667,17.89,44.59,17.1,44.76666667,5.4,747.6,79,6,40,2
30,0,21.5,39.79,21,38.76,21.23,41.32666667,18.7,42.26,17.1,53.4,5.263333333,80.79666667,17.39,37.7,17.89,44.46333333,17.1,44.56,5.27,747.65,78.5,6.166666667,40,1.78
200,0,21.5,39.73,20.92666667,38.7,21.2,41.2,18.7,42.12666667,17.1,53.36333333,5.333333333,79.49,17.39,37.62666667,17.89,44.4,17.03333333,44.36,5.13,747.7,78,6.333333333,40,1.57
450,0,21.39,39.59,20.89,38.5,21.13333333,41.2,18.7,42.15666667,17.1,53.29,5.4,77.96333333,17.39,37.59666667,17.96333333,44.8,17.1,44.145,5,747.75,77.5,6.5,40,1.35
400,0,21.39,39.79666667,20.82333333,38.43333333,21.16333333,42.19666667,18.7,42.29,17.1,53.16333333,5.263333333,75.65666667,17.4175,38.0925,18,45.15666667,17.06666667,43.93,4.87,747.8,77,6.666666667,40,1.13
740,0,21.39,40.56666667,20.79,38.29,21.4175,43.44,18.7,42.32666667,17.1,53.03,5.123333333,73.99,17.56666667,38.4,18.06666667,45.43,17,43.73,4.73,747.85,76.5,6.833333333,40,0.917
910,0,21.46333333,41.69333333,20.85666667,38.36333333,21.66666667,43.93,18.7,42.66,17.1,53,4.966666667,74.16666667,17.6,38.53,18.2,45.59,17,43.46666667,4.6,747.9,76,7,40,0.7
610,10,21.63333333,45.19666667,20.92666667,38.59666667,21.96,44.56666667,18.63333333,43.3,17.1,53,4.833333333,75.23333333,17.66666667,38.66333333,18.2,45.59,17,43.32666667,4.58,747.9333333,76,6.833333333,40,0.683
510,10,21.76,47.13,21.13333333,39.06333333,22.16666667,45.02666667,18.7,44.49333333,17.1,53.12666667,4.8,76,17.7,38.7,18.29,45.7,17,43.26,4.57,747.9666667,76,6.666666667,40,0.667
190,0,21.945,45.3,21.29,39.53,22.42666667,45.26,18.7,45.46333333,17.1,53.33333333,4.726666667,76.19333333,17.7,38.62666667,18.35666667,45.76,17,43.12666667,4.55,748,76,6.5,40,0.65
110,10,22,43.99666667,21.35666667,39.53,22.56666667,45,18.76,45.66333333,17.1,53.6,4.56,75.16,17.7,38.56,18.42666667,46.09,17,43.32666667,4.53,748.0333333,76,6.333333333,40,0.633
100,0,22.06666667,43.19666667,21.5,39.56,22.6,44.16,18.73,45.46666667,17.1,53.82666667,4.56,74.7,17.63333333,38.43333333,18.5,45.96333333,17,43.32666667,4.52,748.0666667,76,6.166666667,40,0.617
90,10,22.1,42.36333333,21.56666667,39.36,22.53333333,43.76666667,18.745,45.295,17.1,53.9,4.59,74.63333333,17.7,38.5,18.6,45.76,17,43.16333333,4.5,748.1,76,6,40,0.6
110,10,22.1,41.89,21.63333333,39.16333333,22.39,43.4,18.79,45.12666667,17.1,53.93333333,4.656666667,73.42666667,17.7,38.43333333,18.6,45.62666667,17,42.96333333,4.42,748.1666667,76.16666667,6.166666667,40,0.55
100,0,22.13333333,41.43,21.7,39.03,22.32333333,43.12666667,18.79,44.96666667,17.1,54,4.69,74.13333333,17.7,38.4,18.7,45.66333333,16.92666667,42.76,4.33,748.2333333,76.33333333,6.333333333,40,0.5
110,10,22.2,41.15666667,21.7,38.9,22.26,42.83333333,18.79,44.82666667,17.1,53.96666667,4.623333333,72.99333333,17.7,38.4,18.76,45.53,16.92666667,42.62666667,4.25,748.3,76.5,6.5,40,0.45
100,10,22.1,40.83333333,21.7,38.7225,22.2,42.5,18.79,44.7,17.1,53.9,4.466666667,71.25666667,17.7,38.36333333,18.79,45.45,16.89,42.46666667,4.17,748.3666667,76.66666667,6.666666667,40,0.4
790,10,22.16666667,40.5,21.7,38.62666667,22.16666667,42.13333333,18.79,44.62666667,17.1,53.9,4.2975,71.745,17.7,38.43,18.82333333,45.4,16.89,42.32666667,4.08,748.4333333,76.83333333,6.833333333,40,0.35
380,10,22.2,40.69333333,21.7,38.59,22.1,42.06,18.79,44.59,17.1,53.82666667,4.19,72.46333333,17.7,38.76666667,18.82333333,45.32666667,16.89,42.16333333,4,748.5,77,7,40,0.3
360,10,22.26,41.83333333,21.7,38.7925,22.1,42.23,18.79,44.59,17.1,53.9,4.263333333,72.7,17.76,38.9,18.89,45.29,16.89,42.03,3.9,748.55,78.5,7.166666667,40,0.467
360,10,22.32333333,42.56333333,21.7,39.13333333,22.1,42.36333333,18.79,44.73,17.1,53.9,4.19,73.76666667,17.79,38.83333333,18.89,45.23,16.89,41.86333333,3.8,748.6,80,7.333333333,40,0.633
100,10,22.46333333,47.76333333,21.73,39.63333333,22,42.53,18.79,45.06333333,17.1,54.03,3.966666667,74.26,17.73,38.56666667,19,45.02666667,16.865,41.74,3.7,748.65,81.5,7.5,40,0.8
100,10,22.73,46.86,21.79,40.36,22.06666667,43.12333333,18.89,46.43333333,17.1,54.29666667,3.9,74.92666667,17.76,38.19333333,18.92666667,44.69333333,16.85666667,41.66333333,3.6,748.7,83,7.666666667,40,0.967
90,10,22.79,45.52666667,21.82333333,41.15666667,22.06666667,43.4,18.89,47.02666667,17.2,54.8,3.933333333,74.96666667,17.7,37.82,18.92666667,44.73,16.89,41.59,3.5,748.75,84.5,7.833333333,40,1.13
90,20,22.79,44.83333333,21.89,40.95666667,22,43.46666667,18.96333333,47.23,17.2,55,4,75.22666667,17.7,37.56666667,19,44.79,16.96333333,42.86333333,3.4,748.8,86,8,40,1.3
110,10,22.73,44.1,21.79,40.46,22,43.59,18.89,47.29,17.63333333,66.36,4,74.8,17.83333333,39.32333333,19.1,45.13333333,16.98166667,43.57666667,3.5,748.85,83.33333333,8.333333333,40,0.917
140,30,22.7,43.29666667,21.79,40.12666667,22,43.56,18.96333333,47.13333333,19.3,86.03333333,4,73.32666667,18.36666667,42.12333333,19.1,45.46666667,17,44.29,3.6,748.9,80.66666667,8.666666667,40,0.533
110,20,22.7,42.89,21.7,40.19333333,22,43.5,18.89,46.86,18.66,83,4.123333333,69.7,18.86,42.72666667,19.1,46.36,17,44.23,3.7,748.95,78,9,40,0.15
100,20,22.7,43.06666667,21.7,40.6,22,43.4,18.96333333,46.66333333,18.4,74.92666667,4.19,68.1,19.13333333,43.13333333,19.16666667,46.63333333,17,43.9,3.8,749,75.33333333,9.333333333,40,-0.233
110,20,22.7,43.07,21.7,41,22,43.4,18.89,46.46333333,18.795,63.5,4.3,65.56333333,19.32333333,43.46666667,19.23,46.7,17,43.5,3.9,749.05,72.66666667,9.666666667,40,-0.617
130,20,22.7,42.63333333,21.76,41,21.92666667,43.4,18.89,46.26666667,19.13,68.66333333,4.3,63.56333333,19.39,43.32666667,19.29,46.7,16.96333333,43.1,4,749.1,70,10,40,-1
140,30,22.73,41.93,21.79,40.73,21.92666667,43.32666667,19.0225,46.9225,19.32333333,79.46333333,4.19,62.49,19.53333333,43.06666667,19.42666667,46.56,16.89,42.76666667,3.92,749.1666667,70,9.666666667,40,-1.08
130,20,22.79,41.79,21.79,40.93,21.89,43.16333333,19.26,47.23,19.32333333,65.36333333,4.123333333,61.89666667,19.66666667,43.46666667,19.5,46.22666667,16.89,42.33333333,3.83,749.2333333,70,9.333333333,40,-1.17
120,20,22.79,41.79,21.79,41.09,21.89,43.09,19.29,46.76666667,19.39,58.69666667,3.895,61.34,19.66666667,42.56666667,19.7,45.79666667,16.89,42.06666667,3.75,749.3,70,9,40,-1.25
100,10,22.79,41.73,21.85666667,41.16333333,21.79,42.96666667,19.23,46.3,19.53333333,55.15666667,3.663333333,62.09333333,19.53333333,41.63333333,19.76,45.39,16.89,41.72333333,3.67,749.3666667,70,8.666666667,40,-1.33
80,0,22.79,41.56,21.89,41,21.79,42.9,19.2,46.12666667,19.6,53.49,3.59,61.7,19.35666667,40.73333333,19.79,44.96666667,16.89,41.46333333,3.58,749.4333333,70,8.333333333,40,-1.42
50,10,22.79,41.5,21.89,40.86,21.79,42.79,19.2,46.12666667,19.7,51.86333333,3.626666667,62.4,19.23,40.13333333,19.79,44.795,16.89,41.13333333,3.5,749.5,70,8,40,-1.5
50,0,22.92666667,41.03333333,22.1,40.43333333,21.73,42.86333333,19.2,45.83333333,19.56666667,52.39,3.7,62.32666667,19.1,39.43,19.73,44.9,16.89,41.46666667,3.15,749.5166667,73.66666667,7.833333333,37.16666667,-1.2
50,0,23.06666667,40.42666667,22.175,39.75,21.66666667,43,19.13333333,45.62666667,19.26,53.69666667,3.663333333,61.56666667,19.03333333,39.36333333,19.7,45.63333333,17,43.39666667,2.8,749.5333333,77.33333333,7.666666667,34.33333333,-0.9
40,0,23.2,40.16333333,22.26,39.7,21.6,43,19.1,45.56,19.13333333,54.42333333,3.463333333,64.56666667,19,39.73,19.7,46.1,17,44.06333333,2.45,749.55,81,7.5,31.5,-0.6
50,0,23.26,40.09,22.39,39.66333333,21.56666667,43,19.03333333,45.3,19,55,2.96,70.66666667,18.92666667,39.93,19.7,46.65666667,17,44.745,2.1,749.5666667,84.66666667,7.333333333,28.66666667,-0.3
50,0,23.39,40.06,22.46333333,39.66333333,21.5,43.06,19,45.13333333,19,55.33333333,2.5,74.86666667,18.89,40.23,19.7,46.93,17.1,45.32666667,1.75,749.5833333,88.33333333,7.166666667,25.83333333,0
50,0,23.39,40,22.6,39.66333333,21.46333333,43,18.92666667,44.93333333,18.89,55.62666667,2.133333333,78.36666667,18.815,40.3975,19.7,47.26666667,17.1,45.52666667,1.4,749.6,92,7,23,0.3
40,0,23.5,40,22.66666667,39.66333333,21.39,43.06,18.89,44.76,18.89,55.76,1.933333333,80.49333333,18.79,40.56,19.7,47.52666667,17.1,45.62666667,1.3,749.55,92.33333333,7.333333333,27.83333333,0.25
30,0,23.56666667,39.93333333,22.7,39.59,21.39,43.145,18.82333333,44.62666667,18.79,55.79,1.79,83.46666667,18.7,40.73,19.7,47.76666667,17.1,45.76,1.2,749.5,92.66666667,7.666666667,32.66666667,0.2
30,0,23.6,39.79,22.7,39.59,21.39,43.16333333,18.79,44.46666667,18.79,55.86333333,1.73,85.19333333,18.7,40.79,19.7,48.02666667,17.1,45.82666667,1.1,749.45,93,8,37.5,0.15
40,0,23.6,39.73,22.73,39.5,21.32333333,43.09,18.79,44.32666667,18.79,55.82666667,1.566666667,87.33333333,18.66666667,40.9,19.7,48.39,17.1,45.9,1,749.4,93.33333333,8.333333333,42.33333333,0.1
40,0,23.6,39.66333333,22.79,39.5,21.26,43.06,18.76,44.26,18.73,55.82666667,1.5,88.6,18.6,40.9,19.7,48.72333333,17.1,45.93333333,0.9,749.35,93.66666667,8.666666667,47.16666667,0.05
50,0,23.66666667,39.66333333,22.79,39.46666667,21.2,43.06,18.7,44.2,18.745,55.79,1.39,89.46666667,18.6,41.26666667,19.7,48.82666667,17.1,46,0.8,749.3,94,9,52,0
60,0,23.7,39.59,22.79,39.4,21.2,43.2,18.7,44.09,18.7,55.79,1.39,90.645,18.6,41.52666667,19.7,48.9,17.1,46.09,0.667,749.2833333,95,9.166666667,49,0
50,0,23.7,39.56,22.79,39.4,21.2,43.26,18.7,44.0225,18.63333333,55.73,1.39,91.8,18.6,41.65666667,19.66666667,48.93,17.1,46.16333333,0.533,749.2666667,96,9.333333333,46,0
60,0,23.7,39.43333333,22.79,39.32666667,21.2,43.29,18.7,43.93333333,18.7,55.7,1.133333333,92.99333333,18.6,41.86333333,19.6,48.79,17.1,46.32666667,0.4,749.25,97,9.5,43,0
50,0,23.79,39.26,22.79,39.29,21.2,43.36333333,18.66666667,43.86333333,18.63333333,55.62666667,0.866666667,94.26666667,18.6,41.9,19.56666667,48.79,17.1,46.4,0.267,749.2333333,98,9.666666667,40,0
50,0,23.79,39.2,22.79,39.23,21.2,43.29,18.6,43.73,18.66666667,55.56,0.666666667,94.53,18.6,41.9,19.5,48.79,17.13333333,46.5,0.133,749.2166667,99,9.833333333,37,0
50,0,23.79,39.16333333,22.79,39.2,21.2,43.29,18.6,43.7,18.6,55.43333333,0.6,94.65666667,18.6,42,19.5,48.93333333,17.2,46.56,0,749.2,100,10,34,0
50,0,23.73,39.09,22.79,39.2,21.2,43.29,18.6,43.7,18.6,55.36333333,0.5,94.65666667,18.6,42,19.5,49.2175,17.2,46.73,0.0667,749.2333333,99.83333333,10,38.66666667,0.0333
50,0,23.7,39.09,22.79,39.12666667,21.2,43.29,18.56666667,43.56,18.6,55.29,0.5,94.59,18.56666667,42.09,19.5,49.36333333,17.2,46.86333333,0.133,749.2666667,99.66666667,10,43.33333333,0.0667
50,0,23.7,39.03,22.79,39.12666667,21.2,43.29,18.5,43.5,18.6,55.29,0.533333333,94.59,18.5,42.16333333,19.5,49.4,17.2,47,0.2,749.3,99.5,10,48,0.1
60,0,23.7,39.09,22.7,39.09,21.2,43.36333333,18.5,43.5,18.6,55.29,0.6,94.53,18.5,42.23,19.5,49.4,17.2,47.06,0.267,749.3333333,99.33333333,10,52.66666667,0.133
50,0,23.63333333,39.03,22.7,39.09,21.2,43.4,18.5,43.43333333,18.6,55.16333333,0.633333333,94.53,18.5,42.36333333,19.39,49.4,17.2,47.2,0.333,749.3666667,99.16666667,10,57.33333333,0.167
50,0,23.6,39.03,22.7,39.09,21.2,43.46666667,18.5,43.4,18.53333333,55.09,0.7,94.59,18.5,42.4,19.39,49.4,17.2,47.29,0.4,749.4,99,10,62,0.2
50,0,23.6,39.09,22.6,39,21.2,43.46666667,18.5,43.4,18.5,55.09,0.833333333,94.62333333,18.5,42.4,19.39,49.4,17.2,47.36333333,0.55,749.5166667,97.83333333,10.16666667,55.5,0.2
50,0,23.5,39.09,22.6,39,21.2,43.4,18.5,43.4,18.5,55.03,0.9,94.69,18.5,42.4,19.39,49.46666667,17.2,47.4,0.7,749.6333333,96.66666667,10.33333333,49,0.2
40,0,23.42666667,39.09,22.5,39.09,21.2,43.4,18.5,43.4,18.5,55,1.033333333,94.62333333,18.5,42.4,19.39,49.53,17.2,47.4,0.85,749.75,95.5,10.5,42.5,0.2
50,0,23.39,39.23,22.42666667,39.03,21.2,43.4,18.46333333,43.26,18.5,55,1.166666667,94.69,18.5,42.4,19.39,49.59,17.2,47.5,1,749.8666667,94.33333333,10.66666667,36,0.2
40,0,23.32333333,39.36333333,22.39,39,21.2,43.4,18.39,43.2,18.5,54.9,1.29,94.8,18.5,42.32666667,19.39,49.59,17.26,47.56,1.15,749.9833333,93.16666667,10.83333333,29.5,0.2
30,0,23.29,39.5,22.32333333,39.06,21.23,43.43333333,18.39,43.12666667,18.5,54.82666667,1.323333333,94.69,18.5,42.46666667,19.39,49.59,17.23,47.53,1.3,750.1,92,11,23,0.2
40,0,23.23,39.43333333,22.26,39.06,21.29,43.5,18.39,43.2,18.46333333,54.76,1.39,94.69,18.5,42.5,19.39,49.59,17.29,47.66333333,1.53,750.2166667,90.5,10.83333333,23.33333333,0.167
30,0,23.2,39.5,22.2,39.06,21.26,43.56,18.39,43.09,18.39,54.6725,1.39,94.76333333,18.5,42.5,19.39,49.59,17.29,47.7,1.77,750.3333333,89,10.66666667,23.66666667,0.133
60,0,23.13333333,39.43333333,22.16666667,39.09,21.2,43.5,18.39,43.09,18.39,54.59,1.463333333,94.83,18.5,42.5,19.39,49.56,17.29,47.7,2,750.45,87.5,10.5,24,0.1
50,0,23.1,39.45,22.1,39.09,21.23,43.53,18.39,43.09,18.39,54.56,1.633333333,94.9,18.5,42.43333333,19.39,49.5,17.29,47.7,2.23,750.5666667,86,10.33333333,24.33333333,0.0667
50,0,23,39.4,22,39.09,21.29,43.59,18.32333333,43.06,18.39,54.5,1.833333333,95.02666667,18.5,42.62666667,19.35666667,49.46666667,17.29,47.7,2.47,750.6833333,84.5,10.16666667,24.66666667,0.0333
40,0,22.92666667,39.4,21.92666667,39.09,21.29,43.59,18.39,43,18.35666667,54.5,1.933333333,95.06333333,18.5,42.76,19.29,49.4,17.29,47.7,2.7,750.8,83,10,25,0
50,0,22.89,39.43333333,21.89,39.12666667,21.29,43.59,18.39,43,18.35666667,54.5,2,95.19,18.5,42.76,19.29,49.29,17.29,47.7,2.75,750.8833333,81.83333333,10,27.5,-0.15
60,0,22.82333333,39.5,21.82333333,39.12666667,21.29,43.62666667,18.32333333,43,18.29,54.4,2,95.36666667,18.5,42.62666667,19.29,49.23,17.29,47.7,2.8,750.9666667,80.66666667,10,30,-0.3
50,0,22.79,39.53,21.76,39.09,21.29,43.7,18.32333333,42.9,18.29,54.4,1.933333333,95.56,18.5,42.56,19.29,49.2,17.29,47.7,2.85,751.05,79.5,10,32.5,-0.45
50,0,22.73,39.59,21.7,39.09,21.29,43.7,18.32333333,42.9,18.29,54.29,1.9,95.76,18.5,42.43333333,19.29,49.29,17.29,47.59,2.9,751.1333333,78.33333333,10,35,-0.6
50,0,22.66666667,39.56,21.7,39.2,21.29,43.62666667,18.29,42.86333333,18.29,54.29,1.9,95.9,18.46333333,42.33333333,19.29,49.29,17.29,47.59,2.95,751.2166667,77.16666667,10,37.5,-0.75
50,0,22.6,39.5,21.625,39.145,21.29,43.59,18.29,42.79,18.29,54.26,1.9,96,18.46333333,42.2,19.29,49.26,17.29,47.59,3,751.3,76,10,40,-0.9
40,0,22.56666667,39.5,21.53333333,39.2,21.29,43.59,18.29,42.79,18.29,54.2,2.026666667,96.2,18.39,42.12666667,19.29,49.2,17.32333333,47.59,3.03,751.3833333,75.33333333,10,40,-0.983
50,0,22.5,39.5,21.5,39.2,21.29,43.59,18.29,42.73,18.26,54.16333333,2.266666667,96.33333333,18.39,42.2,19.29,49.2,17.32333333,47.59,3.07,751.4666667,74.66666667,10,40,-1.07
50,0,22.39,39.4,21.42666667,39.2,21.29,43.53,18.23,42.62666667,18.2,54.09,2.475,96.3475,18.39,42.2,19.29,49.12666667,17.32333333,47.62666667,3.1,751.55,74,10,40,-1.15
50,0,22.39,39.4,21.39,39.2,21.29,43.5,18.23,42.56666667,18.2,54,2.5,95.85666667,18.39,42.29,19.26,49.06,17.39,47.7,3.13,751.6333333,73.33333333,10,40,-1.23
60,0,22.35666667,39.86333333,21.32333333,39.2,21.29,43.5,18.2,42.5,18.2,54,2.4,95.16666667,18.39,42.29,19.2,48.93333333,17.39,47.7,3.17,751.7166667,72.66666667,10,40,-1.32
50,0,22.29,39.79,21.29,39.29,21.29,43.5,18.2,42.5,18.2,53.96666667,2.4,94.42666667,18.39,42.32666667,19.2,48.79,17.39,47.7,3.2,751.8,72,10,40,-1.4
40,0,22.2,39.7,21.29,39.29,21.29,43.59,18.2,42.4,18.2,53.9,2.4,93.86333333,18.39,42.52666667,19.2,48.79,17.39,47.7,3.2,751.8833333,72.66666667,9.833333333,40,-1.27
50,0,22.2,39.7,21.2,39.23,21.29,43.59,18.2,42.4,18.16666667,53.9,2.4,93.92333333,18.5,42.76,19.2,48.7,17.39,47.7,3.2,751.9666667,73.33333333,9.666666667,40,-1.13
50,0,22.16666667,39.7,21.2,39.29,21.29,43.59,18.2,42.4,18.1,53.9,2.4,93.16333333,18.5,42.62666667,19.2,48.76,17.39,47.7,3.2,752.05,74,9.5,40,-1
50,0,22.1,39.7,21.1,39.4,21.29,43.59,18.2,42.4,18.1,53.9,2.466666667,92.69,18.39,42.4,19.1,48.82666667,17.39,47.7,3.2,752.1333333,74.66666667,9.333333333,40,-0.867
30,0,22.06666667,39.66333333,21.1,39.4,21.29,43.59,18.13333333,42.32666667,18.1,53.79,2.5,92.56333333,18.39,42.52666667,19.1,48.9,17.39,47.7,3.2,752.2166667,75.33333333,9.166666667,40,-0.733
70,10,22,39.6175,21,39.32666667,21.29,43.66333333,18.13333333,42.29,18.1,53.79,2.5,92.56333333,18.42666667,42.96666667,19.13333333,49.03,17.39,47.7,3.2,752.3,76,9,40,-0.6
50,10,21.92666667,39.9,21,39.4,21.26,43.56,18.13333333,42.29,18.1,53.89,2.5,91.83333333,18.5,43.43333333,19.13333333,49.22333333,17.42666667,47.7,3.2,752.3833333,76.33333333,8.833333333,40,-0.55
50,10,21.89,40.22333333,20.96333333,39.4,21.2,43.5,18.1,42.29,18.1,54.36333333,2.433333333,90.02666667,18.5,43.16333333,19.16666667,49.16333333,17.42666667,47.56666667,3.2,752.4666667,76.66666667,8.666666667,40,-0.5
50,10,21.89,40.29666667,20.89,39.46666667,21.2,43.5,18.1,42.29,18,54.8,2.4,88.46666667,18.5,42.89,19.1,49.03,17.46333333,47.4,3.2,752.55,77,8.5,40,-0.45
50,0,21.85666667,40.36333333,20.89,39.5,21.2,43.5,18.1,42.29,18,55.13333333,2.4,88.53333333,18.46333333,42.63333333,19.1,48.69,17.46333333,47.2,3.2,752.6333333,77.33333333,8.333333333,40,-0.4
40,10,21.79,40.09666667,20.82333333,39.02666667,21.13333333,42.33333333,18.1,42.29,18,55.46333333,2.4,87.43333333,18.39,42.43333333,19.06666667,48.43,17.39,46.93,3.2,752.7166667,77.66666667,8.166666667,40,-0.35
50,10,21.63333333,36.66666667,20.29666667,35.69666667,20.66666667,38.39333333,18.1,42.29,18,55.72333333,2.4,86.22666667,18.39,42.16333333,19,48.23,17.39,46.73,3.2,752.8,78,8,40,-0.3
50,10,21.36,34.4,19.63,33.29,19.59333333,35.79,18.1,42.29,18,55.93333333,2.4,87,18.39,42.03,19,48.06,17.39,46.45,3.2,752.8666667,78.33333333,8.333333333,40,-0.25
150,10,21.06666667,33.43333333,19.15,32.95,19.32666667,36.53,18.1,42.4,17.92666667,56.06,2.433333333,86.99,18.29,41.76,19,47.93333333,17.39,46.26,3.2,752.9333333,78.66666667,8.666666667,40,-0.2
390,20,21,33.56,19.32333333,33.53,19.66333333,37.09,18.1,42.32666667,17.89,56.13333333,2.5,85.39666667,18.29,41.36666667,18.92666667,47.72333333,17.39,46.12666667,3.2,753,79,9,40,-0.15
390,10,20.89,33.86,19.53,33.99,19.93,37.22333333,18.26333333,42.46666667,17.89,55.8,2.53,85.56666667,18.245,40.295,18.92666667,47.39,17.29,45.72333333,3.2,753.0666667,79.33333333,9.333333333,40,-0.1
380,10,20.89,34.19333333,19.66,34.618,20.05,37.395,18.65666667,42.32666667,17.89,55.4,2.59,85.16666667,18.16666667,39.49,18.89,46.93,17.29,45.39,3.2,753.1333333,79.66666667,9.666666667,40,-0.05
400,10,20.79,34.66666667,19.7,34.76666667,20.1,37.65666667,19.3,42.2,17.89,55,2.56,85.13333333,18.1,39.15666667,18.89,46.65666667,17.29,44.9,3.2,753.2,80,10,40,0
370,10,20.79,35.19333333,19.7,35.1,20.1,37.93,19.69333333,41.92666667,17.89,54.63333333,2.5,85.13333333,18.1,38.79666667,18.85666667,46.06333333,17.29,44.5,3.2,753.2833333,80.33333333,9.833333333,40,0.05
310,10,20.76,35.92666667,19.79,35.46333333,20.2,38.26666667,20.06666667,41.36333333,17.82333333,54.3,2.59,85.19333333,18.1,38.53,18.79,45.65666667,17.29,44.2,3.2,753.3666667,80.66666667,9.666666667,40,0.1
40,10,20.76,36.4,19.85666667,35.79666667,20.2,38.52666667,20.32666667,41.15666667,17.85666667,53.9,2.59,85,18.06666667,38.19333333,18.79,45.33333333,17.29,44.12666667,3.2,753.45,81,9.5,40,0.15
50,0,20.79,36.69333333,19.92666667,36.39,20.2,38.66333333,20.5,40.8,17.84,53.57,2.7,84.62666667,18,37.93333333,18.73,45.06666667,17.29,44.06,3.2,753.5333333,81.33333333,9.333333333,40,0.2
70,10,20.79,37.02666667,20,36.72333333,20.2,38.72333333,20.35666667,40.59,17.79,53.32666667,2.76,84.36666667,18,37.76,18.7,44.83333333,17.29,43.93333333,3.2,753.6166667,81.66666667,9.166666667,40,0.25
60,10,20.89,37.36,20.03333333,37.06666667,20.2,38.96333333,20.29,40.46333333,17.79,53.06,2.73,83.06,18,37.62666667,18.7,44.62666667,17.29,43.72333333,3.2,753.7,82,9,40,0.3
90,10,20.89,37.63333333,20.1,37.33333333,20.26,39.22333333,20.2,40.36333333,17.79,53,2.863333333,82.33333333,17.96333333,37.46666667,18.7,44.46666667,17.29,43.59,3.32,753.8,82,8.833333333,38.16666667,0.433
60,10,20.89,37.8,20.2,37.5,20.32333333,39.29,20.13333333,40.29,17.79,52.9,3.03,80.75666667,17.96333333,37.4,18.63333333,44.19333333,17.29,43.4,3.43,753.9,82,8.666666667,36.33333333,0.567
60,20,20.89,38.06666667,20.2,37.63333333,20.32333333,39.36333333,20.1,40.09,17.79,52.82666667,3.09,79.96333333,17.89,37.2,18.6,43.96666667,17.29,43.32666667,3.55,754,82,8.5,34.5,0.7
100,0,20.89,38.2,20.29,38.12666667,20.39,39.5,20.10308642,40.10987654,17.79,52.76,3.126666667,80.43333333,17.89,37.12666667,18.6,43.82666667,17.29,43.16333333,3.67,754.1,82,8.333333333,32.66666667,0.833
380,10,20.92666667,38.29,20.29,38.06666667,20.39,39.5,20.10617284,40.12975309,17.79,52.62666667,3.2,79.36666667,17.89,37.06,18.6,43.66333333,17.29,43.03,3.78,754.2,82,8.166666667,30.83333333,0.967
390,10,21,38.36333333,20.29,38.09,20.39,39.7,20.10925926,40.14962963,17.73,52.59,3.395,79.69,17.89,37,18.55,43.645,17.26,42.86333333,3.9,754.3,82,8,29,1.1
130,10,21,38.43333333,20.35666667,38.09,20.39,39.7,20.11234568,40.16950617,17.79,52.59,3.656666667,78.99,17.89,36.96666667,18.53333333,43.53,17.26,42.79,3.87,754.3666667,83,8.166666667,27.66666667,1.22
60,0,21,38.56,20.39,38.23,20.5,39.79,20.1154321,40.18938272,17.73,52.5,3.79,78.65666667,17.89,36.9,18.5,43.46666667,17.29,42.7,3.83,754.4333333,84,8.333333333,26.33333333,1.33
60,10,20.96333333,38.59,20.39,38.36333333,20.5,39.86333333,20.11851852,40.20925926,17.73,52.5,3.933333333,78.1,17.89,36.86333333,18.5,43.4,17.29,42.66333333,3.8,754.5,85,8.5,25,1.45
50,10,20.89,38.59,20.39,38.35,20.5,39.9,20.12160494,40.2291358,17.73,52.4,4,79.16666667,17.89,36.86333333,18.5,43.29,17.29,42.53,3.77,754.5666667,86,8.666666667,23.66666667,1.57
60,10,20.89,38.52666667,20.29,38.06666667,20.5,39.82666667,20.12469136,40.24901235,17.73,52.32666667,4.03,78.7,17.79,36.79,18.5,43.23,17.29,42.46666667,3.73,754.6333333,87,8.833333333,22.33333333,1.68
60,10,20.89,38.4,20.29,38.15,20.39,39.7,20.12777778,40.26888889,17.7,52.18166667,4.09,77.89333333,17.79,36.79,18.48,43.21272727,17.29,42.4,3.7,754.7,88,9,21,1.8
240,0,20.89,38.5,20.35111111,37.99833333,20.5,39.79,20.1308642,40.28876543,17.7,52.08722222,4.226666667,77.65666667,17.79,36.728125,18.43,43.13,17.29,42.29,3.73,754.75,87.83333333,8.833333333,27.66666667,1.82
80,10,20.89,38.89333333,20.445,37.95,20.5,39.86333333,20.13395062,40.30864198,17.72,51.99333333,4.366666667,75.92333333,17.79,36.7,18.49388889,43.19388889,17.29,42.29,3.77,754.8,87.66666667,8.666666667,34.33333333,1.83
80,0,21,39.79,20.58333333,37.97777778,20.53333333,40,20.13703704,40.32851852,17.735,51.92222222,4.59,75.02333333,17.79,36.7,18.42055556,43.12055556,17.26,42.16333333,3.8,754.85,87.5,8.5,41,1.85
400,0,21,39.99,20.625,38,20.6,40.06,20.14012346,40.34839506,17.7075,51.8725,4.59,74.95666667,17.79,36.7,18.39,43.09,17.26,42.09,3.83,754.9,87.33333333,8.333333333,47.66666667,1.87
400,0,21.1,39.52666667,20.710625,38.0675,20.6,40.09,20.14320988,40.3682716,17.728125,51.78,4.59,73.36,17.7675,36.651875,18.39,43.09,17.29,42.09,3.87,754.95,87.16666667,8.166666667,54.33333333,1.88
460,10,21.1,39.32666667,20.79,38.039375,20.6,40.09,20.1462963,40.38814815,17.735,51.72,4.59,74.83333333,17.79,36.59,18.39,43.09,17.29,42.03,3.9,755,87,8,61,1.9
170,0,21.2,39.16333333,20.85875,38.039375,20.5,40.12666667,20.14938272,40.40802469,17.78,51.68777778,4.623333333,74,17.79,36.54764706,18.39,43.10428571,17.29,41.96666667,3.95,755,86.83333333,8,55.66666667,1.93
210,0,21.2,39.03,20.89,38.075,20.5,40.2,20.15246914,40.42790123,17.7,51.59,4.763333333,73.79333333,17.79,36.57875,18.39,43.19823529,17.29,42.23333333,4,755,86.66666667,8,50.33333333,1.97
190,0,21.29,38.995,20.93277778,38.015,20.5,40.29,20.15555556,40.44777778,17.7,51.57875,4.76,72.53,17.76882353,36.5,18.39,43.09,17.32333333,43.23333333,4.05,755,86.5,8,45,2
70,0,21.32333333,38.76,21.03888889,38,20.5,40.29,20.15864198,40.46765432,17.745,51.535,4.975,71.77,17.79,36.5,18.39,43.09,17.39,44.49333333,4.1,755,86.33333333,8,39.66666667,2.03
80,0,21.39,38.7,21.08888889,38.05,20.53333333,40.2,20.1617284,40.48753086,17.89666667,50.67055556,4.933333333,71.76333333,17.79,36.5,18.39,43.084375,17.5,46.16666667,4.15,755,86.16666667,8,34.33333333,2.07
60,10,21.42666667,38.79,21.11111111,38.02,20.6,40.2,20.16481481,40.50740741,18.33111111,48.53166667,5.03,70.95666667,17.79,36.5,18.39,42.98222222,17.56666667,46.56,4.2,755,86,8,29,2.1
70,0,21.5,38.79,21.17222222,38.01,20.6,40.2,20.16790123,40.52728395,18.57666667,47.36444444,5.03,70.89666667,17.79,36.47777778,18.39,42.9,17.6,46.5,4.25,755.05,85.66666667,8,30.83333333,2.08
60,0,21.5,38.82666667,21.2,37.95,20.6,40.2,20.17098765,40.54716049,18.76,46.575,5.123333333,70.19333333,17.79,36.45,18.36222222,42.9,17.66666667,46.5,4.3,755.1,85.33333333,8,32.66666667,2.07
70,0,21.5,39.02666667,21.275,37.94444444,20.6,40.29,20.17407407,40.56703704,18.87944444,46.125,5.263333333,69.52666667,17.77,36.4,18.32888889,42.82777778,17.65,46.245,4.35,755.15,85,8,34.5,2.05
60,0,21.6,39.06,21.29,37.845,20.6,40.29,20.17716049,40.58691358,18.98777778,45.61444444,5.366666667,68.76666667,17.79,36.36944444,18.35666667,42.71,17.7,45.93,4.4,755.2,84.66666667,8,36.33333333,2.03
60,0,21.66666667,38.93333333,21.29,37.66277778,20.53333333,40.29,20.18024691,40.60679012,19.1,45.14333333,5.3,67.89333333,17.79,36.29,18.34555556,42.69388889,17.63333333,45.53,4.45,755.25,84.33333333,8,38.16666667,2.02
60,0,21.73,38.69333333,21.29,37.51,20.6,40.23,20.18333333,40.62666667,19.225,44.54166667,5.3,67.96,17.775,36.29,18.32333333,42.62666667,17.6,45.02666667,4.5,755.3,84,8,40,2
60,0,21.79,38.36,21.35722222,37.44444444,20.65,40.045,20.18641975,40.64654321,19.29555556,44.04055556,5.366666667,68.29333333,17.785,36.29,18.31777778,42.59,17.6,44.69333333,4.03,755.45,86,7.833333333,36.83333333,1.85
60,0,21.82333333,38.29,21.48777778,37.48888889,20.73,39.93,20.18950617,40.66641975,19.37888889,43.64222222,5.263333333,71.26666667,17.79,36.29,18.29,42.59,17.5,44.22333333,3.57,755.6,88,7.666666667,33.66666667,1.7
50,10,21.96333333,38.29,21.56111111,37.41055556,20.85666667,39.79,20.19259259,40.6862963,19.54833333,43.39833333,5.063333333,74.26666667,17.78,36.29,18.29,42.61444444,17.5,43.89,3.1,755.75,90,7.5,30.5,1.55
50,0,22.03333333,38.12666667,21.65,37.35722222,20.92666667,39.79,20.19567901,40.70617284,19.66666667,43.19444444,4.69,78.42333333,17.75,36.33888889,18.29,42.63277778,17.5,43.63333333,2.63,755.9,92,7.333333333,27.33333333,1.4
60,0,22.16666667,38.2,21.715,37.30833333,21,39.79,20.19876543,40.72604938,19.78055556,42.91111111,4.69,78.69666667,17.72,36.38166667,18.29,42.66333333,17.5,43.36,2.17,756.05,94,7.166666667,24.16666667,1.25
50,0,22.2,38.09,21.79,37.29,21.03333333,39.82666667,20.20185185,40.74592593,19.87888889,42.78944444,4.5,80.82333333,17.76,36.4,18.29,42.7,17.5,43.13333333,1.7,756.2,96,7,21,1.1
50,0,22.26,38.09,21.83,37.29,21.1,39.82666667,20.20493827,40.76580247,19.95722222,42.58777778,4.433333333,80.82333333,17.745,36.4,18.29,42.7,17.5,42.93333333,1.78,756.2666667,95.66666667,7,27.66666667,1.13
70,0,22.32333333,38.06,21.86777778,37.27,21.13333333,39.79,20.20802469,40.78567901,20,42.41111111,4.4,80.13333333,17.72,36.4,18.27,42.67555556,17.46333333,42.76,1.87,756.3333333,95.33333333,7,34.33333333,1.17
50,0,22.32333333,38,21.86777778,37.215,21.2,39.79,20.21111111,40.80555556,20.08333333,42.29333333,4.425,82.0425,17.7,36.43888889,18.29,42.705,17.46333333,42.7,1.95,756.4,95,7,41,1.2
60,0,22.32333333,37.96666667,21.89,37.2,21.2,39.79,20.21419753,40.8254321,20.1,42.145,4.1,92.46333333,17.74,36.5,18.29,42.75,17.5,42.56,2.03,756.4666667,94.66666667,7,47.66666667,1.23
60,0,22.39,37.8725,21.86777778,37.15111111,21.2,39.73,20.21728395,40.84530864,20.17777778,42.04,3.2,94.8,17.72,36.515,18.29,42.81055556,17.5,42.43333333,2.12,756.5333333,94.33333333,7,54.33333333,1.27
90,0,22.39,37.86333333,21.86777778,37.17555556,21.2,39.59,20.22037037,40.86518519,20.14444444,42.055,1.9,95.545,17.7,36.525,18.41166667,44.23944444,17.39,42.26,2.2,756.6,94,7,61,1.3
100,10,22.39,37.79,21.89,37.145,21.2,39.66333333,20.22345679,40.88506173,20.19444444,41.91666667,2.03,95.72666667,17.72,36.45,18.75,45.01222222,17.39,42.12666667,2.32,756.7166667,93.83333333,6.666666667,54.66666667,1.4
90,0,22.39,37.79,21.89,37.10222222,21.2,39.59,20.22654321,40.90493827,20.2,41.83,2.09,95.8,17.7,36.43333333,19.05444444,45.15722222,17.39,41.96666667,2.43,756.8333333,93.66666667,6.333333333,48.33333333,1.5
100,10,22.39,37.79,21.89,37.09,21.2,39.59,20.22962963,40.92481481,20.2,41.6975,2.126666667,95.56,17.7,36.40714286,19.24388889,45.15722222,17.39,41.82666667,2.55,756.95,93.5,6,42,1.6
110,0,22.39,37.79,21.89,37.09,21.2,39.59,20.23271605,40.94469136,20.23375,41.645,2.26,95.5,17.7,36.45,19.35153846,45.09,17.34,41.745,2.67,757.0666667,93.33333333,5.666666667,35.66666667,1.7
100,10,22.39,37.79,21.89,37.09,21.2,39.59,20.23580247,40.9645679,20.29,41.645,2.433333333,95.43333333,17.7,36.4875,19.49,45.19,17.35666667,41.66333333,2.78,757.1833333,93.16666667,5.333333333,29.33333333,1.8
80,0,22.39,37.79,21.89,37.09,21.29,39.7,20.23888889,40.98444444,20.29,41.59,2.433333333,95.29333333,17.7,36.46666667,19.5,45.236,17.35666667,41.59,2.9,757.3,93,5,23,1.9
110,10,22.39,37.86,21.89,37.15416667,21.29,39.7,20.24197531,41.00432099,20.37,41.518,2.433333333,95.19,17.7,36.5,19.39,45.30833333,17.29,41.5,2.83,757.4166667,93,5.333333333,29.66666667,1.83
260,10,22.39,38.66666667,21.89,37.12142857,21.29,39.7,20.24506173,41.02419753,20.34,41.5,2.5,95.19,17.7,36.5,19.39,45.39777778,17.29,41.43333333,2.77,757.5333333,93,5.666666667,36.33333333,1.77
350,10,22.46333333,39.95666667,21.89,37.18555556,21.29,39.95666667,20.24814815,41.04407407,20.39,41.576875,2.4,95,17.67142857,36.47142857,19.39,45.49090909,17.29,41.36333333,2.7,757.65,93,6,43,1.7
500,10,22.39,42.03,21.89,37.46,21.29,40.69666667,20.25123457,41.06395062,20.39,42.17833333,2.4,95,17.7,36.5,19.42666667,45.61166667,17.29,41.29,2.63,757.7666667,93,6.333333333,49.66666667,1.63
370,10,22.42666667,43.39,21.956,37.92,21.32333333,41.69666667,20.25432099,41.08382716,20.410625,42.9975,2.363333333,94.96666667,17.69166667,36.49166667,19.45285714,45.65285714,17.29,41.26,2.57,757.8833333,93,6.666666667,56.33333333,1.57
330,20,22.5,45.66333333,22,38.395,21.39,42.83,20.25740741,41.1037037,20.39,43.6,2.29,94.9,17.64,36.44,19.42666667,45.59,17.29,41.2,2.5,758,93,7,63,1.5
100,10,22.5,47.19333333,22,39.09666667,21.42666667,44.16666667,20.26049383,41.12358025,20.39,44.16,2.29,94.9,17.6,36.4,19.5,45.59,17.29,41.16333333,2.5,758.1333333,93.66666667,6.666666667,63.16666667,1.6
110,20,22.56666667,46.86,22,39.43,21.42666667,44.22666667,20.26358025,41.14345679,20.5,45.09,2.14,94.7425,17.66666667,36.46666667,19.53333333,45.4,17.29,41.16333333,2.5,758.2666667,94.33333333,6.333333333,63.33333333,1.7
140,20,22.6,44.89333333,22,39.52666667,21.39,43.72333333,20.26666667,41.16333333,20.5,45.09,2.163333333,94.62333333,17.66333333,37.86333333,19.53333333,45.12666667,17.29,41.2,2.5,758.4,95,6,63.5,1.8
310,30,22.6,43.89333333,22,39.19333333,21.32333333,43.53,20.53333333,43.22333333,20.5,44.53333333,2.23,94.62333333,18.12333333,41.39666667,19.63333333,45.15666667,17.29,41.12666667,2.5,758.5333333,95.66666667,5.666666667,63.66666667,1.9
330,20,22.6,42.49666667,22,39.06,21.29,43.26,20.32666667,43.33333333,20.42666667,44.06666667,2.29,94.69,18.53333333,41.46333333,19.7225,45.195,17.29,41.09,2.5,758.6666667,96.33333333,5.333333333,63.83333333,2
190,20,22.6,41.75666667,22,39,21.29,43.06666667,20.13333333,43.2,20.7,52.66333333,2.326666667,94.69,18.72666667,41.46333333,19.85666667,45.09,17.29,41.03,2.5,758.8,97,5,64,2.1
160,20,22.6,41.05,22,38.93333333,21.2,42.66333333,20.06666667,43,20.89333333,68.59666667,2.4,94.69,18.76,40.96666667,20.03333333,45.03,17.29,41.2,2.45,758.8833333,97,4.833333333,64,2.03
160,30,22.7,40.86333333,22,39.13333333,21.2,42.46333333,20.06666667,43.46,20.7,59.6,2.363333333,94.69,18.7,40.76666667,20.1,45.09,17.29,41.2,2.4,758.9666667,97,4.666666667,64,1.97
480,10,22.76,40.73,22.1,39.5,21.23,42.29,20.1,43.43333333,20.7,52.99333333,2.29,94.62333333,18.7,40.395,20.13333333,45.06,17.29,41.2,2.35,759.05,97,4.5,64,1.9
280,20,22.89,40.59,22.1975,39.5225,21.29,42.23,20.29333333,43.5,20.79,49.39,2.26,94.56,18.79,40.06,20.2,44.93333333,17.29,41.12666667,2.3,759.1333333,97,4.333333333,64,1.83
130,20,22.96333333,40.46333333,22.29,39.59,21.29,42.09,20.76333333,42.99666667,20.79,47.99666667,1.866666667,94.43333333,18.85666667,40,20.29,44.83333333,17.245,41.045,2.25,759.2166667,97,4.166666667,64,1.77
150,20,23.03333333,40.22333333,22.39,39.46666667,21.29,42.09,20.89,42.33,20.89,46.89333333,1.356666667,94.15666667,18.92666667,39.83333333,20.35666667,44.62666667,17.2,40.9,2.2,759.3,97,4,64,1.7
140,20,23.1,39.96333333,22.39,39.32666667,21.29,42.09,20.85666667,42.2,20.89,46.22666667,1.23,94.03,19,39.56666667,20.32333333,44.46666667,17.2,40.82666667,2.2,759.4166667,96.83333333,4,57.16666667,1.68
130,20,23.2,39.72333333,22.39,39.16333333,21.29,42.03,20.79,42.26,20.89,45.49,1.29,94.15666667,19,39.36,20.39,44.32666667,17.2,40.76,2.2,759.5333333,96.66666667,4,50.33333333,1.67
130,20,23.2,39.53,22.39,39.03,21.29,41.95,20.79,42.53,20.89,45.03,1.356666667,94.15666667,19.06666667,39.5,20.5,44.26,17.2,40.62666667,2.2,759.65,96.5,4,43.5,1.65
340,20,23.2,39.33333333,22.5,38.96666667,21.29,41.9,20.79,42.66333333,20.89,44.52666667,1.7,94.33333333,19.1,39.26,20.5,44.2,17.2,40.56,2.2,759.7666667,96.33333333,4,36.66666667,1.63
490,10,23.2,39.12666667,22.42666667,38.82666667,21.23,41.82666667,20.85666667,42.9,20.9725,44.2225,1.966666667,94.4,19.1,39.12666667,20.6,44.2,17.2,40.5,2.2,759.8833333,96.16666667,4,29.83333333,1.62
230,10,23.2,39.06,22.39,38.76,21.2,41.79,20.79,42.9,21.4,66.03,2.145,94.5,19.03333333,38.82666667,20.6,44.2,17.2,40.5,2.2,760,96,4,23,1.6
360,10,23.2,38.93333333,22.46333333,38.76,21.26,41.79,20.76,42.72333333,21.99666667,80.62666667,2.4,94.59,19.1,38.96666667,20.7,44.29,17.2,40.5,2.28,760.1,95.83333333,3.833333333,25.83333333,1.67
410,10,23.26,39,22.5,38.43,21.26,41.79,20.76,42.79666667,21.59666667,77.1,2.4,94.59,19.1,39.22666667,20.76,44.36333333,17.29,41.4,2.37,760.2,95.66666667,3.666666667,28.66666667,1.73
150,0,23.26,39.19333333,22.42666667,38.15666667,21.2,41.79,21.145,43.19,21.26,75.69,2.4,94.5,19.1,39.63333333,20.79,44.73,17.35666667,43.13333333,2.45,760.3,95.5,3.5,31.5,1.8
80,10,23.2,39.23,22.39,38.2,21.2,41.86333333,21.7,43.1,21.13333333,75.43,2.4,94.5,19,39.8,20.79,44.86333333,17.53333333,44.36666667,2.53,760.4,95.33333333,3.333333333,34.33333333,1.87
80,10,23.2,39.36333333,22.39,38.26,21.13333333,41.86333333,21.7,42.9,20.85666667,74.06666667,2.4,94.5,19,40.06,20.79,45.09666667,17.6,44.96,2.62,760.5,95.16666667,3.166666667,37.16666667,1.93
70,10,23.2,39.5,22.39,38.32666667,21.1,41.9,21.56666667,42.93333333,20.73,72.73333333,2.326666667,94.56,19,40.23,20.79,45.49,17.6,45.5,2.7,760.6,95,3,40,2
70,10,23.2,39.56,22.39,38.4,21.1,41.96666667,21.5,43.13333333,20.66666667,70.59,2.29,94.5,18.92666667,40.29,20.745,46.145,17.66666667,45.9,2.65,760.6833333,95.33333333,3,38,1.98
70,0,23.1,39.62666667,22.32333333,38.5,21.1,41.93333333,21.39,43.32666667,20.6,68.59,2.29,94.5,18.89,40.29,20.7,46.65666667,17.73,46.23,2.6,760.7666667,95.66666667,3,36,1.97
60,10,23.1,39.7,22.32333333,38.56,21.1,42,21.39,43.46666667,20.46333333,65.86666667,2.29,94.53,18.89,40.29,20.7,46.93,17.79,46.43,2.55,760.85,96,3,34,1.95
60,10,23.1,39.76,22.26,38.66333333,21.06666667,41.9,21.29,43.62666667,20.39,63.86666667,2.23,94.59,18.79,40.245,20.6,47.06666667,17.79,46.62666667,2.5,760.9333333,96.33333333,3,32,1.93
50,10,23,39.8,22.2,38.66333333,21.06666667,41.96666667,21.23,43.76,20.35666667,61.92666667,2,94.4,18.79,40.29,20.6,47.26,17.865,46.875,2.45,761.0166667,96.66666667,3,30,1.92
50,0,23,40,22.15,38.79,21,41.9,21.2,43.79,20.29,60.59333333,2,94.46666667,18.79,40.36333333,20.6,47.43333333,17.89,47.06,2.4,761.1,97,3,28,1.9
50,0,22.89,40.12666667,22.1,38.93333333,21,41.9,21.13333333,43.79,20.2,59.49666667,2,94.4,18.79,40.4,20.6,47.56,17.89,47.06,2.38,761.1583333,96.83333333,3.166666667,29,1.86
30,0,22.89,40.2,22.03333333,39,21,41.9,21,43.7,20.2,58.83,2.06,94.46666667,18.79,40.46666667,20.6,47.82666667,17.89,47,2.35,761.2166667,96.66666667,3.333333333,30,1.82
20,0,22.79,40.09,22,39.12666667,21,41.9,20.92666667,43.7,20.06666667,58.03333333,2.09,94.5,18.7,40.53,20.6,47.96666667,17.89,47,2.33,761.275,96.5,3.5,31,1.77
40,0,22.79,40.16333333,22,39.26,21,41.9,20.76,43.7,20,57.42666667,2.09,94.5225,18.7,40.66333333,20.5,48.12666667,17.89,47,2.3,761.3333333,96.33333333,3.666666667,32,1.73
50,0,22.76,40.23,21.89,39.29,20.89,41.93333333,20.7,43.7,20,56.76666667,2.09,94.59,18.7,40.76666667,20.5,48.2,17.89,47,2.27,761.3916667,96.16666667,3.833333333,33,1.69
50,0,22.7,40.29,21.89,39.36333333,20.89,42,20.66666667,43.66333333,20,56.3,2.126666667,94.59,18.7,40.96666667,20.39,48.06,17.89,47,2.25,761.45,96,4,34,1.65
50,0,22.66666667,40.29,21.85666667,39.4,20.89,42.09,20.6,43.53,19.89,55.645,2.126666667,94.53,18.7,41.09,20.39,48.06,17.89,47,2.23,761.5083333,95.83333333,4.166666667,35,1.61
60,0,22.6,40.29,21.79,39.46666667,20.89,42.03,20.5,43.5,19.79,54.99,2.09,94.56,18.7,41.22333333,20.29,48.26666667,17.89,47.06,2.2,761.5666667,95.66666667,4.333333333,36,1.57
50,0,22.6,40.29,21.7,39.53,20.89,42.09,20.42666667,43.43333333,19.79,54.65666667,2.09,94.5,18.7,41.32666667,20.29,48.52666667,17.89,47,2.17,761.625,95.5,4.5,37,1.52
60,0,22.6,40.29,21.7,39.59,20.89,42.03,20.35666667,43.5,19.76,54.29666667,2.2,94.5,18.7,41.4,20.29,48.59,17.89,47,2.15,761.6833333,95.33333333,4.666666667,38,1.48
50,0,22.5,40.29,21.66666667,39.56,20.85666667,42.06,20.29,43.5,19.7,53.96333333,2.2,94.5,18.7,41.43333333,20.23,48.66333333,17.89,47.03,2.13,761.7416667,95.16666667,4.833333333,39,1.44
40,0,22.5,40.29,21.6,39.56,20.79,41.93333333,20.23,43.43333333,19.66666667,53.6,2.09,94.5,18.7,41.63333333,20.2,48.89,17.89,47.09,2.1,761.8,95,5,40,1.4
50,0,22.39,40.2,21.5,39.59,20.79,41.82666667,20.2,43.4,19.6,53.32666667,2.09,94.5,18.7,41.82666667,20.2,49.29666667,17.89,47.09,2,761.8666667,95,4.5,40,1.3
50,0,22.39,40.2,21.5,39.59,20.79,41.82666667,20.2,43.4,19.6,53.06,1.966666667,94.4,18.7,41.82666667,20.2,49.645,17.89,47.09,1.9,761.9333333,95,4,40,1.2
50,0,22.35666667,40.2,21.46333333,39.56,20.7,41.79,20.1,43.4,19.6,52.93333333,1.826666667,94.33333333,18.7,41.7,20.2,49.7,17.89,47.09,1.8,762,95,3.5,40,1.1
50,0,22.29,40.2,21.39,39.5,20.7,41.86333333,20.1,43.4,19.56666667,52.66333333,1.666666667,94.4,18.7,41.76,20.2,49.7,17.89,47.09,1.7,762.0666667,95,3,40,1
40,0,22.29,40.2,21.35666667,39.56,20.7,41.9,20,43.29,19.5,52.53,1.46,94.4,18.7,41.645,20.2,49.7,17.89,47.2,1.6,762.1333333,95,2.5,40,0.9
30,0,22.2,40.09,21.29,39.56,20.7,41.9,20,43.29,19.5,52.36333333,1.133333333,94.46666667,18.7,41.62666667,20.13333333,49.7,17.89,47.2,1.5,762.2,95,2,40,0.8
30,0,22.2,40.09,21.29,39.59,20.66666667,41.76,19.96333333,43.29,19.42666667,52.15666667,0.933333333,94.4,18.7,41.7,20.1,49.7,17.89,47.2,1.35,762.2166667,95.33333333,2,37.16666667,0.7
40,0,22.16666667,40.09,21.2675,39.5675,20.6,41.7,19.89,43.29,19.39,51.96666667,0.75,94.45,18.7,41.7,20.1,49.7,17.89,47.29,1.2,762.2333333,95.66666667,2,34.33333333,0.6
50,0,22.1,40.09,21.2,39.56,20.56666667,41.7,19.85666667,43.26,19.39,51.82666667,0.533333333,94.53,18.7,41.7,20.1,49.66333333,17.89,47.29,1.05,762.25,96,2,31.5,0.5
50,0,22.06666667,40.06,21.1,39.59,20.5,41.7,19.79,43.2,19.35666667,51.76,0.266666667,94.65666667,18.7,41.7,20.1,49.53,17.89,47.29,0.9,762.2666667,96.33333333,2,28.66666667,0.4
50,0,22,40,21.1,39.59,20.5,41.79,19.79,43.2,19.29,51.62666667,0.133333333,94.72666667,18.7,41.7,20.06666667,49.43,17.89,47.23,0.75,762.2833333,96.66666667,2,25.83333333,0.3
50,0,21.96333333,40,21.06666667,39.56,20.5,41.79,19.79,43.2,19.29,51.56,-0.266666667,94.72666667,18.7,41.62666667,20.06666667,49.29,17.89,47.26,0.6,762.3,97,2,23,0.2
60,0,21.89,40,21,39.5,20.5,41.79,19.7,43.2,19.29,51.43333333,-0.533333333,94.8,18.7,41.76,20,49.16333333,17.96333333,47.2,0.6,762.35,96.83333333,2.166666667,22.5,0.167
50,0,21.89,40,21,39.5,20.5,41.76,19.7,43.2,19.2,51.29,-0.666666667,94.86666667,18.7,41.73,20,49.03,17.89,47.23,0.6,762.4,96.66666667,2.333333333,22,0.133
50,0,21.89,40,20.92666667,39.5,20.5,41.7,19.7,43.16333333,19.2,51.2225,-0.766666667,94.8,18.7,41.73,19.96333333,49,17.89,47.29,0.6,762.45,96.5,2.5,21.5,0.1
40,0,21.79,39.9,20.89,39.53,20.5,41.7,19.7,43.09,19.2,51.2,-0.5,94.86666667,18.7,41.79,19.89,49,17.89,47.29,0.6,762.5,96.33333333,2.666666667,21,0.0667
50,0,21.79,39.9,20.89,39.59,20.5,41.7,19.6,43,19.13333333,51.09,-0.366666667,95,18.7,41.79,19.89,49,17.89,47.29,0.6,762.55,96.16666667,2.833333333,20.5,0.0333
50,0,21.76,39.9,20.79,39.5,20.5,41.82666667,19.575,43,19.2,51.03,-0.5,95,18.7,41.79,19.89,49,17.89,47.29,0.6,762.6,96,3,20,0
50,0,21.7,39.9,20.79,39.5,20.5,41.9,19.56666667,43,19.1,51,-0.633333333,94.9,18.7,41.73,19.89,49,17.89,47.29,0.583,762.55,96,3,20,-0.0167
50,0,21.7,39.9,20.79,39.5,20.5,41.82666667,19.56666667,43,19.1,50.93333333,-0.7,94.9,18.6,41.7,19.89,49.06,17.92666667,47.23,0.567,762.5,96,3,20,-0.0333
30,0,21.63333333,39.82666667,20.73,39.5,20.5,41.96666667,19.5,43,19.1,50.9,-0.533333333,94.9,18.66666667,41.76,19.89,49.2,17.92666667,47.29,0.55,762.45,96,3,20,-0.05
30,0,21.6,39.9,20.7,39.5,20.56666667,42,19.5,42.9,19.1,50.82666667,-0.333333333,94.96666667,18.66666667,41.79,19.865,49.095,17.89,47.29,0.533,762.4,96,3,20,-0.0667
30,0,21.6,39.9,20.7,39.56,20.56666667,42,19.5,42.9,19.06666667,50.83333333,-0.2,94.9,18.66666667,41.79,19.85666667,49,17.89,47.29,0.517,762.35,96,3,20,-0.0833
50,0,21.5,39.9,20.66666667,39.5,20.56666667,42,19.39,42.86333333,19,50.7,-0.125,94.975,18.6,41.7,19.79,49.03,17.89,47.29,0.5,762.3,96,3,20,-0.1
50,0,21.5,39.925,20.6,39.56,20.5,42,19.39,42.79,19,50.7,0.033333333,95,18.6,41.79,19.79,49.09,17.89,47.29,0.583,762.3166667,96,3,27.16666667,-0.0167
40,0,21.42666667,39.93333333,20.6,39.59,20.5,42.2,19.39,42.79,19,50.7,0.233333333,94.9,18.6,41.79,19.79,49.09,17.89,47.29,0.667,762.3333333,96,3,34.33333333,0.0667
60,0,21.39,39.9,20.575,39.6175,20.56666667,42.2,19.39,42.79,19,50.59,0.366666667,94.9,18.6,41.79,19.79,49.09,17.89,47.29,0.75,762.35,96,3,41.5,0.15
60,0,21.39,39.9,20.5,39.7,20.53333333,42.2,19.29,42.79,19,50.59,0.5,95.03,18.6,41.79,19.79,49.09,17.89,47.29,0.833,762.3666667,96,3,48.66666667,0.233
50,0,21.35666667,39.93333333,20.5,39.7,20.6,42.2,19.29,42.79,18.89,50.59,0.566666667,95.03,18.6,41.82666667,19.79,49.09,17.89,47.29,0.917,762.3833333,96,3,55.83333333,0.317
50,0,21.29,40,20.5,39.76,20.6,42.2,19.29,42.79,18.89,50.59,0.633333333,95.03,18.6,41.96666667,19.76,49.12666667,17.89,47.29,1,762.4,96,3,63,0.4
50,0,21.29,40.03,20.46333333,39.76,20.7,42.29,19.29,42.79,18.89,50.59,0.766666667,95.15666667,18.6,42.2,19.7,49.26,17.89,47.32666667,1.03,762.4166667,96,3,63,0.433
220,0,21.23,40.03,20.39,39.7,20.63333333,42.23,19.26,42.76,18.89,50.59,0.833333333,95.19,18.6,42.2,19.76,49.43333333,17.89,47.4,1.07,762.4333333,96,3,63,0.467
390,10,21.2,39.86333333,20.35666667,39.56,20.66666667,42.26,19.2,42.76,18.89,50.56,0.9,95.19,18.6,42.2,19.76,49.56,17.89,47.4,1.1,762.45,96,3,63,0.5
380,10,21.2,39.79,20.29,39.5,20.6,42.2,19.59666667,43.03,18.84,49.77,0.833333333,95.19,18.6,42.2,19.79,49.5,17.89,47.32666667,1.13,762.4666667,96,3,63,0.533
390,10,21.2,39.96333333,20.315,39.55,20.63333333,42.23,20.06333333,43.03,18.96333333,48.46666667,0.966666667,95.12333333,18.6,42.16333333,19.73,49.5,17.89,47.29,1.17,762.4833333,96,3,63,0.567
390,10,21.2,40.22333333,20.39,39.76,20.7,42.23,20.545,42.95,19.13333333,47.56333333,1.133333333,95.19,18.6,42.09,19.7,49.46666667,17.89,47.23,1.2,762.5,96,3,63,0.6
240,10,21.29,40.53,20.42666667,40.06666667,20.7,42.16333333,20.99333333,42.86333333,19.2,47.09666667,1.2,95.19,18.6,42,19.76,49.4,17.89,47.16333333,1.22,762.55,96.16666667,3,63,0.633
40,10,21.35666667,40.66333333,20.56666667,40.26,20.7,42.09,21.26,42.65666667,19.32333333,46.69333333,1.1,95.19,18.6,42,19.7,49.43333333,17.89,47.09,1.23,762.6,96.33333333,3,63,0.667
70,10,21.5,40.7,20.63333333,40.32666667,20.79,42,21.35666667,42.5,19.46333333,46.5,1.166666667,95.19,18.6,42.26666667,19.76,49.5,17.89,47,1.25,762.65,96.5,3,63,0.7
50,0,21.5,41.03333333,20.7,40.46666667,20.73,42,21.23,42.5,19.53333333,46.36333333,1.15,95.245,18.6,42.46666667,19.7,49.5,17.82333333,46.86,1.27,762.7,96.66666667,3,63,0.733
50,0,21.5,41.8,20.79,40.59,20.66666667,42.06,21.16666667,42.62666667,19.6,46.23,1.033333333,95.19,18.6,42.5,19.7,49.56,17.89,46.86333333,1.28,762.75,96.83333333,3,63,0.767
70,0,21.56666667,42.52666667,20.85666667,40.72333333,20.66666667,42.26666667,21.03333333,42.62666667,19.7,46.26,1.226666667,95.26333333,18.6,42.56,19.7,49.5,17.89,46.73,1.3,762.8,97,3,63,0.8
60,0,21.63333333,42.1,20.92666667,40.79,20.7,42.4,20.89,42.66333333,19.76,46.26,1.39,95.3,18.6,42.59,19.7,49.53,17.89,46.52666667,1.42,762.8833333,96.66666667,3,55.83333333,0.867
70,0,21.7,41.63333333,21,40.53,20.7,42.26666667,20.82333333,42.59,19.82333333,45.92333333,1.463333333,95.36666667,18.6,42.59,19.63333333,49.46333333,17.89,46.3725,1.53,762.9666667,96.33333333,3,48.66666667,0.933
60,0,21.745,40.995,21.03333333,40.4,20.7,42.09,20.7,42.59,19.89,45.39,1.633333333,95.43333333,18.6,42.53,19.63333333,49.43333333,17.89,46.23,1.65,763.05,96,3,41.5,1
50,0,21.79,40.79,21.1,40.4,20.7,42.09,20.7,42.59,20,45.02666667,1.76,95.5,18.6,42.5,19.7,49.5,17.79,45.96666667,1.77,763.1333333,95.66666667,3,34.33333333,1.07
60,0,21.85666667,40.86333333,21.15,40.4,20.79,42.09,20.6,42.59,20.06666667,44.9,1.666666667,95.46666667,18.6,42.43333333,19.6,49.5,17.79,45.82666667,1.88,763.2166667,95.33333333,3,27.16666667,1.13
60,0,21.89,40.79,21.2,40.4,20.79,42.09,20.53333333,42.59,20.1,44.79,1.533333333,95.46666667,18.6,42.69333333,19.6,49.5,17.79,45.76,2,763.3,95,3,20,1.2
80,0,21.89,40.79,21.26,40.46666667,20.79,42.145,20.5,42.59,20.1,44.73,1.426666667,95.43333333,18.6,43.02666667,19.6,49.5,17.79,45.7,2.25,763.3166667,94.66666667,3,20,1.4
100,0,21.89,40.82666667,21.29,40.46666667,20.79,42.2,20.5,42.53,20.13333333,44.7,1.5,95.5,18.7,43.23,19.6,49.5,17.79,45.56,2.5,763.3333333,94.33333333,3,20,1.6
60,0,21.96333333,41.1,21.35666667,40.4,20.79,42.2,20.5,42.46666667,20.2,44.7,1.8,95.59,18.7,43.23,19.6,49.62666667,17.85666667,45.5,2.75,763.35,94,3,20,1.8
70,0,22,41.33333333,21.39,40.32666667,20.79,42.26666667,20.5,42.32666667,20.2,44.7,2,95.65666667,18.7,42.96666667,19.6,49.76,17.82333333,45.29,3,763.3666667,93.66666667,3,20,2
60,0,22,41.12666667,21.39,40.46666667,20.85666667,42.46666667,20.5,42.32666667,20.2,44.7,2.03,95.72666667,18.7,42.96666667,19.63333333,49.82666667,17.89,45.29,3.25,763.3833333,93.33333333,3,20,2.2
60,0,22.03333333,41.03,21.5,40.56,20.92666667,42.5,20.5,42.32666667,20.2,44.59,2.223333333,95.86666667,18.82333333,43.03,19.7,49.96666667,17.89,45.26,3.5,763.4,93,3,20,2.4
50,0,22.1,41.03,21.5,40.5,21,42.5,20.56666667,42.26,20.29,44.66333333,2.26,95.86666667,18.89,43.09,19.7,49.93333333,17.89,45.2,3.7,763.4833333,92,3,20.5,2.45
50,0,22.1,41,21.5,40.5,21.03333333,42.53,20.5,42.245,20.23,44.53,2.2675,95.875,19,43.16333333,19.7,50,17.89,45.09,3.9,763.5666667,91,3,21,2.5
40,0,22.16666667,41.06,21.5,40.43333333,21.03333333,42.53,20.5,42.2,20.29,44.56,2.43,95.96666667,19.06666667,43.09,19.73,50.12666667,17.89,45.09,4.1,763.65,90,3,21.5,2.55
50,0,22.2,41.09,21.6,40.4,21,42.5,20.5,42.16333333,20.29,44.5,2.656666667,96.03,19.2,43.26666667,19.79,50.2,17.89,45.09,4.3,763.7333333,89,3,22,2.6
70,0,22.2,41.16333333,21.53333333,40.46666667,21,42.56,20.5,42.09,20.29,44.5,2.863333333,96.15666667,19.2,43.4,19.79,50.23,17.89,45.09,4.5,763.8166667,88,3,22.5,2.65
60,0,22.16666667,41.23,21.6,40.5,21,42.59,20.5,42.16333333,20.29,44.5,3.126666667,96.19,19.29,43.4,19.85666667,50.36333333,17.89,45.12666667,4.7,763.9,87,3,23,2.7
60,0,22.16666667,41.29,21.6,40.5,21.06666667,42.66333333,20.5,42.09,20.26,44.46666667,3.26,96.26333333,19.35666667,43.4,19.89,50.8,17.96333333,45.12666667,4.9,763.8666667,83.5,3.333333333,23.66666667,2.25
80,0,22.1,41.29,21.56666667,40.5,21.1,42.7,20.46333333,41.96666667,20.2,44.4,3.433333333,96.22666667,19.445,43.4,19.92666667,51.09666667,17.92666667,45,5.1,763.8333333,80,3.666666667,24.33333333,1.8
80,0,22.1,41.29,21.5,40.5,21.1,42.62666667,20.46333333,41.9,20.26,44.56,3.56,96.22666667,19.6,43.36333333,20.06666667,51.23,18,44.8975,5.3,763.8,76.5,4,25,1.35
80,0,22.1,41.29,21.5,40.53,21.1,42.59,20.39,41.86333333,20.2,44.56,3.826666667,96.19,19.66666667,43.49,20.13333333,50.99666667,18,44.79,5.5,763.7666667,73,4.333333333,25.66666667,0.9
90,0,22.075,40.045,21.3,38.92333333,21.03333333,41.72333333,20.19666667,40.53,21.33333333,79.79333333,4.026666667,96.26333333,19.89,42.99666667,20.2,50.19666667,18,44.66333333,5.7,763.7333333,69.5,4.666666667,26.33333333,0.45
90,0,22,39.22333333,21.1,37.95,20.89,40.99,20.1,40.22333333,21.66666667,79.79333333,4.496666667,96.22666667,19.89,42.19666667,20.23,49.33333333,18,44.46333333,5.9,763.7,66,5,27,0
100,0,22,39.62666667,21.1,38.15666667,20.96333333,40.79,20.16666667,39.96333333,21.03,80.22666667,4.623333333,96.22666667,19.96333333,41.26666667,20.29,48.86,18.03333333,44.2,5.88,763.7,68.33333333,4.833333333,29.16666667,0.417
80,0,22,39.56666667,21.1,38.36333333,21,40.82666667,20.16666667,40.09,20.82333333,80.83333333,4.396666667,96.12666667,19.89,40.8,20.39,48.66333333,18.03333333,44,5.87,763.7,70.66666667,4.666666667,31.33333333,0.833
90,0,21.96333333,39.56,21.1,38.5,21,40.9,20.16666667,40.36333333,20.53,80.4,3.996666667,96,19.89,40.33333333,20.39,48.53,18,43.66333333,5.85,763.7,73,4.5,33.5,1.25
80,0,21.89,39.43333333,21.1,38.5,21,40.96666667,20.2,41.03,20.32333333,78.52666667,3.73,95.86666667,19.89,40.2,20.42666667,48.4,18,43.79666667,5.83,763.7,75.33333333,4.333333333,35.66666667,1.67
80,0,21.89,39.53,21.1,38.59,21,40.96333333,20.26,41.62333333,20.26,74.79333333,3.863333333,95.86666667,19.89,39.99,20.5,48.26666667,18.03333333,44.06666667,5.82,763.7,77.66666667,4.166666667,37.83333333,2.08
80,0,21.89,39.59,21.1,38.66333333,20.92666667,41.16333333,20.29,41.9,20.2,71.39333333,4.16,96.03,19.96333333,39.93,20.5,47.92333333,18.1,44.2,5.8,763.7,80,4,40,2.5
80,0,21.89,39.5,21.1,38.73,20.89,41.23,20.35666667,41.9,20.1,67.795,4.4,96.115,20.13333333,40.32666667,20.5,47.39,18.13333333,44.09,5.7,763.7,77.83333333,4.5,40,1.98
90,0,21.89,39.5,21.1,38.79,20.89,41.29,20.39,41.96666667,19.96333333,65.66666667,4.626666667,96.19,20.26,40.4,20.6,46.86333333,18.2,44.03,5.6,763.7,75.66666667,5,40,1.47
70,0,21.89,39.46666667,21,38.79,21,41.29,20.39,41.9,19.89,64.33333333,4.996666667,96.22666667,20.53333333,40.02666667,20.6,46.46333333,18.2,43.9,5.5,763.7,73.5,5.5,40,0.95
50,0,21.89,39.4,21,38.79,21,41.29,20.39,41.9,19.79,62.19333333,5.19,96.36666667,20.6,39.69333333,20.6,45.93,18.2,43.9,5.4,763.7,71.33333333,6,40,0.433
60,10,21.89,39.4,20.96333333,38.86333333,20.96333333,41.29,20.39,41.66333333,19.79,60.73333333,4.923333333,96.33,20.6,39.43,20.53333333,45.59666667,18.2,43.9,5.3,763.7,69.16666667,6.5,40,-0.0833
70,10,21.89,39.4,20.96333333,38.79,20.89,41.36333333,20.39,41.59,19.7,59.56333333,4.396666667,96.12333333,20.6,39.23,20.5,45.1,18.2,43.9,5.2,763.7,67,7,40,-0.6
80,10,21.89,39.26,20.89,38.66333333,20.85666667,41.36333333,20.29,41.33333333,19.63333333,58.82333333,4.06,96.09,20.6,38.93,20.5,44.76666667,18.16666667,43.76,5.02,763.8833333,67.66666667,6.5,44.16666667,-0.633
70,10,21.82333333,39.12666667,20.89,38.53,20.79,41.36333333,20.29,41.2,19.6,57.96,4,96.09,20.6,38.65666667,20.39,44.22333333,18.1,43.62666667,4.83,764.0666667,68.33333333,6,48.33333333,-0.667
370,10,21.76,39.06,20.79,38.36333333,20.79,41.4,20.29,41.09,19.53333333,57.5,3.966666667,96.12333333,20.6,38.33333333,20.34,43.8975,18.1,43.52666667,4.65,764.25,69,5.5,52.5,-0.7
410,20,21.7,38.93333333,20.79,38.23,20.79,41.4,20.43,41.42333333,19.5,56.86333333,3.826666667,96.19,20.575,37.975,20.32333333,43.56666667,18.1,43.2225,4.47,764.4333333,69.66666667,5,56.66666667,-0.733
250,10,21.7,38.93,20.76,38.2,20.79,41.29,20.92666667,41.7,19.5,56.39,3.826666667,96.19,20.5,37.56666667,20.29,43.36333333,18.1,43.03,4.28,764.6166667,70.33333333,4.5,60.83333333,-0.767
80,10,21.7,38.79,20.7,38.2,20.79,41.29,21.46666667,41.5,19.39,55.79666667,4.026666667,96.26333333,20.46333333,37.22333333,20.29,43.15666667,18.1,42.9,4.1,764.8,71,4,65,-0.8
70,10,21.65,38.69,20.7,38.16333333,20.79,41.4,21.66666667,40.9,19.39,55.39,4.366666667,96.33333333,20.39,37.03,20.2,42.86333333,18.03333333,42.82666667,3.68,764.7333333,73.83333333,3.833333333,60.83333333,-0.7
70,0,21.6,38.56,20.7,38.0675,20.79,41.4,21.53333333,40.5,19.35666667,54.9,4.5,96.4,20.39,37.03,20.2,42.73,18.1,42.9,3.27,764.6666667,76.66666667,3.666666667,56.66666667,-0.6
80,10,21.6,38.5,20.7,37.93333333,20.76,41.4,21.35666667,40.22333333,19.29,54.5,3.493333333,96.23,20.39,37.03,20.2,42.56,18.1,42.9,2.85,764.6,79.5,3.5,52.5,-0.5
70,20,21.5,38.4,20.6,37.79,20.7,41.425,21.29,40.09,19.29,54.13333333,2.693333333,95.96333333,20.35666667,36.86333333,20.2,42.43333333,18.1,42.72333333,2.43,764.5333333,82.33333333,3.333333333,48.33333333,-0.4
80,20,21.5,38.32666667,20.6,37.73,20.7,41.5,21.16666667,39.96666667,19.29,53.86,2.4,95.85,20.29,36.73,20.2,42.16333333,18.03333333,42.46333333,2.02,764.4666667,85.16666667,3.166666667,44.16666667,-0.3
80,20,21.5,38.26,20.56666667,37.7,20.7,41.4,21.1,39.82666667,19.2,53.52666667,2.363333333,95.9,20.2,36.5,20.13333333,42.09,18,42.22333333,1.6,764.4,88,3,40,-0.2
150,20,21.42666667,38.12666667,20.5,37.7,20.7,41.46666667,21.06666667,39.93,19.2,53.32666667,2.363333333,95.9,20.13333333,36.5,20.1,42.33,18,42.03,1.75,764.45,86.33333333,3.666666667,40,-0.333
380,30,21.39,38.23,20.46333333,37.59,20.7,41.36333333,21,39.73,19.2,53.06,2.363333333,95.93333333,20.06666667,36.5,20.16666667,42.72333333,18,41.86333333,1.9,764.5,84.66666667,4.333333333,40,-0.467
290,30,21.39,38.43,20.46333333,37.59,20.63333333,41.15666667,21,39.69333333,19.175,52.8975,2.23,95.93333333,20,36.5,20.26333333,43.03,17.92666667,41.73,2.05,764.55,83,5,40,-0.6
270,20,21.39,38.56,20.39,37.59,20.6,41,20.9175,39.5225,19.1,52.73,2.4,96,19.96333333,36.62666667,20.39,43.09,17.89,41.56,2.2,764.6,81.33333333,5.666666667,40,-0.733
420,30,21.32333333,38.56,20.39,37.59,20.6,40.86,20.89,39.53,19.1,52.56,2.266666667,95.93333333,19.89,36.76,20.53333333,43.09,17.89,41.5,2.35,764.65,79.66666667,6.333333333,40,-0.867
280,20,21.29,38.5,20.46333333,37.7,20.6,40.83333333,20.89,39.26,19.03333333,52.43333333,2.026666667,95.96666667,19.89,36.82666667,20.6,43.09,17.89,41.36333333,2.5,764.7,78,7,40,-1
300,20,21.29,38.56,20.46333333,37.76,20.6,40.62666667,20.89,39.2,19,52.36333333,1.826666667,95.9,19.89,36.96666667,20.63333333,43.03,17.89,41.23,2.42,764.7666667,79.5,6.333333333,40,-0.817
350,30,21.42666667,39,20.53333333,37.76,20.63333333,40.5,20.85666667,39.16333333,19,52.29,1.633333333,95.9,19.79,37,20.76,42.96333333,17.89,41.06,2.33,764.8333333,81,5.666666667,40,-0.633
270,20,21.56666667,39.06,20.679,37.745,20.7,40.43333333,20.79,39.09,18.95285714,52.25142857,1.36,95.96666667,19.79,37.009,20.84833333,42.8725,17.89,41,2.25,764.9,82.5,5,40,-0.45
560,20,21.73,40.9,20.79,37.79,20.7,40.43333333,20.82333333,39.26666667,18.96333333,52.13333333,0.8,96.09,19.79,37.12142857,20.89,42.76,17.79,40.76,2.17,764.9666667,84,4.333333333,40,-0.267
1080,30,21.93,42.76666667,21.04,38.08,20.7,40.63333333,20.89,39.73333333,18.89,51.88166667,0.466666667,96.09,19.79,37.18428571,20.92666667,42.66333333,17.79,40.6725,2.08,765.0333333,85.5,3.666666667,40,-0.0833
750,20,22.16333333,42.4,21.28642857,38.39,20.86,41.72333333,20.89,39.92666667,18.89,51.81444444,0.166666667,96.09,19.716875,36.946875,20.93714286,42.62142857,17.79,40.59,2,765.1,87,3,40,0.1
390,10,22.49666667,43.19333333,21.55944444,38.90333333,21.19333333,43.72333333,20.89,40.53333333,18.89,51.96,0.033333333,96.09,19.7,36.62722222,20.89,42.36555556,17.79,40.5,1.8,765.0666667,87.83333333,2.666666667,40,0.0333
350,10,22.89333333,42.19333333,21.79277778,39.225,21.69666667,45.1,20.89,40.29666667,18.89,52.11055556,0.166666667,96.22666667,19.62777778,36.25611111,20.80111111,42.25,17.79,40.5,1.6,765.0333333,88.66666667,2.333333333,40,-0.0333
340,10,23.175,41.67,21.95722222,39.22888889,22.09666667,45.56,20.82333333,39.89,18.89,52.235,0.65,96.4,19.59444444,35.94777778,20.92666667,42.46666667,17.79,40.4,1.4,765,89.5,2,40,-0.1
290,20,23.2,41.22666667,22.01111111,39.08722222,22.42666667,45.7,20.79,40.39666667,18.89,52.30222222,0.966666667,96.43333333,19.56666667,35.80222222,21.04444444,42.48666667,17.79,40.4,1.2,764.9666667,90.33333333,1.666666667,40,-0.167
230,40,23.29,40.79666667,22.09375,38.9425,22.6725,45.52,20.79,40.65666667,18.89,52.31,1,96.3,19.580625,36.73875,21.11428571,42.5,17.79,40.36333333,1,764.9333333,91.16666667,1.333333333,40,-0.233
120,30,23.29,40.39,22.1,38.62666667,22.79,45,20.79,40.26,18.89,52.23,0.733333333,96.22666667,19.9175,38.1675,21.2,42.46666667,17.79,40.29,0.8,764.9,92,1,40,-0.3
110,40,23.29,39.93,22.1,38.46666667,22.79,44.5,20.79,40.12666667,18.89,52.16333333,0.433333333,96.3,20.1,37.93333333,21.2,42.46666667,17.79,40.26,0.733,764.9333333,92.66666667,1.666666667,35.66666667,-0.267
100,40,23.29,39.73,22.1,38.4,22.73,44.16666667,20.79,40.16666667,18.89,52.16333333,0.366666667,96.3,20.1,37.76,21.13333333,42.5,17.79,40.2,0.667,764.9666667,93.33333333,2.333333333,31.33333333,-0.233
110,40,23.29,39.66333333,22.15,38.29,22.56666667,43.89,20.85666667,40.83333333,18.85666667,52.06,0.433333333,96.36666667,20.1,37.645,21.13333333,42.43333333,17.79,40.16333333,0.6,765,94,3,27,-0.2
130,40,23.29,39.46333333,22.1,38.2,22.5,43.96333333,20.92666667,41.12666667,18.79,51.93333333,0.566666667,96.5,20.06666667,37.29666667,21.16666667,42.46666667,17.79,40.09,0.533,765.0333333,94.66666667,3.666666667,22.66666667,-0.167
140,30,23.29,39.12666667,22.1,38.2,22.46333333,43.29666667,21,41.17,18.89,51.96666667,0.766666667,96.53,20.06666667,37.16333333,21.1,42.4,17.79,40.09,0.467,765.0666667,95.33333333,4.333333333,18.33333333,-0.133
110,30,23.29,39.06666667,22.1,38.2,22.39,43.03,21,40.76666667,18.82333333,51.82666667,0.966666667,96.53,20.1,37,21.1,42.29,17.79,40.03,0.4,765.1,96,5,14,-0.1
100,20,23.29,38.7,22.16666667,38.2,22.29,42.56,21,40.33333333,18.79,51.7,1,96.4,20.1,36.93333333,21.16666667,42.29,17.79,40,0.417,765.05,96.33333333,4.5,15.5,-0.05
100,30,23.29,38.7,22.2,38.1725,22.29,42.43333333,21.06666667,40.46,18.79,51.7,1.066666667,96.4,20.1,36.72333333,21.2,42.26,17.73,40,0.433,765,96.66666667,4,17,0
110,20,23.29,38.56,22.13333333,38.03,22.2,42.16333333,21.1,40.43,18.79,51.59,1.1,96.4,20.03333333,36.59,21.2,42.12666667,17.76,40,0.45,764.95,97,3.5,18.5,0.05
110,20,23.23,38.43333333,22.1,37.96666667,22.13333333,42.09,21.1,40.23,18.79,51.5225,1.1,96.4,20,36.7,21.2,42.06,17.76,40,0.467,764.9,97.33333333,3,20,0.1
190,20,23.26,38.36333333,22.1,37.9,22.06666667,41.96666667,21.1,40.06,18.79,51.5,1.033333333,96.36666667,20,36.7,21.2,42,17.7,39.9,0.483,764.85,97.66666667,2.5,21.5,0.15
450,20,23.2,38.29,22.1,37.86333333,22,41.82666667,21.1,40.06,18.79,51.36333333,1.1,96.5,19.89,36.66333333,21.23,41.93333333,17.745,39.9,0.5,764.8,98,2,23,0.2
210,20,23.16666667,38.16333333,22.1,37.79,21.89,41.7,21.3,40.53,18.79,51.29,1.245,96.5,19.89,36.66333333,21.29,42,17.7,39.9,0.583,764.75,97.16666667,2.166666667,24,0.167
100,30,23.1,38.09,22.1,37.79,21.89,41.7,21.63333333,40.53,18.7,51.16333333,1.26,96.46666667,19.85666667,36.66333333,21.32333333,41.96666667,17.7,39.9,0.667,764.7,96.33333333,2.333333333,25,0.133
90,20,23.06666667,38.12666667,22.03333333,37.73,21.79,41.65666667,21.7,40.29,18.7,51.22333333,1.133333333,96.46666667,19.85666667,36.99666667,21.39,41.96666667,17.7,39.82666667,0.75,764.65,95.5,2.5,26,0.1
90,20,23,38.33333333,21.96333333,37.7,21.73,41.79,21.7,40.29,18.7,51.56666667,1.1,96.5,19.89,37.56666667,21.5,42.3,17.7,40.03,0.833,764.6,94.66666667,2.666666667,27,0.0667
80,20,22.89,38.545,21.89,37.76,21.6,41.79,21.7,40.46333333,18.7,51.76,1.166666667,96.5,19.89,37.83333333,21.5,42.63333333,17.7,40.22333333,0.917,764.55,93.83333333,2.833333333,28,0.0333
70,20,22.85666667,38.79,21.85666667,37.79,21.6,41.8725,21.63333333,40.53,18.7,52.06666667,1.2,96.43333333,19.85666667,38.15666667,21.5,43.09666667,17.7,40.46333333,1,764.5,93,3,29,0
70,10,22.79,38.86333333,21.79,37.79,21.53333333,41.9,21.6,40.62666667,18.63333333,52.2,1.066666667,96.43333333,19.79,38.3425,21.5,43.565,17.7,40.72333333,0.917,764.5,93.5,2.833333333,27.5,0
70,10,22.79,38.86,21.76,37.93333333,21.5,42.03,21.53333333,40.76,18.6,52.26,0.833333333,96.46666667,19.79,38.63333333,21.5,44.12333333,17.7,40.93333333,0.833,764.5,94,2.666666667,26,0
60,0,22.73,39.19333333,21.7,38,21.5,42.03,21.46333333,40.9,18.6,52.26,0.633333333,96.4,19.79,38.7,21.5,44.7,17.7,41.06,0.75,764.5,94.5,2.5,24.5,0
30,0,22.6,39.23,21.66666667,38,21.5,42.09,21.32333333,40.9,18.6,52.53,0.5,96.5,19.79,38.76,21.5,45.03333333,17.7,41.26666667,0.667,764.5,95,2.333333333,23,0
30,0,22.6,39.29,21.6,38.0675,21.5,42.16333333,21.26,41,18.6,52.66333333,0.5,96.5,19.7,38.9,21.5,45.72666667,17.76,41.46666667,0.583,764.5,95.5,2.166666667,21.5,0
30,0,22.5,39.36333333,21.53333333,38.09,21.46333333,42.2,21.175,41.0675,18.6,52.79,0.4,96.36666667,19.7,38.96666667,21.42666667,46.06,17.7,41.73,0.5,764.5,96,2,20,0
40,0,22.42666667,39.29,21.5,38.12666667,21.39,42.2,21.1,41.16333333,18.6,52.86333333,0.4,96.36666667,19.7,39.12666667,21.39,46.32666667,17.7,41.93,0.55,764.5,96,2.166666667,27.5,0.0333
50,0,22.39,39.29,21.42666667,38.12666667,21.39,42.29,20.96333333,41.23,18.6,53,0.433333333,96.43333333,19.7,39.33333333,21.39,46.46666667,17.7,42.15666667,0.6,764.5,96,2.333333333,35,0.0667
60,0,22.32333333,39.36333333,21.35666667,38.23,21.39,42.29,20.89,41.29,18.6,53,0.5,96.5,19.7,39.4,21.35666667,46.8,17.7,42.36333333,0.65,764.5,96,2.5,42.5,0.1
50,0,22.29,39.43333333,21.29,38.29,21.39,42.36333333,20.89,41.4,18.6,53.12666667,0.566666667,96.43333333,19.7,39.46666667,21.29,47.19333333,17.7,42.62666667,0.7,764.5,96,2.666666667,50,0.133
50,0,22.23,39.5,21.29,38.29,21.39,42.36333333,20.82333333,41.32666667,18.55,53.2225,0.475,96.475,19.6,39.59,21.29,47.36333333,17.76,42.76,0.75,764.5,96,2.833333333,57.5,0.167
50,0,22.2,39.5,21.29,38.29,21.39,42.4,20.7,41.4,18.53333333,53.29,0.4,96.4,19.6,39.66333333,21.23,47.09666667,17.79,43,0.8,764.5,96,3,65,0.2
50,0,22.13333333,39.56,21.2,38.29,21.39,42.32666667,20.7,41.4,18.5,53.43333333,0.4,96.4,19.6,39.86,21.2,47.03,17.745,43.095,0.833,764.55,95.5,3,58,0.167
50,0,22.06666667,39.66333333,21.13333333,38.29,21.39,42.4,20.66666667,41.46666667,18.5,53.5,0.333333333,96.4,19.6,40.19333333,21.2,47.09,17.79,43.33333333,0.867,764.6,95,3,51,0.133
50,0,22,39.66333333,21.1,38.4,21.39,42.4,20.6,41.4,18.5,53.62666667,0.333333333,96.4,19.6,40.43333333,21.2,47.23,17.79,43.53,0.9,764.65,94.5,3,44,0.1
50,0,22,39.7,21.1,38.4,21.39,42.5,20.56666667,41.53,18.5,53.7,0.4,96.4,19.66666667,40.5,21.2,47.36333333,17.79,43.66333333,0.933,764.7,94,3,37,0.0667
60,0,21.92666667,39.7,21,38.4,21.39,42.5,20.5,41.59,18.5,53.73,0.566666667,96.53,19.6,40.5,21.1,47.56666667,17.79,43.82666667,0.967,764.75,93.5,3,30,0.0333
50,0,21.89,39.73,21,38.4,21.39,42.59,20.5,41.7,18.5,53.79,0.766666667,96.46333333,19.6,40.5,21.1,47.76,17.79,43.96666667,1,764.8,93,3,23,0
60,0,21.865,39.7675,20.96333333,38.5,21.39,42.5225,20.42666667,41.7,18.46333333,53.79,1.033333333,96.4,19.6,40.66333333,21.1,47.96333333,17.79,44.09,0.9,764.75,93.83333333,3.166666667,23.5,0.0167
50,0,21.79,39.7,20.89,38.56,21.39,42.5,20.39,41.7,18.39,53.79,1.033333333,96.33333333,19.6,40.59,21.1,48.16333333,17.79,44.22333333,0.8,764.7,94.66666667,3.333333333,24,0.0333
40,0,21.76,39.79,20.89,38.62666667,21.39,42.53,20.39,41.7,18.39,53.82666667,0.866666667,96.26333333,19.55,40.7,21.05,48.3,17.79,44.32666667,0.7,764.65,95.5,3.5,24.5,0.05
30,0,21.7,39.79,20.82333333,38.62666667,21.39,42.59,20.29,41.79,18.39,53.9,0.8,96.12333333,19.53333333,40.7,21,48.32666667,17.79,44.46666667,0.6,764.6,96.33333333,3.666666667,25,0.0667
30,0,21.7,39.82666667,20.79,38.7,21.35666667,42.59,20.29,41.79,18.39,53.82666667,0.9,96.19,19.6,40.7,21,48.46666667,17.79,44.53,0.5,764.55,97.16666667,3.833333333,25.5,0.0833
30,0,21.63333333,39.82666667,20.79,38.7,21.29,42.59,20.26,41.86333333,18.39,53.9,0.833333333,96.12333333,19.5,40.9,21,48.62666667,17.79,44.66333333,0.4,764.5,98,4,26,0.1
60,0,21.6,39.82666667,20.7,38.79,21.29,42.59,20.2,41.79,18.39,53.9,0.8,96.06,19.5,41.02666667,21,48.7,17.79,44.79,0.433,764.4666667,97.83333333,3.666666667,28.33333333,0.1
50,0,21.6,39.9,20.7,38.82666667,21.29,42.66333333,20.2,41.86333333,18.39,53.9,0.866666667,96.06,19.5,41.16333333,20.89,48.86,17.79,44.86333333,0.467,764.4333333,97.66666667,3.333333333,30.66666667,0.1
60,0,21.5,40,20.7,38.9,21.29,42.7,20.2,41.9,18.39,53.9,1,96.09,19.56666667,41.09,20.89,49.06,17.79,44.93333333,0.5,764.4,97.5,3,33,0.1
50,0,21.5,40,20.66666667,38.9,21.29,42.7,20.2,41.9,18.39,53.9,1,96.12333333,19.5,41.09,20.85666667,49.29,17.79,45.06,0.533,764.3666667,97.33333333,2.666666667,35.33333333,0.1
50,0,21.5,40.03,20.6,38.9,21.29,42.7,20.1,41.93333333,18.32333333,53.9,1.066666667,96.19,19.5,41.09,20.79,49.345,17.79,45.12666667,0.567,764.3333333,97.16666667,2.333333333,37.66666667,0.1
50,0,21.42666667,40.03,20.6,38.93333333,21.29,42.76,20.1,42,18.39,53.9,1.1,96.15666667,19.56666667,41,20.79,49.62666667,17.79,45.2,0.6,764.3,97,2,40,0.1
40,0,21.39,40,20.53333333,39,21.26,42.7,20.1,42,18.34,53.9,1.1,96.09,19.5,41,20.79,49.7,17.79,45.23,0.583,764.2666667,96.83333333,2.166666667,40,0.0833
60,0,21.39,40.06,20.5,39.03,21.26,42.76,20.1,42,18.29,53.9,1.1,96.09,19.5,41,20.76,49.93333333,17.79,45.3175,0.567,764.2333333,96.66666667,2.333333333,40,0.0667
50,0,21.29,40.09,20.5,39.09,21.26,42.76,20,41.9,18.29,53.9,1.033333333,96.03,19.5,41,20.76,50.06,17.79,45.4,0.55,764.2,96.5,2.5,40,0.05
60,0,21.29,40.09,20.5,39.12666667,21.2,42.7,20,41.9,18.29,53.9,1,96,19.5,41,20.7,50.32666667,17.79,45.43333333,0.533,764.1666667,96.33333333,2.666666667,40,0.0333
50,0,21.29,40.2,20.42666667,39.12666667,21.23,42.73,20,41.93333333,18.29,53.9,1,96,19.5,40.93333333,20.7,50.4,17.79,45.5,0.517,764.1333333,96.16666667,2.833333333,40,0.0167
50,0,21.23,40.2,20.39,39.09,21.29,42.79,19.92666667,41.93333333,18.29,53.9,0.866666667,96,19.5,40.9,20.7,50.5,17.82333333,45.56666667,0.5,764.1,96,3,40,0
40,0,21.2,40.2,20.39,39.16333333,21.29,42.79,19.89,41.96666667,18.29,53.9,0.8,96,19.5,40.9,20.7,50.5,17.82333333,45.62666667,0.483,764.1,96.16666667,3,38,0
50,0,21.2,40.2,20.32333333,39.2,21.23,42.73,19.89,41.96666667,18.29,53.9,0.8,96.03,19.5,40.9,20.7,50.4,17.79,45.62666667,0.467,764.1,96.33333333,3,36,0
50,0,21.1,40.29,20.32333333,39.2,21.2,42.7,19.89,42,18.29,53.9,0.733333333,96.09,19.42666667,40.82666667,20.7,50.4,17.79,45.7,0.45,764.1,96.5,3,34,0
30,0,21.1,40.29,20.29,39.23,21.2,42.73,19.89,42,18.26,53.86333333,0.7,96.09,19.445,40.995,20.7,50.29,17.79,45.7,0.433,764.1,96.66666667,3,32,0
40,0,21.1,40.29,20.29,39.29,21.2,42.73,19.79,41.9,18.26,53.79,0.7,96.09,19.42666667,41.06666667,20.625,50.1175,17.79,45.76,0.417,764.1,96.83333333,3,30,0
30,0,21,40.29,20.26,39.26,21.2,42.7,19.79,41.9,18.2,53.73,0.7,96.09,19.42666667,41.12666667,20.66666667,50,17.89,45.9,0.4,764.1,97,3,28,0
50,0,21,40.36333333,20.2,39.26,21.2,42.62666667,19.79,41.96666667,18.2,53.73,0.75,96.0225,19.39,41.2,20.6,49.76,17.82333333,45.82666667,0.417,764.1333333,96.83333333,3,28,-0.0167
50,0,21,40.4,20.2,39.345,21.2,42.62666667,19.79,41.975,18.2,53.7,0.766666667,96.06,19.39,41.06666667,20.6,49.7,17.79,45.82666667,0.433,764.1666667,96.66666667,3,28,-0.0333
40,0,21,40.4,20.16666667,39.4,21.2,42.62666667,19.79,42,18.2,53.7,0.766666667,96.09,19.39,41.12666667,20.6,49.7,17.85666667,45.96666667,0.45,764.2,96.5,3,28,-0.05
50,0,20.96333333,40.43333333,20.16666667,39.4,21.1,42.7,19.73,41.9,18.2,53.6725,0.7,96.09,19.39,41.2,20.6,49.62666667,17.85666667,45.96666667,0.467,764.2333333,96.33333333,3,28,-0.0667
50,0,20.89,40.5,20.1,39.4,21.1,42.7,19.73,41.9,18.2,53.66333333,0.7,96.09,19.39,41.2,20.56666667,49.56,17.85666667,45.96666667,0.483,764.2666667,96.16666667,3,28,-0.0833
170,0,20.89,40.5,20.1,39.46666667,21.1,42.79,19.7,42,18.2,53.59,0.633333333,96.03,19.39,41.2,20.5,49.5,17.82333333,45.96333333,0.5,764.3,96,3,28,-0.1
400,0,20.89,40.5,20.1,39.5,21.1,42.73,19.7,42,18.2,53.59,0.6,96.12333333,19.39,41.2,20.5,49.4,17.82333333,46.03,0.283,764.3666667,96,2.833333333,27.33333333,-0.317
390,10,20.79,40.53,20.03333333,39.43333333,21.1,42.76,19.89333333,42.12666667,18.2,53.59,0.533333333,96.19,19.39,41.2,20.5,49.4,17.89,46.09,0.0667,764.4333333,96,2.666666667,26.66666667,-0.533
370,10,20.79,40.72333333,20,39.43333333,21.1,42.62666667,20.29333333,42.12666667,18.2,53.59,0.266666667,96.19,19.39,41.2,20.5,49.29,17.865,46.0425,-0.15,764.5,96,2.5,26,-0.75
390,10,20.79,40.93333333,20,39.56,21.1,42.59,20.76333333,41.9,18.2,53.59,0.066666667,96.19,19.39,41.2,20.5,49.29,17.85666667,45.9,-0.367,764.5666667,96,2.333333333,25.33333333,-0.967
370,10,20.79,41.13333333,20,39.59,21.1,42.59,21.03,41.56666667,18.16666667,53.59,-0.3,96.02666667,19.39,41.29,20.46333333,49.16333333,17.79,45.76,-0.583,764.6333333,96,2.166666667,24.66666667,-1.18
380,10,20.79,41.2,20,39.66333333,21,42.4,21.36,41.13333333,18.1,53.59,-0.633333333,95.83333333,19.32333333,41.23,20.39,49.03,17.85666667,45.76,-0.8,764.7,96,2,24,-1.4
100,10,20.79,41.2,20,39.82666667,21,42.4,21.63333333,40.93333333,18.1,53.5,-0.966666667,95.56,19.29,41.23,20.39,49.09,17.79,45.59,-0.8,764.7166667,95.5,2,24.66666667,-1.47
90,20,20.79,41.26,20,39.96666667,21,42.29666667,21.79,40.63333333,18.1,53.56,-1.033333333,95.62666667,19.29,41.29,20.39,49.03,17.79,45.53,-0.8,764.7333333,95,2,25.33333333,-1.53
470,10,20.79,41.26,20,40.09,21,42.16333333,21.79,40.63333333,18.1,53.5,-0.9,95.8,19.29,41.29,20.39,48.93333333,17.79,45.5,-0.8,764.75,94.5,2,26,-1.6
320,0,20.79,41.645,20,40.09,20.945,42.45,21.79,40.53333333,18.1,53.43333333,-0.966666667,95.66,19.29,40.82333333,20.39,48.86,17.79,45.36,-0.8,764.7666667,94,2,26.66666667,-1.67
270,0,20.82333333,42.12666667,20.1,40.09,21.23,43.89333333,21.73,40,18.1,53.26,-1.05,95.64,19.29,40.29,20.29,48.4,17.79,44.99,-0.8,764.7833333,93.5,2,27.33333333,-1.73
260,0,20.89,42.4,20.16666667,40.09,21.43,44.89333333,21.66666667,39.63333333,18.1,53.06666667,-1.2,95.59,19.26,39.76666667,20.29,47.8975,17.79,44.53,-0.8,764.8,93,2,28,-1.8
230,0,20.92666667,42.39,20.2,39.93,21.76333333,45.59,21.53333333,39.36,18.1,52.76,-1.133333333,95.65666667,19.2,39.36,20.29,47.46333333,17.73,43.89333333,-0.633,764.85,92.5,1.833333333,28.16666667,-1.72
470,10,21,42.59,20.26,39.79,22.03,45.46333333,21.35666667,38.93,18.1,52.56666667,-1.133333333,95.65666667,19.2,39.23,20.2,46.96666667,17.73,43.5,-0.467,764.9,92,1.666666667,28.33333333,-1.63
400,0,21.13333333,42.53333333,20.39,39.5,22.23,44.99,21.29,38.79,18.1,52.3,-1.26,95.53,19.2,39.03,20.2,46.76666667,17.7,43.06333333,-0.3,764.95,91.5,1.5,28.5,-1.55
290,0,21.2,42.33333333,20.5,39.29666667,22.35666667,44.53,21.2,38.5,18.1,52.06666667,-1.323333333,95.33,19.16666667,38.46,20.2,46.4,17.76,42.73,-0.133,765,91,1.333333333,28.66666667,-1.47
100,0,21.39,41.8,20.56666667,39.03,22.39,43.73333333,21.26333333,38.96333333,18.1,51.83333333,-1.323333333,95.26333333,19.1,38.06666667,20.13333333,46.2,17.79,42.73,0.0333,765.05,90.5,1.166666667,28.83333333,-1.38
90,0,21.46333333,40.6,20.82333333,38.86333333,22.32333333,43.26666667,21.46333333,39.16333333,18.1,51.62666667,-1.29,95.3,19.13333333,38.06,20.1,45.93,17.79,42.73,0.2,765.1,90,1,29,-1.3
90,0,21.63333333,39.96666667,20.96333333,38.65666667,22.2,42.76,21.53333333,39.46333333,18.1,51.36333333,-1.23,95.22666667,19.13333333,37.93333333,20.1,45.73,17.76,42.66333333,0.383,765.15,89.5,1,29,-1.18
90,0,21.7,39.76666667,21.13333333,38.4,22.13333333,42.56666667,21.6,39.59,18.1,51.23,-1.166666667,95.26,19.13333333,37.9,20.1,45.56,17.76,42.53,0.567,765.2,89,1,29,-1.07
90,0,21.73,39.52666667,21.2,38.06666667,22.06666667,42.1,21.6,39.79,18.1,51.045,-1.033333333,95.46666667,19.2,37.76666667,20.1,45.5,17.79,42.33333333,0.75,765.25,88.5,1,29,-0.95
100,0,21.85666667,39.4,21.29,37.96666667,22,41.76666667,21.6,39.86333333,18.1,50.86333333,-0.866666667,95.62333333,19.13333333,37.66333333,20.1,45.36333333,17.79,41.9975,0.933,765.3,88,1,29,-0.833
80,0,21.89,39.26,21.29,37.82666667,21.89,41.52666667,21.63333333,39.9,18.1,50.73,-0.666666667,95.83,19.2,37.66333333,20.1,45.29,17.79,41.79,1.12,765.35,87.5,1,29,-0.717
180,0,21.96333333,39.26,21.39,37.66333333,21.89,41.32666667,21.7,39.76666667,18.1,50.59,-0.466666667,96.03,19.2,37.52666667,20.13333333,45.2,17.89,41.76,1.3,765.4,87,1,29,-0.6
440,0,22.03333333,39.19333333,21.39,37.39,21.89,41.23,21.79,39.46,18.1,50.53,-0.333333333,96.15666667,19.2,37.32666667,20.13333333,45.2,17.82333333,41.56666667,1.48,765.4333333,85.16666667,1.166666667,29,-0.75
300,0,22.1,38.8,21.39,36.86,21.96333333,41.49,21.85666667,39.26,18.1,50.26,-0.133333333,96.22666667,19.32333333,37.82666667,20.2,45.62666667,17.89,41.5,1.67,765.4666667,83.33333333,1.333333333,29,-0.9
250,0,22.1,37.93333333,21.19666667,35.13333333,21.85666667,41.1,21.85666667,39.1,18.1,50.06666667,0.1,96.35,19.46333333,37.9,20.26,45.62666667,17.89,41.43333333,1.85,765.5,81.5,1.5,29,-1.05
280,0,22.03333333,37.4,20.89,34.42666667,21.79,40.63333333,21.79,38.63333333,18.1,49.72333333,0.266666667,96.43333333,19.53333333,37.82666667,20.29,45.26,17.89,41.29,2.03,765.5333333,79.66666667,1.666666667,29,-1.2
460,0,22.03333333,37.92666667,20.96333333,34.96,22.1,40.745,21.76,38.5,18.1,49.39,0.333333333,96.46666667,19.6,37.82666667,20.29,45.2,17.89,41.29,2.22,765.5666667,77.83333333,1.833333333,29,-1.35
120,0,22.1,38.25,21.13333333,35.59666667,22.32333333,40.63333333,21.7,38.56,18.1,49.16333333,0.4,96.4,19.7,37.76,20.39,45.36333333,18,41.16333333,2.4,765.6,76,2,29,-1.5
120,0,22.1,38.26666667,21.26,35.99,22.46333333,40.43333333,21.66666667,38.59,18.1,49.03,0.5,96.53,19.7225,37.595,20.39,44.96333333,18,41.09,2.48,765.5833333,75.16666667,2,30.83333333,-1.58
110,0,22.1,38.26,21.29,36.32666667,22.39,39.93,21.6,38.59,18.1,49,0.566666667,96.53,19.85666667,37.56,20.39,44.645,18,40.86333333,2.57,765.5666667,74.33333333,2,32.66666667,-1.67
130,0,22.1,38.26,21.29,36.46666667,22.32333333,39.73,21.6,38.7,18.16666667,49,0.7,96.69,19.89,37.33333333,20.53333333,44.33333333,18,40.65666667,2.65,765.55,73.5,2,34.5,-1.75
110,0,22.03333333,38.23,21.29,36.59,22.2,39.4,21.53333333,38.76,18.1,48.9,0.833333333,96.76333333,19.96333333,37.06666667,20.66666667,44.12666667,18,40.36333333,2.73,765.5333333,72.66666667,2,36.33333333,-1.83
120,0,22.1,38.23,21.29,36.59,22.13333333,39.4,21.5,38.95,18.1,48.82666667,0.933333333,96.8,20.13333333,36.69333333,20.73,43.86333333,18,40.15666667,2.82,765.5166667,71.83333333,2,38.16666667,-1.92
120,0,22.1,38.06,21.29,36.59,22.1,39.36333333,21.5,38.9,18.1,48.79,1,96.8,20.26,36.43333333,20.85666667,43.73,18,39.96666667,2.9,765.5,71,2,40,-2
120,0,22.1,38.06,21.26,36.56,22.1,39.23,21.5,38.9,18.1,48.79,1.066666667,96.83333333,20.39,36.16333333,21.16333333,43.46666667,18.06666667,39.9,2.92,765.4833333,69.66666667,2,40,-2.25
130,0,22.06666667,38.16333333,21.13333333,36.56,22,39.16333333,21.5,39.09,18.1,48.66333333,1.26,96.96666667,20.39,35.96333333,21.35666667,43.26666667,18.1,39.83,2.93,765.4666667,68.33333333,2,40,-2.5
120,0,22,38.09,21.1,36.59,22,39.16333333,21.5,38.89,18.1,48.59,1.323333333,97,20.39,35.66333333,21.39,43.16333333,18.16666667,40.69666667,2.95,765.45,67,2,40,-2.75
120,0,22,38.23,21.1,36.66333333,21.96333333,39.2,21.39,38.46666667,18.1,48.59,1.39,97,20.39,35.39,21.39,43.09,18.2,40.89333333,2.97,765.4333333,65.66666667,2,40,-3
410,0,22,38.23,21,36.56333333,21.89,39.2,21.39,38.4,18.1,48.59,1.533333333,97.19,20.39,35.065,21.53333333,43.4,18.2225,40.35,2.98,765.4166667,64.33333333,2,40,-3.25
420,0,22,37.02666667,20.775,34.79,21.85666667,38.89333333,21.35666667,37.56333333,18.1,48.4475,1.6,97.19,20.39,34.64,21.6,42.73333333,18.29,40.56,3,765.4,63,2,40,-3.5
140,0,21.92666667,34.9,20.416,32.39,21.66333333,37.96666667,21.29,37.23,18.1,48.2675,1.7,97.3,20.53166667,34.41,21.6,41.8,18.29,40.5,3.02,765.3666667,62.33333333,2,40,-3.63
60,0,21.85666667,33.13,20.09666667,31.16,21.46333333,36.3,21.26,36.59333333,18.1,48.06666667,1.73,97.22666667,20.63333333,33.92333333,21.6,41.1,18.29,40.43333333,3.03,765.3333333,61.66666667,2,40,-3.77
60,0,21.73,32.46333333,19.76333333,30.16,21.26333333,35.23333333,21.2,36.06666667,18.1,47.4175,1.79,97.22666667,20.76,33.25666667,21.6,40.09333333,18.39,39.76666667,3.05,765.3,61,2,40,-3.9
70,10,21.63333333,32.02333333,19.73,30.36666667,21.1,35.03,21.2,35.86333333,18.1,46.69333333,1.79,97.22666667,20.92666667,32.96666667,21.6,39.5,18.39,39.5,3.07,765.2666667,60.33333333,2,40,-4.03
80,0,21.7,32.69666667,19.85666667,31.23333333,20.96,35.29666667,21.2,35.73,18.1,46.33333333,1.79,97.22666667,21.06666667,32.82666667,21.63333333,39.26,18.39,39.46666667,3.08,765.2333333,59.66666667,2,40,-4.17
100,0,21.7,33.42666667,19.98428571,32.32714286,20.84,35.995,21.2,35.66333333,18.1,46.12666667,1.79,97.22666667,21.276,32.94,21.77363636,39.06909091,18.39,39.32666667,3.1,765.2,59,2,40,-4.3
80,0,21.7,33.96,20.08125,33.115,20.89,36.5,21.2,35.59,18.05,46.045,1.79,97.3,21.46705882,32.75294118,21.84,39.045,18.39,39.26,3.03,765.1833333,59.16666667,1.833333333,40,-4.3
80,0,21.7,34.245,20.14615385,33.60384615,20.96333333,36.43333333,21.2,35.56,18.08888889,46.05,1.79,97.3,21.58888889,32.38,21.96642857,39.16428571,18.39,39.2,2.97,765.1666667,59.33333333,1.666666667,40,-4.3
70,0,21.7,34.56666667,20.2,33.976,21,36.4,21.2,35.5,18.06666667,46.06,1.73,97.3,21.64166667,32.1175,22.125,39.29,18.39,39.12666667,2.9,765.15,59.5,1.5,40,-4.3
80,0,21.7,34.83333333,20.29,34.51333333,21,36.4,21.2,35.53,18.09166667,46.0825,1.666666667,97.26333333,21.7,31.89285714,22.29333333,39.43,18.39,39.33333333,2.83,765.1333333,59.66666667,1.333333333,40,-4.3
80,0,21.7,35.06666667,20.31857143,34.72571429,21.1,36.59,21.2,35.53,18.1,46.145,1.6,97.19,21.75727273,31.50636364,22.445,39.53,18.39,39.83,2.77,765.1166667,59.83333333,1.166666667,40,-4.3
90,0,21.76,35.26,20.39,34.91111111,21.1,36.66333333,21.2,35.545,18.1,46.2,1.463333333,97.12666667,21.79,31.235,22.525,39.515,18.39,40.36333333,2.7,765.1,60,1,40,-4.3
80,0,21.73,35.43333333,20.39,35,21.13333333,36.82666667,21.1,35.59,18.1,46.2,1.323333333,97,21.79,31.04444444,22.65833333,39.5,18.5,41.19333333,2.38,765.0666667,62.16666667,1.166666667,40,-4.18
80,0,21.79,35.56,20.434,35.116,21.2,36.9,21.1,35.66333333,18.05,46.145,1.2,96.83333333,21.79,30.79,22.7,39.475,18.5,41.46666667,2.07,765.0333333,64.33333333,1.333333333,40,-4.07
80,0,21.7,35.62666667,20.39,35.32666667,21.1,36.93333333,21.06666667,35.79,18,46.09,1.2,96.9,21.79,30.736,22.76,39.4,18.22333333,37.89666667,1.75,765,66.5,1.5,40,-3.95
80,0,21.7,35.7,20.365,35.675,21.1,37,21,35.79,18,46.09,0.733333333,96.29666667,21.79,30.825,22.76,39.1,17.89,36.43,1.43,764.9666667,68.66666667,1.666666667,40,-3.83
80,10,21.7,35.59,20.35666667,35.9,21.06666667,37.06,20.89,35.82666667,18,46.09,0.325,95.82,21.73,30.89,22.56666667,37.76666667,18,36.8,1.12,764.9333333,70.83333333,1.833333333,40,-3.72
90,10,21.7,35.59,20.29,35.975,21,37.06,20.89,36.1,18,46.09,-0.033333333,95.39666667,21.675,30.9725,22.5,37.2225,18.1,37.03,0.8,764.9,73,2,40,-3.6
130,10,21.6,35.73,20.23,35.79666667,20.96333333,37.2,20.89,36.46333333,18,46.00642857,-0.266666667,95.23,21.52142857,30.945,22.45111111,37.47555556,18.1,37.16333333,0.533,764.8833333,74.66666667,2,40,-3.57
380,20,21.6,35.79,20.15,35.825,20.89,37.26,20.89,36.66333333,18,46,-0.533333333,94.96333333,21.5,31.03333333,22.434,37.79,18.1,37.2,0.267,764.8666667,76.33333333,2,40,-3.53
800,10,21.5,36.76,20.1,36.07727273,20.79,37.26,21,36.82666667,18.03,46.027,-0.833333333,94.92666667,21.412,31.1,22.5,38.858,18.1,37.26,0,764.85,78,2,40,-3.5
790,10,21.56666667,38.62666667,20.1,37.04090909,20.79,37.26,21.06666667,36.96666667,18,46.1175,-1.033333333,95.26,21.365,31.2475,22.5,39.45,18.1,37.29,-0.267,764.8333333,79.66666667,2,40,-3.47
540,20,21.63333333,42.06666667,20.1,38.154,20.7,37.49333333,21.73333333,36.96666667,18,46.32,-1.426666667,94.22666667,21.23,31.39,22.55,39.96166667,18.1,37.23,-0.533,764.8166667,81.33333333,2,40,-3.43
120,20,21.7,45.06666667,20.06666667,40.56,20.7,38.1,22.26,37.23333333,18,46.93888889,-1.9,92.43333333,21.18333333,31.56666667,22.55,40.29333333,18.1,37.2,-0.8,764.8,83,2,40,-3.4
110,20,21.79,45.52666667,20.075,41.15625,20.7,38.495,22.39,37.32666667,18,47.45428571,-2.23,91.89666667,21.13333333,31.66666667,22.59166667,40.55666667,18.1,37.2,-0.833,764.8,82.33333333,2,40,-3.55
160,30,21.85666667,43.52666667,20.1,40.6925,20.73,38.89,22.32333333,37.46666667,18.29833333,58.96333333,-2.43,91.69,21.05555556,31.78,22.6,40.99,18.2,38.69333333,-0.867,764.8,81.66666667,2,40,-3.7
140,20,21.92666667,41.86,20.1,40.3,20.79,39.09,22.16666667,37.46666667,18.66333333,65.73333333,-2.566666667,91.99,21,31.84,22.7,41.43333333,18.13333333,38.96666667,-0.9,764.8,81,2,40,-3.85
550,20,22.025,41.075,20.16666667,40.69333333,20.82333333,39.12666667,22.03333333,37.32666667,18.73,56.13333333,-2.833333333,91.25666667,21,32.06666667,22.7,41.6,18.1,38.96666667,-0.933,764.8,80.33333333,2,40,-4
530,10,22.1,40.76666667,20.29,40.7175,20.89,39.2,21.85666667,37.06,18.79,52.3425,-3.03,90.83333333,20.92666667,32.26,22.65,41.61333333,18.1,38.82666667,-0.967,764.8,79.66666667,2,40,-4.15
100,0,22.23,46.26,20.31,40.72,20.89,39.49333333,21.79,37,18.93857143,51.42714286,-3.163333333,90.76,20.89,32.378,22.57777778,41.33111111,18,38.56,-1,764.8,79,2,40,-4.3
100,10,22.29,47.73333333,20.39,41.77777778,20.96333333,40.3,21.65,36.9,19.1,51.47857143,-3.326666667,90.83,20.86,32.236,22.444375,40.6,18,38.5,-1.03,764.8,78,2,40,-4.48
90,10,22.35666667,45.63,20.45416667,42.34166667,21,40.73,21.56666667,36.96666667,19.19944444,50.52,-3.475,90.6225,20.74,31.76222222,22.39,40.40769231,17.96333333,38.43,-1.07,764.8,77,2,40,-4.67
90,10,22.29,44.63,20.51875,42.48125,21,40.79,21.5,36.9,19.26,49.36833333,-3.56,90.86666667,20.7,31.456875,22.35666667,40.5,17.89,38.23,-1.1,764.8,76,2,40,-4.85
100,10,22.29,43.26333333,20.60625,42.16375,20.96333333,40.76,21.35666667,36.79,19.30666667,48.40444444,-3.59,91.1,20.61875,31.160625,22.34625,40.545,17.96333333,37.96666667,-1.13,764.8,75,2,40,-5.03
130,10,22.29,42.45666667,20.66666667,41.67888889,20.89,40.645,21.29,36.86333333,19.39,47.52777778,-3.59,91.36666667,20.56111111,31.05,22.365,40.5,17.82333333,37.76666667,-1.17,764.8,74,2,40,-5.22
110,10,22.39,41.62333333,20.70642857,41.10714286,20.89,40.5675,21.2,36.9,19.424375,46.809375,-3.53,91.66333333,20.5,31.26785714,22.39,40.30125,17.89,37.645,-1.2,764.8,73,2,40,-5.4
120,20,22.39,42.09666667,20.77363636,40.7,20.89,40.5,21.2,36.96666667,19.5,46.956,-3.645,91.095,20.5,31.467,22.39,40.05714286,17.79,37.46666667,-1.25,764.75,74.16666667,2.166666667,37.66666667,-5.27
100,30,22.5,43.29333333,20.78181818,40.05,20.92666667,40.62666667,21.2,37.29,20.43,80.28,-3.545,91.8725,20.5,31.445,22.39,39.9,17.79,37.345,-1.3,764.7,75.33333333,2.333333333,35.33333333,-5.13
110,20,22.42666667,41.83333333,20.79,39.4,21,40.56666667,21.2,37.43,20.45666667,81.46666667,-3.577222222,91.435,20.39,31.15,22.32333333,39.56666667,17.89,38.23,-1.35,764.65,76.5,2.5,33,-5
100,20,22.42666667,40.39333333,20.89,39.33333333,21,40.46666667,21.16666667,37.65666667,20.7,89.7,-3.684444444,90.46444444,20.42666667,33.22666667,22.254,39.17,17.89,38.29,-1.4,764.6,77.66666667,2.666666667,30.66666667,-4.87
120,20,22.42666667,39.6,20.89,39.2,21,40.32666667,21.16666667,37.73,20.62666667,86.96,-3.814444444,90.08111111,20.56666667,34.5,22.1,39.53,17.89,38.13333333,-1.45,764.55,78.83333333,2.833333333,28.33333333,-4.73
250,30,22.5,39.29,20.89,39.43333333,20.89,40.26,21.2,37.33333333,20.1,76.62333333,-3.76,90.82555556,20.7,34.79,22.1,39.72333333,17.89,37.86,-1.5,764.5,80,3,26,-4.6
110,10,22.5,39.23,20.9175,39.475,20.89,40.2,21.13333333,37.12666667,20.5,72.62333333,-3.821666667,90.13611111,20.7,34.53,22.16666667,39.76,17.79,37.52666667,-1.57,764.4833333,80.33333333,2.833333333,26.33333333,-4.6
110,0,22.5,39.02666667,21,39.32666667,20.89,40.2,21.1,37.16333333,20.77333333,69.46555556,-4.014444444,89.41944444,20.6,34.09,22.1,39.7,17.79,37.32666667,-1.63,764.4666667,80.66666667,2.666666667,26.66666667,-4.6
150,10,22.5,38.82666667,21,39.16333333,21,40.06,21.1,36.96333333,21.01272727,80.40545455,-4.065,89.41333333,20.55714286,34.16857143,22.1,39.56,17.79,37.06,-1.7,764.45,81,2.5,27,-4.6
110,20,22.5,38.73,21,39.03,21,40,21,36.72666667,21.44,88.132,-4.157222222,89.105,20.575,34.2,22.08,39.296,17.79,36.86,-1.77,764.4333333,81.33333333,2.333333333,27.33333333,-4.6
50,10,22.5,38.73,21,38.9,20.96333333,39.9,21,37.13333333,21.045,87.545,-4.298888889,88.55055556,20.5,34.2,22,38.95,17.7,36.66333333,-1.83,764.4166667,81.66666667,2.166666667,27.66666667,-4.6
40,10,22.445,38.4,20.92666667,38.96666667,20.82333333,39.9,21.06666667,38.09666667,20.6,83.78,-4.416666667,88.22055556,20.5,34.6925,21.92666667,39.56666667,17.7,36.66333333,-1.9,764.4,82,2,28,-4.6
50,10,22.39,38.73,20.89,39.09,20.76,39.86333333,21.06666667,38.56333333,20.46333333,81.56333333,-4.422222222,88.62555556,20.5,35.13333333,22,40.16,17.76,36.93333333,-1.97,764.35,82.16666667,2,28.16666667,-4.65
50,10,22.32333333,38.86333333,20.89,39.16333333,20.63333333,39.79,21.1,38.96333333,20.34,80.045,-4.332777778,89.58777778,20.5,35.36,21.98166667,40.94833333,17.7,37.06,-2.03,764.3,82.33333333,2,28.33333333,-4.7
70,10,22.29,39.15666667,20.79,39.23,20.6,39.79,21.1,39.2675,20.16666667,77.89333333,-4.214444444,89.96833333,20.5,35.56,21.89,41.46,17.7,37.36,-2.1,764.25,82.5,2,28.5,-4.75
60,20,22.29,39.29,20.79,39.36333333,20.53333333,39.86333333,21.1,39.46666667,20.05,76.8,-4.299444444,89.62666667,20.4725,35.9,21.89,41.9475,17.7,37.56,-2.17,764.2,82.66666667,2,28.66666667,-4.8
60,10,22.2,39.56666667,20.7,39.43333333,20.5,39.79,21.13333333,39.53,19.96333333,75.19666667,-4.416666667,88.65055556,20.39,35.96666667,21.84,42.145,17.7,37.73,-2.23,764.15,82.83333333,2,28.83333333,-4.85
70,10,22.2,39.7,20.7,39.56,20.5,39.79,21.13333333,39.59,19.89,74.14,-4.5,88.54555556,20.39,36.03,21.79,42.4475,17.7,37.79,-2.3,764.1,83,2,29,-4.9
50,10,22.1,39.82666667,20.56666667,39.59,20.46333333,39.76,21.2,39.7,19.7675,72.5175,-4.565,88.56833333,20.39,36.156,21.79,42.696,17.7,37.95,-2.38,764.0333333,83.5,2,28.33333333,-4.9
70,10,22.1,39.9,20.5,39.66333333,20.39,39.7,21.2,39.7,19.7,71.53333333,-4.628888889,88.06444444,20.29,36.2,21.79,42.86333333,17.66666667,38.09,-2.47,763.9666667,84,2,27.66666667,-4.9
60,10,22,39.9,20.39,39.73,20.39,39.7,21.13333333,39.79,19.66666667,70.36,-4.714444444,88.28888889,20.29,36.26,21.7,43.22666667,17.66666667,38.22333333,-2.55,763.9,84.5,2,27,-4.9
70,20,21.92666667,39.9,20.39,39.86333333,20.39,39.76,21.13333333,39.79,19.6,69.42666667,-4.606666667,88.94222222,20.29,36.5,21.7,43.63333333,17.6,38.26666667,-2.63,763.8333333,85,2,26.33333333,-4.9
60,10,21.89,39.9,20.29,40,20.39,39.79,21.1,39.79,19.575,68.5925,-4.617777778,88.65333333,20.2675,36.5,21.7,43.975,17.6,38.4,-2.72,763.7666667,85.5,2,25.66666667,-4.9
60,10,21.82333333,39.9,20.23,40,20.32333333,39.79,21.16666667,39.86333333,19.5,67.89333333,-4.651111111,88.81333333,20.26,36.69333333,21.7,44.4,17.6,38.4,-2.8,763.7,86,2,25,-4.9
50,10,21.79,39.93333333,20.16666667,40.09,20.39,39.79,21.1,39.82666667,19.39,67.02333333,-4.601111111,88.77388889,20.29,37.03,21.7,44.845,17.66666667,38.46666667,-2.88,763.5833333,86,2,25.5,-4.98
40,10,21.73,40,20.075,40.0675,20.32333333,39.79,21.1,39.9,19.39,66.49666667,-4.566111111,89.05388889,20.23,37.09,21.7,45.3,17.6,38.4,-2.97,763.4666667,86,2,26,-5.07
30,20,21.66666667,40,20,40,20.29,39.7,21.1,39.93333333,19.29,65.89666667,-4.483333333,89.31833333,20.26,37.26,21.7,45.56,17.6,38.46666667,-3.05,763.35,86,2,26.5,-5.15
40,0,21.6,40.19333333,19.945,40,20.26,39.76,21.1,40,19.29,65.49666667,-4.535,88.62277778,20.2,37.2,21.6,45.46666667,17.6,38.59,-3.13,763.2333333,86,2,27,-5.23
50,0,21.56666667,40.5,19.89,40.03,20.2,39.7,21.06666667,40.02666667,19.26,64.89666667,-4.678888889,87.92666667,20.29,37.32666667,21.53333333,45.32666667,17.6,38.66333333,-3.22,763.1166667,86,2,27.5,-5.32
50,0,21.5,40.69333333,19.89,40.09,20.2,39.7,21,39.69333333,19.2,64.49666667,-4.732777778,87.96111111,20.23,37.32666667,21.5,45.32666667,17.6,38.82666667,-3.3,763,86,2,28,-5.4
40,0,21.46333333,40.9,19.76,40.09,20.2,39.76,20.96333333,39.4,19.16666667,64.09333333,-4.757222222,88.04111111,20.2,37.29,21.478,45.48,17.6,38.96666667,-3.42,762.9166667,86.5,2,27.16666667,-5.42
50,10,21.39,40.9,19.7,40.16333333,20.2,39.7,20.89,39.32666667,19.1,63.74166667,-4.810555556,87.67277778,20.2,37.29,21.39,45.56,17.66666667,39.2,-3.53,762.8333333,87,2,26.33333333,-5.43
40,0,21.32333333,40.82666667,19.66666667,40.06,20.2,39.7,20.79,39.16333333,19.06666667,63.43,-4.922222222,87.325,20.2,37.29,21.35666667,45.82666667,17.6,39.2,-3.65,762.75,87.5,2,25.5,-5.45
40,0,21.26,40.76,19.6,40,20.2,39.7,20.7225,39.09,19,63.15666667,-4.877777778,87.80444444,20.13333333,37.29,21.29,46.1,17.6,39.32666667,-3.77,762.6666667,88,2,24.66666667,-5.47
40,0,21.2,40.7,19.6,40,20.2,39.76,20.63333333,39.03,19,62.93,-4.95,87.32944444,20.1,37.43333333,21.29,46.36,17.6,39.46666667,-3.88,762.5833333,88.5,2,23.83333333,-5.48
60,0,21.16666667,40.7,19.53333333,40,20.2,39.7,20.6,38.96666667,19,62.73,-5.055,86.96444444,20.1,37.5,21.29,46.63333333,17.6,39.59,-4,762.5,89,2,23,-5.5
50,0,21.1,40.7,19.5,40.03,20.2,39.76,20.53333333,38.9,18.89,62.52666667,-5.123333333,87.26666667,20.1,37.53,21.2,46.59,17.6,39.66333333,-4,762.4,88.66666667,2,23.33333333,-5.57
50,0,21,40.59,19.42666667,40.03,20.2,39.96666667,20.46333333,38.63333333,18.89,62.32666667,-5.091111111,87.74333333,20.1,37.59,21.2,46.72333333,17.6,39.745,-4,762.3,88.33333333,2,23.66666667,-5.63
40,0,21,40.59,19.39,40.12666667,20.26,40.02666667,20.39,38.56,18.85666667,62.13333333,-5.091111111,87.65,20.1,37.59,21.2,46.93333333,17.6,39.93333333,-4,762.2,88,2,24,-5.7
40,0,20.96333333,40.66333333,19.39,40.2,20.29,40.09,20.35666667,38.46666667,18.79,61.86,-5.128888889,87.56444444,20.1,37.59,21.2,47.06,17.66666667,40.13333333,-4,762.1,87.66666667,2,24.33333333,-5.77
20,0,20.89,40.66333333,19.29,40.23,20.29,40.09,20.29,38.4,18.79,61.66333333,-5.156666667,87.32833333,20,37.7,21.2,47.15666667,17.6,40.12666667,-4,762,87.33333333,2,24.66666667,-5.83
30,0,20.89,40.59,19.23,40.23,20.29,40.09,20.26,38.43,18.73,61.53,-5.19,87.63611111,20.05,37.65,21.13333333,47.29,17.6,40.2,-4,761.9,87,2,25,-5.9
20,0,20.89,40.59,19.2,40.29,20.29,40.09,20.2,38.29,18.76,61.36333333,-5.19,87.65777778,20,37.5,21.1,47.4,17.63333333,40.32666667,-4,761.8166667,86.83333333,2.166666667,25.33333333,-5.93
50,0,20.79,40.59,19.2,40.36333333,20.26,40.09,20.2,38.29,18.7,61.29,-5.257222222,87.18166667,20,37.4,21.1,47.4,17.63333333,40.4,-4,761.7333333,86.66666667,2.333333333,25.66666667,-5.97
60,0,20.79,40.59,19.16666667,40.4,20.2,40.09,20.2,38.23,18.7,61.16333333,-5.338095238,87.11238095,20,37.4,21,47.4,17.6,40.43333333,-4,761.65,86.5,2.5,26,-6
40,0,20.76,40.53,19.1,40.4,20.245,40.245,20.1,38.09,18.63333333,60.96333333,-5.342857143,86.99047619,19.89,37.4,21,47.56666667,17.6,40.5,-4,761.5666667,86.33333333,2.666666667,26.33333333,-6.03
50,0,20.7,40.59,19.1,40.46666667,20.23,40.23,20.1,38.16333333,18.6,60.83333333,-5.416666667,86.575,19.89,37.475,21,47.76,17.6,40.62666667,-4,761.4833333,86.16666667,2.833333333,26.66666667,-6.07
40,0,20.7,40.59,19,40.4,20.23,40.23,20.06666667,38.06,18.6,60.7,-5.51,85.98833333,19.89,37.62666667,20.96333333,47.66333333,17.6,40.76,-4,761.4,86,3,27,-6.1
40,0,20.63333333,40.53,19,40.4,20.26,40.29,20,38,18.6,60.56,-5.51,86.21,19.89,37.62666667,20.89,47.59,17.6,40.93333333,-4,761.3,85.66666667,3,27,-6.13
50,0,20.6,40.53,18.96333333,40.4,20.26,40.36333333,19.89,38,18.53333333,60.43333333,-5.5,86.45555556,19.89,37.73,20.89,47.56,17.6,41,-4,761.2,85.33333333,3,27,-6.17
50,0,20.575,40.59,18.89,40.4,20.29,40.4,19.89,38,18.5,60.4,-5.483333333,86.36444444,19.89,37.79,20.89,47.5,17.6,41.12666667,-4,761.1,85,3,27,-6.2
40,0,20.5,40.59,18.89,40.4,20.29,40.46666667,19.89,38,18.5,60.26,-5.4,86.76666667,19.89,37.86,20.89,47.4,17.6,41.26,-4,761,84.66666667,3,27,-6.23
50,0,20.5,40.62666667,18.89,40.4,20.29,40.5,19.865,37.925,18.5,60.12666667,-5.444444444,86.50555556,19.82333333,38,20.89,47.32666667,17.6,41.4,-4,760.9,84.33333333,3,27,-6.27
40,0,20.42666667,40.56666667,18.79,40.29,20.29,40.5,19.79,37.9,18.39,59.9,-5.472222222,86.34166667,19.79,38,20.89,47.3175,17.6,41.46666667,-4,760.8,84,3,27,-6.3
50,0,20.39,40.59,18.79,40.36333333,20.29,40.53,19.79,37.86333333,18.39,59.9,-5.53,85.83944444,19.79,37.95,20.89,47.4,17.6,41.59,-4.08,760.7166667,84.5,3,26.16666667,-6.32
30,0,20.39,40.66333333,18.7,40.32666667,20.29,40.59,19.79,37.79,18.39,59.79,-5.53,86.3,19.79,37.93333333,20.79,47.2,17.6,41.59,-4.17,760.6333333,85,3,25.33333333,-6.33
20,0,20.29,40.7,18.7,40.4,20.26,40.59,19.7,37.86333333,18.39,59.79,-5.5,86.35555556,19.79,38,20.79,47.2,17.6,41.59,-4.25,760.55,85.5,3,24.5,-6.35
30,0,20.29,40.7,18.7,40.4,20.26,40.59,19.7,37.86333333,18.35666667,59.7,-5.525,86.2,19.79,38,20.79,47.2,17.6,41.62666667,-4.33,760.4666667,86,3,23.66666667,-6.37
30,0,20.29,40.7,18.63333333,40.32666667,20.2,40.59,19.7,37.9,18.29,59.62666667,-5.535,86.38277778,19.79,38,20.73,47.2,17.6,41.7,-4.42,760.3833333,86.5,3,22.83333333,-6.38
50,0,20.23,40.7,18.6,40.29,20.2,40.59,19.63333333,37.9,18.29,59.59,-5.483333333,86.77277778,19.7,38.03,20.7,47.09,17.6,41.7,-4.5,760.3,87,3,22,-6.4
80,0,20.2,40.76666667,18.6,40.29,20.2,40.59,19.6,37.9,18.29,59.59,-5.427777778,87.055,19.7225,38.045,20.7,47.09,17.6,41.76,-4.55,760.25,87.16666667,2.833333333,22,-6.42
40,0,20.2,41.02666667,18.56666667,40.43333333,20.2,40.66333333,19.6,37.9,18.29,59.5,-5.383333333,86.88333333,19.73,38.09,20.7,47.09,17.6,41.86333333,-4.6,760.2,87.33333333,2.666666667,22,-6.43
50,10,20.2,41.26666667,18.56666667,40.63333333,20.1,40.7,19.56666667,37.9,18.29,59.5,-5.4,86.77555556,19.7,38.09,20.7,47.09,17.6,41.79,-4.65,760.15,87.5,2.5,22,-6.45
40,0,20.2,41.4,18.5,40.86,20.1,40.76,19.5,37.82666667,18.2,59.3725,-5.4,86.71,19.7,38.09,20.6,46.9,17.6,41.76,-4.7,760.1,87.66666667,2.333333333,22,-6.47
70,10,20.13333333,41.4,18.5,41,20.1,40.79,19.5,37.9,18.2,59.29,-5.372222222,86.66444444,19.66666667,38.09,20.6,46.845,17.6,41.7,-4.75,760.05,87.83333333,2.166666667,22,-6.48
100,0,20.13333333,41.4,18.5,41.12666667,20.1,40.73,19.42666667,37.9,18.23,59.22333333,-5.333333333,87.03666667,19.66666667,38.42333333,20.6,46.9,17.56666667,41.66333333,-4.8,760,88,2,22,-6.5
60,20,20.1,41.36,18.39,41.12666667,20.1,40.79,19.46333333,38.26666667,18.29,58.88,-5.3,86.92222222,19.7,38.46555556,20.6,47.035,17.5,41.59,-4.75,759.9666667,87.83333333,2,21.66666667,-6.48
50,0,20.1,41.56,18.39,41.33333333,20.1,40.79,19.39,38.46666667,18.29,58.79,-5.333333333,86.53388889,19.7,38.26666667,20.6,47.03,17.56666667,41.43,-4.7,759.9333333,87.66666667,2,21.33333333,-6.47
40,0,20.1,41.59,18.35666667,41.46333333,20.1,40.73,19.39,38.46666667,18.2,58.73,-5.292777778,86.70777778,19.6,37.93,20.5,46.76,17.5,41.23,-4.65,759.9,87.5,2,21,-6.45
40,0,20.03333333,41.46333333,18.29,41.59,20.1,40.79,19.39,38.4,18.2,58.73,-5.167777778,86.81833333,19.6,37.745,20.5,46.56666667,17.5,41.02666667,-4.6,759.8666667,87.33333333,2,20.66666667,-6.43
40,0,20.05,41.45,18.35666667,41.59,20.1,40.79,19.39,38.4,18.15,58.745,-5.19,86.53666667,19.575,37.5675,20.4725,46.2175,17.5,40.76666667,-4.55,759.8333333,87.16666667,2,20.33333333,-6.42
20,0,20,41.4,18.29,41.59,20.1,40.9,19.315,38.4,18.12,58.7,-5.226666667,86.67166667,19.5,37.45,20.39,45.895,17.5,40.52666667,-4.5,759.8,87,2,20,-6.4
20,0,20,41.4,18.29,41.59,20.03333333,40.82666667,19.29,38.32666667,18.13333333,58.7,-5.185555556,86.99888889,19.5,37.2,20.39,45.63333333,17.42666667,40.26666667,-4.43,759.7666667,86.83333333,2,20.33333333,-6.35
30,0,20,41.4,18.23,41.53,20,40.73,19.29,38.36333333,18.1,58.59,-5.075,87.53,19.42666667,37.06666667,20.39,45.43333333,17.39,39.96666667,-4.37,759.7333333,86.66666667,2,20.66666667,-6.3
50,0,19.92666667,41.4,18.26,41.56,20,40.79,19.29,38.29,18.1,58.53,-4.993333333,88.02444444,19.39,36.86333333,20.29,45.22333333,17.39,39.82666667,-4.3,759.7,86.5,2,21,-6.25
50,0,19.89,41.4,18.2,41.56,19.89,40.79,19.2,38.2,18.1,58.5,-4.9,88.33777778,19.39,36.73,20.29,45.03,17.39,39.645,-4.23,759.6666667,86.33333333,2,21.33333333,-6.2
40,0,19.89,41.4,18.2,41.59,19.89,40.79,19.2,38.2,18.05,58.395,-4.832777778,88.38277778,19.39,36.56,20.29,44.86333333,17.39,39.46666667,-4.17,759.6333333,86.16666667,2,21.66666667,-6.15
40,0,19.85666667,41.36333333,18.2,41.59,19.89,40.79,19.2,38.2,18,58.26,-4.726666667,88.77388889,19.39,36.5,20.29,44.79,17.39,39.4,-4.1,759.6,86,2,22,-6.1
40,0,19.79,41.23,18.2,41.7,19.89,40.79,19.2,38.2,18,58.2,-4.613888889,88.96666667,19.29,36.46666667,20.2,44.5,17.39,39.26,-4,759.55,86.16666667,1.833333333,22.16666667,-5.98
40,0,19.79,41.2,18.13333333,41.7,19.89,40.79,19.1,38.2,18,58.16333333,-4.45,89.44722222,19.29,36.4,20.2,44.36,17.32333333,39.12666667,-3.9,759.5,86.33333333,1.666666667,22.33333333,-5.87
50,0,19.79,41.2,18.1,41.73,19.89,40.79,19.1,38.12666667,18,58.09,-4.268333333,89.945,19.245,36.245,20.1,44.26,17.29,39.06,-3.8,759.45,86.5,1.5,22.5,-5.75
50,0,19.76,41.2,18.1,41.79,19.89,40.79,19.16666667,38,18,58,-4.039444444,90.40277778,19.23,36.12666667,20.1,44.12666667,17.29,39,-3.7,759.4,86.66666667,1.333333333,22.66666667,-5.63
50,0,19.7,41.2,18.1,41.79,19.82333333,40.73,19.1,38,17.92666667,57.93333333,-3.798333333,90.85333333,19.23,36.06666667,20.1,44,17.29,38.9,-3.6,759.35,86.83333333,1.166666667,22.83333333,-5.52
40,0,19.7,41.16333333,18.1,41.79,19.84,40.745,19.1,37.96666667,17.89,57.9,-3.601666667,91.28944444,19.2,36,20.03333333,43.93333333,17.29,38.82666667,-3.5,759.3,87,1,23,-5.4
40,0,19.7,41.16333333,18.1,41.79,19.89,40.79,19.1,37.96666667,17.89,57.82666667,-3.368888889,91.75277778,19.2,35.93333333,20.05,43.895,17.29,38.76,-3.28,759.2333333,85.83333333,1.333333333,25.83333333,-5.38
20,0,19.7,41.2,18.1,41.79,19.89,40.79,19.1,37.9,17.89,57.7675,-3.14,92.20166667,19.2,35.86333333,20,43.66333333,17.29,38.62666667,-3.07,759.1666667,84.66666667,1.666666667,28.66666667,-5.37
20,0,19.7,41.2,18.1,41.79,19.79,40.66333333,19.1,37.9,17.89,57.7,-2.862777778,92.65444444,19.2,35.79,20,43.53,17.29,38.59,-2.85,759.1,83.5,2,31.5,-5.35
30,0,19.6,41.09,18.13333333,41.7,19.79,40.59,19.1,37.96666667,17.89,57.66333333,-2.601666667,93.015,19.1,35.7,20,43.5,17.29,38.53,-2.63,759.0333333,82.33333333,2.333333333,34.33333333,-5.33
40,0,19.6,41.03,18.13333333,41.7,19.76,40.59,19.1,37.96666667,17.89,57.59,-2.328333333,93.485,19.1,35.62666667,19.92666667,43.43333333,17.29,38.5,-2.42,758.9666667,81.16666667,2.666666667,37.16666667,-5.32
50,0,19.6,41.045,18.2,41.66333333,19.7,40.59,19.1,38.045,17.89,57.5,-2.040555556,93.85444444,19.1,35.59,19.89,43.29,17.29,38.43333333,-2.2,758.9,80,3,40,-5.3
50,0,19.6,41.12666667,18.2,41.59,19.7,40.7,19.1,38.09,17.85666667,57.36333333,-1.838888889,94.11444444,19.1,35.59,19.89,43.29,17.29,38.4,-2.07,758.8166667,79,3,40,-5.33
40,0,19.6,41.2,18.2,41.59,19.76,40.7,19.1,38.03,17.79,57.29,-1.643333333,94.39722222,19.1,35.5,19.89,43.2,17.29,38.32666667,-1.93,758.7333333,78,3,40,-5.37
40,0,19.6,41.2,18.26,41.59,19.79,40.7,19.1,38,17.79,57.2,-1.375555556,94.60777778,19.1,35.5,19.82333333,43.06666667,17.26,38.26,-1.8,758.65,77,3,40,-5.4
50,0,19.6,41.2,18.23,41.53,19.79,40.7,19.1,38,17.79,57.12666667,-1.16,94.745,19.03333333,35.32666667,19.85666667,43.06,17.2,38.2,-1.67,758.5666667,76,3,40,-5.43
40,0,19.6,41.23,18.29,41.59,19.79,40.7,19.06666667,37.96666667,17.79,57.0675,-1.055555556,94.74444444,19.1,35.4,19.79,42.93333333,17.29,38.29,-1.53,758.4833333,75,3,40,-5.47
40,0,19.53333333,41.29,18.29,41.59,19.79,40.7,19.06666667,38.02666667,17.79,57,-0.844444444,94.85444444,19,35.26,19.79,42.9,17.23,38.23,-1.4,758.4,74,3,40,-5.5
50,0,19.5,41.29,18.29,41.53,19.79,40.7,19.03333333,38.06666667,17.76,56.96666667,-0.705555556,94.865,19,35.2,19.79,42.9,17.29,38.29,-1.35,758.3,73.66666667,3,40,-5.52
40,0,19.5,41.29,18.29,41.5,19.79,40.7,19.03333333,38.12666667,17.76,56.9,-0.633333333,94.66777778,19.1,35.26,19.79,42.86333333,17.2,38.2,-1.3,758.2,73.33333333,3,40,-5.53
50,0,19.5,41.29,18.29,41.5,19.73,40.7,19,38.09,17.79,56.79,-0.5,94.79611111,19.03333333,35.12666667,19.79,42.79,17.26,38.26,-1.25,758.1,73,3,40,-5.55
40,0,19.5,41.29,18.29,41.5,19.79,40.7,19,38.16333333,17.73,56.73,-0.361111111,94.9,19,35.045,19.79,42.73,17.29,38.29,-1.2,758,72.66666667,3,40,-5.57
20,0,19.5,41.29,18.29,41.5,19.79,40.7,19,38.2,17.76,56.66333333,-0.266666667,95.04388889,19,34.96666667,19.73,42.73,17.23,38.23,-1.15,757.9,72.33333333,3,40,-5.58
20,0,19.5,41.29,18.29,41.5,19.79,40.7,19,38.2,17.7,56.59,-0.105555556,95.17888889,19,34.9,19.79,42.66333333,17.23,38.2,-1.1,757.8,72,3,40,-5.6
30,0,19.5,41.4,18.245,41.45,19.745,40.7,19,38.2,17.7,56.5,0.038888889,95.25722222,19,34.82666667,19.745,42.645,17.23,38.12666667,-1.02,757.7166667,71.66666667,3,40,-5.58
40,0,19.5,41.4,18.29,41.5,19.7,40.7,19,38.2,17.7,56.5,0.15,95.32777778,19,34.82666667,19.7,42.59,17.29,38.09,-0.933,757.6333333,71.33333333,3,40,-5.57
50,0,19.39,41.29,18.23,41.43333333,19.7,40.7,19,38.23,17.7,56.4,0.3,95.50333333,19,34.79,19.7,42.59,17.29,38.09,-0.85,757.55,71,3,40,-5.55
50,0,19.39,41.29,18.29,41.5,19.7,40.7,18.92666667,38.29,17.7,56.32666667,0.377777778,95.47222222,19,34.73,19.7,42.53,17.2,38,-0.767,757.4666667,70.66666667,3,40,-5.53
50,0,19.46333333,41.36333333,18.2,41.4,19.7,40.7,18.89,38.29,17.7,56.29,0.466666667,95.42222222,19,34.62666667,19.7,42.5,17.26,38,-0.683,757.3833333,70.33333333,3,40,-5.52
40,0,19.39,41.29,18.26,41.46666667,19.7,40.7,18.89,38.29,17.63333333,56.15666667,0.566666667,95.37222222,19,34.645,19.7,42.43333333,17.29,38,-0.6,757.3,70,3,40,-5.5
40,0,19.39,41.29,18.29,41.5,19.7,40.7,18.89,38.29,17.66,56.09,0.661111111,95.42222222,19,34.56,19.7,42.4,17.29,38,-0.567,757.25,69.5,3,38.16666667,-5.55
40,0,19.39,41.345,18.29,41.5,19.7,40.7,18.89,38.29,17.625,55.9975,0.7,95.525,19,34.5675,19.7,42.4,17.2,37.9,-0.533,757.2,69,3,36.33333333,-5.6
40,0,19.39,41.36333333,18.29,41.5,19.7,40.7,18.89,38.29,17.66666667,55.96666667,0.783333333,95.65666667,19,34.7,19.625,42.3175,17.2,37.9,-0.5,757.15,68.5,3,34.5,-5.65
40,0,19.39,41.36333333,18.29,41.5,19.7,40.7,18.89,38.29,17.6,55.9,0.788888889,95.59,19,34.76,19.675,42.3725,17.2,37.9,-0.467,757.1,68,3,32.66666667,-5.7
50,0,19.39,41.36333333,18.26,41.5,19.7,40.7,18.89,38.36333333,17.6,55.845,0.805555556,95.70833333,19,34.7,19.6,42.2,17.2,37.9,-0.433,757.05,67.5,3,30.83333333,-5.75
50,0,19.29,41.4,18.2,41.5,19.7,40.7,18.89,38.29,17.6,55.7675,0.866666667,95.87777778,19,34.7,19.65,42.1725,17.2,37.79,-0.4,757,67,3,29,-5.8
30,0,19.35666667,41.4,18.2,41.4,19.7,40.7,18.89,38.29,17.6,55.7,0.888888889,96.01333333,19,34.7,19.6,42.09,17.2,37.79,-0.417,756.9666667,67.5,2.833333333,30.83333333,-5.73
20,0,19.29,41.4,18.2,41.4,19.7,40.66333333,18.85666667,38.36333333,17.6,55.6725,0.9,96.01,19,34.7,19.6,42,17.2,37.79,-0.433,756.9333333,68,2.666666667,32.66666667,-5.67
30,0,19.29,41.4,18.2,41.4,19.7,40.66333333,18.79,38.29,17.6,55.59,0.894444444,95.97777778,19,34.7,19.6,41.93333333,17.2,37.79,-0.45,756.9,68.5,2.5,34.5,-5.6
30,0,19.32333333,41.4,18.2,41.4,19.6,40.59,18.79,38.29,17.575,55.5675,0.783333333,95.75611111,19,34.66333333,19.6,41.86333333,17.2,37.79,-0.467,756.8666667,69,2.333333333,36.33333333,-5.53
40,0,19.32333333,41.4,18.2,41.4,19.6,40.59,18.79,38.23,17.5,55.46666667,0.633333333,95.54428571,19,34.59,19.6,41.79,17.2,37.7,-0.483,756.8333333,69.5,2.166666667,38.16666667,-5.47
50,0,19.29,41.4,18.2,41.4,19.56666667,40.59,18.79,38.2,17.5,55.38428571,0.495238095,95.46619048,18.96333333,34.48466667,19.6,41.79,17.2,37.7,-0.5,756.8,70,2,40,-5.4
50,0,19.29,41.4,18.2,41.4,19.55,40.6725,18.79,38.2,17.5,55.32666667,0.388888889,95.20222222,18.90222222,34.33277778,19.6,41.79,17.2,37.59,-0.617,756.7666667,72,2,38.16666667,-5.17
50,0,19.29,41.29,18.175,41.475,19.56666667,40.7,18.7,38.16333333,17.5,55.23461538,0.227777778,94.99,18.90833333,34.29,19.6,41.824375,17.2,37.59,-0.733,756.7333333,74,2,36.33333333,-4.93
40,0,19.29,41.29,18.1,41.5,19.6,40.59,18.7,38.09,17.5,55.2,0,94.62722222,18.89,34.29,19.56363636,41.86,17.1,37.5,-0.85,756.7,76,2,34.5,-4.7
40,0,19.29,41.29,18.1,41.56,19.6,40.59,18.7,38,17.5,55.17555556,-0.227777778,94.16722222,18.89,34.29,19.525,41.8725,17.1,37.5,-0.967,756.6666667,78,2,32.66666667,-4.47
50,0,19.29,41.29,18.1,41.56,19.56666667,40.62666667,18.7,38.06,17.5,55.09,-0.472222222,93.69055556,18.89,34.29,19.5,41.9,17.1,37.4,-1.08,756.6333333,80,2,30.83333333,-4.23
40,0,19.2,41.2,18.06666667,41.56,19.5,40.7,18.7,38.09,17.39,55,-0.677777778,93.22277778,18.82333333,34.36333333,19.5,41.9,17.1,37.4,-1.2,756.6,82,2,29,-4
40,0,19.2,41.2,18,41.5,19.5,40.7,18.63333333,38.03,17.42666667,54.96666667,-1.026666667,91.05388889,18.79,34.33714286,19.445,41.845,17.1,37.29,-1.33,756.6,82.83333333,2.166666667,28.16666667,-3.98
40,0,19.2,41.2,18,41.5,19.5,40.7,18.6,38.045,17.39,54.79,-1.43,89.29,18.79,34.4,19.434,41.834,17.1,37.29,-1.47,756.6,83.66666667,2.333333333,27.33333333,-3.97
40,0,19.2,41.2,17.92666667,41.5,19.5,40.7,18.6,38.09,17.42,54.79,-1.697222222,88.93888889,18.79,34.4,19.39,41.75,17.06666667,37.26,-1.6,756.6,84.5,2.5,26.5,-3.95
20,0,19.13333333,41.12666667,17.89,41.53,19.5,40.7,18.6,38.09,17.39,54.7,-1.862777778,88.84944444,18.754,34.4,19.39,41.7,17,37.2,-1.73,756.6,85.33333333,2.666666667,25.66666667,-3.93
30,0,19.1,41.12666667,17.89,41.59,19.5,40.66333333,18.56666667,38.16333333,17.39,54.678,-1.998888889,88.81333333,18.7,34.4,19.39,41.7,17.06666667,37.2,-1.87,756.6,86.16666667,2.833333333,24.83333333,-3.92
30,10,19.1,41.12666667,17.89,41.59,19.42666667,40.53,18.5,38.09,17.39,54.59,-2.01,89.59166667,18.7,34.4,19.35666667,41.7,17,37.1175,-2,756.6,87,3,24,-3.9
70,10,19.1,41.2,17.82333333,41.53,19.39,40.4,18.5,38.12666667,17.39,54.59,-2,90.14333333,18.7,34.5,19.29,41.7,17,37.09,-2.08,756.6,86.33333333,3,24,-4.08
230,10,19.1,41,17.79,41.56,19.39,40.32666667,18.5,38.2,17.39,54.5675,-2.035,90.44666667,18.7,34.5,19.315,42.0225,17,37.12666667,-2.17,756.6,85.66666667,3,24,-4.27
660,10,19.1,40.93333333,17.79,41.43333333,19.35666667,40.2,18.46333333,38.16333333,17.34,54.5,-2.155,90.73833333,18.6,34.59,19.412,42.196,17,37.2,-2.25,756.6,85,3,24,-4.45
510,0,19.1,41,17.79,41.46333333,19.29,40.26,18.39,38.16333333,17.29,54.5,-2.291111111,90.71111111,18.6,34.59,19.56666667,42.46666667,17,37.29,-2.33,756.6,84.33333333,3,24,-4.63
300,10,19.1,41.19333333,17.79,41.59,19.29,40.23,18.39,38.2,17.29,54.43333333,-2.398888889,90.58111111,18.6,34.7,19.73,42.82666667,17,37.29,-2.42,756.6,83.66666667,3,24,-4.82
300,20,19.1,41.46666667,17.92666667,41.86,19.29,40.29,18.39,38.2,17.29,54.4,-2.529444444,90.26611111,18.53333333,34.7,19.865,43.0425,16.96333333,37.29,-2.5,756.6,83,3,24,-5
350,10,19.23,41.56666667,18.06666667,42.06,19.39,40.2,18.35666667,38.32666667,17.29,54.4,-2.669444444,89.98611111,18.6,34.79,19.92666667,43.26666667,16.89,37.29,-2.5,756.65,82.16666667,3,24.5,-5.13
90,10,19.35666667,41.96,18.13333333,41.93333333,19.39,40.05,18.29,38.4,17.29,54.33,-2.7,90.15111111,18.51666667,34.88166667,20.0375,43.485,16.89,37.29,-2.5,756.7,81.33333333,3,25,-5.27
100,0,19.69666667,42.72333333,18.2925,42.27,19.53,40.13333333,18.29,38.43333333,17.29,54.29,-2.745,90.01722222,18.5,34.8725,20.01818182,43.37818182,16.89,37.29,-2.5,756.75,80.5,3,25.5,-5.4
130,10,19.96333333,42.53,18.46333333,42.63333333,19.63333333,40.33,18.29,38.5,17.37272727,56.90090909,-2.857222222,89.86111111,18.48,34.88,19.9725,43.333125,16.89,37.3,-2.5,756.8,79.66666667,3,26,-5.53
200,0,20.1,42.1,18.7,42.46666667,19.7,40.59,18.29,38.5,17.95076923,72.87153846,-2.933333333,89.87222222,18.48,34.88,20.02727273,43.74545455,16.96333333,37.96666667,-2.5,756.85,78.83333333,3,26.5,-5.67
480,0,20.1,41.82666667,18.76,42.52666667,19.7,40.59,18.29,38.5,18,70.1975,-2.972222222,89.72777778,18.5,34.85555556,20.13333333,43.83,17,39.36,-2.5,756.9,78,3,27,-5.8
430,10,20.13333333,41.9,18.92666667,42.79666667,19.76,40.99666667,18.26,38.43,18.3,72.745,-3.03,89.67444444,18.37714286,34.12571429,20.18571429,43.27714286,17.06666667,40.1,-2.58,756.8833333,78.83333333,2.833333333,26.5,-5.75
630,10,20.2,41.69333333,19.06666667,42.53,20.06666667,42.73333333,18.2,38.2225,19.62333333,84.96666667,-3.06,89.91055556,18.29,33.49,20.13333333,42.93,17.06666667,39.86333333,-2.67,756.8666667,79.66666667,2.666666667,26,-5.7
600,10,20.29,41.36333333,19.2,41.92333333,20.32666667,43.8,18.4,38.73333333,19.02333333,86.56666667,-3.06,90.04611111,18.29,33.15666667,20.13333333,43.2,17,39.39,-2.75,756.85,80.5,2.5,25.5,-5.65
470,20,20.365,40.8925,19.26,41.39,20.56666667,44.39,19.02333333,38.96666667,18.575,86.875,-3.127777778,89.455,18.26,32.79666667,20.2,43.08,17,38.9,-2.83,756.8333333,81.33333333,2.333333333,25,-5.6
740,10,20.46333333,40.76666667,19.39,41.06,20.76,46.05666667,19.49666667,38.69333333,18.42666667,86.46444444,-3.21,89.23666667,18.2,32.42285714,20.22571429,42.72928571,16.92666667,38.36666667,-2.92,756.8166667,82.16666667,2.166666667,24.5,-5.55
600,0,20.5,40.7,19.46333333,40.93333333,20.79,46.83333333,20.13,38.1,18.31,85.454,-3.321666667,88.745,18.2,32.22285714,20.2,42.59,16.89,38.09,-3,756.8,83,2,24,-5.5
560,10,20.56666667,40.62666667,19.5,40.63333333,20.93,46.62666667,20.59666667,37.69333333,18.29,84.26666667,-3.456666667,87.905,18.2,31.96333333,20.33,42.58,16.89,37.87,-3.17,756.7666667,83.5,2,23.33333333,-5.6
440,20,20.6,40.4,19.56666667,40.43333333,21.13333333,46.12333333,21.09666667,37.36333333,18.23,83.32666667,-3.672222222,86.80944444,18.13333333,31.82333333,20.39,42.13333333,16.82333333,37.39,-3.33,756.7333333,84,2,22.66666667,-5.7
280,10,20.66666667,40.26666667,19.6,40.02666667,21.26,45.39666667,21.49666667,37.09666667,18.16666667,82.29,-3.897222222,85.87388889,18.1,31.63333333,20.32333333,42.13333333,16.85666667,37.1,-3.5,756.7,84.5,2,22,-5.8
110,20,20.73,39.63333333,19.67272727,39.63818182,21.13333333,44.13,21.79,37.09,18.05454545,80.15363636,-4.015,86.00555556,18.1,31.39333333,20.34,42.02833333,16.79,36.76666667,-3.67,756.6666667,85,2,21.33333333,-5.9
80,10,20.79,39.36,19.7,39.19666667,20.92666667,43.33,21.73,36.83,18,78.31916667,-4.07,86.25722222,18.01111111,31.16555556,20.29,41.82666667,16.82333333,37.13333333,-3.83,756.6333333,85.5,2,20.66666667,-6
70,20,20.76,38.79666667,19.7,38.63333333,20.79,42.56333333,21.43,36.63333333,17.89,75.43333333,-4.193888889,85.62222222,18,31.03333333,20.29,41.82666667,16.89,38.33333333,-4,756.6,86,2,20,-6.1
50,10,20.76,38.46333333,19.7,38.36166667,20.73,42.03,21.23,36.36,17.89,73.22666667,-4.4,84.61222222,18,30.89,20.29,41.9,17,39.09666667,-4.15,756.6,86.33333333,1.833333333,27.33333333,-6.18
50,10,20.76,38.29,19.7,38.23,20.6,41.7,21.06666667,36.62666667,17.85,71.174,-4.546666667,84.25444444,18,31.31,20.2,42.03,17.06666667,39.43,-4.3,756.6,86.66666667,1.666666667,34.66666667,-6.27
60,20,20.7,38.29,19.7,38.36,20.525,41.65,20.92666667,36.83333333,17.775,69.195,-4.879444444,82.53777778,18,31.93,20.2,42.24,17,39.4,-4.45,756.6,87,1.5,42,-6.35
60,10,20.7,38.32666667,19.7,38.56,20.5,41.5,20.85666667,37.09,17.73,68.5,-5.216111111,81.63277778,18,32.25,20.2,42.558,17,39.4,-4.6,756.6,87.33333333,1.333333333,49.33333333,-6.43
50,10,20.7,38.46666667,19.7,38.73,20.39,41.36333333,20.73,37.16333333,17.7,67.76666667,-5.250555556,82.85111111,18,32.52666667,20.2,42.93,17,39.4,-4.75,756.6,87.66666667,1.166666667,56.66666667,-6.52
60,20,20.66666667,38.59,19.625,38.8175,20.32333333,41.23,20.66666667,37.43333333,17.7,67.36666667,-5.063888889,84.43333333,18,32.73,20.2,43.12666667,17,39.32666667,-4.9,756.6,88,1,64,-6.6
50,10,20.6,38.66333333,19.53333333,38.96666667,20.29,41.02666667,20.6,37.56,17.7,66.99333333,-5.348888889,82.93388889,18,32.86333333,20.2,43.33333333,17,39.26,-4.83,756.6,87.83333333,1,64.16666667,-6.55
50,10,20.6,38.79,19.46333333,39.03,20.23,40.82666667,20.56666667,37.73,17.63333333,66.6,-5.549444444,82.44166667,18,33.09,20.2,43.53,16.92666667,39.2,-4.77,756.6,87.66666667,1,64.33333333,-6.5
40,20,20.53333333,38.86333333,19.39,39.09,20.2,40.7,20.5,37.86333333,17.6,66.18285714,-5.674444444,82.66555556,18,33.20555556,20.15,43.59,16.89,39.09,-4.7,756.6,87.5,1,64.5,-6.45
30,10,20.5,38.93333333,19.35666667,39.15666667,20.13333333,40.62666667,20.39,38,17.6,65.813125,-5.799444444,82.71277778,18,33.36764706,20.1,43.76,16.89,39.09,-4.63,756.6,87.33333333,1,64.66666667,-6.4
40,10,20.5,39.06,19.29,39.29,20.06666667,40.46666667,20.35666667,38.12666667,17.6,65.54357143,-5.872222222,82.655,18,33.4,20.1,43.86333333,16.89,39.09,-4.57,756.6,87.16666667,1,64.83333333,-6.35
50,20,20.39,39.09,19.2,39.23,20,40.32666667,20.29,38.26,17.55555556,65.23333333,-5.888888889,82.81611111,17.97555556,33.48333333,20.1,43.99375,16.89,39.09,-4.5,756.6,87,1,65,-6.3
50,0,20.39,39.2,19.13333333,39.36333333,19.96333333,40.29,20.26,38.4,17.53333333,64.944,-6.03,82.09444444,17.96857143,33.51928571,20.06,44.036,16.85666667,39.06,-4.52,756.6,87.66666667,1,65,-6.23
50,0,20.32333333,39.2,19.06666667,39.36333333,19.89,40.29,20.2,38.4,17.5,64.64714286,-6.065,82.56055556,17.95769231,33.57615385,20.06,44.314,16.84,39.045,-4.53,756.6,88.33333333,1,65,-6.17
40,0,20.29,39.53,19,39.29,19.85666667,40.22333333,20.1,38.53,17.5,64.51722222,-6.028333333,83.58944444,17.938125,33.63125,20.1,44.624375,16.79,39.06,-4.55,756.6,89,1,65,-6.1
50,0,20.23,39.46333333,18.89,39.26,19.79,40.09,20.03333333,38.59,17.47555556,64.19555556,-5.843888889,84.93111111,17.91444444,33.69388889,20.1,44.715,16.89,39.23,-4.57,756.6,89.66666667,1,65,-6.03
40,0,20.2,39.4,18.89,39.26,19.79,40.09,19.85666667,38.56,17.46333333,63.885,-5.71,85.35444444,17.90833333,33.7,20.1,44.82055556,16.89,39.36333333,-4.58,756.6,90.33333333,1,65,-5.97
50,0,20.13333333,39.4,18.76,39.09,19.73,40.09,19.79,38.5,17.445,63.67166667,-5.601111111,85.49777778,17.89611111,33.7,20.03888889,44.77777778,16.79,39.43333333,-4.6,756.6,91,1,65,-5.9
40,0,20.1,39.29,18.7,39.09,19.7,40.09,19.7,38.5,17.39,63.44333333,-5.612222222,85.31444444,17.89,33.7,20,44.7,16.79,39.56,-4.55,756.5333333,90.5,1,57.5,-5.92
50,0,20.1,39.23,18.66666667,39.06,19.76,40.22333333,19.63333333,38.43333333,17.39,63.29333333,-5.555,85.39944444,17.89,33.735,19.90833333,44.7,16.89,39.7,-4.5,756.4666667,90,1,50,-5.93
50,0,20,39.2,18.6,39.06,19.79,40.32666667,19.5,38.4,17.37888889,63.145,-5.52,85.515,17.89,33.81444444,19.85666667,44.715,16.82333333,39.7,-4.45,756.4,89.5,1,42.5,-5.95
40,0,20,39.2,18.56666667,39,19.815,40.425,19.5,38.46666667,17.37888889,62.95777778,-5.461111111,85.70277778,17.89,33.8,19.79555556,44.77833333,16.89,39.82666667,-4.4,756.3333333,89,1,35,-5.97
40,0,19.89,39.2,18.5,39.06,19.89,40.5,19.39,38.43333333,17.35666667,62.79,-5.4,85.96722222,17.83444444,33.82666667,19.79,44.92777778,16.89,39.96666667,-4.35,756.2666667,88.5,1,27.5,-5.98
30,0,19.89,39.2,18.46333333,39.06,19.89,40.5,19.32333333,38.5,17.31777778,62.67222222,-5.383333333,86.02166667,17.80111111,33.80222222,19.79,45.06611111,16.79,39.9,-4.3,756.2,88,1,20,-6
20,0,19.79,39.09,18.39,39.0675,19.89,40.56,19.26,38.46666667,17.29,62.52833333,-5.322222222,86.16166667,17.80666667,33.83888889,19.79,45.24777778,16.85666667,40.02666667,-4.33,756.25,88.5,1,27.33333333,-5.97
20,0,19.79,39.09,18.32333333,39.09,19.79,40.4,19.2,38.4,17.29,62.31444444,-5.338888889,85.76222222,17.79,33.82666667,19.755,45.30833333,16.82333333,40.12666667,-4.37,756.3,89,1,34.66666667,-5.93
40,0,19.7,39.09,18.35666667,39.12666667,19.79,40.4,19.16666667,38.4,17.29,62.155,-5.35,85.59444444,17.79,33.9,19.7,45.4,16.89,40.26,-4.4,756.35,89.5,1,42,-5.9
50,0,19.7,39.09,18.29,39.2,19.79,40.4,19.1,38.4,17.29,61.97,-5.327777778,85.48555556,17.79,33.86944444,19.7,45.49833333,16.79,40.29,-4.43,756.4,90,1,49.33333333,-5.87
40,0,19.66666667,39.06,18.2,39.2,19.79,40.46666667,19.03333333,38.4,17.28,61.765,-5.388888889,85.05722222,17.79,33.85722222,19.7,45.58,16.79,40.36333333,-4.47,756.45,90.5,1,56.66666667,-5.83
50,0,19.6,39,18.2,39.2,19.79,40.5,19,38.29,17.235,61.57,-5.338888889,85.49444444,17.755,33.87555556,19.7,45.505,16.79,40.43333333,-4.5,756.5,91,1,64,-5.8
50,0,19.55,38.95,18.1,39.26,19.79,40.5,18.92666667,38.29,17.21,61.38833333,-5.3,85.72666667,17.755,33.9,19.7,45.5,16.79,40.5,-4.43,756.45,90.66666667,1,64,-5.78
40,0,19.5,39,18.1,39.26,19.79,40.5,18.89,38.29,17.2,61.24888889,-5.257222222,85.83833333,17.73,33.9,19.7,45.5,16.85666667,40.7,-4.37,756.4,90.33333333,1,64,-5.77
40,0,19.5,39,18.06666667,39.26,19.73,40.5,18.89,38.29,17.2,61.12666667,-5.173333333,86.06166667,17.735,33.9,19.7,45.45,16.79,40.795,-4.3,756.35,90,1,64,-5.75
50,0,19.39,38.9,18,39.2,19.79,40.59,18.79,38.2,17.2,61.00944444,-5.073809524,86.48238095,17.72,33.9,19.63846154,45.31538462,16.79,40.9,-4.23,756.3,89.66666667,1,64,-5.73
50,0,19.39,38.9,18,39.29,19.73,40.59,18.79,38.2,17.2,60.85611111,-5.034285714,86.72380952,17.7,33.91111111,19.6,45.216875,16.79,41,-4.17,756.25,89.33333333,1,64,-5.72
50,0,19.39,38.9,18,39.29,19.73,40.59,18.76,38.2,17.16666667,60.735,-5.03,86.37944444,17.7,33.93333333,19.6,45.2,16.79,41.06,-4.1,756.2,89,1,64,-5.7
40,0,19.39,38.9,17.89,39.32666667,19.79,40.66333333,18.76,38.2,17.11666667,60.645,-5.03,86.07166667,17.7,33.93888889,19.58888889,45.2,16.79,41.09,-4.1,756.2166667,89,1,64,-5.7
50,0,19.29,38.9,17.89,39.4,19.76,40.7,18.7,38.2,17.10555556,60.47611111,-5.02,86.05611111,17.7,33.95555556,19.55555556,45.13277778,16.79,41.16333333,-4.1,756.2333333,89,1,64,-5.7
20,0,19.29,38.96666667,17.85666667,39.46666667,19.76,40.62666667,18.7,38.2,17.11666667,60.38166667,-4.988888889,86.28722222,17.7,33.98888889,19.55,45.025,16.79,41.2,-4.1,756.25,89,1,64,-5.7
30,0,19.29,39.03,17.79,39.46666667,19.7,40.66333333,18.66666667,38.16333333,17.1,60.28722222,-4.95,86.45277778,17.65,33.93888889,19.55555556,45.055,16.79,41.26,-4.1,756.2666667,89,1,64,-5.7
10,0,19.23,39.03,17.79,39.5,19.7,40.5675,18.6,38.16333333,17.1,60.145,-4.905555556,86.76777778,17.63333333,33.9,19.5,45.09,16.79,41.29,-4.1,756.2833333,89,1,64,-5.7
40,0,19.2,39,17.79,39.5,19.7,40.5,18.6,38.09,17.1,60.06944444,-4.861111111,86.98777778,17.6,33.82666667,19.5,45.09,16.79,41.36333333,-4.1,756.3,89,1,64,-5.7
60,0,19.2,39,17.7,39.5,19.6,40.32666667,18.6,38.09,17.08888889,59.92111111,-5.023888889,85.44222222,17.6,33.9,19.5,45.065,16.79,41.4,-4.17,756.3166667,89.33333333,1,63.83333333,-5.72
40,0,19.2,39.09,17.7,39.5675,19.6,40.46666667,18.5,38.09,17.05555556,59.76111111,-5.209444444,84.12277778,17.6,33.9,19.49388889,45.01444444,16.79,41.46666667,-4.23,756.3333333,89.66666667,1,63.66666667,-5.73
50,0,19.13333333,39.09,17.7,39.59,19.6,40.5,18.5,38.16333333,17.04,59.689,-5.338888889,83.56944444,17.6,33.9,19.42666667,44.93333333,16.79,41.5,-4.3,756.35,90,1,63.5,-5.75
40,0,19.1,39.09,17.66666667,39.56,19.6,40.5,18.46333333,38.06,17.01111111,59.58722222,-5.411111111,83.59111111,17.6,33.9,19.39,44.9,16.79,41.5,-4.37,756.3666667,90.33333333,1,63.33333333,-5.77
40,0,19.1,39.16333333,17.6,39.5,19.6,40.5,18.445,38.045,17,59.515,-5.433333333,83.76777778,17.6,33.9,19.39,44.86944444,16.79,41.59,-4.43,756.3833333,90.66666667,1,63.16666667,-5.78
40,0,19.06666667,39.2,17.6,39.59,19.6,40.5,18.39,38,17,59.399375,-5.433333333,84.005,17.54444444,33.9,19.39,44.86333333,16.79,41.59,-4.5,756.4,91,1,63,-5.8
70,10,19,39.2,17.6,39.59,19.6,40.56,18.39,38,17,59.32666667,-5.519444444,83.57,17.51666667,33.9,19.39,44.81444444,16.79,41.59,-4.47,756.4166667,90.83333333,1,63.16666667,-5.78
50,0,19,39.595,17.5,39.73,19.6,40.43333333,18.39,38,17,59.215,-5.58,83.30333333,17.5,33.9,19.39,44.79,16.79,41.66333333,-4.43,756.4333333,90.66666667,1,63.33333333,-5.77
50,0,19,39.96333333,17.5,39.93,19.5,40.26,18.29,38.03,16.98,59.15,-5.612222222,83.54555556,17.525,33.9,19.39,44.79,16.79,41.7,-4.4,756.45,90.5,1,63.5,-5.75
40,10,19,40.03,17.5,40.12666667,19.5,40.2,18.29,38.09,16.923,58.677,-5.612222222,84.16888889,17.5,33.9,19.37888889,44.79,16.79,41.7,-4.37,756.4666667,90.33333333,1,63.66666667,-5.73
30,0,19,40,17.5,40.26,19.5,40.03,18.29,38.09,16.99833333,56.34166667,-5.492777778,85.28388889,17.5,33.9,19.30666667,44.82055556,16.79,41.7,-4.33,756.4833333,90.16666667,1,63.83333333,-5.72
30,10,19,39.93333333,17.46333333,40.5,19.5,40.09,18.29,38.09,17.075,54.854375,-5.315,86.23833333,17.4725,33.8725,19.29,44.90555556,16.79,41.59,-4.3,756.5,90,1,64,-5.7
20,10,18.96333333,39.93333333,17.39,40.56,19.39,39.86333333,18.2,38,17.1,54.158125,-5.185555556,86.66833333,17.5,33.9,19.29,45.00888889,16.79,41.59,-4.3,756.55,89.83333333,1,64,-5.73
50,0,18.89,40.06,17.39,40.7,19.39,39.86333333,18.2,38.06,17.05,54.74944444,-5.075,86.64,17.47555556,33.87555556,19.285,44.90555556,16.79,41.56,-4.3,756.6,89.66666667,1,64,-5.77
50,0,18.89,40.2,17.39,40.7,19.39,39.82666667,18.2,38.23,17,55.36388889,-5.035,86.33722222,17.445,33.845,19.23,44.71166667,16.79,41.43333333,-4.3,756.65,89.5,1,64,-5.8
50,0,18.89,40.2,17.39,40.73,19.32333333,39.9,18.2,38.29,16.945,55.85055556,-5.091111111,85.79277778,17.41444444,33.83888889,19.2,44.47611111,16.76,41.22333333,-4.3,756.7,89.33333333,1,64,-5.83
50,10,18.89,40.32666667,17.39,40.86333333,19.29,40,18.2,38.4,16.89,56.16,-5.14,85.10722222,17.41444444,33.81444444,19.19,44.325,16.7,41.03,-4.3,756.75,89.16666667,1,64,-5.87
40,0,18.89,40.52666667,17.35666667,40.93333333,19.29,40,18.13333333,38.46666667,16.89,56.44777778,-5.245,84.35777778,17.39,33.82666667,19.13333333,44.155,16.7,40.72333333,-4.3,756.8,89,1,64,-5.9
40,0,18.89,40.59,17.29,41.06,19.29,40.06,18.1,38.62666667,16.89,56.65722222,-5.338888889,83.97944444,17.39,33.88166667,19.1,44.00944444,16.7,40.46333333,-4.4,756.8666667,89.66666667,1,63.66666667,-5.9
50,0,18.89,40.53,17.29,41,19.29,40,18.1,38.62666667,16.89,56.81055556,-5.411111111,83.46722222,17.39,33.89388889,19.08333333,43.79833333,16.7,40.26,-4.5,756.9333333,90.33333333,1,63.33333333,-5.9
40,0,18.79,40.4,17.29,41,19.29,40,18.1,38.59,16.88444444,56.91111111,-5.488888889,83.44888889,17.39,33.85111111,19.03333333,43.61611111,16.7,40.06666667,-4.6,757,91,1,63,-5.9
40,0,18.79,40.4,17.29,41,19.29,40,18.1,38.53,16.82636364,56.93636364,-5.444444444,83.77666667,17.39,33.86833333,19,43.41111111,16.66666667,39.83333333,-4.7,757.0666667,91.66666667,1,62.66666667,-5.9
40,0,18.79,40.43333333,17.26,40.96666667,19.23,39.93333333,18.06666667,38.46666667,16.79,56.96111111,-5.433333333,83.84444444,17.37888889,33.93888889,19,43.4,16.6,39.62666667,-4.8,757.1333333,92.33333333,1,62.33333333,-5.9
40,0,18.79,40.43333333,17.2,40.9,19.2,39.9,18,38.3175,16.80666667,56.99277778,-5.433333333,83.61444444,17.34,33.93888889,18.945,43.29555556,16.6,39.46666667,-4.9,757.2,93,1,62,-5.9
20,0,18.7,40.5,17.2,41,19.2,39.9,18,38.29,16.79555556,57.005,-5.494444444,83.07833333,17.29,33.9,18.89,43.15722222,16.6,39.4,-4.7,757.2166667,92.66666667,1,62,-5.75
30,0,18.7,40.56,17.2,41,19.2,39.9,18,38.2,16.79,57,-5.576111111,82.32944444,17.32333333,33.87555556,18.89,43.045,16.6,39.26,-4.5,757.2333333,92.33333333,1,62,-5.6
30,0,18.7,40.59,17.2,41.06,19.2,39.82666667,17.89,38.2,16.79,57,-5.715,81.64166667,17.32529412,33.9,18.89,42.96111111,16.6,39.12666667,-4.3,757.25,92,1,62,-5.45
40,0,18.7,40.59,17.2,41,19.1,39.76,17.89,38.16333333,16.77,57,-5.798888889,81.16277778,17.29,33.9,18.86777778,42.825,16.6,39,-4.1,757.2666667,91.66666667,1,62,-5.3
40,0,18.7,40.59,17.2,41.03,19.1,39.76,17.89,38.09,16.73,56.99444444,-5.833333333,81.20444444,17.29,33.9,18.81777778,42.71888889,16.6,38.9,-3.9,757.2833333,91.33333333,1,62,-5.15
40,0,18.625,40.545,17.13333333,41.03,19.1,39.79,17.89,38.09,16.745,56.91111111,-5.822222222,81.79444444,17.29,33.80833333,18.80176471,42.60294118,16.5,38.845,-3.7,757.3,91,1,62,-5
50,0,18.6,40.53,17.13333333,41.09,19.1,39.79,17.89,38.09,16.7,56.9,-5.708333333,82.56555556,17.29,33.79,18.79,42.505,16.5,38.76,-3.48,757.3166667,89.33333333,1,62.33333333,-5.05
50,0,18.6,40.5,17.13333333,41.03,19.1,39.73,17.89,38.09,16.7,56.893125,-5.625,83.08944444,17.29,33.79,18.77,42.45,16.5,38.7,-3.27,757.3333333,87.66666667,1,62.66666667,-5.1
50,0,18.6,40.5,17.2,40.96666667,19.03333333,39.79,17.89,38.09,16.7,56.82666667,-5.403888889,84.17444444,17.29,33.765,18.745,42.33277778,16.5,38.7,-3.05,757.35,86,1,63,-5.15
40,0,18.6,40.5,17.26,40.96666667,19.06666667,39.86333333,17.92666667,38.09,16.7,56.79,-5.127222222,84.91722222,17.29555556,33.68166667,18.71,42.29,16.5,38.62666667,-2.83,757.3666667,84.33333333,1,63.33333333,-5.2
40,0,18.6,40.5,17.29,40.9,19.06666667,39.86333333,18,38.09,16.7,56.775,-4.837222222,85.58444444,17.30666667,33.59,18.74,42.28,16.53333333,38.59,-2.62,757.3833333,82.66666667,1,63.66666667,-5.25
40,0,18.6,40.5,17.35666667,40.9,19,39.79,18.13333333,38.16333333,16.7,56.73,-4.578333333,86.17277778,17.32888889,33.52944444,18.71,42.215,16.6,38.59,-2.4,757.4,81,1,64,-5.3
20,0,18.6,40.5,17.42666667,40.9,19.1,39.9,18.2,38.03,16.68888889,56.68777778,-4.238888889,87.25611111,17.39,33.41111111,18.765,42.18166667,16.6,38.56,-2.27,757.4333333,80,1,56.66666667,-5.33
20,0,18.7,40.56,17.5,40.82666667,19.03333333,39.82666667,18.29,37.96666667,16.68888889,56.62055556,-3.929444444,87.94944444,17.43277778,33.35222222,18.79,42.065,16.6,38.5,-2.13,757.4666667,79,1,49.33333333,-5.37
30,0,18.76,40.5,17.6,40.66333333,19,39.79,18.29,37.9,16.67777778,56.57,-3.627222222,88.66111111,17.5,33.21,18.79,41.89333333,16.6,38.46666667,-2,757.5,78,1,42,-5.4
50,0,18.79,40.4,17.6,40.6175,19,39.79,18.29,37.9,16.63888889,56.51833333,-3.292777778,89.50611111,17.5,33.2,18.79,41.61,16.6,38.4,-1.87,757.5333333,77,1,34.66666667,-5.43
40,0,18.79,40.4,17.6,40.7,19,39.79,18.29,37.96666667,16.6,56.4,-2.97,90.23833333,17.5,33.12055556,18.80666667,41.575,16.6,38.5,-1.73,757.5666667,76,1,27.33333333,-5.47
50,0,18.79,40.29,17.7,40.66333333,19,39.79,18.29,37.95,16.6,56.35722222,-2.726666667,90.69333333,17.5,33.09,18.85666667,41.57833333,16.66666667,38.63333333,-1.6,757.6,75,1,20,-5.5
40,0,18.85666667,40.29,17.76,40.53,19,39.82666667,18.29,37.9,16.6,56.29,-2.561666667,90.83722222,17.51111111,33.01722222,18.81777778,41.59055556,16.7,38.73,-1.33,757.6,73.16666667,1,20.33333333,-5.58
40,0,18.89,40.29,17.79,40.46666667,19,39.9,18.29,37.82666667,16.6,56.275,-2.341111111,91.01,17.6,32.75333333,18.82888889,41.60444444,16.7,38.86333333,-1.07,757.6,71.33333333,1,20.66666667,-5.67
40,0,18.89,40.23,17.79,40.46666667,19,39.9,18.29,37.79,16.6,56.22,-2.097777778,91.00166667,17.66666667,32.645,18.87888889,41.4,16.7,38.9,-0.8,757.6,69.5,1,21,-5.75
40,0,18.89,40.2,17.79,40.46666667,19,39.9,18.29,37.79,16.6,56.13277778,-1.902777778,91.06611111,17.76055556,32.62055556,18.89,41.06611111,16.7,38.9,-0.533,757.6,67.66666667,1,21.33333333,-5.83
50,0,18.92666667,40.09,17.79,40.4,19,39.9,18.29,37.72333333,16.6,56.09,-1.755,91.04611111,17.90944444,32.62277778,18.93277778,40.90555556,16.7,38.745,-0.267,757.6,65.83333333,1,21.66666667,-5.92
50,0,19,40.03,17.79,40.4,19,39.9,18.23,37.53,16.6,56.055,-1.65,91.20388889,18.01111111,32.455,19.07777778,40.95,16.73,38.5,0,757.6,64,1,22,-6
50,0,19,39.96666667,17.79,40.4,19,39.79,18.2,37.46666667,16.6,56,-1.498333333,91.43333333,18.06111111,32.43333333,19.215,40.89222222,16.73,38.43333333,-0.0333,757.55,64.66666667,1,22,-5.92
30,0,19,39.9,17.85666667,40.46666667,19.06666667,39.79,18.2,37.32666667,16.6,55.91666667,-1.375555556,91.57611111,18.1,32.39388889,19.29,40.845,16.79,38.16333333,-0.0667,757.5,65.33333333,1,22,-5.83
30,0,19,39.9,17.79,40.4,19.06666667,39.79,18.1,37.29,16.57777778,55.9,-1.286111111,91.73277778,18.1,32.30222222,19.29,40.715,16.79,38.09,-0.1,757.45,66,1,22,-5.75
20,0,19,39.9,17.79,40.4,19.06666667,39.86333333,18.1,37.29,16.58888889,55.82777778,-1.122222222,92.05333333,18.1,32.275,19.29,40.66333333,16.89,38.09,-0.133,757.4,66.66666667,1,22,-5.67
20,0,19,39.9,17.79,40.46666667,19,39.79,18.1,37.29,16.51666667,55.74,-0.9,92.54722222,18.11666667,32.16944444,19.30111111,40.59111111,16.89,38.09,-0.167,757.35,67.33333333,1,22,-5.58
50,0,19,39.9,17.79,40.4,19,39.79,18.16666667,37.29,16.51111111,55.71,-0.772222222,92.81388889,18.17166667,32.12055556,19.32333333,40.51,16.82333333,38.09,-0.2,757.3,68,1,22,-5.5
50,0,19,39.9,17.79,40.4,18.945,39.745,18.1,37.29,16.51111111,55.645,-0.683333333,93.005,18.28777778,32.16333333,19.35111111,40.49444444,16.82333333,38.09,0.117,757.2833333,66.16666667,1,22.83333333,-5.57
50,0,19.06666667,39.9,17.79,40.4,19,39.7,18.16666667,37.29,16.5,55.59,-0.583333333,93.14833333,18.43277778,32.15111111,19.39,40.41111111,16.79,38.09,0.433,757.2666667,64.33333333,1,23.66666667,-5.63
40,0,19.1,39.9,17.79,40.32666667,19,39.7,18.1,37.2,16.5,55.575,-0.533333333,93.42055556,18.6,32.2,19.39611111,40.4,16.79,38.09,0.75,757.25,62.5,1,24.5,-5.7
40,0,19.1,39.9,17.82333333,40.36,19,39.66333333,18.1,37.2,16.5,55.51,-0.433333333,93.79444444,18.74055556,32.2,19.46333333,40.37555556,16.89,38.32666667,1.07,757.2333333,60.66666667,1,25.33333333,-5.77
40,0,19.15,39.9,17.89,40.425,19,39.59,18.2,37.345,16.5,55.5,-0.311111111,94.11333333,18.88722222,32.145,19.54375,40.325625,16.79,38.29,1.38,757.2166667,58.83333333,1,26.16666667,-5.83
40,0,19.2,39.96666667,17.89,40.4,19.03333333,39.62666667,18.2,37.46666667,16.5,55.43888889,-0.3,94.17333333,19.02222222,32.05,19.65,40.21,16.79,38.4,1.7,757.2,57,1,27,-5.9
40,0,19.23,40.03,18,40.4,19.03333333,39.62666667,18.23,37.53,16.5,55.4,-0.277777778,94.17944444,19.16666667,32.045,19.76055556,40.09333333,16.79,38.46666667,1.47,757.2166667,57.83333333,1,27,-5.95
50,0,19.29,40.09,18,40.46666667,19.03333333,39.53,18.29,37.645,16.46333333,55.29,-0.376190476,93.80666667,19.2,31.90833333,19.89,39.98333333,16.84,38.545,1.23,757.2333333,58.66666667,1,27,-6
60,0,19.29,40.12666667,18.03333333,40.46333333,19.1,39.59,18.23,37.53,16.48777778,55.28,-0.4,93.70444444,19.225,31.84555556,19.95722222,39.88722222,16.79,38.5,1,757.25,59.5,1,27,-6.05
20,0,19.29,40.12666667,18.1,40.53,19.1,39.59,18.29,37.66333333,16.46333333,55.25,-0.404761905,93.75238095,19.29,31.87333333,20.05,39.79,16.89,38.59,0.767,757.2666667,60.33333333,1,27,-6.1
20,0,19.34,40.2,18.1,40.5,19.1,39.59,18.23,37.59,16.5,55.245,-0.488888889,93.48333333,19.29,31.79,20.10555556,39.715,16.89,38.66333333,0.533,757.2833333,61.16666667,1,27,-6.15
30,0,19.39,40.23,18.1,40.43333333,19.1,39.5,18.23,37.53,16.47555556,55.18555556,-0.522222222,93.24444444,19.29,31.79,20.11666667,39.7,16.89,38.7,0.3,757.3,62,1,27,-6.2
40,0,19.39,40.29,18.1,40.4,19.1,39.5,18.23,37.53,16.42055556,55.12055556,-0.7,92.48888889,19.265,31.765,20.1,39.705,16.89,38.59,0.167,757.3166667,64,1,26.16666667,-5.95
40,0,19.29,40.26,18.1,40.4,19.06666667,39.5,18.2,37.5,16.39,55.055,-0.738888889,92.63277778,19.2,31.68333333,20.1,39.715,16.89,38.59,0.0333,757.3333333,66,1,25.33333333,-5.7
50,0,19.29,40.12666667,18.1,40.29,19,39.5,18.2,37.5,16.39,55,-0.766666667,92.66444444,19.22,31.62222222,20.1,39.7,16.89,38.56,-0.1,757.35,68,1,24.5,-5.45
40,0,19.29,40.06,18.1,40.29,19,39.5,18.13333333,37.4,16.39,55,-0.866666667,92.47333333,19.2,31.6,20.1,39.7,16.89,38.5,-0.233,757.3666667,70,1,23.66666667,-5.2
50,0,19.29,39.93333333,18,40.2,19,39.5,18.13333333,37.4,16.39,54.95,-1.016666667,91.89055556,19.17222222,31.6,20.08333333,39.68166667,16.89,38.4,-0.367,757.3833333,72,1,22.83333333,-4.95
50,0,19.26,39.83333333,18,40.2,19,39.56,18.06666667,37.33333333,16.39,54.9,-1.431111111,89.33,19.1,31.68333333,20,39.59,16.89,38.4,-0.5,757.4,74,1,22,-4.7
40,0,19.2,39.7,18,40.29,19,39.5675,18,37.26,16.39,54.9,-1.952777778,86.83,19.07222222,31.68888889,19.99388889,39.65722222,16.85666667,38.33333333,-0.75,757.45,75.5,1,21.66666667,-4.67
40,0,19.2,39.66333333,17.92666667,40.29,19,39.59,18,37.2,16.39,54.88166667,-2.325555556,85.38777778,19,31.72888889,19.90222222,39.715,16.79,38.26,-1,757.5,77,1,21.33333333,-4.63
50,0,19.2,39.59,17.89,40.32666667,19,39.59,18,37.26,16.37333333,54.79,-2.746111111,84.20444444,18.96944444,31.7,19.82888889,39.73,16.79,38.2,-1.25,757.55,78.5,1,21,-4.6
60,10,19.2,39.59,17.82333333,40.32666667,19,39.59,17.89,37.32666667,16.32333333,54.77,-3.137777778,83.34,18.89,31.7,19.77615385,39.76538462,16.79,38.2,-1.5,757.6,80,1,20.66666667,-4.57
190,20,19.2,39.53,17.79,40.245,19,39.66333333,17.89,37.4,16.31222222,54.745,-3.415555556,83.23222222,18.84,31.66666667,19.75785714,40.03642857,16.79,38.09,-1.75,757.65,81.5,1,20.33333333,-4.53
350,10,19.16666667,39.46666667,17.7,40.16333333,18.92666667,39.05666667,17.89,37.4,16.31222222,54.7,-3.622777778,83.19888889,18.79,31.68888889,19.79,40.46636364,16.79,38.09,-2,757.7,83,1,20,-4.5
210,10,19.1,39.26666667,17.7,39.96333333,18.76,38.73,17.815,37.4,16.29,54.7,-3.804444444,83.35722222,18.765,31.745,19.85722222,40.82555556,16.76,38.09,-2.12,757.7333333,83.83333333,1,27.33333333,-4.48
140,10,19.06666667,39.09,17.66666667,39.76,18.7,38.65666667,17.79,37.46666667,16.29,54.60833333,-3.862777778,84.03222222,18.7,31.79555556,19.96117647,41.10529412,16.7,38.09,-2.23,757.7666667,84.66666667,1,34.66666667,-4.47
110,10,19,39.03,17.66666667,39.76,18.7,38.59,17.79,37.5,16.29,54.59,-4.061666667,83.33277778,18.65,31.82888889,20.08888889,41.51,16.7,38.09,-2.35,757.8,85.5,1,42,-4.45
120,0,19,38.82666667,17.66666667,39.66333333,18.7,38.66333333,17.79,37.56,16.29,54.515,-4.196111111,83.99888889,18.6,31.82888889,20.15555556,42.01888889,16.7,38.09,-2.47,757.8333333,86.33333333,1,49.33333333,-4.43
120,10,19,38.96666667,17.6,39.72333333,18.73,38.7,17.7,37.53,16.29,54.47222222,-4.365555556,83.54111111,18.55,31.945,20.23315789,42.60315789,16.7,38.06,-2.58,757.8666667,87.16666667,1,56.66666667,-4.42
110,10,19,39.19,17.6,39.86,18.79,38.76,17.7,37.59,16.29,54.4,-4.560555556,82.84888889,18.48777778,32,20.29,43.00916667,16.675,37.875,-2.7,757.9,88,1,64,-4.4
260,10,19,39.46333333,17.66666667,40.13333333,18.79,38.9,17.7,37.59,16.2675,54.351875,-4.691111111,82.94388889,18.40375,32,20.29,43.22571429,16.6,37.7,-2.75,757.95,88.16666667,0.833333333,63.66666667,-4.43
550,0,19,39.86333333,17.73,40.26,18.79,38.82666667,17.7,37.53,16.29,54.29,-4.793888889,83.04555556,18.36272727,31.70818182,20.29,42.99166667,16.6,37.52666667,-2.8,758,88.33333333,0.666666667,63.33333333,-4.47
480,10,19.03333333,40.76666667,17.79,40.2,18.79,38.95666667,17.6,37.1,16.254,54.069,-4.833333333,83.34888889,18.26230769,31.31769231,20.272,42.26,16.6,37.26666667,-2.85,758.05,88.5,0.5,63,-4.5
360,10,19.16666667,40.82666667,17.89,40.26,18.93,39.89666667,17.6,36.82666667,16.245,53.85,-4.894444444,83.50388889,18.2,31.03333333,20.2,41.82666667,16.56666667,36.93,-2.9,758.1,88.66666667,0.333333333,62.66666667,-4.53
360,20,19.2,41.02666667,17.96333333,40.2,19.39333333,41.76333333,17.6,36.66333333,16.3,60.52666667,-4.982222222,83.13111111,18.16666667,30.82666667,20.29,41.63333333,16.56666667,36.65666667,-2.95,758.15,88.83333333,0.166666667,62.33333333,-4.57
290,10,19.26,40.82666667,18.03333333,40.09,19.72666667,42.62333333,17.53333333,36.59,16.9,75.06666667,-4.971111111,83.85555556,18.1,30.65,20.29,41.36,16.5,36.46666667,-3,758.2,89,0,62,-4.6
460,10,19.32333333,40.8,18.1,40.16333333,20.06666667,43.03,17.5,36.5,16.96,67.76,-4.997222222,83.54,18,30.35666667,20.32333333,41.06,16.5,36.32666667,-3.25,758.2,89.83333333,0.333333333,61.83333333,-4.73
570,20,19.39,41.13333333,18.2,40.5,20.2925,43.0675,17.5,36.5,17.22666667,61.02666667,-5.216111111,82.57444444,18,30.23,20.39,40.93333333,16.46333333,36.13333333,-3.5,758.2,90.66666667,0.666666667,61.66666667,-4.87
470,20,19.39,40.63333333,18.26,40.63333333,20.46333333,43,17.86666667,36.76,17.53333333,56.49666667,-5.355555556,82.46277778,17.89,30.06666667,20.39,40.76,16.46333333,35.93333333,-3.75,758.2,91.5,1,61.5,-5
450,20,19.39,40.43333333,18.42666667,40.59,20.6,42.66,18.53333333,36.7,17.66666667,54.22333333,-5.433333333,82.41055556,17.89,30,20.46333333,40.7,16.39,35.66333333,-4,758.2,92.33333333,1.333333333,61.33333333,-5.13
450,10,19.5,40.36333333,18.5,40.46333333,20.6,42.06666667,19.26666667,36.52666667,17.79,51.86333333,-5.51,82.45,17.85666667,29.85666667,20.5,40.63333333,16.39,35.53,-4.25,758.2,93.16666667,1.666666667,61.16666667,-5.27
380,20,19.56666667,40.15666667,18.65,40.29,20.46333333,41.43,19.79333333,36.46666667,17.79,50.06333333,-5.585,82.34444444,17.79,29.73,20.5,40.43333333,16.39,35.36333333,-4.5,758.2,94,2,61,-5.4
110,10,19.63333333,40,18.73,40.13333333,20.32333333,41.15666667,20.19666667,36.76,17.89,48.66666667,-5.662222222,82.18111111,17.7,29.66666667,20.5,40.26,16.39,35.23,-4.35,758.2,93.5,1.833333333,61,-5.32
110,10,19.7,39.86,18.85666667,40,20.26,40.79666667,20.445,36.2,17.89,47.86666667,-5.738888889,82.29166667,17.7,29.575,20.5,40.12666667,16.29,35.06,-4.2,758.2,93,1.666666667,61,-5.23
110,20,19.7,39.66333333,18.89,39.76,20.2,40.39,20.32333333,35.7,18,47.12333333,-5.651111111,83.33222222,17.7,29.5,20.5,39.86333333,16.29,34.93333333,-4.05,758.2,92.5,1.5,61,-5.15
100,10,19.7,39.53,18.89,39.56666667,20.1,40.02666667,20.1,35.82666667,18,46.53,-5.601111111,83.52388889,17.6,29.39,20.5,39.65666667,16.29,34.86333333,-3.9,758.2,92,1.333333333,61,-5.07
110,10,19.73,39.33333333,18.89,39.4,20.03333333,39.76666667,19.96,35.96666667,18,45.93,-5.59,83.46666667,17.6,29.32333333,20.5,39.52666667,16.29,34.73,-3.75,758.2,91.5,1.166666667,61,-4.98
120,0,19.79,39.12666667,18.89,39.13333333,19.96333333,39.62666667,19.76,35.76,18.13333333,59.99,-5.585,83.68444444,17.56666667,29.29,20.42666667,39.26666667,16.23,34.79333333,-3.6,758.2,91,1,61,-4.9
70,10,19.79,38.66,19,38.36333333,19.82333333,39.62666667,19.56666667,35.5,19.16666667,81.59666667,-5.53,84.28888889,17.5,29.23,20.42666667,39.12666667,16.315,36.425,-3.67,758.25,91,1,61.16666667,-4.97
50,0,19.79,38.25,18.92666667,38.16333333,19.79,39.59,19.46333333,35.65666667,18.83333333,81.33,-5.477777778,84.13444444,17.5,29.83333333,20.445,39.1675,16.39,37.76666667,-3.73,758.3,91,1,61.33333333,-5.03
40,0,19.79,38.2,18.89,38.32666667,19.73,39.59,19.32333333,35.93,18.445,77.495,-5.5,83.81111111,17.5,30.29333333,20.42666667,39.43,16.39,38,-3.8,758.35,91,1,61.5,-5.1
30,0,19.79,38.23,18.89,38.46666667,19.66666667,39.52666667,19.16666667,36.12666667,18.26,72.73333333,-5.540555556,83.22722222,17.5,30.66333333,20.39,39.69333333,16.39,38.33333333,-3.87,758.4,91,1,61.66666667,-5.17
30,0,19.79,38.29,18.92666667,38.53,19.6,39.32666667,19.1,36.33333333,18.13333333,67.52666667,-5.691111111,82.51722222,17.5,30.93,20.39,40.02666667,16.39,38.56666667,-3.93,758.45,91,1,61.83333333,-5.23
50,0,19.79,38.43333333,19,38.66333333,19.46333333,39.22333333,18.96333333,36.53,18.1,62.36,-5.751111111,82.54777778,17.5,31.23,20.39,40.3,16.39,38.76,-4,758.5,91,1,62,-5.3
50,0,19.79,38.56,18.89,38.79,19.39,39.09,18.89,36.66333333,18.03333333,59.76666667,-5.780555556,82.61111111,17.5,31.35666667,20.39,40.69333333,16.39,38.82666667,-4.08,758.55,91.5,1,61.66666667,-5.32
50,0,19.79,38.59,18.89,38.86333333,19.29,39.2,18.79,36.82666667,17.96333333,57.72666667,-5.933333333,82.00777778,17.5,31.56666667,20.35666667,41.33,16.39,38.96666667,-4.17,758.6,92,1,61.33333333,-5.33
40,0,19.79,38.59,19,38.93333333,19.29,39.2,18.73,36.96666667,17.89,56.46666667,-6.01,81.87666667,17.5,31.76,20.29,41.79666667,16.39,39.09,-4.25,758.65,92.5,1,61,-5.35
50,0,19.79,38.7,18.92666667,39,19.23,39.12666667,18.66666667,37.2,17.89,55.16666667,-6.01,81.99666667,17.5,31.92666667,20.29,42.3,16.39,39.16333333,-4.33,758.7,93,1,60.66666667,-5.37
40,0,19.79,38.7,18.89,39.03,19.2,39.09,18.6,37.33333333,17.82333333,54.23333333,-6,82.31555556,17.5,32.06,20.29,42.76666667,16.39,39.29,-4.42,758.75,93.5,1,60.33333333,-5.38
40,0,19.79,38.7,18.89,39.09,19.2,39.09,18.5,37.53,17.79,53.33333333,-5.977777778,82.89222222,17.46333333,32.06,20.2,42.93333333,16.39,39.36333333,-4.5,758.8,94,1,60,-5.4
50,0,19.79,38.76,18.79,39.03,19.1,39.06,18.5,37.59,17.73,52.72666667,-5.761666667,84.68333333,17.39,32.06,20.13333333,43.06,16.39,39.53,-4.55,758.7833333,94,1.166666667,58.16666667,-5.45
40,0,19.7,38.82666667,18.7675,39.09,19.1,39,18.39,37.73,17.7,52.1,-5.442222222,86.10555556,17.39,32.23,20.2,43.46333333,16.39,39.66333333,-4.6,758.7666667,94,1.333333333,56.33333333,-5.5
30,0,19.7,38.9,18.7,39.16333333,19.1,39.09,18.365,37.8175,17.7,51.69333333,-5.127222222,87.30444444,17.39,32.29,20.13333333,43.72333333,16.39,39.79,-4.65,758.75,94,1.5,54.5,-5.55
30,0,19.7,39,18.66666667,39.16333333,19.1,39.09,18.29,37.96666667,17.6,51.19333333,-4.749444444,88.42166667,17.39,32.36333333,20.1,44,16.39,39.86333333,-4.7,758.7333333,94,1.666666667,52.66666667,-5.6
30,0,19.63333333,38.93333333,18.6,39.16333333,19.06666667,38.96666667,18.26,38,17.6,50.86,-4.575,88.53055556,17.39,32.5,20.1,44.13333333,16.32333333,40.12666667,-4.75,758.7166667,94,1.833333333,50.83333333,-5.65
30,0,19.6,39,18.5,39.2,19,38.9,18.2,38,17.56666667,50.63333333,-4.63,87.515,17.39,32.5,20,44.29,16.39,40.2,-4.8,758.7,94,2,49,-5.7
50,0,19.6,39.06,18.5,39.2,18.96333333,38.86333333,18.16666667,38.09,17.5,50.36,-4.86,85.97388889,17.39,32.59,20,44.29,16.39,40.32666667,-4.81,758.7111111,93.83333333,1.944444444,49.66666667,-5.73
40,0,19.56666667,39.12666667,18.39,39.23,18.89,38.79,18.1,38.16333333,17.5,50.16333333,-4.986111111,84.77333333,17.32333333,32.66333333,19.89,44.32666667,16.39,40.4975,-4.82,758.7222222,93.66666667,1.888888889,50.33333333,-5.76
50,0,19.5,39.2,18.39,39.29,18.89,38.9,18.1,38.23,17.42666667,49.89,-5.107777778,84.27777778,17.29,32.62666667,19.89,44.4,16.39,40.66333333,-4.83,758.7333333,93.5,1.833333333,51,-5.78
50,0,19.42666667,39.2,18.29,39.32666667,18.89,38.82666667,18.03333333,38.23,17.39,49.645,-5.232777778,83.65611111,17.29,32.7,19.79,44.6,16.39,40.79,-4.84,758.7444444,93.33333333,1.777777778,51.66666667,-5.81
50,0,19.39,39.23,18.23,39.32666667,18.89,38.86333333,18,38.2,17.35666667,49.46666667,-5.372222222,83.00944444,17.29,32.7,19.79,44.96333333,16.39,40.86333333,-4.86,758.7555556,93.16666667,1.722222222,52.33333333,-5.84
40,0,19.39,39.29,18.2,39.29,18.89,38.86333333,18,38.2,17.29,49.4,-5.488333333,82.56944444,17.29,32.7,19.73,45.22333333,16.39,40.93333333,-4.87,758.7666667,93,1.666666667,53,-5.87
40,0,19.35666667,39.29,18.13333333,39.23,18.89,38.9,17.96333333,38.2,17.29,49.29,-5.591111111,82.30944444,17.29,32.79,19.7,45.62666667,16.39,41,-4.88,758.7777778,92.83333333,1.611111111,53.66666667,-5.89
40,0,19.29,39.29,18.1,39.2,18.89,38.9,17.89,38.26,17.29,49.23,-5.623333333,82.43277778,17.29,32.79,19.7,45.7,16.39,41.03,-4.89,758.7888889,92.66666667,1.555555556,54.33333333,-5.92
30,0,19.26,39.22333333,18.03333333,39.2,18.89,38.9,17.89,38.29,17.29,49.16333333,-5.623333333,82.71055556,17.29,32.9,19.7,45.7,16.39,41.09,-4.9,758.8,92.5,1.5,55,-5.95
20,0,19.2,39.16333333,18,39.2,18.89,39,17.82333333,38.23,17.23,49.03,-5.684444444,82.76333333,17.23,32.82666667,19.63333333,45.56666667,16.35666667,41.2,-4.91,758.8111111,92.33333333,1.444444444,55.66666667,-5.98
20,0,19.2,39.2,17.92666667,39.2,18.89,39,17.85666667,38.29,17.2,48.9,-5.752857143,82.12571429,17.26,32.86333333,19.6,45.53,16.35666667,41.26,-4.92,758.8222222,92.16666667,1.388888889,56.33333333,-6.01
30,0,19.13333333,39.2,17.89,39.26,18.89,39,17.79,38.29,17.2,48.9,-5.861904762,81.83,17.26,32.86333333,19.6,45.59,16.39,41.32666667,-4.93,758.8333333,92,1.333333333,57,-6.03
50,0,19.1,39.2,17.82333333,39.2,18.89,39.06,17.79,38.29,17.175,48.79,-5.816666667,82.57222222,17.2,32.79,19.6,45.62666667,16.32333333,41.4,-4.94,758.8444444,91.83333333,1.277777778,57.66666667,-6.06
50,0,19.1,39.2,17.79,39.2,18.89,39.12666667,17.73,38.29,17.1,48.79,-5.85,82.40888889,17.2,32.79,19.6,45.7,16.39,41.43333333,-4.96,758.8555556,91.66666667,1.222222222,58.33333333,-6.09
40,0,19,39.09,17.7225,39.2675,18.89,39.2,17.745,38.29,17.1,48.79,-5.861111111,82.47611111,17.2,32.82666667,19.5,45.59,16.39,41.5,-4.97,758.8666667,91.5,1.166666667,59,-6.12
50,0,19,39.09,17.7,39.36333333,18.89,39.2,17.7,38.36333333,17.1,48.79,-5.745,83.60833333,17.2,32.9,19.5,45.59,16.35666667,41.59,-4.98,758.8777778,91.33333333,1.111111111,59.66666667,-6.14
40,0,18.96333333,39.06,17.7,39.4,18.96333333,39.2,17.7,38.36333333,17.1,48.7,-5.591666667,84.53722222,17.13333333,32.9,19.46333333,45.46666667,16.35666667,41.66333333,-4.99,758.8888889,91.16666667,1.055555556,60.33333333,-6.17
40,0,18.89,39,17.63333333,39.32666667,18.92666667,39.29,17.6,38.23,17.03333333,48.62666667,-5.438888889,85.56333333,17.16666667,32.9,19.39,45.4,16.39,41.7,-5,758.9,91,1,61,-6.2
50,0,18.89,39,17.5,39.4,19,39.29,17.6,38.29,17,48.59,-5.238333333,85.81666667,17.1,32.9,19.39,45.4,16.39,41.7,-4.83,758.9333333,90.83333333,1,61,-6.07
50,0,18.82333333,38.93333333,17.5,39.4,19,39.29,17.6,38.23,17,48.59,-5.226666667,85.27777778,17.1,32.96666667,19.39,45.4,16.39,41.7,-4.67,758.9666667,90.66666667,1,61,-5.93
50,0,18.79,38.9,17.5,39.4,19,39.29,17.6,38.29,16.96333333,48.59,-5.226666667,84.82888889,17.1,32.9,19.35666667,45.29,16.29,41.79,-4.5,759,90.5,1,61,-5.8
30,0,18.7675,38.9,17.5,39.4,19,39.29,17.5,38.29,16.96333333,48.59,-5.125,85.83944444,17.1,32.9,19.29,45.29,16.35666667,41.79,-4.33,759.0333333,90.33333333,1,61,-5.67
30,0,18.7,38.96666667,17.39,39.4,19,39.29,17.5,38.29,16.89,48.59,-4.959444444,87.36611111,17.1,32.9,19.29,45.245,16.39,41.9,-4.17,759.0666667,90.16666667,1,61,-5.53
20,0,18.7,39,17.39,39.4,19,39.26,17.46333333,38.26,16.89,48.59,-4.663333333,88.36444444,17.1,33,19.29,45.2,16.39,41.9,-4,759.1,90,1,61,-5.4
20,0,18.7,39,17.35666667,39.43333333,19,39.2,17.46333333,38.33333333,16.89,48.59,-4.549444444,88.49333333,17.1,33,19.29,45.2,16.35666667,42.03,-3.83,759.0666667,90,1.333333333,61,-5.23
40,0,18.66666667,38.96666667,17.29,39.5,19,39.16333333,17.5,38.4,16.85666667,48.66333333,-4.361111111,88.97277778,17.1,33,19.2,45.09,16.29,42.09,-3.67,759.0333333,90,1.666666667,61,-5.07
50,0,18.6,38.96666667,17.29,39.5,18.92666667,39.09,17.5,38.4,16.79,48.59,-4.148888889,89.66333333,17.03333333,32.93333333,19.26,45.16333333,16.39,42.23,-3.5,759,90,2,61,-4.9
50,0,18.6,39,17.23,39.43333333,18.89,39.145,17.39,38.29,16.79,48.62666667,-3.902777778,90.24611111,17,32.96666667,19.2,45.09,16.39,42.23,-3.33,758.9666667,90,2.333333333,61,-4.73
50,0,18.6,39,17.2,39.5,18.89,39.29,17.39,38.29,16.79,48.7,-3.691666667,90.74166667,17,32.96666667,19.2,45.09,16.35666667,42.29,-3.17,758.9333333,90,2.666666667,61,-4.57
40,0,18.56666667,39.09,17.2,39.5,18.89,39.29,17.39,38.4,16.79,48.7,-3.513333333,91.07666667,17,33,19.16666667,45.09,16.35666667,42.29,-3,758.9,90,3,61,-4.4
80,0,18.5,39.09,17.16666667,39.53,18.92666667,39.4,17.32333333,38.4,16.73,48.7,-3.411111111,91.18166667,17,33,19.1,45.09,16.29,42.32666667,-2.97,758.9,90,2.833333333,61,-4.38
40,10,18.5,39.39,17.1,39.59,18.92666667,39.32666667,17.35666667,38.4,16.79,48.12333333,-3.482222222,90.69111111,17,33,19.1,45.09,16.29,42.4,-2.93,758.9,90,2.666666667,61,-4.37
50,0,18.5,39.59,17.1,39.8,18.85666667,39.26,17.29,38.425,16.79,47.5725,-3.575,90.13444444,16.98,33.04090909,19.1,45.09,16.29,42.36333333,-2.9,758.9,90,2.5,61,-4.35
340,10,18.5,39.79,17.1,40.03,18.79,39.2,17.29,38.5,16.79,47.22333333,-3.545,89.98888889,16.96333333,33.075,19.05,45.09,16.29,42.29,-2.87,758.9,90,2.333333333,61,-4.33
150,10,18.5,39.79,17.1,40.03,18.79,39.2,17.29,38.5,16.86357143,47.65142857,-3.53,90.05222222,16.90833333,32.52833333,19.03333333,44.99,16.32333333,42.5,-2.83,758.9,90,2.166666667,61,-4.32
50,0,18.5,39.66333333,17.06666667,39.69333333,18.73,39.06666667,17.29,38.56,16.96071429,48.42357143,-3.45,90.45166667,16.85666667,31.95466667,19,44.5425,16.32333333,42.3,-2.8,758.9,90,2,61,-4.3
40,0,18.42666667,39.46333333,17,39.36,18.7,38.9,17.29,38.5,16.87333333,48.85277778,-3.4,90.63444444,16.79,31.44944444,18.95722222,44.20222222,16.29,41.76666667,-2.73,758.95,89.33333333,2,61.16666667,-4.32
60,10,18.39,39.26,17,39.16333333,18.7,38.9,17.29,38.3,16.79,49.09352941,-3.411111111,90.45888889,16.79,31.20294118,18.94076923,43.89307692,16.29,41.22666667,-2.67,759,88.66666667,2,61.33333333,-4.33
60,0,18.39,39.12666667,17,39.03,18.66666667,38.72333333,17.2,37.86333333,16.77363636,49.24090909,-3.477222222,89.95,16.76545455,30.96818182,18.87333333,43.51,16.245,40.34,-2.6,759.05,88,2,61.5,-4.35
60,0,18.39,38.86333333,16.89,38.86333333,18.6,38.59,17.2,37.73,16.725,49.38166667,-3.684444444,88.96166667,16.73,30.81388889,18.87333333,43.33722222,16.2,39.69333333,-2.53,759.1,87.33333333,2,61.66666667,-4.37
50,0,18.34,38.5475,16.89,38.65666667,18.6,38.59,17.2,37.56,16.68333333,49.38166667,-3.875555556,88.17222222,16.7,30.65,18.81777778,43.04777778,16.2,39.3,-2.47,759.15,86.66666667,2,61.83333333,-4.38
70,0,18.32333333,38.32666667,16.89,38.36333333,18.6,38.59,17.13333333,37.43333333,16.6625,49.35875,-3.826666667,88.63277778,16.7,30.53277778,18.80111111,42.83111111,16.16666667,38.83333333,-2.4,759.2,86,2,62,-4.4
60,0,18.29,38.13333333,16.89,38.23,18.6,38.59,17.1,37.16333333,16.62222222,49.31444444,-3.667222222,89.665,16.68571429,30.39142857,18.79,42.61777778,16.1,38.56666667,-2.37,759.3,86.33333333,2.333333333,61.83333333,-4.32
60,10,18.29,37.93333333,16.79,38,18.6,38.53,17.1,37.03,16.6,49.2825,-3.513333333,90.395,16.66111111,30.27055556,18.79,42.5,16.1,38.22333333,-2.33,759.4,86.66666667,2.666666667,61.66666667,-4.23
60,10,18.29,37.82666667,16.79,37.93333333,18.53333333,38.5,17.1,36.96666667,16.6,49.2,-3.304444444,90.93111111,16.61111111,30.21,18.79,42.43571429,16.1,37.89,-2.3,759.5,87,3,61.5,-4.15
350,20,18.23,37.76666667,16.79,37.93333333,18.6,38.3975,17.1,36.9,16.54166667,49.1725,-3.1725,91.12,16.6,30.14285714,18.745,42.37642857,16.06666667,37.72333333,-2.27,759.6,87.33333333,3.333333333,61.33333333,-4.07
360,10,18.2,37.7,16.79,38.39333333,18.6,38.23,17,36.79,16.5,49.09,-3,91.46333333,16.6,30.1,18.7,42.27363636,16,37.46333333,-2.23,759.7,87.66666667,3.666666667,61.16666667,-3.98
80,10,18.2,37.83333333,16.89,38.62666667,18.56666667,38.03,17,36.79,16.5,49.09,-2.933333333,91.79666667,16.6,30.1,18.7,42.13583333,16,37.26,-2.2,759.8,88,4,61,-3.9
50,10,18.2,37.86333333,16.89,38.7,18.5,38.03,17,36.79,16.5,49.09,-2.79,92.12333333,16.6,30.06666667,18.7,42.04090909,16,37.06666667,-2.17,759.8333333,88.16666667,3.666666667,60.5,-3.85
60,0,18.2,37.73,16.89,38.96,18.46333333,37.86333333,17,36.79,16.5,49,-2.73,92.33,16.53333333,30,18.7,42.09,16,36.86333333,-2.13,759.8666667,88.33333333,3.333333333,60,-3.8
80,10,18.2,38.03,16.96333333,39.56666667,18.39,37.79,16.89,36.7,16.42666667,48.93333333,-2.56,92.69333333,16.5,30.06666667,18.7,42.22333333,16,36.73,-2.1,759.9,88.5,3,59.5,-3.75
50,10,18.2,38.82333333,17,39.2,18.39,37.82666667,16.89,36.6175,16.39,48.9,-2.433333333,93.02666667,16.5,30.06666667,18.7,42.46333333,15.89,36.59,-2.07,759.9333333,88.66666667,2.666666667,59,-3.7
80,0,18.2,38.96666667,16.89,39.2,18.39,37.9,16.89,36.53,17.3975,73.1175,-2.26,93.33333333,16.5,30,18.675,42.37,15.89,36.53,-2.03,759.9666667,88.83333333,2.333333333,58.5,-3.65
90,10,18.26,39.83333333,16.89,39.26,18.5,38,16.89,36.5,18.99333333,83.85666667,-2.025,93.67,16.5,30,18.6,42.22333333,15.89,36.4,-2,760,89,2,58,-3.6
90,10,18.2,38.96,16.89,39.29,18.5,38.06,16.89,36.63333333,18.19333333,86.13333333,-1.826666667,93.96666667,16.5,30.03333333,18.6,42.73,15.89,36.32666667,-1.95,760.1,88.83333333,2.166666667,58.16666667,-3.57
70,0,18.2,38.42666667,16.89,39.15666667,18.5,38.2,17,37.42333333,17.58333333,85.72833333,-1.666666667,94.16,16.41,30.01818182,18.68181818,42.81363636,15.89,36.26,-1.9,760.2,88.66666667,2.333333333,58.33333333,-3.53
90,10,18.2,37.9,16.89,38.86333333,18.5,38.2,17,38.09,17.23277778,79.54277778,-1.46,94.43333333,16.43888889,29.95722222,18.755,42.62722222,15.89,36.2,-1.85,760.3,88.5,2.5,58.5,-3.5
60,0,18.2,37.36666667,16.82333333,38.33,18.5,38.02666667,16.89,38.06,17.27,73.42222222,-1.133333333,94.72666667,16.4175,29.9175,18.815,42.4475,15.89,36.09,-1.8,760.4,88.33333333,2.666666667,58.66666667,-3.47
70,10,18.2,36.96666667,16.79,37.96666667,18.42666667,37.76666667,16.89,37.86,17.29,72.16333333,-0.933333333,94.86666667,16.39,29.96333333,18.82333333,42.16333333,15.8,35.9,-1.75,760.5,88.16666667,2.833333333,58.83333333,-3.43
90,0,18.125,36.9,16.79,37.82666667,18.39,37.56,16.89,37.63333333,17.23,69.49666667,-0.766666667,95.03,16.39,30.76333333,18.96333333,42.03,15.8,35.82666667,-1.7,760.6,88,3,59,-3.4
70,10,18.1,36.9,16.79,37.7,18.39,37.43333333,16.89,37.5,17.16666667,68.3,-0.566666667,95.23,16.63333333,33.25666667,19.03333333,41.66333333,15.8,35.79,-1.57,760.6,87.33333333,3,59.33333333,-3.38
110,0,18.1,36.9,16.79,37.62666667,18.35666667,37.36333333,16.79,37.22333333,17.1,67.23333333,-0.366666667,95.33333333,16.76,33.66333333,19.03333333,41.39,15.8,35.45666667,-1.43,760.6,86.66666667,3,59.66666667,-3.37
70,0,18.1,36.82666667,16.79,37.56,18.29,37.23,16.79,37.03,17,65.26,-0.233333333,95.4,16.72666667,33.52666667,19.1,41.13333333,15.72666667,36.03,-1.3,760.6,86,3,60,-3.35
70,0,18.1,36.82666667,16.79,37.5,18.29,37.26666667,16.79,36.86333333,17,63.6,-0.033333333,95.6,16.6,33.19333333,19.1,40.86,15.8,39.89,-1.17,760.6,85.33333333,3,60.33333333,-3.33
80,0,18.1,36.9,16.79,37.46666667,18.29,37.4,16.79,36.73,16.89,61.89666667,0.166666667,95.8,16.6,32.79666667,19.06666667,41.02666667,15.8,40.59333333,-1.03,760.6,84.66666667,3,60.66666667,-3.32
330,10,18.1,36.79666667,16.79,37.4,18.23,37.4,16.79,36.59,16.89,60.76333333,0.233333333,95.9,16.51428571,32.31285714,19,41.43333333,15.8,40.2,-0.9,760.6,84,3,61,-3.3
220,0,18.03333333,36.53,16.79,37.4,18.23,37.26,16.79,36.53,16.82571429,59.70428571,0.35,95.9,16.5,31.93944444,19.00625,41.22125,15.89,39.9,-0.817,760.6,83.83333333,2.833333333,61,-3.23
70,0,18,36.43,16.79,37.46666667,18.29,37.33333333,16.79,36.4,16.79,59.059375,0.475,95.875,16.5,31.71277778,19.08888889,41.08333333,15.89,39.5,-0.733,760.6,83.66666667,2.666666667,61,-3.17
60,0,18,36.23,16.79,37.46666667,18.29,37.53,16.79,36.32666667,16.79,58.418125,0.62,95.9,16.5,31.51818182,19.15882353,40.91764706,15.89,38.99,-0.65,760.6,83.5,2.5,61,-3.1
50,0,18,36.06,16.79,37.4,18.29,37.59,16.745,36.2,16.76428571,57.70714286,0.95,96.095,16.5,31.42777778,19.21,40.82666667,15.89,38.65666667,-0.567,760.6,83.33333333,2.333333333,61,-3.03
60,0,18,36,16.79,37.29,18.29,37.5,16.7,36.16333333,16.70529412,57.03,1.29,96.09,16.5,31.27363636,19.29,40.8175,15.89,38.22333333,-0.483,760.6,83.16666667,2.166666667,61,-2.97
80,0,17.89,35.86333333,16.76,37.2,18.29,37.5,16.7,36.09,16.7,56.40111111,1.356666667,96.03,16.48,31.18090909,19.3525,40.73375,15.89,37.89,-0.4,760.6,83,2,61,-2.9
70,0,17.89,35.73,16.7,37.12666667,18.2,37.4,16.7,36.06,16.67142857,55.94,1.4175,96.2425,16.45111111,31.01555556,19.45111111,40.67555556,15.8,37.59,-0.283,760.55,82.66666667,2,61.16666667,-2.85
80,0,17.89,35.62666667,16.76,36.83333333,18.2,37.4,16.7,36,16.62777778,55.425,1.5,96.4,16.43888889,30.91666667,19.5,40.7,15.8,37.46333333,-0.167,760.5,82.33333333,2,61.33333333,-2.8
70,0,17.89,35.7,16.7,36.7,18.2,37.4,16.7,35.96666667,16.6,54.99888889,1.795,96.7,16.39,30.79555556,19.51538462,40.7,15.8,37.13333333,-0.05,760.45,82,2,61.5,-2.75
80,0,17.85666667,35.79,16.7,36.59,18.2,37.4,16.7,35.9,16.6,54.68777778,2.09,97,16.39,30.775,19.55454545,40.7,15.8,36.8975,0.0667,760.4,81.66666667,2,61.66666667,-2.7
70,0,17.79,35.79,16.7,36.53,18.2,37.4,16.6,35.79,16.6,54.39875,2.19,97,16.39,30.73375,19.54545455,40.67,15.8,36.65666667,0.183,760.35,81.33333333,2,61.83333333,-2.65
80,0,17.79,35.82666667,16.7,36.5,18.2,37.4,16.66666667,35.86333333,16.52777778,54.12722222,2.29,97,16.39,30.7,19.61666667,40.61444444,15.8,36.46666667,0.3,760.3,81,2,62,-2.6
50,0,17.79,35.975,16.7,36.5,18.2,37.5,16.6,35.79,16.51111111,53.85611111,2.29,97.0225,16.39,30.7,19.7,40.59222222,15.8,36.32666667,0.35,760.3,80.83333333,2,62,-2.58
40,0,17.79,36.06,16.7,36.5,18.2,37.5,16.6,35.79,16.5,53.71166667,2.29,97.09,16.39,30.67777778,19.69444444,40.505,15.8,36.29,0.4,760.3,80.66666667,2,62,-2.57
30,0,17.7,36.09,16.7,36.5,18.2,37.46666667,16.6,35.79,16.5,53.46,2.26,97.12666667,16.39,30.7,19.63333333,40.515,15.8,36.23,0.45,760.3,80.5,2,62,-2.55
50,0,17.7,36.16333333,16.7,36.56,18.13333333,37.32666667,16.6,35.79,16.47555556,53.22722222,2.2,97,16.38444444,30.7,19.6,40.505,15.8,36.09,0.5,760.3,80.33333333,2,62,-2.53
80,0,17.7,36.2,16.6,36.5,18.05,37.2,16.6,35.845,16.42055556,53.02055556,2.245,97.245,16.37333333,30.7,19.6,40.52769231,15.8,36.03,0.55,760.3,80.16666667,2,62,-2.52
80,0,17.7,36.26,16.6,36.5,18,37.29,16.53333333,35.86333333,16.39,52.89277778,2.23,97.22666667,16.35111111,30.7,19.61666667,40.515,15.76333333,35.96666667,0.6,760.3,80,2,62,-2.5
80,0,17.6,36.23,16.6,36.5,18,37.29,16.5,35.9,16.39,52.765,2.163333333,97.15666667,16.29,30.7,19.7,40.58,15.69,35.9,0.6,760.3,80.5,2,61.83333333,-2.42
70,0,17.6,36.29,16.6,36.53,18,37.29,16.5,35.9,16.39,52.62777778,2.03,97.09,16.29,30.705,19.735,40.505,15.69,35.79,0.6,760.3,81,2,61.66666667,-2.33
90,0,17.6,36.29,16.6,36.59,18,37.36333333,16.5,36,16.37888889,52.49333333,2.03,97.16,16.29,30.78,19.79,40.48888889,15.69,35.79,0.6,760.3,81.5,2,61.5,-2.25
80,0,17.6,36.29,16.56666667,36.59,18,37.43333333,16.5,36,16.35666667,52.42722222,2.163333333,97.36666667,16.29,30.79555556,19.85111111,40.47166667,15.69,35.79,0.6,760.3,82,2,61.33333333,-2.17
80,0,17.6,36.29,16.55,36.6175,18,37.5,16.5,36,16.31777778,52.30222222,2.2,97.3,16.29,30.87888889,19.89,40.66,15.63,35.73,0.6,760.3,82.5,2,61.16666667,-2.08
80,0,17.6,36.36333333,16.5,36.7,18,37.53,16.46333333,36.02666667,16.29,52.18444444,2.2,97.4,16.29,30.89,19.98166667,40.85444444,15.69,35.79,0.6,760.3,83,2,61,-2
70,0,17.5,36.43333333,16.5,36.7,18,37.53,16.39,35.96666667,16.29,52.10222222,2.126666667,97.33333333,16.29,30.89,20.01666667,41.25333333,15.69,35.79,0.55,760.3,83.66666667,2,60.5,-1.93
60,0,17.5,36.5,16.5,36.7,18,37.59,16.39,36,16.27,52.00722222,2.09,97.4,16.27,30.86777778,20.08888889,41.78611111,15.6,35.66333333,0.5,760.3,84.33333333,2,60,-1.87
50,0,17.5,36.5,16.5,36.73,18,37.53,16.39,36.06,16.26,51.87444444,2.03,97.26,16.225,30.82888889,20.1,42.07555556,15.6,35.59,0.45,760.3,85,2,59.5,-1.8
80,0,17.5,36.56,16.42666667,36.73,17.96333333,37.36333333,16.39,36.2,16.235,51.79111111,1.9,97.19,16.2,30.88444444,20.13333333,42.34222222,15.6,35.59,0.4,760.3,85.66666667,2,59,-1.73
80,0,17.5,36.59,16.42666667,36.73,17.89,37.29,16.39,36.2,16.21,51.71,1.826666667,97.12333333,16.2,30.945,20.12777778,42.36944444,15.6,35.59,0.35,760.3,86.33333333,2,58.5,-1.67
60,0,17.5,36.66333333,16.42666667,36.79,17.89,37.4,16.39,36.2,16.2,51.69388889,1.6,96.96666667,16.2,31,20.18888889,42.19666667,15.6,35.59,0.3,760.3,87,2,58,-1.6
70,0,17.39,36.62666667,16.39,36.82666667,17.89,37.46666667,16.32333333,36.26,16.2,51.60222222,1.533333333,96.9,16.2,31.03333333,20.2,42.01722222,15.6,35.59,0.267,760.3666667,87.5,2,56.83333333,-1.55
340,0,17.39,36.75,16.39,36.96666667,17.85666667,37.43,16.29,36.29,16.2,51.59,1.39,96.69,16.2,31.09444444,20.11666667,41.73,15.6,35.59,0.233,760.4333333,88,2,55.66666667,-1.5
360,0,17.39,36.96666667,16.39,36.93333333,17.79,37.29,16.29,36.29,16.17222222,51.645,1.323333333,96.69,16.2,31.11666667,20.1,41.42944444,15.6,35.62666667,0.2,760.5,88.5,2,54.5,-1.45
160,0,17.39,37.03,16.39,37,17.79,37.2,16.29,36.4,16.12222222,51.7,1.2,96.56333333,16.2,31.18888889,20.13333333,41.24888889,15.6,35.62666667,0.167,760.5666667,89,2,53.33333333,-1.4
120,10,17.39,37.16333333,16.39,37.12666667,17.79,37.2,16.29,36.4,16.1,51.71,1.2,96.69,16.2,31.2,20.13333333,41.10222222,15.5,35.7,0.133,760.6333333,89.5,2,52.16666667,-1.35
90,0,17.39,37.2,16.39,37.2,17.79,37.19,16.2,36.32666667,16.1,51.71,1.1,96.69,16.11666667,31.2,20.1,41.09,15.5,35.7,0.1,760.7,90,2,51,-1.3
90,0,17.39,37.33333333,16.5,37.43333333,17.79,37.2,16.2,36.4,16.1,51.7,1.1,96.76333333,16.1,31.23,20.12222222,41.11444444,15.5,35.7,0.05,760.7,90.5,2,50.5,-1.28
90,10,17.39,37.53,16.5,37.56,17.79,37.2,16.2,36.4,16.1,51.63277778,1.1,96.76333333,16.1,31.265,20.13333333,41.09,15.5,35.7,0,760.7,91,2,50,-1.27
80,0,17.46333333,37.72333333,16.63333333,37.73,17.79,37.2,16.2,36.46666667,16.1,51.58,0.975,96.5225,16.1,31.29,20.13333333,41.025,15.5,35.7,-0.05,760.7,91.5,2,49.5,-1.25
170,10,17.53333333,38.03,16.76,37.86333333,17.79,37.2,16.2,36.5,16.06666667,51.47166667,0.8,96.4,16.1,31.29555556,20.18333333,40.98333333,15.5,35.7,-0.1,760.7,92,2,49,-1.23
830,10,17.6,38.09,16.96,38.03,17.79,37.39,16.2,36.53,16.03888889,51.39833333,0.8,96.4,16.1,31.35666667,20.2,40.86944444,15.5,35.7,-0.15,760.7,92.5,2,48.5,-1.22
540,30,17.76333333,41.16,17.2225,38.1675,17.85666667,37.72333333,16.2,36.59,16.07222222,51.38166667,0.8,96.46666667,16.1,31.44166667,20.2,40.76388889,15.42666667,35.7,-0.2,760.7,93,2,48,-1.2
340,30,17.96333333,46.56666667,17.46333333,38.99333333,18.06666667,39.53,16.2,36.59,16.01666667,51.33888889,0.8,96.53,16.1,31.66666667,20.17222222,40.5,15.39,35.7,-0.15,760.7833333,92.5,1.833333333,49.33333333,-1.22
410,40,18.23,44.25666667,17.66333333,39.73,18.4,41.86333333,16.13333333,36.66333333,16,51.41666667,0.8,96.59,16.1,31.68888889,20.1,40.515,15.39,35.7,-0.1,760.8666667,92,1.666666667,50.66666667,-1.23
390,30,18.35666667,43.25666667,17.85666667,39.79,18.86,43.36,16.1,36.7,16,51.545,0.7,96.59,16.1,31.7,20.12777778,40.59,15.39,35.73,-0.05,760.95,91.5,1.5,52,-1.25
360,40,18.53333333,43.36,18.03333333,39.66333333,19.13333333,43.5,16.1,36.7,16,51.63277778,0.7,96.59,16.1,31.705,20.17777778,40.59,15.39,35.79,0,761.0333333,91,1.333333333,53.33333333,-1.27
330,50,18.6,42.23333333,18.16666667,39.46333333,19.46,43.73,16.13333333,36.92666667,16.05555556,51.40277778,0.733333333,96.62333333,16.1,31.78,20.2,40.62055556,15.39,35.79,0.05,761.1166667,90.5,1.166666667,54.66666667,-1.28
210,40,18.73,41.26666667,18.32333333,39.23333333,19.66666667,43.79,16.2,37.33333333,16.44166667,49.43277778,0.8,96.62333333,16.1,31.79,20.225,40.64388889,15.4175,36.1475,0.1,761.2,90,1,56,-1.3
100,40,18.85666667,41,18.46333333,38.82666667,19.82333333,43.49,16.23,37.43333333,16.88833333,47.75166667,0.8,96.69,16.1,31.79,20.28,40.80611111,15.5,37.6,0.133,761.25,90,1.166666667,56.83333333,-1.27
160,30,19,40.86333333,18.63333333,38.56,19.96333333,43.09666667,16.23,37.43333333,17.26111111,47.04555556,0.8,96.69,16.1,31.79,20.27,41.05333333,15.53333333,38.66666667,0.167,761.3,90,1.333333333,57.66666667,-1.23
390,20,19.1,40.395,18.76,38.36,19.85666667,42.12333333,16.23,37.52666667,17.56555556,46.63722222,0.833333333,96.83333333,16.1,31.79,20.245,41.12,15.66,39.26666667,0.2,761.35,90,1.5,58.5,-1.2
440,10,19.26,39.59666667,18.92666667,38.06,19.73,41.53,16.62333333,38.66666667,18.22,67.14166667,0.9,96.9,16.1,31.79,20.2,41.02,15.72666667,40,0.233,761.4,90,1.666666667,59.33333333,-1.17
400,20,19.42666667,39.16333333,19,37.86,19.56666667,40.6,17.45666667,38.79666667,18.38166667,74.84388889,0.9,96.9,16.1,31.79,20.2,40.97222222,15.8,40.26666667,0.267,761.45,90,1.833333333,60.16666667,-1.13
420,10,19.5,39.03,19.13333333,37.86333333,19.4725,40.295,18.12333333,38.46333333,18.29,72.53944444,0.9,96.9,16.1,31.79555556,20.2,40.845,15.8,40.5,0.3,761.5,90,2,61,-1.1
390,10,19.6,38.86333333,19.2,37.73,19.39,40.12666667,18.8,38.06333333,18.245,69.52722222,0.95,96.9,16.1,31.80666667,20.2,40.80222222,15.86,40.83333333,0.3,761.5,89.83333333,2,61,-1.15
410,20,19.66666667,38.73,19.29,37.66333333,19.29,39.96666667,19.26,37.65666667,18.07166667,67.35666667,0.9,96.9,16.1,31.87333333,20.2,40.95777778,15.89,41.03,0.3,761.5,89.66666667,2,61,-1.2
210,10,19.7,38.52666667,19.29,37.53,19.29,39.76666667,19.8,37.43,17.87444444,65.32,0.9,96.9,16.1,31.89,20.12777778,41.12055556,15.89,41.16333333,0.3,761.5,89.5,2,61,-1.25
70,20,19.76,38.32666667,19.39,37.36333333,19.29,39.56,20.19333333,37.23,17.72944444,63.38111111,0.9,97,16.1,31.89,20.09444444,41.2,15.92666667,41.32666667,0.3,761.5,89.33333333,2,61,-1.3
60,10,19.79,38.06,19.46333333,37.29,19.29,39.5,20.295,36.55,17.63333333,61.545,0.9,97,16.1,31.89,20.01111111,41.225,16,41.4,0.3,761.5,89.16666667,2,61,-1.35
50,10,19.85666667,37.93333333,19.5,37.16333333,19.16666667,39.36,19.93,36.56666667,17.53888889,60.30388889,0.9,96.9,16.1,32.03555556,19.945,41.4,16,41.5,0.3,761.5,89,2,61,-1.4
70,20,19.89,37.9,19.575,37.1725,19.1,39.5,19.73,36.83333333,17.42055556,59.50222222,0.833333333,96.83333333,16.1,32.36277778,19.91444444,41.85555556,16.06666667,41.5,0.3,761.55,88.83333333,2,61,-1.42
160,10,19.89,37.9,19.6,37.2,19,39.53,19.5,37.19333333,17.32888889,59.06666667,0.9,97,16.1,32.56111111,19.91444444,42.33166667,16,41.26,0.3,761.6,88.66666667,2,61,-1.43
360,20,19.92666667,37.9,19.6,37.23,18.92666667,39.59,19.42666667,37.6,17.28,58.80777778,0.9,97,16.11666667,32.70277778,19.90222222,42.77,16,41.06666667,0.3,761.65,88.5,2,61,-1.45
150,10,20,37.82666667,19.6,37.29,18.89,39.59,19.59666667,37.86333333,17.245,58.51833333,0.9,97,16.16666667,32.85277778,19.89,43.21,16,40.86333333,0.3,761.7,88.33333333,2,61,-1.47
60,10,20,37.9,19.6,37.43333333,18.82333333,39.53,19.99666667,37.73,17.2,58.31166667,0.833333333,96.93333333,16.17777778,32.96666667,19.86222222,43.60888889,16,40.73,0.3,761.75,88.16666667,2,61,-1.48
60,20,20,37.9,19.6,37.5,18.79,39.59,20.06666667,37.43,17.11666667,58.23,0.9,97,16.17777778,33.08111111,19.81222222,43.82333333,15.945,40.545,0.3,761.8,88,2,61,-1.5
50,10,20,38,19.56666667,37.59,18.73,39.59,19.92666667,37.29,17.07222222,58.15444444,0.833333333,96.93333333,16.17777778,33.18777778,19.79,44.03388889,15.96333333,40.46666667,0.25,761.8,88,2,61,-1.55
50,10,20,38,19.5,37.66333333,18.76,39.59,19.76,37.46333333,17,58.085,0.8,96.86666667,16.2,33.255,19.79,44.24277778,15.89,40.4,0.2,761.8,88,2,61,-1.6
50,20,19.89,38.09,19.5,37.73,18.7,39.59,19.63333333,37.72333333,16.98166667,58.09,0.666666667,96.72666667,16.2,33.29,19.79,44.43777778,15.89,40.5,0.15,761.8,88,2,61,-1.65
50,10,19.82333333,38.09,19.42666667,37.79,18.7,39.62666667,19.5,38,16.92666667,58.075,0.6,96.69,16.2,33.32055556,19.79,44.61444444,15.89,40.5,0.1,761.8,88,2,61,-1.7
50,0,19.79,38.145,19.35666667,37.79,18.7,39.62666667,19.42666667,38,16.89,58,0.6,96.69,16.2,33.38777778,19.76,44.93777778,15.89,40.5,0.05,761.8,88,2,61,-1.75
60,0,19.76,38.12666667,19.29,37.86333333,18.7,39.7,19.26,38,16.89,58,0.6,96.76333333,16.2,33.48333333,19.705,45.16333333,15.89,40.5,0,761.8,88,2,61,-1.8
50,0,19.7,38.26,19.2,37.9,18.7,39.645,19.13333333,38,16.81777778,57.92777778,0.6,96.8,16.2,33.5,19.7,45.46277778,15.89,40.62666667,-0.167,761.8666667,88.33333333,2,60.16666667,-1.9
40,0,19.66666667,38.29,19.13333333,37.9,18.7,39.7,18.96333333,37.9,16.79,57.89388889,0.6,96.8,16.2,33.555,19.7,45.70277778,15.89,40.76,-0.333,761.9333333,88.66666667,2,59.33333333,-2
20,0,19.6,38.29,19.06666667,38,18.7,39.66333333,18.82333333,37.9,16.79,57.85111111,0.666666667,96.86666667,16.2,33.59,19.7,45.99333333,15.89,40.9,-0.5,762,89,2,58.5,-2.1
30,0,19.56666667,38.43333333,19,38.06,18.63333333,39.59,18.7,38,16.715,57.79,0.666666667,96.93333333,16.2,33.59,19.7,46.29333333,15.89,40.96666667,-0.667,762.0666667,89.33333333,2,57.66666667,-2.2
50,0,19.5,38.56,18.89,38.09,18.6,39.59,18.65,38.0225,16.7,57.745,0.6,96.8,16.2,33.59,19.65,46.345,15.89,41.09,-0.833,762.1333333,89.66666667,2,56.83333333,-2.3
50,0,19.46333333,38.66333333,18.82333333,38.09,18.6,39.59,18.5,38.09,16.7,57.69388889,0.666666667,96.86666667,16.2,33.63277778,19.62222222,46.41444444,15.89,41.16333333,-1,762.2,90,2,56,-2.4
60,0,19.39,38.66333333,18.76,38.2,18.6,39.62666667,18.39,38.03,16.65,57.57722222,0.633333333,96.83333333,16.2,33.7,19.6,46.56888889,15.89,41.29,-1.17,762.2,90.66666667,2,54.33333333,-2.48
60,0,19.35666667,38.79,18.675,38.2,18.6,39.7,18.32333333,38.09,16.6,57.48333333,0.7,96.9,16.2,33.7,19.6,46.68666667,15.89,41.36333333,-1.33,762.2,91.33333333,2,52.66666667,-2.57
60,0,19.29,38.79,18.6,38.2,18.7,39.79,18.26,38.09,16.6,57.38166667,0.7,97,16.2,33.725,19.6,46.78,15.89,41.43333333,-1.5,762.2,92,2,51,-2.65
40,0,19.29,38.79,18.56666667,38.23,18.7,39.79,18.2,38.09,16.59444444,57.29722222,0.7,97,16.2,33.725,19.56111111,46.735,15.89,41.56,-1.67,762.2,92.66666667,2,49.33333333,-2.73
60,0,19.23,38.73,18.5,38.29,18.79,39.79,18.1,38.09,16.51111111,57.23,0.6,96.83333333,16.2,33.755,19.48777778,46.65944444,15.89,41.65666667,-1.83,762.2,93.33333333,2,47.66666667,-2.82
40,0,19.2,38.7,18.39,38.2,18.79,39.79,18.1,38.09,16.5,57.15722222,0.666666667,96.96666667,16.2,33.79,19.39611111,46.51,15.89,41.86333333,-2,762.2,94,2,46,-2.9
40,0,19.13333333,38.76,18.39,38.26,18.79,39.82666667,18,38.03,16.5,57.09,0.7,97,16.2,33.79,19.39,46.61055556,15.89,41.95,-1.8,762.2166667,93.5,1.833333333,48.5,-2.77
40,0,19.1,38.79,18.29,38.29,18.79,39.9,18,38.09,16.5,57.035,0.7,97.06,16.2,33.85722222,19.39,46.79888889,15.89,42.09,-1.6,762.2333333,93,1.666666667,51,-2.63
30,0,19.1,38.79,18.29,38.29,18.79,39.9,17.89,38.09,16.42055556,56.92777778,0.7,97,16.2,33.86333333,19.36222222,46.98888889,15.89,42.16333333,-1.4,762.25,92.5,1.5,53.5,-2.5
40,0,19.06666667,38.76,18.2,38.29,18.73,39.9,17.82333333,38.03,16.39,56.85722222,0.7,97,16.2,33.88777778,19.33444444,47.035,15.89,42.23,-1.2,762.2666667,92,1.333333333,56,-2.37
60,0,19,38.7,18.2,38.29,18.7,40,17.79,38.09,16.39,56.745,0.633333333,96.93333333,16.2,33.9,19.29,47.025,15.89,42.29,-1,762.2833333,91.5,1.166666667,58.5,-2.23
50,0,18.89,38.645,18.1,38.32666667,18.7,40,17.79,38.09,16.39,56.69388889,0.6,96.9,16.2,33.87555556,19.29,47.14222222,15.89,42.4,-0.8,762.3,91,1,61,-2.1
50,0,18.89,38.59,18.1,38.4,18.7,40,17.7,38.09,16.39,56.62666667,0.6,96.9,16.17222222,33.845,19.29,47.2,15.89,42.46666667,-0.783,762.2833333,90.83333333,1,60.66666667,-2.1
40,0,18.89,38.59,18,38.29,18.7,40.03,17.7,38.09,16.37,56.5315,0.566666667,96.9,16.18333333,33.85722222,19.29,47.2,15.89,42.62666667,-0.767,762.2666667,90.66666667,1,60.33333333,-2.1
50,0,18.79,38.59,18,38.29,18.7,40.03,17.66666667,38.09,16.36894737,56.45789474,0.5,96.9,16.18888889,33.87555556,19.265,47.16944444,15.89,42.7,-0.75,762.25,90.5,1,60,-2.1
50,0,18.73,38.59,17.89,38.32666667,18.7,40.09,17.6,38.03,16.29,56.4,0.466666667,96.76333333,16.18333333,33.9,19.2,47.09611111,15.89,42.66333333,-0.733,762.2333333,90.33333333,1,59.66666667,-2.1
60,0,18.7,38.62666667,17.89,38.4,18.7,40.09,17.6,38.09,16.29,56.32666667,0.4,96.69,16.11111111,33.86944444,19.2,47.18777778,15.89,42.66333333,-0.717,762.2166667,90.16666667,1,59.33333333,-2.1
50,0,18.7,38.62666667,17.89,38.43333333,18.7,40.09,17.575,38.09,16.29,56.28,0.366666667,96.69,16.1,33.88166667,19.17777778,47.2,15.89,42.7,-0.7,762.2,90,1,59,-2.1
40,0,18.6,38.59,17.82333333,38.43333333,18.7,40.09,17.5,38.09,16.29,56.2,0.366666667,96.69,16.13888889,33.82055556,19.2,47.145,15.89,42.7,-0.783,762.2333333,89.66666667,1.166666667,59.33333333,-2.23
30,0,18.6,38.59,17.76,38.43333333,18.73,40.09,17.5,38.09,16.26,56.08,0.3,96.69,16.14444444,33.83888889,19.16666667,47.09,15.89,42.7,-0.867,762.2666667,89.33333333,1.333333333,59.66666667,-2.37
30,0,18.6,38.59,17.745,38.5,18.73,40.09,17.5,38.09,16.22,55.99777778,0.233333333,96.62333333,16.15,33.845,19.16666667,47.065,15.89,42.7,-0.95,762.3,89,1.5,60,-2.5
40,0,18.6,38.59,17.7,38.56,18.7,40.09,17.46333333,38.06,16.272,55.965,0.2,96.5,16.11111111,33.85111111,19.19444444,46.93888889,15.89,42.79,-1.03,762.3333333,88.66666667,1.666666667,60.33333333,-2.63
50,0,18.5,38.62666667,17.7,38.59,18.63333333,40.09,17.39,38,16.21894737,55.82421053,0.133333333,96.56,16.11111111,33.9,19.11111111,46.845,15.89,42.79,-1.12,762.3666667,88.33333333,1.833333333,60.66666667,-2.77
50,0,18.5,38.7,17.63333333,38.53,18.6,40.09,17.39,38,16.2,55.73,0.1,96.5,16.12222222,33.9,19.1,46.735,15.89,42.93333333,-1.2,762.4,88,2,61,-2.9
60,0,18.46333333,38.66333333,17.6,38.59,18.6,40.16333333,17.39,38,16.2,55.65722222,0,96.4,16.1,33.9,19.1,46.7,15.89,43,-1.37,762.45,88.16666667,2,59.33333333,-3.05
60,0,18.39,38.66333333,17.6,38.59,18.6,40.2,17.35666667,38.03,16.2,55.575,-0.233333333,96.1,16.1,33.9,19.08333333,46.67666667,15.89,43.06,-1.53,762.5,88.33333333,2,57.66666667,-3.2
50,0,18.39,38.7,17.5,38.7,18.6,40.2,17.29,38.09,16.2,55.51,-0.5,95.46,16.1,33.9,19,46.51,15.89,43.12666667,-1.7,762.55,88.5,2,56,-3.35
40,0,18.39,38.7,17.5,38.7,18.7,40.29,17.29,38.09,16.2,55.46111111,-0.833333333,94.6,16.1,33.9,19,46.5,15.89,43.26,-1.87,762.6,88.66666667,2,54.33333333,-3.5
50,0,18.35666667,38.73,17.5,38.79,18.7,40.29,17.29,38.09,16.19444444,55.41111111,-1.263333333,93.63333333,16.1,33.9,19,46.515,15.89,43.32666667,-2.03,762.65,88.83333333,2,52.66666667,-3.65
50,0,18.29,38.79,17.5,38.79,18.7,40.29,17.29,38.09,16.16111111,55.345,-1.53,93.16,16.1,33.9,19,46.545,15.89,43.4,-2.2,762.7,89,2,51,-3.8
60,10,18.29,38.79,17.39,38.7,18.7,40.29,17.23,38.03,16.11666667,55.275,-1.766666667,92.65666667,16.1,33.9,18.98777778,46.5,15.89,43.56666667,-2.13,762.7,89.16666667,2,51.66666667,-3.7
30,0,18.29,39.3,17.39,38.7,18.65,40.19,17.2,38,16.1,55.22,-1.966666667,92.65666667,16.1,33.89388889,18.93277778,46.48333333,15.89,43.7,-2.07,762.7,89.33333333,2,52.33333333,-3.6
30,0,18.29,39.89333333,17.35666667,38.79,18.6,40,17.2,38,16.1,55.10833333,-2.06,93.19333333,16.1,33.88166667,18.90222222,46.4,15.89,43.7,-2,762.7,89.5,2,53,-3.5
50,10,18.26,39.72333333,17.35666667,38.86333333,18.53333333,40,17.2,38,16.1,55.09,-1.933333333,94.52666667,16.08888889,33.88777778,18.89,46.40555556,15.89,43.62666667,-1.93,762.7,89.66666667,2,53.66666667,-3.4
50,0,18.2,39.59,17.35666667,39.03,18.5,40.03,17.13333333,38.06,16.1,55.035,-1.963333333,94.09333333,16.07777778,33.87555556,18.89,46.46666667,15.89,43.66333333,-1.87,762.7,89.83333333,2,54.33333333,-3.3
50,10,18.2,39.59,17.29,39.09,18.5,40.09,17.1,38,16.1,55,-2.09,93.76,16.08888889,33.88777778,18.88444444,46.5,15.89,43.59,-1.8,762.7,90,2,55,-3.2
40,10,18.2,39.59,17.29,39.12666667,18.5,40.06,17.1,38,16.1,54.81111111,-2.433333333,92.62666667,16.07222222,33.76444444,18.86222222,46.52888889,15.89,43.56,-1.97,762.8,90.16666667,1.833333333,55.33333333,-3.35
60,10,18.2,39.66333333,17.23,39.12666667,18.5,39.93333333,17.1,37.86,16.1,54.40444444,-2.56,92.7,16,33.32833333,18.79555556,46.07055556,15.89,43.43333333,-2.13,762.9,90.33333333,1.666666667,55.66666667,-3.5
40,10,18.2,39.59,17.2,38.93,18.5,39.9,17.1,37.56,16.07222222,53.99722222,-2.59,92.83333333,16,33.05722222,18.765,45.40666667,15.86,42.92333333,-2.3,763,90.5,1.5,56,-3.65
50,10,18.16666667,39.46666667,17.2,38.6175,18.5,39.82666667,17.03333333,37.36,16.02777778,53.56833333,-2.59,93.02666667,15.945,32.83444444,18.72,44.77055556,15.8,42.39,-2.47,763.1,90.66666667,1.333333333,56.33333333,-3.8
40,0,18.1,39.26666667,17.13333333,38.5,18.39,39.66333333,17,37.09,16.03888889,53.20555556,-2.5,93.245,15.92666667,32.645,18.68888889,44.22,15.8,41.79666667,-2.63,763.2,90.83333333,1.166666667,56.66666667,-3.95
30,0,18.1,39.06,17.1,38.36333333,18.39,39.53,17,37.03,16.03888889,52.37722222,-2.626666667,92.59666667,15.89,32.49833333,18.60555556,43.665,15.8,41.39,-2.8,763.3,91,1,57,-4.1
20,0,18.1,38.93333333,17.1,38.23,18.39,39.36333333,16.89,36.9,16.13888889,50.80166667,-2.833333333,91.73,15.89,32.36944444,18.6,43.26833333,15.8,40.83333333,-3.05,763.3666667,91.33333333,1,54.33333333,-4.3
20,0,18.06666667,38.72333333,17,37.96666667,18.39,39.23,16.89,36.82666667,16.2,49.77444444,-3.03,90.95666667,15.885,32.20388889,18.53888889,42.94277778,15.7175,40.375,-3.3,763.4333333,91.66666667,1,51.66666667,-4.5
40,0,18,38.59,17,37.9,18.29,39.09,16.89,36.7,16.2,49.115,-3.163333333,90.35666667,15.825,32.02222222,18.5,42.53944444,15.69,39.86,-3.55,763.5,92,1,49,-4.7
40,0,18,38.5,17,37.79,18.23,38.96333333,16.82333333,36.56666667,16.2,48.61,-3.23,90.49333333,15.805,31.89166667,18.43277778,42.18111111,15.69,39.52666667,-3.8,763.5666667,92.33333333,1,46.33333333,-4.9
40,0,18,38.43333333,16.92666667,37.73,18.2,38.9,16.79,36.5,16.2,47.97777778,-3.23,90.56,15.8,31.78,18.39,41.88277778,15.69,39.26666667,-4.05,763.6333333,92.66666667,1,43.66666667,-5.1
50,0,17.89,38.29,16.89,37.66333333,18.2,38.9,16.79,36.43333333,16.22,47.50888889,-3.29,90.56333333,15.8,31.705,18.39,41.63277778,15.69,38.96666667,-4.3,763.7,93,1,41,-5.3
60,0,17.89,38.29,16.89,37.53,18.2,38.86333333,16.79,36.4,16.21,47.05666667,-3.29,90.35666667,15.8,31.65,18.34,41.45,15.69,38.76666667,-3.83,763.7833333,92.5,1,43.16666667,-4.92
60,20,17.89,38.145,16.89,37.46666667,18.2,38.8175,16.79,36.4,16.225,46.78333333,-3.29,90.06666667,15.8,31.56111111,18.29,41.24722222,15.6,38.43,-3.37,763.8666667,92,1,45.33333333,-4.53
60,10,17.85666667,38.02666667,16.89,37.32666667,18.2,38.9,16.79,36.29,16.23,46.47611111,-3.29,90.33333333,15.78777778,31.5,18.28,41.04611111,15.6,38.15666667,-2.9,763.95,91.5,1,47.5,-4.15
50,20,17.79,37.82666667,16.79,37.16333333,18.2,38.86333333,16.79,36.29,16.265,46.11333333,-3.163333333,90.63333333,15.78777778,31.43277778,18.205,40.80888889,15.6,37.96666667,-2.43,764.0333333,91,1,49.66666667,-3.77
40,10,17.79,37.7,16.79,37.03,18.13333333,38.79,16.82333333,36.5,16.285,45.76111111,-3.03,91.02666667,15.72055556,31.39,18.2,40.655,15.6,37.76666667,-1.97,764.1166667,90.5,1,51.83333333,-3.38
30,20,17.79,37.7,16.82333333,37,18.1,38.66333333,16.96333333,36.76,16.28,45.42944444,-2.9,91.22666667,15.70222222,31.37333333,18.2,40.515,15.6,37.59,-1.5,764.2,90,1,54,-3
50,10,17.79,37.7,16.82333333,36.93333333,18.1,38.59,17.05,36.95,16.28,45.18166667,-2.766666667,91.56,15.72055556,31.29,18.17777778,40.45,15.6,37.46333333,-1.08,764.25,87.66666667,1,55.33333333,-2.97
70,10,17.79,37.7,16.89,36.96666667,18.06666667,38.46666667,17.23,37.06666667,16.29,45.05555556,-2.545,92.15,15.70833333,31.29,18.13888889,40.32777778,15.6,37.13333333,-0.667,764.3,85.33333333,1,56.66666667,-2.93
60,20,17.79,37.59,16.89,36.9,18,38.46666667,17.29,37.2,16.29,45.26111111,-2.223333333,92.99666667,15.70222222,31.29,18.1,40.23,15.6,36.93333333,-0.25,764.35,83,1,58,-2.9
60,10,17.79,37.59,17,36.79,18,38.53,17.32333333,37.2,16.29,44.88,-1.963333333,93.39666667,15.75722222,31.29,18.1,40.10333333,15.6,36.76,0.167,764.4,80.66666667,1,59.33333333,-2.87
60,20,17.79,37.62666667,17,36.7225,18.06666667,38.66333333,17.46333333,37.26,16.29,44.57777778,-1.633333333,93.96333333,15.78777778,31.29,18.08888889,39.99888889,15.6,36.62666667,0.583,764.45,78.33333333,1,60.66666667,-2.83
60,20,17.79,37.7,17,36.7,18.1,38.7,17.63333333,37.2,16.29,44.29055556,-1.36,94.23,15.78777778,31.235,18.08888889,39.98888889,15.63,36.53,1,764.5,76,1,62,-2.8
60,10,17.79,37.7,17.1,36.7,18.1,38.76,17.76,37.12666667,16.29,43.93055556,-1.066666667,94.53,15.81,31.18333333,18.1,39.95,15.63,36.46333333,1.2,764.5,74.33333333,1,55.16666667,-2.93
50,20,17.85666667,37.76,17.16666667,36.7,18.1,38.79,17.82333333,37.03,16.29,43.67444444,-0.8,94.92333333,15.885,31.17777778,18.1,39.80666667,15.63,36.32666667,1.4,764.5,72.66666667,1,48.33333333,-3.07
50,10,17.89,37.7,17.2,36.7,18.1,38.79,17.89,37.09,16.29,43.27,-0.466666667,95.43333333,15.89,31.05,18.1,39.39222222,15.69,36.4975,1.6,764.5,71,1,41.5,-3.2
40,0,17.96333333,37.62666667,17.2,36.76,18.1,38.82666667,17.92666667,37.06,16.29,43.145,-0.266666667,95.7,15.93277778,30.90277778,18.1,39.03666667,15.69,36.59,1.8,764.5,69.33333333,1,34.66666667,-3.33
50,10,18,37.59,17.2,36.76,18.1,38.82666667,18,37,16.30111111,42.99833333,0.033333333,95.8,15.97555556,30.75611111,18.1,38.845,15.69,36.62666667,2,764.5,67.66666667,1,27.83333333,-3.47
50,0,18,37.53,17.26,36.7,18.1,38.7,17.96333333,36.96666667,16.36222222,42.76944444,0.233333333,95.72666667,16,30.63888889,18.1,38.63777778,15.69,36.7,2.2,764.5,66,1,21,-3.6
60,0,18,37.46666667,17.29,36.66333333,18.1,38.62666667,17.96333333,36.9,16.35666667,42.44833333,0.433333333,95.36666667,16,30.55,18.07777778,38.515,15.69,36.66333333,2.43,764.45,64.33333333,1,20.83333333,-3.75
60,10,18,37.4,17.29,36.53,18.1,38.645,18,36.9,16.39,42.47222222,0.633333333,95.22666667,16.1,30.51611111,18.06666667,38.39111111,15.69,36.53,2.67,764.4,62.66666667,1,20.66666667,-3.9
50,0,18,37.345,17.29,36.5,18.03333333,38.62666667,17.92666667,36.9,16.36777778,42.4,0.8,94.86666667,16.225,30.38,18.08888889,38.17944444,15.76333333,36.4,2.9,764.35,61,1,20.5,-4.05
50,0,18.03333333,37.32666667,17.29,36.5,18.1,38.7,18,36.9,16.37333333,42.36944444,0.933333333,94.93333333,16.35722222,30.27166667,18.13888889,38.075,15.69,36.26666667,3.13,764.3,59.33333333,1,20.33333333,-4.2
50,10,18.1,37.32666667,17.29,36.46666667,18.1,38.7,17.92666667,36.82666667,16.38444444,42.02833333,1.163333333,95.09,16.51555556,30.19222222,18.225,37.95,15.69,36.16333333,3.37,764.25,57.66666667,1,20.16666667,-4.35
50,0,18.1,37.16333333,17.29,36.4,18.1,38.7,17.89,36.9,16.39,41.66,1.4725,95.3475,16.63888889,30.03277778,18.35722222,37.85722222,15.76333333,36.03,3.6,764.2,56,1,20,-4.5
50,0,18.1,37.09,17.29,36.36333333,18.1,38.66333333,17.815,36.645,16.39,41.465,1.726666667,95.7,16.7,29.87444444,18.51555556,37.745,15.8,35.86333333,3.73,764.15,56,1.166666667,27.5,-4.38
290,0,18.1,37,17.29,36.29,18.1,38.59,17.79,36.36,16.39,41.28722222,2.066666667,96.19333333,16.7,29.72944444,18.6,37.54777778,15.8,35.73,3.87,764.1,56,1.333333333,35,-4.27
360,0,18.1,37.06,17.29,36.26,18.1,38.56,17.76333333,36.4,16.39,41.10333333,2.333333333,96.52666667,16.7,29.58333333,18.6,37.35611111,15.89,36.03,4,764.05,56,1.5,42.5,-4.15
230,0,18.1,37.16333333,17.29,36.2,18.1,38.5,18.15666667,36.4,16.445,41,2.53,96.69,16.715,29.45722222,18.66111111,37.255,15.89,36.56333333,4.13,764,56,1.666666667,50,-4.03
60,0,18.16666667,37.09,17.29,36.245,18,38.29,18.53333333,36.29666667,16.5,40.91555556,2.663333333,96.89666667,16.77,29.36222222,18.7,37.11055556,15.96333333,36.46666667,4.27,763.95,56,1.833333333,57.5,-3.92
70,0,18.2,36.86333333,17.32333333,36.23,18,38.29,18.66666667,35.89,16.52777778,40.71,2.933333333,96.69,16.80666667,29.215,18.7,36.99944444,15.89,36.32666667,4.4,763.9,56,2,65,-3.8
70,0,18.26,36.73,17.39,36.03,18,38.2,18.6,35.46666667,16.55555556,40.36666667,3,96.62333333,16.945,29.15,18.7,36.89888889,16,36.4,4.45,763.8666667,55.16666667,1.833333333,57.5,-3.95
80,0,18.32333333,36.4,17.53333333,36,18,38.12666667,18.53333333,35.19333333,16.62777778,39.91722222,3.126666667,97,17.07777778,29.055,18.7,36.79611111,15.92666667,36.46666667,4.5,763.8333333,54.33333333,1.666666667,50,-4.1
60,0,18.39,36.32666667,17.66666667,36.06,18.03333333,38,18.39,35.09,16.735,39.70888889,3.2,96.93333333,17.245,28.88555556,18.7,36.725,16,36.645,4.55,763.8,53.5,1.5,42.5,-4.25
60,0,18.53333333,36.5,17.82333333,36,18.1,37.93333333,18.39,35.16333333,16.84,39.61444444,3.29,97,17.41611111,28.81833333,18.775,36.60333333,15.96333333,36.82666667,4.6,763.7666667,52.66666667,1.333333333,35,-4.4
40,0,18.66666667,36.76,17.89,35.86,18.13333333,37.76,18.32333333,35.46333333,16.93833333,39.58,3.363333333,97,17.58888889,28.69888889,18.84,36.49888889,15.96333333,36.9,4.65,763.7333333,51.83333333,1.166666667,27.5,-4.55
50,0,18.82333333,36.9,18.03333333,35.7,18.2,37.7,18.39,35.66333333,17.06666667,39.515,3.4,96.93333333,17.74388889,28.58888889,18.96277778,36.40555556,16,36.9,4.7,763.7,51,1,20,-4.7
50,0,18.96333333,36.9,18.16666667,35.62666667,18.23,37.73,18.39,35.86,17.24388889,39.43277778,3.4,96.93333333,17.84,28.47555556,19.10555556,36.345,16,36.96666667,4.67,763.7666667,52.5,1,20.33333333,-4.37
40,0,19.16333333,36.86333333,18.42666667,35.53,18.29,37.79,18.46333333,36.19333333,17.43388889,39.31444444,3.326666667,96.62666667,17.96277778,28.34722222,19.20388889,36.17222222,16,37.15666667,4.63,763.8333333,54,1,20.66666667,-4.03
40,0,19.35666667,36.73,18.56666667,35.59,18.39,37.79,18.5,36.5,17.58277778,39.27722222,3.466666667,96.62666667,18.06666667,28.245,19.34,36.065,16,37.36333333,4.6,763.9,55.5,1,21,-3.7
40,0,19.55,36.645,18.82333333,35.59,18.39,37.79,18.56666667,36.56,17.76,39.18555556,3.5,96.545,18.16111111,28.18277778,19.46277778,35.98277778,16,37.15666667,4.57,763.9666667,57,1,21.33333333,-3.37
50,0,19.73,36.59,18.96333333,35.66333333,18.39,37.79,18.6,36.62666667,17.87944444,39.35888889,3.363333333,96.13333333,18.2,28.33,19.56666667,36.11055556,16,37.43,4.53,764.0333333,58.5,1,21.66666667,-3.03
40,0,19.79,36.66333333,19.13333333,35.9,18.42666667,37.86,18.53333333,36.7,17.98777778,39.525,3.23,95.66,18.255,28.54833333,19.68333333,36.28111111,16.1,37.73,4.5,764.1,60,1,22,-2.7
50,0,19.82333333,36.73,19.2,35.96666667,18.5,38,18.5,36.745,18,39.60833333,3.026666667,95.16666667,18.29,28.70388889,19.725,36.39888889,16.1,37.79,4.13,764.1333333,61.66666667,1,29.16666667,-2.7
40,0,19.89,36.86333333,19.23,36.12666667,18.5,38.09,18.46333333,36.86333333,18,39.725,2.826666667,94.56666667,18.29,28.84722222,19.785,36.55555556,16.1,37.79,3.77,764.1666667,63.33333333,1,36.33333333,-2.7
40,0,19.89,36.9,19.29,36.26,18.56666667,38.09,18.39,36.86333333,18.06111111,39.85722222,2.43,93.43333333,18.29,28.98777778,19.72,36.71277778,16.1,37.86333333,3.4,764.2,65,1,43.5,-2.7
40,0,19.89,36.9,19.26,36.4,18.6,38.2,18.35666667,36.9,18.02777778,39.85722222,2.23,93.03333333,18.235,29.08888889,19.71,36.86277778,16.1,37.93333333,3.03,764.2333333,66.66666667,1,50.66666667,-2.7
40,0,19.89,36.93333333,19.2,36.4,18.6,38.2,18.29,36.82666667,18.02777778,39.85722222,1.8,91.76666667,18.17222222,29.18888889,19.7,37.01388889,16.1,38,2.67,764.2666667,68.33333333,1,57.83333333,-2.7
50,0,19.89,37,19.2,36.5,18.6,38.2,18.2,36.56,18.05555556,39.90444444,1.46,91.16,18.12222222,29.31388889,19.61111111,37.09611111,16.1,38.12666667,2.3,764.3,70,1,65,-2.7
40,0,19.79,37.03,19.1,36.62666667,18.6,38.26,18.2,36.43333333,18.02777778,39.92777778,0.9,89.93333333,18.07222222,29.445,19.51111111,37.21277778,16.1,38.2,1.97,764.3666667,71.16666667,1,65,-2.8
20,0,19.79,37.09,19.1,36.76,18.6,38.29,18.1,36.76666667,18,39.9,0.566666667,89.72666667,18,29.65944444,19.45722222,37.32055556,16.1,38.23,1.63,764.4333333,72.33333333,1,65,-2.9
20,0,19.79,37.2,19,36.73,18.6,38.23,18.03333333,36.9,18,39.88166667,0.2,89.43,17.96333333,29.81777778,19.39,37.36333333,16.03333333,38.23,1.3,764.5,73.5,1,65,-3
30,0,19.73,37.2,19,36.79,18.6,38.29,18,37.12666667,18,39.79,-0.133333333,89.76333333,17.89611111,29.95722222,19.35111111,37.49833333,16.05,38.245,0.967,764.5666667,74.66666667,1,65,-3.1
50,10,19.7,37.2,18.96333333,36.79,18.53333333,38.29,18,37.26,17.97555556,39.79,-0.466666667,89.62666667,17.86222222,29.96944444,19.275,37.62666667,16,38.2,0.633,764.6333333,75.83333333,1,65,-3.2
70,10,19.7,37.2,18.82333333,36.59666667,18.5,38.43333333,17.96333333,37.43,17.92055556,39.69944444,-0.8,89.43333333,17.785,29.79166667,19.23,37.72055556,16,38.2,0.3,764.7,77,1,65,-3.3
90,30,19.6,36.72333333,18.79,36.36333333,18.5,38.43333333,17.89,37.09666667,17.89,39.40444444,-1,90.93,17.69888889,29.46944444,19.2,38.07722222,16,38.02666667,0.117,764.6666667,78.16666667,1,64.83333333,-3.28
110,20,19.6,36.53,18.79,36.03,18.5,38.43333333,17.79,36.69666667,17.89,38.81666667,-1.1,90.9225,17.58888889,29.07444444,19.255,38.26888889,16,37.76666667,-0.0667,764.6333333,79.33333333,1,64.66666667,-3.27
200,10,19.6,35.72333333,18.56333333,34.8,18.4725,38.2225,17.79,36.29,17.89,38.28555556,-1.326666667,90.7,17.445,28.62555556,19.29,38.02944444,15.96333333,37.29666667,-0.25,764.6,80.5,1,64.5,-3.25
430,20,19.6,34.92333333,18.29,33.66,18.39,37.39,17.76,35.6,17.87888889,37.84111111,-1.533333333,91,17.32888889,28.31388889,19.29555556,37.68555556,15.96333333,37.03,-0.433,764.5666667,81.66666667,1,64.33333333,-3.23
1070,30,19.6,34.3,18.42666667,33.96333333,18.39,36.93,17.7,35.4,17.85666667,37.60833333,-1.6,90.93333333,17.29,28.225,19.35666667,37.42944444,16,36.93,-0.617,764.5333333,82.83333333,1,64.16666667,-3.22
890,20,19.73,37.86333333,18.56666667,34.09,18.39,36.86333333,17.6,35.13333333,17.86777778,37.72833333,-1.73,91.23,17.235,28.15388889,19.39,37.22888889,16,36.73,-0.8,764.5,84,1,64,-3.2
590,30,19.85666667,47.66333333,18.7,34.1,18.42666667,37.83333333,17.6,35.13333333,17.93277778,38.55,-1.79,91.23,17.2,28.05,19.445,37.10222222,16,36.63333333,-0.767,764.5333333,84,1.166666667,63.83333333,-3.17
100,0,19.89,49.49666667,18.7,34.22666667,18.42666667,38.43333333,17.6,36.2,18.01666667,39.89666667,-1.863333333,91.72666667,17.17222222,28.14944444,19.5,36.99222222,16,36.5,-0.733,764.5666667,84,1.333333333,63.66666667,-3.13
100,10,19.96333333,47.03,18.82333333,36.09333333,18.5,39.33,17.6,38.29333333,18.1,40.98777778,-1.79,92.06,17.13333333,28.33,19.46944444,36.93222222,15.96333333,36.82666667,-0.7,764.6,84,1.5,63.5,-3.1
120,10,20.1,43.69333333,18.96333333,36.9,18.56666667,39.66333333,17.66666667,38.9,18.18333333,40.98222222,-1.9,92.19,17.1,28.48722222,19.42055556,37.28555556,15.96333333,36.96666667,-0.667,764.6333333,84,1.666666667,63.33333333,-3.07
150,0,20.1,42.16,19.13333333,37.2,18.7,39.9,17.7,39.09,18.255,40.79722222,-1.966666667,92.39666667,17.08888889,28.65388889,19.48777778,37.64888889,16,37.23,-0.633,764.6666667,84,1.833333333,63.16666667,-3.03
120,10,20.2,40.55666667,19.2,37.26,18.7,39.82666667,17.7,39.09,18.29,40.56388889,-2,92.69,17.02777778,28.74,19.53888889,37.90333333,15.92666667,37.36333333,-0.6,764.7,84,2,63,-3
120,20,20.2,39.75666667,19.29,37.05,18.745,39.645,17.7,39.12666667,18.275,40.22444444,-2,92.83,17,28.84,19.61666667,38.09833333,16,37.83,-0.317,764.6666667,83.66666667,2.333333333,62.83333333,-2.77
160,20,20.2,38.9,19.29,36.66333333,18.73,39.53,17.7,39,18.23,39.925,-1.863333333,93.53333333,16.98166667,28.98722222,19.68888889,38.26277778,16,38.49666667,-0.0333,764.6333333,83.33333333,2.666666667,62.66666667,-2.53
480,10,20.26,38.56666667,19.35666667,36.59,18.73,39.26,17.66666667,38.73,18.275,39.85111111,-1.79,93.93333333,16.89,29.08888889,19.7,38.345,16.1,39.29,0.25,764.6,83,3,62.5,-2.3
460,0,20.29,37.96666667,19.39,36.59,18.79,39.4,17.66666667,38.79,18.28,39.86944444,-1.633333333,94.56666667,16.89,29.18833333,19.7,38.56166667,16.075,39.195,0.533,764.5666667,82.66666667,3.333333333,62.33333333,-2.07
360,0,20.29,37.9,19.39,36.66333333,18.99333333,40.86333333,17.6,38.66333333,18.29555556,39.92222222,-1.5,94.9,16.89,29.27111111,19.7,38.79833333,16,38.96333333,0.817,764.5333333,82.33333333,3.666666667,62.16666667,-1.83
330,0,20.29,37.86333333,19.42666667,36.82666667,19.4,42.13,17.6,38.59,18.35666667,39.92222222,-1.245,95.745,16.82888889,29.36222222,19.7,38.88777778,16,38.69333333,1.1,764.5,82,4,62,-1.6
310,0,20.35666667,37.73,19.56666667,36.82666667,19.86,42.76666667,17.5,38.46666667,18.43277778,39.85111111,-1.2,95.43333333,16.79,29.42055556,19.7,38.92777778,16,38.36,0.983,764.55,82.5,3.833333333,62,-1.63
250,0,20.39,37.5,19.63333333,36.79,20.13333333,43.02666667,17.5,38.4,18.53333333,39.85722222,-1.2,95.3,16.785,29.50555556,19.7,39.12,15.89,38.06,0.867,764.6,83,3.666666667,62,-1.67
220,10,20.46333333,37.56,19.7,36.79,20.46,42.93,17.46333333,38.26,18.6,39.80833333,-1.323333333,94.99333333,16.775,29.58888889,19.7,39.49944444,15.89,37.8,0.75,764.65,83.5,3.5,62,-1.7
90,0,20.53333333,37.52666667,19.73,36.66333333,20.6975,42.6475,17.39,38.06666667,18.66666667,39.80833333,-1.463333333,94.66,16.775,29.68333333,19.62777778,39.89555556,15.89,37.7,0.633,764.7,84,3.333333333,62,-1.73
80,0,20.6,37.32666667,19.85666667,36.59,20.85666667,42.26666667,17.39,37.96666667,18.71,39.735,-1.663333333,94.2,16.7,29.7,19.61111111,41.01833333,15.89,37.56666667,0.517,764.75,84.5,3.166666667,62,-1.77
80,0,20.7,37.29,19.92666667,36.59,20.72666667,41.33333333,17.32333333,37.82666667,18.755,39.7,-1.863333333,93.86666667,16.7,29.775,19.6,41.53333333,15.8,37.26,0.4,764.8,85,3,62,-1.8
70,0,20.7225,37.2225,20,36.59,20.53333333,40.72666667,17.29,37.7,18.79,39.68666667,-2.03,93.56,16.7,29.83611111,19.6,41.53,15.8,37.06666667,0.233,764.8,85.83333333,2.833333333,61.5,-1.85
50,0,20.73,37.2,20.03333333,36.62666667,20.39,40.5,17.29,37.6175,18.71722222,40.00333333,-2.163333333,93.1,16.7,30.21,19.56111111,41.55611111,15.8,36.9,0.0667,764.8,86.66666667,2.666666667,61,-1.9
50,0,20.79,37.22333333,20.1,36.56666667,20.32333333,40.43333333,17.29,37.66333333,18.46833333,40.55222222,-2.29,93.1,16.7,30.53777778,19.5,41.885,15.8,37.36,-0.1,764.8,87.5,2.5,60.5,-1.95
40,10,20.79,37.03,20.06666667,36.29,20.26,40.4,17.2,37.62666667,18.30111111,41.11388889,-2.23,93.56,16.7,30.755,19.56111111,42.20777778,15.92666667,38.83,-0.267,764.8,88.33333333,2.333333333,60,-2
40,0,20.7,36.9,20.06666667,36.36333333,20.13333333,40.4,17.2,37.76,18.19833333,41.55555556,-2.09,94.1,16.7,30.945,19.57777778,42.43777778,15.92666667,39.22333333,-0.433,764.8,89.16666667,2.166666667,59.5,-2.05
40,0,20.7,36.9,20,36.4,20.1,40.4,17.16666667,37.79,18.07222222,41.90944444,-2.09,94.16,16.7,31.14944444,19.55,42.62277778,15.89,39.46333333,-0.6,764.8,90,2,59,-2.1
30,0,20.7,36.9,20,36.4,20.03333333,40.32666667,17.1,37.86333333,17.99388889,42.20111111,-2.163333333,93.82333333,16.7,31.30777778,19.55,42.81055556,15.89,39.66333333,-0.5,764.85,89.66666667,2.333333333,59.33333333,-2.03
50,0,20.63333333,36.82666667,19.96333333,36.5,19.85666667,40.26,17.1,37.93333333,17.90222222,42.56444444,-2.03,94.23,16.67777778,31.43833333,19.51111111,42.98222222,15.89,39.79,-0.4,764.9,89.33333333,2.666666667,59.66666667,-1.97
50,0,20.6,36.82666667,19.865,36.475,19.73,40.26,17.1,38,17.87333333,42.84777778,-1.9,94.5,16.7,31.59444444,19.51666667,43.20833333,15.96333333,39.86333333,-0.3,764.95,89,3,60,-1.9
40,0,20.6,36.9,19.79,36.46666667,19.7,40.29,17,37.9,17.78,43.02611111,-1.8725,94.5925,16.7,31.715,19.5,43.40333333,15.89,39.93333333,-0.2,765,88.66666667,3.333333333,60.33333333,-1.83
50,0,20.5,36.9,19.7,36.53,19.63333333,40.23,17,37.96666667,17.725,43.26055556,-1.79,94.69,16.68888889,31.79666667,19.5,43.635,15.89,40.0225,-0.1,765.05,88.33333333,3.666666667,60.66666667,-1.77
40,0,20.5,36.96666667,19.7,36.59,19.6,40.16333333,17,38,17.7,43.50166667,-1.7,94.9,16.66666667,31.88944444,19.49388889,43.7,15.89,40.16333333,0,765.1,88,4,61,-1.7
40,10,20.39,36.93333333,19.6,36.59,19.53333333,40.09,17,38,17.61666667,43.61333333,-1.7,94.9,16.66666667,31.96333333,19.45722222,43.82333333,15.89,40.32666667,-0.05,765.1,88.16666667,3.833333333,61,-1.73
40,0,20.39,37.06,19.53333333,36.66333333,19.5,40.06,17,38.03,17.6,43.835,-1.6,94.93333333,16.66666667,32.02277778,19.49388889,44.03,15.89,40.46666667,-0.1,765.1,88.33333333,3.666666667,61,-1.77
40,0,20.29,37.12666667,19.46333333,36.7,19.42666667,39.93333333,17,38.09,17.53888889,43.97611111,-1.6,94.86666667,16.64444444,32.04,19.42666667,44.07944444,15.89,40.65666667,-0.15,765.1,88.5,3.5,61,-1.8
50,0,20.29,37.2,19.39,36.76,19.39,39.9,16.96333333,38.09,17.5,44.145,-1.633333333,94.73,16.61666667,32.09222222,19.39,44.15722222,15.89,40.86333333,-0.2,765.1,88.66666667,3.333333333,61,-1.83
30,0,20.2,37.2,19.29,36.79,19.365,39.9,16.89,38.09,17.43277778,44.25944444,-1.7,94.59,16.61111111,32.15722222,19.37333333,44.225,15.89,40.93333333,-0.25,765.1,88.83333333,3.166666667,61,-1.87
30,0,20.2,37.2,19.23,36.79,19.29,39.82666667,16.89,38.09,17.39,44.32055556,-1.826666667,94.36666667,16.6,32.21,19.32333333,44.30833333,15.96333333,41.06,-0.3,765.1,89,3,61,-1.9
20,0,20.1,37.23,19.16666667,36.82666667,19.26,39.66333333,16.89,38.09,17.37333333,44.49833333,-1.9,94.3,16.6,32.255,19.29,44.41666667,15.92666667,41.23,-0.3,765,88.83333333,3,61.16666667,-1.93
40,0,20.075,37.345,19.1,36.9,19.2,39.59,16.89,38.2,17.29,44.645,-2,94.12333333,16.6,32.29,19.29,44.49388889,16,41.29,-0.3,764.9,88.66666667,3,61.33333333,-1.97
40,0,20,37.29,19.06666667,36.86333333,19.16666667,39.56,16.89,38.2,17.29,44.76111111,-2,94.26333333,16.6,32.32055556,19.29,44.635,16,41.43333333,-0.3,764.8,88.5,3,61.5,-2
50,0,19.96333333,37.29,19,36.79,19.1,39.56,16.82333333,38.12666667,17.26,44.88,-1.9,94.53,16.6,32.4,19.27,44.77333333,15.92666667,41.5,-0.3,764.7,88.33333333,3,61.66666667,-2.03
40,0,19.82333333,37.23,18.89,36.9,19.1,39.56,16.79,38.09,17.205,44.94444444,-1.766666667,94.73,16.58333333,32.41111111,19.275,44.88166667,15.92666667,41.53,-0.3,764.6,88.16666667,3,61.83333333,-2.07
50,0,19.79,37.2,18.82333333,36.9,19.1,39.56,16.79,38.09,17.2,45.045,-1.76,94.62333333,16.55555556,32.46666667,19.23,44.89166667,16,41.66333333,-0.3,764.5,88,3,62,-2.1
50,0,19.79,37.2,18.79,36.93333333,19.1,39.5,16.79,38.09,17.2,45.15722222,-1.7225,94.6425,16.53333333,32.48333333,19.2,44.88777778,16,41.7,-0.35,764.5333333,88,3,62,-2.15
40,0,19.7,37.29,18.73,37,19.1,39.63333333,16.79,38.16333333,17.15,45.225,-1.79,94.43333333,16.51111111,32.5,19.16111111,44.83888889,16,41.76,-0.4,764.5666667,88,3,62,-2.2
40,0,19.7,37.29,18.7,37.09,19.1,39.7,16.79,38.12666667,17.1,45.36277778,-1.863333333,94.43333333,16.5,32.515,19.1,44.965,16,41.93333333,-0.45,764.6,88,3,62,-2.25
30,0,19.66666667,37.29,18.625,37.045,19.1,39.76,16.79,38.2,17.1,45.49888889,-1.863333333,94.43333333,16.5,32.58,19.07222222,45.16222222,16,42,-0.5,764.6333333,88,3,62,-2.3
20,0,19.6,37.29,18.6,37.09,19.1,39.79,16.7,38.2,17.07222222,45.60166667,-1.963333333,93.99,16.5,32.61444444,19.05555556,45.44444444,16,42,-0.55,764.6666667,88,3,62,-2.35
30,0,19.56666667,37.29,18.5,37.2,19.1,39.79,16.7,38.2,17.01111111,45.68166667,-2.163333333,93.39666667,16.5,32.63277778,19,45.66222222,16,42.0675,-0.6,764.7,88,3,62,-2.4
30,0,19.5,37.29,18.5,37.2,19.1,39.79,16.7,38.2,17,45.755,-2.26,93.43333333,16.5,32.67555556,19,45.76,16,42.16333333,-0.633,764.6,87.83333333,3,62,-2.45
40,0,19.46333333,37.29,18.39,37.2,19.1,39.79,16.7,38.2,16.98166667,45.82055556,-2.2,93.7,16.5,32.7,19,45.87388889,15.92666667,42.2,-0.667,764.5,87.66666667,3,62,-2.5
50,0,19.39,37.29,18.39,37.26,19.1,39.93333333,16.7,38.2,16.92666667,45.9,-2.163333333,93.83333333,16.5,32.7,18.945,46.07555556,16,42.2,-0.7,764.4,87.5,3,62,-2.55
40,0,19.35666667,37.32666667,18.29,37.32666667,19.1,40,16.7,38.2,16.89,45.97222222,-2.09,93.96666667,16.5,32.7,18.92055556,46.42444444,16,42.23,-0.733,764.3,87.33333333,3,62,-2.6
50,0,19.35666667,37.4,18.29,37.4,19.1,40,16.63333333,38.2,16.89,46.055,-2.09,94.06,16.47555556,32.72,18.90833333,46.70277778,16,42.29,-0.767,764.2,87.16666667,3,62,-2.65
30,0,19.29,37.4,18.2,37.29,19.1,40,16.63333333,38.2,16.86777778,46.145,-2.09,94,16.445,32.72,18.89,46.78,16,42.32666667,-0.8,764.1,87,3,62,-2.7
40,0,19.23,37.4,18.2,37.29,19.1,40.06,16.66666667,38.2,16.89,46.275,-2.03,93.96666667,16.40222222,32.7,18.89,46.82055556,16,42.4,-0.867,764.1,87,3,62,-2.77
40,0,19.2,37.4,18.2,37.29,19.1,40,16.6,38.2,16.86222222,46.29,-2.09,93.9,16.39,32.7,18.89,46.83277778,15.96333333,42.43333333,-0.933,764.1,87,3,62,-2.83
50,0,19.125,37.475,18.13333333,37.36333333,19.16666667,40.06,16.6,38.2,16.79,46.33277778,-2,94.06,16.39,32.715,18.86222222,46.765,15.96333333,42.5,-1,764.1,87,3,62,-2.9
40,0,19.1,37.5,18.1,37.4,19.2,40.09,16.6,38.2,16.79,46.4,-2,94,16.39,32.75,18.87333333,46.79944444,16,42.5,-1.07,764.1,87,3,62,-2.97
20,0,19.06666667,37.5,18.03333333,37.32666667,19.2,40.09,16.53333333,38.2,16.79,46.46111111,-1.845,94.345,16.39,32.78,18.84,46.745,16,42.5,-1.13,764.1,87,3,62,-3.03
20,0,19,37.5,18,37.4,19.2,40.09,16.56666667,38.2,16.765,46.5,-1.7,94.56,16.39,32.79,18.87333333,46.71388889,16,42.59,-1.2,764.1,87,3,62,-3.1
30,0,19,37.59,18,37.46666667,19.2,40.09,16.5,38.2,16.7,46.5,-1.633333333,94.62666667,16.39,32.79,18.86777778,46.58222222,16,42.59,-1.17,764.0166667,86.66666667,3,62.33333333,-3.12
40,0,18.92666667,37.59,17.96333333,37.5,19.16666667,40.23,16.5,38.2,16.7,46.565,-1.633333333,94.56,16.39,32.79,18.82888889,46.45777778,16,42.7,-1.13,763.9333333,86.33333333,3,62.66666667,-3.13
40,0,18.89,37.59,17.89,37.5,19.1,40.29,16.5,38.2,16.7,46.63277778,-1.633333333,94.5,16.37333333,32.79,18.79,46.28,16,42.7,-1.1,763.85,86,3,63,-3.15
50,0,18.89,37.66333333,17.89,37.53,19.1,40.29,16.5,38.2,16.7,46.7,-1.7,94.23,16.38444444,32.80222222,18.79,46.205,15.96333333,42.73,-1.07,763.7666667,85.66666667,3,63.33333333,-3.17
50,0,18.89,37.7,17.865,37.5675,19.1,40.23,16.5,38.2,16.7,46.725,-1.7,94.15666667,16.36777778,32.83277778,18.79,46.16944444,15.96333333,42.73,-1.03,763.6833333,85.33333333,3,63.66666667,-3.18
40,0,18.82333333,37.7,17.79,37.5,19.1,40.29,16.46333333,38.22333333,16.64444444,46.73,-1.7,94.06,16.33444444,32.9,18.735,46.09,16,42.79,-1,763.6,85,3,64,-3.2
50,0,18.79,37.7,17.79,37.59,19.1,40.29,16.39,38.16333333,16.62777778,46.73,-1.76,93.79333333,16.30666667,32.9,18.7,46.09,15.92666667,42.82666667,-1.05,763.5666667,84.83333333,2.833333333,64.16666667,-3.28
40,0,18.79,37.7,17.79,37.59,19.2,40.29,16.39,38.2,16.6,46.76,-1.826666667,93.62666667,16.29,32.9,18.7,46.085,16,42.9,-1.1,763.5333333,84.66666667,2.666666667,64.33333333,-3.37
40,0,18.7,37.7,17.7,37.7,19.13333333,40.29,16.39,38.2,16.6,46.79,-1.9,93.43333333,16.29,32.9,18.7,46.01,15.96333333,42.9,-1.15,763.5,84.5,2.5,64.5,-3.45
30,0,18.7,37.76,17.7,37.7,19.1,40.32666667,16.39,38.2,16.6,46.845,-2,93.02666667,16.29,32.9,18.7,46,15.96333333,42.9,-1.2,763.4666667,84.33333333,2.333333333,64.66666667,-3.53
30,10,18.7,37.79,17.6,37.7,19.1,40.4,16.39,38.2,16.6,46.9,-2.06,92.83333333,16.29,32.9,18.68888889,45.98888889,16,43.03,-1.25,763.4333333,84.16666667,2.166666667,64.83333333,-3.62
20,0,18.7,37.79,17.6,37.7,19.1,40.4,16.35666667,38.2,16.6,46.92777778,-2.126666667,92.7,16.29,32.9,18.62777778,45.99166667,16,43.09,-1.3,763.4,84,2,65,-3.7
30,0,18.66666667,38,17.6,37.79,19,40.16333333,16.29,38.2,16.53888889,47,-2.126666667,92.76666667,16.28,32.88777778,18.61111111,46.01833333,16,43.09,-1.22,763.3833333,83.5,2.166666667,57.5,-3.7
70,10,18.6,38.06,17.6,37.86333333,18.92666667,40.03,16.29,38.2,16.52222222,47.025,-1.95,93.1,16.28,32.88777778,18.61111111,45.65666667,16,43.09,-1.13,763.3666667,83,2.333333333,50,-3.7
50,0,18.6,38.19333333,17.6,37.93333333,18.89,39.9,16.29,38.2,16.5,47.10833333,-1.76,93.46333333,16.29,32.91111111,18.6,45.33111111,16,43.09,-1.05,763.35,82.5,2.5,42.5,-3.7
60,10,18.6,38.57,17.53333333,38.06,18.89,39.9,16.29,38.2,16.5,47.2,-1.633333333,93.53,16.29,32.96666667,18.53888889,45.03055556,16,43.09,-0.967,763.3333333,82,2.666666667,35,-3.7
40,10,18.6,38.9,17.5,38.12666667,18.89,39.9,16.29,38.2,16.5,47.22,-1.6,93.46666667,16.28,32.93333333,18.5,44.75722222,16,42.96666667,-0.883,763.3166667,81.5,2.833333333,27.5,-3.7
40,10,18.6,39,17.5,38.33333333,18.89,39.9,16.29,38.2,16.5,47.225,-1.6,93.33333333,16.23,32.92777778,18.49388889,44.52555556,16,42.82666667,-0.8,763.3,81,3,20,-3.7
40,10,18.6,38.93333333,17.5,38.53,18.89,39.9,16.29,38.29,16.45722222,47.28,-1.566666667,93.36666667,16.215,32.91666667,18.45111111,44.23166667,16,42.66333333,-0.683,763.2333333,80.5,3.166666667,20.16666667,-3.68
60,10,18.6,39,17.5,38.59,18.89,39.82666667,16.23,38.23,16.41444444,47.28,-1.426666667,93.56,16.2,32.9,18.39,44.02944444,15.92666667,42.46333333,-0.567,763.1666667,80,3.333333333,20.33333333,-3.67
50,20,18.53333333,38.93333333,17.39,38.59,18.89,39.9,16.2,38.23,16.39,47.30833333,-1.133333333,94.13333333,16.2,32.9,18.39,43.83111111,16,42.29,-0.45,763.1,79.5,3.5,20.5,-3.65
30,0,18.5,38.76,17.39,38.53,18.89,39.69333333,16.26,38.43,16.39,47.4,-0.933333333,94.52666667,16.2,32.9,18.32888889,43.63277778,16,42.29,-0.333,763.0333333,79,3.666666667,20.66666667,-3.63
80,0,18.5,38.7,17.39,38.46666667,18.76,39.06666667,16.29,38.7,16.39,47.46111111,-0.866666667,94.4,16.2,32.9,18.29,43.51388889,16,42.16333333,-0.217,762.9666667,78.5,3.833333333,20.83333333,-3.62
340,0,18.5,38.56,17.365,38.3725,18.7,39.2,16.29,38.7,16.39,47.47777778,-0.733333333,94.52666667,16.2,32.9,18.29,43.33833333,16,42.03,-0.1,762.9,78,4,21,-3.6
50,0,18.5,38.43333333,17.35666667,38.29,18.7,39.2,16.2,38.59,16.39,47.46666667,-0.6,94.53,16.2,32.9,18.28,43.20444444,15.89,41.8,-0.0667,762.8833333,78.16666667,4,20.83333333,-3.52
50,0,18.46333333,38.46666667,17.29,38.29,18.63333333,39.2,16.2,38.59,16.39,47.48888889,-0.533333333,94.65666667,16.2,32.9,18.225,43.025,15.89,41.56,-0.0333,762.8666667,78.33333333,4,20.66666667,-3.43
60,0,18.39,38.4,17.29,38.29,18.6,39.2,16.2,38.59,16.39,47.5,-0.4,94.3,16.2,32.9,18.2,42.97222222,15.89,41.43333333,0,762.85,78.5,4,20.5,-3.35
60,0,18.39,38.4,17.29,38.32666667,18.6,39.26,16.2,38.59,16.39,47.5,-0.4,94.16,16.2,32.9,18.17777778,42.82777778,15.86,41.22333333,0.0333,762.8333333,78.66666667,4,20.33333333,-3.27
60,0,18.39,38.4,17.29,38.4,18.6,39.29,16.2,38.5,16.36222222,47.53,-0.266666667,94.06333333,16.2,32.95,18.18888889,42.67944444,15.86,41.09,0.0667,762.8166667,78.83333333,4,20.16666667,-3.18
60,0,18.39,38.43333333,17.29,38.4,18.6,39.29,16.2,38.5,16.32333333,47.54,-0.075,94.3725,16.2,32.96666667,18.12777778,42.585,15.8,40.86333333,0.1,762.8,79,4,20,-3.1
50,0,18.39,38.5,17.29,38.46666667,18.6,39.29,16.2,38.5,16.31222222,47.55,0.233333333,94.7,16.2,32.92777778,18.1,42.51,15.8,40.73,0.283,762.7666667,78.5,4,20.16666667,-3.03
60,0,18.29,38.5,17.29,38.5,18.6,39.29,16.2,38.5,16.29,47.565,0.466666667,94.52666667,16.2,32.96111111,18.1,42.41666667,15.8,40.56,0.467,762.7333333,78,4,20.33333333,-2.97
30,0,18.29,38.5,17.29,38.5,18.6,39.29,16.2,38.45,16.29,47.59,0.733333333,94.4,16.2,32.93888889,18.1,42.345,15.8,40.43333333,0.65,762.7,77.5,4,20.5,-2.9
30,0,18.35666667,38.53,17.29,38.59,18.6,39.26,16.2,38.4,16.29,47.59,0.966666667,95.03333333,16.2,32.93888889,18.08888889,42.26277778,15.8,40.36333333,0.833,762.6666667,77,4,20.66666667,-2.83
30,0,18.29,38.59,17.29,38.53,18.53333333,39.2,16.2,38.4,16.29,47.59,1.226666667,95.22666667,16.2,33,18.06666667,42.16333333,15.8,40.23,1.02,762.6333333,76.5,4,20.83333333,-2.77
340,0,18.29,38.59,17.39,38.5,18.5,39.23,16.29,38.59,16.29,47.59,1.633333333,94.53333333,16.2,33,18.07777778,42.13722222,15.8,40.16333333,1.2,762.6,76,4,21,-2.7
400,0,18.29,38.59,17.39,38.56,18.5,39.23,16.29,38.53,16.29,47.58,1.76,93.53333333,16.2,33,18.08888889,42.06888889,15.8,40.09,1.45,762.5166667,75.16666667,4.166666667,21.16666667,-2.6
70,0,18.29,38.66333333,17.39,38.59,18.5,39.29,16.32333333,38.5,16.29,47.58,1.933333333,92.12666667,16.2,33,18.06666667,41.99166667,15.86,40.06,1.7,762.4333333,74.33333333,4.333333333,21.33333333,-2.5
50,0,18.39,38.79,17.39,38.66333333,18.5,39.29,16.32333333,38.5,16.29,47.59,2.06,91.12666667,16.2,33,18.04444444,41.93222222,15.86,40.06,1.95,762.35,73.5,4.5,21.5,-2.4
40,0,18.39,38.79,17.42666667,38.73,18.5,39.29,16.35666667,38.4,16.27,47.57,2.36,90.6,16.25,33.05,18.03333333,41.85444444,15.83,39.96333333,2.2,762.2666667,72.66666667,4.666666667,21.66666667,-2.3
40,0,18.39,38.79,17.5,38.79,18.5,39.29,16.29,38.46666667,16.27,47.57,2.56,91.39333333,16.225,33.025,18.05555556,41.84111111,15.89,40.03,2.45,762.1833333,71.83333333,4.833333333,21.83333333,-2.2
40,0,18.39,38.79,17.5,38.79,18.5,39.29,16.39,38.43333333,16.245,47.555,2.766666667,91.36666667,16.225,33.025,18.02777778,41.73111111,15.89,39.96666667,2.7,762.1,71,5,22,-2.1
40,0,18.39,38.79,17.42666667,38.82666667,18.5,39.29,16.32333333,38.5,16.2,47.515,2.966666667,90.63333333,16.2,33,18,41.7,15.8675,39.8725,2.83,762,70.83333333,5.166666667,22.33333333,-2
30,0,18.39,38.79,17.42666667,38.82666667,18.5,39.29,16.29,38.43333333,16.215,47.56,3.156666667,91.43333333,16.225,33.03111111,17.97555556,41.65722222,15.86,39.79,2.97,761.9,70.66666667,5.333333333,22.66666667,-1.9
30,0,18.39,38.79,17.42666667,38.79,18.5,39.29,16.29,38.5,16.205,47.59,3.363333333,90.76666667,16.26,33.15333333,18,41.59,15.83,39.7,3.1,761.8,70.5,5.5,23,-1.8
20,0,18.39,38.79,17.5,38.86333333,18.5,39.26,16.29,38.5,16.2,47.57,3.545,89.69,16.29,33.2,18,41.59,15.89,39.7,3.23,761.7,70.33333333,5.666666667,23.33333333,-1.7
30,0,18.39,38.76,17.5,38.9,18.5,39.2,16.29,38.5,16.2,47.59,3.73,90.03,16.29,33.2,18,41.59,15.89,39.7,3.37,761.6,70.16666667,5.833333333,23.66666667,-1.6
40,0,18.39,38.7,17.5,38.9,18.5,39.2,16.29,38.5,16.2,47.59,3.863333333,90.63,16.29,33.2,18,41.575,15.83,39.62666667,3.5,761.5,70,6,24,-1.5
50,0,18.42666667,38.73,17.42666667,38.86,18.5,39.26,16.29,38.56,16.2,47.59,4.063333333,90.15666667,16.29,33.2,17.96944444,41.525,15.86,39.56,3.53,761.4,69.83333333,6,23.83333333,-1.5
40,0,18.5,38.79,17.5,39,18.5,39.2,16.29,38.59,16.2,47.59,4.263333333,89.36333333,16.29,33.2,17.945,41.55,15.8,39.5,3.57,761.3,69.66666667,6,23.66666667,-1.5
40,0,18.39,38.7,17.5,39,18.5,39.29,16.29,38.59,16.2,47.59,4.433333333,89.86666667,16.29,33.2,17.93277778,41.545,15.8,39.5,3.6,761.2,69.5,6,23.5,-1.5
50,0,18.39,38.7,17.5,39,18.5,39.29,16.29,38.59,16.2,47.59,4.5,88.6,16.29,33.205,17.91444444,41.5,15.8,39.5,3.63,761.1,69.33333333,6,23.33333333,-1.5
50,0,18.5,38.79,17.39,38.9,18.5,39.29,16.26,38.56,16.2,47.59,4.59,87.69333333,16.29,33.28,17.89,41.5,15.8,39.4,3.67,761,69.16666667,6,23.16666667,-1.5
40,0,18.42666667,38.73,17.39,38.9,18.5,39.29,16.2,38.56,16.2,47.59,4.59,88.09333333,16.27,33.27,17.89,41.5,15.8,39.4,3.7,760.9,69,6,23,-1.5
30,0,18.39,38.7,17.39,39,18.5,39.29,16.2,38.59,16.2,47.59,4.59,86.83333333,16.29,33.29,17.89,41.5,15.8,39.29,3.7,760.85,70.16666667,6,22.66666667,-1.28
20,0,18.39,38.79,17.39,39,18.5,39.36333333,16.2,38.59,16.2,47.59,4.59,88.62666667,16.29,33.29611111,17.86777778,41.48277778,15.8,39.29,3.7,760.8,71.33333333,6,22.33333333,-1.07
20,0,18.39,38.79,17.39,39,18.5,39.29,16.2,38.59,16.16111111,47.59,4.59,88.43333333,16.29,33.38777778,17.85666667,41.48166667,15.8,39.2,3.7,760.75,72.5,6,22,-0.85
20,0,18.39,38.79,17.39,39,18.42666667,39.23,16.2,38.59,16.14444444,47.61444444,4.656666667,89.89333333,16.29,33.4,17.81777778,41.43333333,15.8,39.2,3.7,760.7,73.66666667,6,21.66666667,-0.633
40,0,18.39,38.79,17.29,39.03,18.39,39.23,16.2,38.59,16.11111111,47.63277778,4.8,90.02666667,16.225,33.33888889,17.79,41.44444444,15.8,39.2,3.7,760.65,74.83333333,6,21.33333333,-0.417
50,0,18.39,38.79,17.29,39.09,18.39,39.29,16.2,38.59,16.12777778,47.7,4.8,92.56666667,16.245,33.465,17.79,41.5,15.8,39.2,3.7,760.6,76,6,21,-0.2
50,0,18.39,38.79,17.29,39.2,18.39,39.29,16.13333333,38.62666667,16.10555556,47.7,4.69,92.73,16.23,33.51888889,17.78,41.5,15.8,39.16333333,3.58,760.6,78,5.833333333,27.66666667,0.0333
40,0,18.35666667,38.9,17.29,39.2,18.39,39.29,16.13333333,38.7,16.1,47.7,4.69,93.66333333,16.205,33.58,17.74,41.58111111,15.8,39.1725,3.47,760.6,80,5.666666667,34.33333333,0.267
40,0,18.29,38.9,17.29,39.26,18.39,39.32666667,16.1,38.79,16.1,47.7,4.595,94.945,16.2,33.59,17.78,41.66333333,15.8,39.2,3.35,760.6,82,5.5,41,0.5
40,0,18.29,39,17.26,39.29,18.39,39.4,16.1,38.79,16.1,47.73,4.466666667,95.79333333,16.2,33.68166667,17.725,41.705,15.76333333,39.2,3.23,760.6,84,5.333333333,47.66666667,0.733
40,0,18.29,39,17.2,39.36333333,18.39,39.4,16.1,38.82666667,16.1,47.765,4.333333333,96.33333333,16.2,33.745,17.7,41.78,15.69,39.2,3.12,760.6,86,5.166666667,54.33333333,0.967
40,0,18.29,39.09,17.2,39.43333333,18.39,39.4,16.1,38.9,16.1,47.77,4.19,96.93,16.2,33.85722222,17.7,41.88722222,15.69,39.2,3,760.6,88,5,61,1.2
20,0,18.29,39.16333333,17.13333333,39.5,18.29,39.45,16.06666667,38.96666667,16.1,47.79,4.123333333,97.45666667,16.2,33.92777778,17.68333333,41.97222222,15.69,39.26,3,760.55,88.83333333,5.166666667,59.16666667,1.33
30,0,18.26,39.16333333,17.2,39.59,18.39,39.5,16,38.96666667,16.1,47.79,4.09,97.89666667,16.2,34.005,17.66666667,42.05666667,15.69,39.29,3,760.5,89.66666667,5.333333333,57.33333333,1.47
20,0,18.2,39.16333333,17.2,39.66333333,18.32333333,39.43333333,16.05,39.045,16.06666667,47.78611111,4.03,98.15666667,16.18888889,34.10444444,17.61111111,42.06722222,15.69,39.29,3,760.45,90.5,5.5,55.5,1.6
40,0,18.2,39.23,17.1,39.73,18.29,39.4,16,39.09,16.03888889,47.82277778,4,98.36666667,16.18888889,34.19666667,17.6,42.13277778,15.69,39.32666667,3,760.4,91.33333333,5.666666667,53.66666667,1.73
40,0,18.2,39.29,17.1,39.79,18.29,39.46666667,16,39.16333333,16,47.79,3.933333333,98.56,16.18333333,34.29,17.6,42.245,15.69,39.4,3,760.35,92.16666667,5.833333333,51.83333333,1.87
40,0,18.2,39.4,17.1,39.82666667,18.29,39.5,16,39.23,16,47.79,3.9,98.72666667,16.15555556,34.35722222,17.6,42.30833333,15.69,39.4,3,760.3,93,6,50,2
40,0,18.2,39.46666667,17.1,39.9,18.29,39.5,16,39.29,16,47.83277778,3.9,98.86666667,16.1,34.41904762,17.6,42.37555556,15.69,39.46666667,3.03,760.3,93.5,6,48.66666667,2.1
40,0,18.15,39.545,17.1,39.93333333,18.29,39.59,16,39.29,16,47.9,3.79,98.93333333,16.1,34.5,17.56111111,42.46611111,15.66,39.46666667,3.07,760.3,94,6,47.33333333,2.2
40,0,18.1,39.62666667,17.1,40,18.29,39.59,15.92666667,39.36333333,16,47.9,3.79,99.06,16.1,34.58,17.5,42.56,15.6,39.46666667,3.1,760.3,94.5,6,46,2.3
50,0,18.1,39.7,17,40.03,18.29,39.59,15.89,39.43333333,16,47.92777778,3.79,99.19,16.1,34.60222222,17.52222222,42.65722222,15.6,39.5,3.13,760.3,95,6,44.66666667,2.4
50,0,18.1,39.7,17,40.09,18.29,39.66333333,15.89,39.5,16,47.97777778,3.79,99.19,16.1,34.7,17.5,42.7,15.6,39.5,3.17,760.3,95.5,6,43.33333333,2.5
20,0,18.1,39.76,17,40.23,18.29,39.7,15.89,39.5,16,48,3.79,99.3,16.1,34.77,17.5,42.7,15.6,39.59,3.2,760.3,96,6,42,2.6
20,0,18.1,39.82666667,17,40.29,18.29,39.7,15.89,39.56,16,48,3.79,99.3,16.1,34.823,17.5,42.725,15.6,39.59,3.27,760.35,95.83333333,6,45.16666667,2.65
20,0,18.1,39.9,17,40.345,18.26,39.66333333,15.89,39.59,16,48,3.845,99.45,16.1,34.9,17.46333333,42.76611111,15.6,39.7,3.33,760.4,95.66666667,6,48.33333333,2.7
30,0,18,39.9,17,40.43333333,18.2,39.59,15.89,39.66333333,16,48.075,3.933333333,99.56,16.1,34.96111111,17.43277778,42.82277778,15.6,39.7,3.4,760.45,95.5,6,51.5,2.75
40,0,18,39.96666667,17,40.5,18.2,39.62666667,15.89,39.7,15.98166667,48.09,4,99.56,16.1,35.01,17.39,42.85722222,15.6,39.7,3.47,760.5,95.33333333,6,54.66666667,2.8
40,0,18,40.03,16.89,40.59,18.2,39.7,15.89,39.76,15.98777778,48.09,4,99.59,16.1,35.085,17.39,42.92777778,15.6,39.79,3.53,760.55,95.16666667,6,57.83333333,2.85
50,0,18,40.09,16.89,40.59,18.13333333,39.73,15.86,39.79,15.945,48.09,4,99.59,16.1,35.12055556,17.39,43,15.6,39.79,3.6,760.6,95,6,61,2.9
40,0,18,40.12666667,16.89,40.7,18.2,39.79,15.8,39.79,15.89611111,48.09611111,4,99.59,16.07777778,35.17555556,17.39,43.045,15.6,39.9,3.62,760.6833333,95.33333333,6.166666667,56.83333333,2.95
50,0,18,40.2,16.89,40.76,18.2,39.79,15.8,39.9,15.89,48.18777778,3.933333333,99.59,16.08888889,35.22,17.39,43.09,15.6,39.9,3.63,760.7666667,95.66666667,6.333333333,52.66666667,3
40,0,18,40.29,16.89,40.79,18.2,39.79,15.8,39.9,15.89,48.2,3.9,99.59,16.05,35.24,17.37888889,43.145,15.56666667,39.9,3.65,760.85,96,6.5,48.5,3.05
30,0,18,40.29,16.89,40.86333333,18.2,39.79,15.8,39.96666667,15.89,48.2,3.9,99.59,16,35.245,17.29555556,43.2,15.5,39.96666667,3.67,760.9333333,96.33333333,6.666666667,44.33333333,3.1
20,0,17.89,40.4,16.85666667,40.96666667,18.2,39.86333333,15.8,40,15.89,48.2,3.79,99.5,16,35.29611111,17.29,43.2,15.53333333,40,3.68,761.0166667,96.66666667,6.833333333,40.16666667,3.15
20,0,17.89,40.4,16.79,40.9,18.13333333,39.79,15.8,40,15.89,48.225,3.73,99.5,16,35.36333333,17.29,43.235,15.53333333,40,3.7,761.1,97,7,36,3.2
20,0,17.89,40.43333333,16.82333333,40.96333333,18.1,39.82666667,15.8,40.09,15.89,48.27,3.7,99.5,16,35.4,17.29,43.29,15.5,40,3.7,761.2,97,6.833333333,40.16666667,3.2
50,0,17.89,40.5,16.82333333,41.03,18.1,39.9,15.8,40.16333333,15.89,48.29,3.7,99.5,16,35.4,17.29,43.29,15.5,40,3.7,761.3,97,6.666666667,44.33333333,3.2
50,0,17.89,40.5,16.79,41.03,18.1,39.9,15.72666667,40.2,15.89,48.29,3.663333333,99.46666667,16,35.43888889,17.275,43.35111111,15.5,40.09,3.7,761.4,97,6.5,48.5,3.2
40,0,17.82333333,40.46333333,16.79,41.09,18.1,39.96666667,15.72666667,40.2,15.89,48.29,3.59,99.4,16,35.5,17.285,43.39388889,15.5,40.09,3.7,761.5,97,6.333333333,52.66666667,3.2
40,0,17.82333333,40.53,16.79,41.09,18.1,40,15.69,40.2,15.85,48.27,3.7,99.5,16,35.5,17.26,43.36333333,15.5,40.09,3.7,761.6,97,6.166666667,56.83333333,3.2
40,0,17.79,40.53,16.79,41.09,18.1,40,15.69,40.26,15.86,48.27,3.7,99.5,16,35.515,17.225,43.33888889,15.5,40.09,3.7,761.7,97,6,61,3.2
40,0,17.79,40.59,16.76,41.12666667,18.1,40.03,15.69,40.29,15.84,48.29,3.7,99.5,15.97555556,35.58,17.22,43.42222222,15.5,40.12666667,3.7,761.7666667,97.16666667,5.833333333,56.33333333,3.23
40,0,17.79,40.62666667,16.7,41.2,18.1,40.03,15.69,40.29,15.88,48.30833333,3.7,99.5,15.97555556,35.60833333,17.2,43.4,15.5,40.2,3.7,761.8333333,97.33333333,5.666666667,51.66666667,3.27
30,0,17.79,40.7,16.745,41.2,18.1,40.09,15.69,40.4,15.825,48.32055556,3.76,99.5,16,35.66333333,17.2,43.4,15.5,40.2,3.7,761.9,97.5,5.5,47,3.3
20,0,17.79,40.7,16.7,41.23,18.03333333,40.09,15.69,40.4,15.82,48.31444444,3.79,99.5,15.96333333,35.7,17.2,43.48333333,15.5,40.23,3.7,761.9666667,97.66666667,5.333333333,42.33333333,3.33
30,0,17.73,40.76,16.7,41.29,18,40,15.69,40.4,15.8,48.29,3.863333333,99.56,15.945,35.705,17.18888889,43.5,15.42666667,40.23,3.7,762.0333333,97.83333333,5.166666667,37.66666667,3.37
30,0,17.73,40.79,16.7,41.4,18,40,15.69,40.46666667,15.8,48.31444444,3.933333333,99.59,15.91444444,35.78,17.14444444,43.515,15.39,40.2,3.7,762.1,98,5,33,3.4
40,0,17.73,40.79,16.7,41.4,18,40.045,15.69,40.5,15.8,48.32666667,4,99.53,15.89611111,35.79,17.16666667,43.57,15.39,40.2,3.77,762.1666667,98.33333333,5,28.83333333,3.52
40,0,17.7,40.9,16.7,41.43333333,18,40.09,15.69,40.56,15.8,48.36333333,4.09,99.59,15.90833333,35.80833333,17.15,43.59611111,15.39,40.29,3.83,762.2333333,98.66666667,5,24.66666667,3.63
40,0,17.7,40.9,16.7,41.5,18,40.09,15.6,40.5,15.8,48.39388889,4.09,99.59,15.89,35.88777778,17.1,43.68777778,15.39,40.29,3.9,762.3,99,5,20.5,3.75
40,0,17.7,40.93333333,16.7,41.59,18,40.16333333,15.6,40.59,15.76333333,48.4,4.123333333,99.65666667,15.89,35.92777778,17.1,43.705,15.39,40.32666667,3.97,762.3666667,99.33333333,5,16.33333333,3.87
40,0,17.7,41,16.7,41.59,18,40.16333333,15.6,40.59,15.78777778,48.4,4.19,99.59,15.89,36,17.1,43.76,15.39,40.4,4.03,762.4333333,99.66666667,5,12.16666667,3.98
50,0,17.7,41,16.6,41.5,18,40.2,15.6,40.62666667,15.8,48.4,4.19,99.59,15.89,36.045,17.1,43.80833333,15.39,40.4,4.1,762.5,100,5,8,4.1
40,0,17.7,41.06,16.6,41.56,18,40.2,15.6,40.7,15.77555556,48.4,4.263333333,99.65666667,15.89,36.09,17.08888889,43.86333333,15.39,40.46666667,4.17,762.5833333,100,5,8,4.17
20,0,17.66666667,41.06,16.6,41.62666667,18,40.29,15.6,40.7,15.75722222,48.4,4.333333333,99.69,15.89,36.12055556,17.06111111,43.87444444,15.39,40.5,4.23,762.6666667,100,5,8,4.23
20,0,17.6,41.06,16.6,41.7,18,40.2675,15.6,40.76,15.79388889,48.42222222,4.4,99.69,15.89,36.2,17.03333333,43.93333333,15.39,40.5,4.3,762.75,100,5,8,4.3
20,0,17.6,41.145,16.6,41.7,18,40.2,15.6,40.79,15.72055556,48.43333333,4.5,99.72666667,15.89,36.2,17.02222222,43.92777778,15.39,40.5,4.37,762.8333333,100,5,8,4.37
40,0,17.6,41.2,16.6,41.76,17.89,40.2,15.53333333,40.86333333,15.73277778,48.45,4.5,99.7175,15.89,36.275,17,43.98888889,15.39,40.56,4.43,762.9166667,100,5,8,4.43
40,0,17.6,41.26,16.6,41.79,17.89,40.26,15.6,40.9,15.73888889,48.5,4.56,99.69,15.89,36.30222222,17,44.015,15.39,40.59,4.5,763,100,5,8,4.5
50,0,17.6,41.29,16.6,41.79,17.89,40.29,15.53333333,40.96666667,15.72055556,48.5,4.623333333,99.72666667,15.89,36.39388889,17,44.09,15.33,40.66333333,4.52,763.1,100,4.833333333,7.333333333,4.52
40,0,17.6,41.29,16.6,41.79,17.89,40.36333333,15.56666667,41,15.69,48.5,4.763333333,99.8,15.89,36.4,17,44.10833333,15.33,40.7,4.53,763.2,100,4.666666667,6.666666667,4.53
50,0,17.56666667,41.4,16.6,41.8725,17.89,40.4,15.5,41,15.70222222,48.5,4.833333333,99.83333333,15.89,36.46111111,16.98166667,44.215,15.3225,40.7675,4.55,763.3,100,4.5,6,4.55
40,0,17.5,41.46666667,16.6,41.96666667,17.89,40.46666667,15.5,41.09,15.70222222,48.51,4.9,99.9,15.89,36.5,16.96944444,44.26,15.3,40.79,4.57,763.4,100,4.333333333,5.333333333,4.57
40,0,17.5,41.5,16.6,42,17.89,40.5,15.5,41.16333333,15.69,48.56,4.933333333,99.9,15.845,36.51,16.93888889,44.30833333,15.3,40.9,4.58,763.5,100,4.166666667,4.666666667,4.58
20,0,17.5,41.56,16.53333333,42.06,17.89,40.43333333,15.5,41.12666667,15.69,48.52,5.06,99.9,15.875,36.60555556,16.92666667,44.36333333,15.3,40.9,4.6,763.6,100,4,4,4.6
20,0,17.5,41.59,16.56666667,42.09,17.89,40.4,15.5,41.2,15.69,48.585,5.123333333,99.9,15.835,36.61277778,16.90833333,44.4,15.3,41,4.65,763.6833333,100,3.833333333,3.666666667,4.65
20,0,17.5,41.66333333,16.5,42.16333333,17.865,40.4,15.5,41.23,15.69,48.59,5.263333333,99.9,15.82,36.645,16.89,44.48333333,15.3,41.06,4.7,763.7666667,100,3.666666667,3.333333333,4.7
30,0,17.5,41.73,16.5,42.2,17.79,40.4,15.5,41.3175,15.69,48.59,5.333333333,99.9,15.8,36.705,16.89,44.545,15.3,41.09,4.75,763.85,100,3.5,3,4.75
50,0,17.5,41.79,16.5,42.2,17.79,40.43333333,15.5,41.4,15.69,48.59,5.466666667,99.9,15.82,36.78,16.89,44.60833333,15.3,41.16333333,4.8,763.9333333,100,3.333333333,2.666666667,4.8
50,0,17.5,41.82666667,16.5,42.29,17.79,40.5,15.5,41.43333333,15.67,48.57611111,5.5,99.9,15.8,36.79611111,16.89,44.7,15.3,41.2,4.85,764.0166667,100,3.166666667,2.333333333,4.85
40,0,17.5,41.9,16.5,42.36333333,17.79,40.53,15.5,41.5,15.675,48.66944444,5.5,99.9,15.8,36.88777778,16.89,44.735,15.3,41.26,4.9,764.1,100,3,2,4.9
40,0,17.39,41.9,16.5,42.4,17.79,40.59,15.5,41.59,15.68,48.66333333,5.59,99.9,15.8,36.96111111,16.86777778,44.77,15.3,41.32666667,4.93,764.2666667,100,3,2,4.93
40,0,17.39,41.96666667,16.5,42.4,17.79,40.59,15.5,41.59,15.655,48.65722222,5.59,99.9,15.8,37,16.87333333,44.86333333,15.3,41.4,4.97,764.4333333,100,3,2,4.97
40,0,17.39,42,16.5,42.5,17.79,40.59,15.5,41.62666667,15.655,48.65722222,5.59,99.9,15.8,37.055,16.82888889,44.88611111,15.3,41.43333333,5,764.6,100,3,2,5
30,0,17.46333333,42.06,16.5,42.5,17.79,40.59,15.5,41.7,15.635,48.645,5.5225,99.9,15.8,37.09,16.80111111,44.91611111,15.3,41.5,5.03,764.7666667,100,3,2,5.03
20,0,17.39,42.09,16.5,42.53,17.79,40.59,15.46333333,41.7,15.62,48.65111111,5.5,99.9,15.8,37.18166667,16.81777778,44.99166667,15.3,41.53,5.07,764.9333333,100,3,2,5.07
30,0,17.39,42.12666667,16.5,42.59,17.79,40.59,15.39,41.7,15.66,48.735,5.5,99.9,15.8,37.2,16.80111111,45.01,15.22666667,41.53,5.1,765.1,100,3,2,5.1
30,0,17.39,42.2,16.5,42.62666667,17.79,40.66333333,15.39,41.7,15.625,48.725,5.5,99.9,15.8,37.2,16.79,45,15.19,41.5,5.08,765.2333333,99.83333333,3,2.166666667,5.07
40,0,17.39,42.26666667,16.42666667,42.62666667,17.76,40.7,15.39,41.7,15.6,48.7,5.53,99.9,15.8,37.265,16.79,45.055,15.26333333,41.63333333,5.07,765.3666667,99.66666667,3,2.333333333,5.03
40,0,17.39,42.4,16.46333333,42.66333333,17.7,40.7,15.39,41.79,15.6,48.7,5.59,99.9,15.8,37.29,16.79,45.09,15.22666667,41.62666667,5.05,765.5,99.5,3,2.5,5
50,0,17.39,42.43333333,16.4175,42.64,17.76,40.73,15.39,41.86333333,15.6,48.71,5.623333333,99.9,15.8,37.345,16.79,45.18166667,15.3,41.7675,5.03,765.6333333,99.33333333,3,2.666666667,4.97
40,0,17.39,42.5,16.42666667,42.73,17.7,40.79,15.39,41.9,15.6,48.71,5.69,99.9,15.8,37.40555556,16.79,45.2,15.22666667,41.73,5.02,765.7666667,99.16666667,3,2.833333333,4.93
40,0,17.39,42.59,16.5,42.82666667,17.7,40.79,15.39,41.9,15.6,48.745,5.69,99.9,15.8,37.48888889,16.79,45.275,15.19,41.79,5,765.9,99,3,3,4.9
30,0,17.39,42.59,16.5,42.9,17.7,40.79,15.39,42,15.6,48.77,5.623333333,99.9,15.8,37.5,16.735,45.30833333,15.19,41.79,5.02,765.9666667,99.16666667,3.166666667,4.333333333,4.93
50,0,17.35666667,42.62666667,16.39,42.79,17.745,40.79,15.39,42,15.6,48.79,5.5,99.9,15.8,37.5,16.72,45.38777778,15.19,41.82666667,5.03,766.0333333,99.33333333,3.333333333,5.666666667,4.97
20,0,17.29,42.7,16.39,42.86333333,17.76,40.9,15.39,42.09,15.6,48.79,5.5,99.9,15.79388889,37.555,16.725,45.4,15.19,41.9,5.05,766.1,99.5,3.5,7,5
20,0,17.29,42.7,16.39,42.9,17.7,40.9,15.39,42.09,15.6,48.79,5.59,99.9,15.76944444,37.59,16.705,45.40555556,15.19,41.9,5.07,766.1666667,99.66666667,3.666666667,8.333333333,5.03
20,0,17.29,42.76,16.39,42.96666667,17.76,40.93333333,15.39,42.09,15.6,48.79,5.656666667,99.9,15.77555556,37.63277778,16.7,45.46666667,15.19,41.96666667,5.08,766.2333333,99.83333333,3.833333333,9.666666667,5.07
40,0,17.29,42.79,16.39,42.93333333,17.7,41,15.39,42.2,15.6,48.79,5.726666667,99.9,15.72666667,37.7,16.7,45.5,15.19,42,5.1,766.3,100,4,11,5.1
40,0,17.29,42.79,16.39,43,17.7,40.93333333,15.39,42.2,15.6,48.85722222,5.866666667,99.9,15.75111111,37.705,16.7,45.565,15.19,42,5.23,766.35,100,4,10.66666667,5.23
50,0,17.29,42.82666667,16.39,43,17.7,41,15.36,42.23,15.58333333,48.88166667,5.933333333,99.9,15.73277778,37.76,16.7,45.59611111,15.19,42.09,5.37,766.4,100,4,10.33333333,5.37
40,0,17.29,42.9,16.39,43.06,17.7,41,15.3,42.29,15.59444444,48.845,6.1425,99.9,15.69,37.85722222,16.7,45.68777778,15.19,42.09,5.5,766.45,100,4,10,5.5
40,0,17.29,43,16.39,43.12666667,17.7,41.06,15.3,42.36333333,15.58888889,48.87555556,6.263333333,99.9,15.69,37.9,16.7,45.775,15.19,42.2,5.63,766.5,100,4,9.666666667,5.63
50,0,17.29,43.05,16.39,43.2,17.7,41.12666667,15.3,42.36333333,15.53333333,48.9,6.3,99.9,15.69611111,37.93888889,16.67777778,45.80055556,15.19,42.2,5.77,766.55,100,4,9.333333333,5.77
50,0,17.29,43.2,16.35666667,43.23,17.7,41.2,15.3,42.43333333,15.53888889,48.9,6.366666667,99.9,15.70833333,38.045,16.67777778,45.89222222,15.19,42.29,5.9,766.6,100,4,9,5.9
10,0,17.29,43.2,16.29,43.29,17.7,41.26,15.3,42.5,15.55555556,48.91111111,6.4,99.9,15.69,38.09,16.64444444,45.94444444,15.19,42.36333333,5.9,766.7333333,99.83333333,4,14,5.87
20,0,17.29,43.2,16.35666667,43.29,17.7,41.2,15.3,42.53,15.53333333,48.96111111,6.466666667,99.9,15.69,38.09,16.65555556,45.97166667,15.19,42.43333333,5.9,766.8666667,99.66666667,4,19,5.83
20,0,17.29,43.2,16.29,43.36333333,17.6,41.2,15.3,42.59,15.56666667,49,6.59,99.9,15.69,38.15722222,16.63888889,46.035,15.13,42.5,5.9,767,99.5,4,24,5.8
40,0,17.23,43.2,16.29,43.4,17.6,41.26,15.3,42.59,15.5,49,6.59,99.9,15.69,38.2,16.62222222,46.07944444,15.145,42.545,5.9,767.1333333,99.33333333,4,29,5.77
40,0,17.26,43.26,16.29,43.475,17.5,41.4,15.3,42.59,15.5,49,6.366666667,99.9,15.69,38.255,16.6,46.12055556,15.1,42.59,5.9,767.2666667,99.16666667,4,34,5.73
40,0,17.26,43.26,16.29,43.5,17.5,41.4,15.3,42.73,15.5,49,6.226666667,99.9,15.69,38.29,16.6,46.2,15.1,42.66333333,5.9,767.4,99,4,39,5.7
50,0,17.2,43.2,16.29,43.5,17.5,41.4,15.3,42.79,15.5,49,6.226666667,99.9,15.69,38.38166667,16.6,46.2,15.16,42.73,5.85,767.4666667,99,3.833333333,39.66666667,5.67
50,0,17.2,43.26,16.29,43.56,17.5,41.425,15.3,42.82666667,15.5,49,6.3,99.9,15.69,38.4,16.6,46.275,15.1,42.79,5.8,767.5333333,99,3.666666667,40.33333333,5.63
40,0,17.2,43.32666667,16.29,43.59,17.56666667,41.5,15.3,42.9,15.5,49.04,6.3,99.9,15.69,38.4,16.6,46.29,15.16,42.79,5.75,767.6,99,3.5,41,5.6
40,0,17.2,43.32666667,16.29,43.59,17.6,41.5,15.3,42.9,15.5,49.045,6.3,99.9,15.69,38.47222222,16.6,46.30833333,15.16,42.79,5.7,767.6666667,99,3.333333333,41.66666667,5.57
20,0,17.2,43.32666667,16.29,43.7,17.6,41.5,15.3,42.9,15.5,49.09,6.093333333,99.9,15.69,38.5,16.58333333,46.37555556,15.1,42.9,5.65,767.7333333,99,3.166666667,42.33333333,5.53
20,0,17.2,43.32666667,16.29,43.7,17.6,41.5,15.3,42.96666667,15.5,49.09,5.76,99.9,15.69,38.5,16.59444444,46.4,15.1,42.9,5.6,767.8,99,3,43,5.5
40,10,17.2,43.32666667,16.23,43.65666667,17.6,41.5,15.3,43,15.5,49.09,5.69,99.9,15.69,38.535,16.55555556,46.4,15.1,42.9,5.6,767.9,99.16666667,3.166666667,38.33333333,5.52
120,20,17.2,43.4,16.29,43.73,17.6,41.43333333,15.3,43,15.5,49.09,5.615,99.9,15.69,38.58,16.51666667,46.4,15.1,42.9,5.6,768,99.33333333,3.333333333,33.66666667,5.53
160,10,17.2,43.4,16.26,43.76,17.53333333,41.56,15.3,43,15.5,49.15722222,5.656666667,99.9,15.69,38.58,16.52222222,46.4,15.1,42.93333333,5.6,768.1,99.5,3.5,29,5.55
220,20,17.2,43.4,16.2,43.7,17.6,41.62666667,15.3,43,15.48777778,49.16333333,5.833333333,99.9,15.69,38.59,16.5,46.4,15.1,42.93333333,5.6,768.2,99.66666667,3.666666667,24.33333333,5.57
130,20,17.1,43.4,16.2,43.7,17.6,41.7,15.26333333,43.02666667,15.48777778,49.18777778,5.833333333,99.9,15.67,38.57,16.5,46.4,15.1,43,5.6,768.3,99.83333333,3.833333333,19.66666667,5.58
210,10,17.1,43.4,16.2,43.76,17.6,41.7,15.26333333,43.02666667,15.47555556,49.17555556,5.69,99.9,15.68,38.58,16.5,46.42222222,15.1,43,5.6,768.4,100,4,15,5.6
140,20,17.1,43.4,16.2,43.79,17.6,41.7,15.19,43,15.5,49.2,5.623333333,99.9,15.655,38.555,16.5,46.47222222,15.1,43,5.67,768.5166667,99.83333333,3.833333333,19,5.65
130,20,17.1,43.5,16.2,43.79,17.6,41.7,15.19,43,15.5,49.225,5.69,99.9,15.645,38.565,16.5,46.5,15.1,43,5.73,768.6333333,99.66666667,3.666666667,23,5.7
190,10,17.1,43.5,16.2,43.79,17.6,41.7,15.22666667,43.03,15.5,49.29,5.69,99.9,15.655,38.59222222,16.5,46.5,15.1,43,5.8,768.75,99.5,3.5,27,5.75
130,10,17.1,43.59,16.2,43.79,17.6,41.66333333,15.22666667,43.03,15.48166667,49.35111111,5.933333333,99.9,15.655,38.65722222,16.5,46.50947368,15.1,43,5.87,768.8666667,99.33333333,3.333333333,31,5.8
120,10,17.1,43.66333333,16.2,43.79,17.6,41.66333333,15.19,43,15.48777778,49.39388889,6.06,99.9,15.63,38.62666667,16.5,46.59,15.1,43.09,5.93,768.9833333,99.16666667,3.166666667,35,5.85
120,10,17.1,43.7,16.2,43.82666667,17.56666667,41.7,15.19,43,15.45111111,49.44444444,6.226666667,99.9,15.625,38.67555556,16.47555556,46.57,15.1,43.09,6,769.1,99,3,39,5.9
120,10,17.1,43.7,16.2,43.9,17.5,41.7,15.19,43.09,15.445,49.45,6.366666667,99.9,15.62,38.7,16.5,46.59,15.1,43.09,6.05,769.2333333,99.16666667,3.166666667,38,5.97
200,10,17.1,43.7,16.2,43.9,17.5,41.79,15.19,43.09,15.45111111,49.45555556,6.433333333,99.9,15.6,38.7,16.47555556,46.62666667,15.1,43.09,6.1,769.3666667,99.33333333,3.333333333,37,6.03
120,10,17.1,43.7,16.2,43.9,17.5,41.79,15.19,43.145,15.43888889,49.46666667,6.626666667,99.9,15.6,38.705,16.45111111,46.62666667,15.1,43.16333333,6.15,769.5,99.5,3.5,36,6.1
110,10,17,43.62666667,16.2,43.9,17.5,41.79,15.19,43.12666667,15.42055556,49.47777778,6.8,99.9,15.6,38.76,16.40222222,46.61222222,15.1,43.2,6.2,769.6333333,99.66666667,3.666666667,35,6.17
120,10,17,43.7,16.2,43.9,17.5,41.79,15.19,43.2,15.40222222,49.51,6.8,99.9,15.6,38.79,16.45111111,46.72555556,15.1,43.2,6.25,769.7666667,99.83333333,3.833333333,34,6.23
130,10,17,43.7,16.2,43.9,17.5,41.79,15.19,43.2,15.40222222,49.51,6.9,99.9,15.62,38.81444444,16.39,46.7,15.1,43.29,6.3,769.9,100,4,33,6.3
130,10,17,43.7,16.2,43.96666667,17.5,41.79,15.19,43.26,15.41444444,49.52,6.9975,99.9,15.6,38.85722222,16.39,46.7,15.1,43.29,6.38,769.9333333,99.66666667,4.166666667,34,6.33
170,10,17,43.79,16.2,44,17.5,41.79,15.19,43.32666667,15.39,49.51,7.156666667,99.9,15.6,38.9,16.41444444,46.79444444,15.1,43.29,6.47,769.9666667,99.33333333,4.333333333,35,6.37
110,10,17,43.79,16.2,44,17.46333333,41.79,15.19,43.4,15.42055556,49.59555556,7.226666667,99.9,15.6,38.91666667,16.39,46.83888889,15.03333333,43.29,6.55,770,99,4.5,36,6.4
140,10,17,43.82666667,16.2,44,17.39,41.79,15.19,43.4,15.40833333,49.60833333,7.433333333,99.9,15.6,39,16.39,46.9,15.03333333,43.32666667,6.63,770.0333333,98.66666667,4.666666667,37,6.43
110,10,17,43.9,16.2,44,17.39,41.9,15.19,43.4,15.39,49.59,7.53,99.9,15.6,39.005,16.39,46.9,15.1,43.4,6.72,770.0666667,98.33333333,4.833333333,38,6.47
120,10,17,43.9,16.2,44,17.39,41.9,15.19,43.43333333,15.39,49.59,7.53,99.9,15.6,39.08,16.39,46.95,15.1,43.5,6.8,770.1,98,5,39,6.5
110,10,17,43.975,16.2,44.06,17.39,41.86333333,15.19,43.5,15.39,49.61444444,7.53,99.9,15.6,39.09,16.38444444,47.005,15.1,43.5,6.85,770.1333333,97.83333333,4.666666667,41,6.53
110,10,17,44,16.2,44.09,17.39,41.86333333,15.19,43.5,15.39,49.65111111,7.656666667,99.9,15.6,39.10833333,16.37333333,47.08,15.06666667,43.56,6.9,770.1666667,97.66666667,4.333333333,43,6.57
250,10,17,44.03,16.2,44.09,17.39,41.9,15.19,43.56,15.39,49.69388889,7.866666667,99.9,15.6,39.18777778,16.36777778,47.09611111,15.06666667,43.56,6.95,770.2,97.5,4,45,6.6
250,10,17,44.09,16.2,44.12666667,17.39,41.96666667,15.19,43.66333333,15.39,49.66944444,8.126666667,99.9,15.6,39.225,16.36222222,47.15111111,15,43.59,7,770.2333333,97.33333333,3.666666667,47,6.63
100,10,17,44.09,16.2,44.2,17.39,42.09,15.19,43.66333333,15.39,49.61444444,8.3,99.9,15.6,39.29,16.30666667,47.20444444,15.025,43.6175,7.05,770.2666667,97.16666667,3.333333333,49,6.67
120,10,17,44.16333333,16.2,44.245,17.39,42.09,15.19,43.7,15.39,49.645,8.3,99.9,15.6,39.32055556,16.36777778,47.67,15.1,43.76,7.1,770.3,97,3,51,6.7
120,10,16.89,44.29,16.2,44.29,17.39,42.12666667,15.19,43.7,15.39,49.68166667,8.46,99.9,15.6,39.4,16.45722222,48.37111111,15.06666667,43.76,7.15,770.2666667,96.66666667,3.333333333,53.16666667,6.68
140,10,16.89,44.36333333,16.2,44.29,17.39,42.2,15.19,43.73,15.39,49.66944444,8.6,99.9,15.6,39.4,16.52777778,48.81555556,15,43.76,7.2,770.2333333,96.33333333,3.666666667,55.33333333,6.67
190,10,16.89,44.43333333,16.2,44.29,17.39,42.29,15.19,43.8175,15.39,49.7,8.63,99.9,15.6,39.46111111,16.61666667,49.18111111,15,43.79,7.25,770.2,96,4,57.5,6.65
150,10,16.89,44.5,16.2,44.29,17.29,42.29,15.19,43.9,15.39,49.71,8.69,99.9,15.6,39.5,16.715,49.53388889,15.06666667,43.93,7.3,770.1666667,95.66666667,4.333333333,59.66666667,6.63
150,10,16.89,44.5,16.2,44.4,17.29,42.29,15.19,43.93333333,15.39,49.765,8.726666667,99.9,15.6,39.515,16.79666667,49.70277778,15.1,44,7.35,770.1333333,95.33333333,4.666666667,61.83333333,6.62
150,10,16.89,44.56,16.2,44.4,17.29,42.32666667,15.19,44,15.39,49.79,8.86,99.9,15.6,39.59,16.89,49.93777778,15.1,44.06,7.4,770.1,95,5,64,6.6
150,10,16.89,44.59,16.2,44.4,17.29,42.4,15.19,44.03,15.39,49.79,8.845,99.9,15.6,39.60833333,17.00944444,50.04111111,15.1,44.09,7.42,770.1333333,95,4.833333333,63.66666667,6.62
140,10,16.89,44.66333333,16.2,44.46666667,17.35666667,42.5,15.19,44.09,15.39,49.845,8.89,99.9,15.6,39.7,17.06666667,50.20833333,15.1,44.16333333,7.43,770.1666667,95,4.666666667,63.33333333,6.63
130,10,16.89,44.7,16.2,44.5,17.35666667,42.5,15.19,44.09,15.39,49.92222222,8.89,99.9,15.6,39.705,17.10555556,50.31388889,15,44.09,7.45,770.2,95,4.5,63,6.65
180,10,16.89,44.76,16.2,44.5,17.32333333,42.46666667,15.19,44.09,15.39,49.92777778,8.733333333,99.9,15.6,39.78,17.16666667,50.48888889,15,44.09,7.47,770.2333333,95,4.333333333,62.66666667,6.67
280,10,16.89,44.79,16.2,44.59,17.32333333,42.4,15.19,44.12666667,15.39,50,8.533333333,99.9,15.6,39.79,17.215,50.515,15,44.2,7.48,770.2666667,95,4.166666667,62.33333333,6.68
170,10,16.89,44.79,16.2,44.59,17.29,42.5,15.19,44.2,15.39,50,8.323333333,99.9,15.6,39.79,17.34,50.545,15,44.2,7.5,770.3,95,4,62,6.7
130,20,16.82333333,44.82666667,16.2,44.62666667,17.29,42.56,15.16,44.2,15.39,50.035,8.063333333,99.9,15.6,39.79,17.43833333,50.47777778,15,44.23,7.35,770.3666667,95.5,4,60.16666667,6.63
80,0,16.89,44.925,16.13333333,44.76,17.29,42.53,15.1,44.2,15.39,50.09,8,99.9,15.6,39.79,17.56666667,50.5,15,44.29,7.2,770.4333333,96,4,58.33333333,6.57
80,10,16.89,45,16.1,44.96333333,17.29,42.66333333,15.13,44.2,15.39,50.16222222,7.933333333,99.9,15.6,39.79,17.66111111,50.48277778,15,44.29,7.05,770.5,96.5,4,56.5,6.5
70,0,16.89,45.42666667,16.1,45.36333333,17.29,42.73,15.19,44.2,15.39,50.335,7.763333333,99.9,15.6,39.80222222,17.715,50.56,15,44.29,6.9,770.5666667,97,4,54.66666667,6.43
80,10,16.89,45.76,16.1,45.59,17.35666667,42.86333333,15.16,44.2,15.39,50.51833333,7.623333333,99.9,15.6,39.845,17.78,50.69666667,15,44.32666667,6.75,770.6333333,97.5,4,52.83333333,6.37
60,0,16.85666667,45.76,16.1,45.59,17.39,43,15.1,44.26,15.39,50.645,7.5,99.9,15.6,39.9,17.80666667,50.80833333,15,44.3725,6.6,770.7,98,4,51,6.3
40,10,16.85666667,45.76,16.1,45.59,17.39,43,15.19,44.29,15.39,50.735,7.433333333,99.9,15.6,39.9,17.885,50.88777778,15,44.29,6.58,770.6833333,98,4,50,6.28
50,0,16.79,45.7,16.1,45.56,17.39,43.09,15.13,44.29,15.39,50.79,7.3,99.9,15.58888889,39.9,17.96333333,50.9,15,44.4,6.57,770.6666667,98,4,49,6.27
70,0,16.79,45.7,16.1,45.5,17.315,43.1175,15.1,44.29,15.39,50.79,7.3,99.9,15.56666667,39.9,18.01666667,50.91666667,15,44.4,6.55,770.65,98,4,48,6.25
80,10,16.79,45.66333333,16.1,45.5,17.29,43.2,15.1,44.36333333,15.37,50.81444444,7.263333333,99.9,15.56666667,39.9,18.1,51,15,44.4,6.53,770.6333333,98,4,47,6.23
120,10,16.79,45.59,16.1,45.5,17.29,43.2,15.1,44.36333333,15.36,50.79,7.19,99.9,15.56111111,40.03944444,18.1,50.84944444,15,44.4,6.52,770.6166667,98,4,46,6.22
120,10,16.79,45.52666667,16.1,45.46666667,17.23,42.66666667,15.1,44.32666667,15.37,50.79,7.19,99.9,15.51111111,40.36277778,18.12222222,50.73277778,15,44.46333333,6.5,770.6,98,4,45,6.2
420,10,16.79,45.26666667,16.1,45.32666667,17.2,42.53,15.1,44.52666667,15.36,50.755,7.19,99.9,15.5,40.59833333,18.15555556,50.45111111,15,44.59,6.25,770.5833333,97.83333333,3.666666667,46.66666667,5.93
410,20,16.79,45.29,16.1,45.36333333,17.2,42.59,15.1,44.73,15.375,50.7,7.19,99.9,15.48777778,40.77,18.08333333,49.50722222,15,44.7,6,770.5666667,97.66666667,3.333333333,48.33333333,5.67
240,10,16.79,45.29,16.1,45.29,17.29,42.7,15.1,44.79,15.365,50.7,6.933333333,99.9,15.48777778,40.91055556,17.90833333,48.88277778,15,44.7,5.75,770.55,97.5,3,50,5.4
220,10,16.79,45.16333333,16.1,45.29,17.29,42.76,15.1,44.96333333,15.37,50.72,6.66,99.9,15.5,41.045,17.84555556,48.98388889,15,44.8,5.5,770.5333333,97.33333333,2.666666667,51.66666667,5.13
60,10,16.79,45.09,16.1,45.29,17.26,42.76,15.1,45.09,15.36,50.735,6.366666667,99.9,15.5,41.13277778,17.90833333,49.50888889,15,45,5.25,770.5166667,97.16666667,2.333333333,53.33333333,4.87
70,10,16.82333333,45.36,16.1,45.32666667,17.2,42.76,15.1,45.16333333,15.36,50.79,6.226666667,99.9,15.5,41.2,18.02777778,49.87555556,15,45.46333333,5,770.5,97,2,55,4.6
90,0,16.89,45.63333333,16.1,45.46666667,17.29,42.9,15.16,45.22333333,15.345,50.79,6.226666667,99.9,15.48777778,41.205,18.11666667,50.26055556,15,45.66333333,5.22,770.5333333,96.83333333,2.166666667,56.16666667,4.78
110,10,16.89,45.59,16.13333333,45.59,17.29,42.96666667,15.1,45.46333333,15.35,50.81444444,6.3,99.9,15.48777778,41.28,18.2,50.51166667,15,45.7,5.43,770.5666667,96.66666667,2.333333333,57.33333333,4.97
90,0,16.89,45.7475,16.2,45.66333333,17.29,43.03,15.1,45.66333333,15.33,50.79,6.4,99.9,15.47555556,41.27,18.18888889,50.63388889,15,45.62666667,5.65,770.6,96.5,2.5,58.5,5.15
100,10,16.96333333,46.13333333,16.42666667,45.7,17.29,43.09,15.19,45.93333333,15.345,50.79,6.466666667,99.9,15.42055556,41.28,18.18166667,50.95277778,15,45.56,5.87,770.6333333,96.33333333,2.666666667,59.66666667,5.33
90,0,17.13333333,46.29,16.56666667,45.56666667,17.29,43.23,15.19,46.13333333,15.355,50.80833333,6.5,99.9,15.39,41.28,18.28,51.08,15,45.5,6.08,770.6666667,96.16666667,2.833333333,60.83333333,5.52
90,10,17.2,46.23,16.82333333,45.36333333,17.29,43.29,15.19,46.46333333,15.365,50.9,6.5,99.9,15.39,41.29,18.34,51.09,15,45.45,6.3,770.7,96,3,62,5.7
90,10,17.32333333,46.29,16.9975,45.14,17.39,43.29,15.19,46.72333333,15.345,50.90555556,6.5,99.9,15.41444444,41.29,18.45722222,51.02944444,15,45.36333333,6.23,770.6666667,95.16666667,3.166666667,55,5.5
70,20,17.46333333,46.43,17.16666667,45.09,17.39,43.36333333,15.3,47.15666667,15.345,50.98888889,6.5,99.9,15.41444444,41.31444444,18.42055556,50.50722222,15,45.29,6.17,770.6333333,94.33333333,3.333333333,48,5.3
70,0,17.63333333,46.66333333,17.32333333,44.96666667,17.445,43.6,15.3,47.565,15.37,51.035,6.5,99.9,15.39611111,41.28,18.33444444,50.15,15,45.26,6.1,770.6,93.5,3.5,41,5.1
80,10,17.76,46.33,17.46333333,44.82666667,17.5,43.73,15.3,47.86333333,15.39,51.09,6.433333333,99.9,15.42055556,41.225,18.37888889,50.10222222,15,45.33333333,6.03,770.5666667,92.66666667,3.666666667,34,4.9
100,0,17.92666667,46.02666667,17.66333333,44.56,17.5,43.79,15.39,48.12666667,15.39,51.15722222,6.295,99.9,15.42666667,41.155,18.43277778,50.13277778,15,45.26,5.97,770.5333333,91.83333333,3.833333333,27,4.7
100,0,18.13333333,45.76666667,17.85666667,44.43333333,17.5,43.9,15.39,48.26,15.39,51.21,5.966666667,99.9,15.40833333,41.10222222,18.52222222,50.245,15,45.12666667,5.9,770.5,91,4,20,4.5
90,0,18.32333333,45.43,18,44.13333333,17.56666667,43.96666667,15.42666667,48.46333333,15.39,51.265,5.9,99.9,15.39611111,41.015,18.53888889,50.29,15,45.09,5.9,770.4666667,90.83333333,4.166666667,20.5,4.47
110,0,18.46333333,45.23,18.13333333,43.93333333,17.6,43.96666667,15.5,48.59,15.39,51.29,5.8,99.9,15.41444444,40.97222222,18.6,50.265,15,45.03,5.9,770.4333333,90.66666667,4.333333333,21,4.43
110,0,18.63333333,44.86333333,18.23,43.7,17.66666667,44.02666667,15.53333333,48.62666667,15.39,51.29,5.866666667,99.9,15.41444444,40.92222222,18.69833333,50.18166667,14.96333333,44.96666667,5.9,770.4,90.5,4.5,21.5,4.4
110,0,18.7,44.65666667,18.35666667,43.5,17.7,44,15.6,48.7,15.43277778,51.31444444,5.933333333,99.9,15.40833333,40.88777778,18.79,49.99722222,14.89,44.9,5.9,770.3666667,90.33333333,4.666666667,22,4.37
110,0,18.89,44.43,18.53333333,43.26,17.7,44,15.6,48.7,15.41444444,51.30833333,6,99.9,15.42055556,40.82055556,18.85111111,49.89166667,14.89,44.86333333,5.9,770.3333333,90.16666667,4.833333333,22.5,4.33
100,0,18.96333333,44.15666667,18.6,43.06666667,17.79,43.96666667,15.66,48.76,15.445,51.345,5.966666667,99.9,15.42055556,40.82055556,18.90833333,49.75722222,14.89,44.79,5.9,770.3,90,5,23,4.3
80,0,19.03333333,43.86333333,18.7,42.86333333,17.79,43.9,15.69,48.79,15.43888889,51.31444444,5.9,99.9,15.48777778,40.79833333,18.96333333,49.57333333,14.89,44.76,5.83,770.2666667,90.16666667,5,22.66666667,4.28
90,0,19.1,43.73,18.76,42.65666667,17.79,43.79,15.69,48.79,15.445,51.29,5.763333333,99.9,15.48777778,40.78,19.05,49.48888889,14.89,44.7,5.77,770.2333333,90.33333333,5,22.33333333,4.27
100,0,19.2,43.46666667,18.82333333,42.5,17.79,43.86333333,15.72666667,48.7,15.47555556,51.29,5.763333333,99.9,15.5,40.785,19.10555556,49.39944444,14.89,44.7,5.7,770.2,90.5,5,22,4.25
110,0,19.2675,43.2675,18.89,42.36,17.79,43.9,15.8,48.7,15.5,51.29,5.69,99.9,15.5,40.73,19.18888889,49.29222222,14.89,44.62666667,5.63,770.1666667,90.66666667,5,21.66666667,4.23
100,0,19.29,43.03,18.92666667,42.13333333,17.79,43.9,15.8,48.59,15.5,51.29,5.69,99.9,15.47555556,40.67555556,19.205,49.16222222,14.89,44.59,5.57,770.1333333,90.83333333,5,21.33333333,4.22
100,0,19.39,42.86333333,19,41.93333333,17.89,43.96666667,15.86,48.66333333,15.5,51.29,5.69,99.9,15.5,40.7,19.26,49.055,14.89,44.59,5.5,770.1,91,5,21,4.2
90,10,19.39,42.73,19,41.79,17.89,43.82666667,15.89,48.56,15.5,51.26888889,5.69,99.9,15.47555556,40.66944444,19.26,48.95888889,14.89,44.5,5.48,770.0666667,91,4.833333333,21.16666667,4.18
70,0,19.39,42.43,19,41.5925,17.85666667,43.76,15.89,48.5,15.5,51.10578947,5.69,99.9,15.5,40.60222222,19.25,48.88,15,44.95666667,5.47,770.0333333,91,4.666666667,21.33333333,4.17
70,0,19.39,42.23,19,41.32666667,17.865,43.795,15.89,48.345,15.5,51.009,5.69,99.9,15.5,40.535,19.28,49.00388889,15.06666667,45.43,5.45,770,91,4.5,21.5,4.15
60,0,19.39,42.16333333,19,41.29,17.89,43.82666667,15.89,48.2,15.5,51.06,5.69,99.9,15.5,40.45,19.34,49.17,15.1,45.62666667,5.43,769.9666667,91,4.333333333,21.66666667,4.13
50,0,19.39,42.09,19,41.23,18,43.79,15.89,48.2,15.47555556,51.05,5.69,99.9,15.5,40.4,19.39,49.30833333,15.1,45.76,5.42,769.9333333,91,4.166666667,21.83333333,4.12
50,0,19.29,42.06,18.96333333,41.29,18,43.79,15.96333333,48.06,15.42666667,51.03,5.623333333,99.9,15.5,40.38166667,19.39,49.45,15.1,46,5.4,769.9,91,4,22,4.1
60,0,19.29,42,18.89,41.29,18,43.79,15.89,48,15.45111111,51.05,5.56,99.9,15.5,40.30222222,19.39611111,49.61,15.1,46.13333333,5.35,769.85,91.16666667,4.166666667,22.16666667,4.07
80,0,19.26,41.93,18.79,41.29,17.92666667,43.79,16,47.96666667,15.478,51.072,5.5,99.9,15.52222222,40.29,19.48777778,50.04222222,15.1,46.32666667,5.3,769.8,91.33333333,4.333333333,22.33333333,4.03
70,0,19.2,41.79,18.79,41.29,18,43.79,15.92666667,47.82666667,15.42473684,51.02842105,5.466666667,99.9,15.55555556,40.235,19.5,50.34777778,15.1,46.4,5.25,769.75,91.5,4.5,22.5,4
80,0,19.2,41.79,18.7,41.29,18,43.79,15.89,47.76,15.43277778,51.035,5.4,99.9,15.52777778,40.2,19.5,50.53388889,15.1,46.53,5.2,769.7,91.66666667,4.666666667,22.66666667,3.97
80,0,19.13333333,41.79,18.7,41.29,18.03333333,43.82666667,15.89,47.7,15.46333333,51.08444444,5.4,99.9,15.58888889,40.18166667,19.51666667,50.68166667,15.1,46.59,5.15,769.65,91.83333333,4.833333333,22.83333333,3.93
60,0,19.1,41.82666667,18.6,41.29,18.1,43.82666667,15.89,47.59,15.42055556,51.07944444,5.466666667,99.9,15.56666667,40.09,19.6,50.8,15.1,46.7,5.1,769.6,92,5,23,3.9
40,0,19.03333333,41.82666667,18.53333333,41.29,18.1,43.79,15.89,47.53,15.39,51.03,5.5,99.9,15.56111111,40.13888889,19.59444444,51.06277778,15.1,46.76,5.13,769.5833333,92,4.833333333,23.16666667,3.93
40,0,19,41.79,18.46333333,41.36333333,18.16666667,43.73,15.89,47.5,15.45111111,51.05,5.5,99.9,15.54444444,40.09,19.51111111,51.24833333,15.1,46.79,5.17,769.5666667,92,4.666666667,23.33333333,3.97
20,0,18.92666667,41.86333333,18.39,41.29,18.2,43.7,15.89,47.43333333,15.445,51.065,5.5,99.9,15.59444444,40.09,19.49388889,51.63611111,15.16,46.86333333,5.2,769.55,92,4.5,23.5,4
20,0,18.89,41.9,18.35666667,41.4,18.2,43.7,15.89,47.4,15.43888889,51.04,5.5,99.9,15.56666667,40.045,19.42666667,51.68166667,15.19,47,5.23,769.5333333,92,4.333333333,23.66666667,4.03
30,0,18.865,41.95,18.29,41.4,18.2,43.59,15.89,47.4,15.445,51.045,5.59,99.9,15.58888889,40.07,19.37333333,51.7,15.19,47,5.27,769.5166667,92,4.166666667,23.83333333,4.07
50,0,18.79,41.9,18.2,41.4,18.2,43.59,15.89,47.29,15.45111111,51.05,5.59,99.9,15.6,40.01,19.28,51.715,15.19,47.09,5.3,769.5,92,4,24,4.1
40,0,18.76,42,18.2,41.46666667,18.2,43.62666667,15.89,47.29,15.43888889,51.04,5.59,99.9,15.6,40,19.25,51.75,15.19,47.09,5.3,769.4333333,92,4,23.83333333,4.1
50,0,18.7,42.06,18.1,41.53,18.2,43.62666667,15.89,47.2,15.40222222,51.01,5.59,99.9,15.6,39.97222222,19.215,51.735,15.19,47.16333333,5.3,769.3666667,92,4,23.66666667,4.1
40,0,18.7,42.09,18.1,41.59,18.2,43.7,15.89,47.1725,15.39,51,5.64,99.9,15.6,39.98333333,19.2,51.7,15.19,47.2,5.3,769.3,92,4,23.5,4.1
40,0,18.63333333,42.03,18,41.5,18.2,43.66333333,15.83,47.03,15.39,51,5.69,99.9,15.6,39.97222222,19.15,51.7,15.19,47.26,5.3,769.2333333,92,4,23.33333333,4.1
40,0,18.6,42.09,17.96333333,41.59,18.26,43.66333333,15.86,46.96666667,15.40833333,51.015,5.69,99.9,15.6,39.96666667,19.1,51.7,15.26333333,47.36333333,5.3,769.1666667,92,4,23.16666667,4.1
50,0,18.6,42.09,17.89,41.66333333,18.29,43.66333333,15.86,46.96666667,15.39611111,51.005,5.59,99.9,15.6,39.9,19.05,51.6,15.19,47.36333333,5.3,769.1,92,4,23,4.1
30,0,18.5,42.2,17.79,41.59,18.29,43.66333333,15.83,46.9,15.39,51,5.59,99.9,15.6,39.9,18.98777778,51.46111111,15.3,47.5,5.32,769.0166667,92,4,23,4.12
30,0,18.5,42.26,17.79,41.66333333,18.32333333,43.59,15.89,46.82666667,15.39,51,5.623333333,99.9,15.6,39.86333333,18.90833333,51.4,15.3,47.56,5.33,768.9333333,92,4,23,4.13
20,0,18.46333333,42.29,17.76,41.73,18.39,43.59,15.8,46.7,15.39,51,5.69,99.9,15.6,39.79611111,18.87333333,51.46111111,15.3,47.59,5.35,768.85,92,4,23,4.15
20,0,18.39,42.29,17.7,41.79,18.32333333,43.5,15.8,46.7,15.39,51,5.763333333,99.9,15.6,39.79,18.79,51.57555556,15.3,47.59,5.37,768.7666667,92,4,23,4.17
40,0,18.39,42.32666667,17.7,41.79,18.32333333,43.5,15.8,46.66333333,15.39,51,5.763333333,99.9,15.6,39.79,18.79,51.79888889,15.3,47.7,5.38,768.6833333,92,4,23,4.18
40,0,18.32333333,42.4,17.63333333,41.73,18.29,43.53,15.8,46.59,15.39,51,5.69,99.9,15.6,39.79,18.79,51.99166667,15.3,47.7,5.4,768.6,92,4,23,4.2
50,0,18.29,42.4,17.6,41.73,18.29,43.59,15.8,46.59,15.39,51,5.69,99.9,15.6,39.79,18.755,52.20833333,15.3,47.73,5.47,768.5333333,91.83333333,4,23.66666667,4.25
40,0,18.23,42.32666667,17.6,41.79,18.32333333,43.59,15.8,46.53,15.39,51,5.763333333,99.9,15.6,39.79,18.7,52.52166667,15.3,47.79,5.53,768.4666667,91.66666667,4,24.33333333,4.3
50,0,18.26,42.4,17.5,41.82666667,18.39,43.59,15.8,46.5,15.39,51,5.763333333,99.9,15.6,39.80222222,18.7,52.73666667,15.3,47.82666667,5.6,768.4,91.5,4,25,4.35
50,0,18.2,42.4,17.5,41.96666667,18.39,43.59,15.72666667,46.5,15.39,51,5.9,99.9,15.6,39.82055556,18.68888889,52.83277778,15.3,47.9,5.67,768.3333333,91.33333333,4,25.66666667,4.4
40,0,18.2,42.43333333,17.39,41.9,18.39,43.59,15.8,46.5,15.39,51,5.9,99.9,15.61,39.82555556,18.60555556,52.96388889,15.33,47.9,5.73,768.2666667,91.16666667,4,26.33333333,4.45
20,0,18.125,42.5675,17.39,41.9,18.42666667,43.59,15.8,46.43333333,15.39,51,6,99.9,15.63,39.90888889,18.6,53.145,15.33,47.96666667,5.8,768.2,91,4,27,4.5
30,0,18.1,42.66333333,17.39,41.96333333,18.42666667,43.53,15.69,46.5,15.39,51,6.06,99.9,15.655,39.96111111,18.59444444,53.275,15.39,48,5.85,768.1833333,91,4,26.83333333,4.53
20,0,18.1,42.7,17.39,42.09,18.46333333,43.56,15.69,46.43333333,15.39,51,6.09,99.9,15.67,39.96666667,18.58333333,53.30833333,15.39,48,5.9,768.1666667,91,4,26.66666667,4.57
30,0,18.03333333,42.62666667,17.29,42.09,18.39,43.5,15.69,46.4,15.39,51,6.226666667,99.9,15.67,39.96666667,18.53333333,53.38777778,15.39,48.06,5.95,768.15,91,4,26.5,4.6
40,0,18,42.7,17.29,42.1725,18.39,43.5,15.69,46.4,15.39,51,6.3,99.9,15.66,39.96666667,18.55,53.4,15.39,48.09,6,768.1333333,91,4,26.33333333,4.63
50,0,18,42.7,17.29,42.26,18.32333333,43.59,15.69,46.4,15.39,51,6.4,99.9,15.64,39.94444444,18.5,53.30833333,15.39,48.09,6.05,768.1166667,91,4,26.16666667,4.67
50,0,17.92666667,42.73,17.2,42.23,18.39,43.59,15.69,46.4,15.39,51.02,6.466666667,99.9,15.645,39.95,18.47555556,53.29444444,15.39,48.2,6.1,768.1,91,4,26,4.7
40,0,17.92666667,42.79,17.2,42.29,18.39,43.59,15.69,46.4,15.39,51.045,6.5,99.9,15.65,39.95555556,18.46944444,53.35111111,15.39,48.2,6.22,768.05,90.33333333,4.333333333,28.33333333,4.7
40,0,17.89,42.79,17.2,42.29,18.46333333,43.59,15.69,46.4,15.39,51.07,6.5,99.9,15.645,39.95,18.42666667,53.34888889,15.39,48.29,6.33,768,89.66666667,4.666666667,30.66666667,4.7
40,0,17.89,42.86333333,17.2,42.36333333,18.5,43.59,15.69,46.4,15.39,51.045,6.5,99.9,15.63,39.93333333,18.39,53.29,15.39,48.29,6.45,767.95,89,5,33,4.7
40,0,17.79,42.79,17.1,42.4,18.5,43.59,15.69,46.4,15.385,51.055,6.5,99.9,15.66,39.96666667,18.39,53.32055556,15.39,48.29,6.57,767.9,88.33333333,5.333333333,35.33333333,4.7
30,0,17.79,42.79,17.1,42.4,18.5,43.62666667,15.69,46.4,15.375,51.09,6.4,99.9,15.67,39.97777778,18.39,53.4,15.39,48.29,6.68,767.85,87.66666667,5.666666667,37.66666667,4.7
20,0,17.79,42.79,17.1,42.5,18.5,43.7,15.69,46.4,15.39,51.09,6.4,99.9,15.68,39.98888889,18.39,53.4,15.42666667,48.32666667,6.8,767.8,87,6,40,4.7
30,0,17.79,42.86333333,17.1,42.5,18.46333333,43.59,15.69,46.4,15.39,51.09,6.4,99.9,15.62,39.92222222,18.38444444,53.39388889,15.5,48.46666667,6.67,767.7833333,88,6.166666667,43.66666667,4.75
30,0,17.76,42.82666667,17.1,42.53,18.46333333,43.59,15.66,46.36333333,15.38,51.09,6.4,99.9,15.68,39.98888889,18.30111111,53.29222222,15.5,48.7,6.53,767.7666667,89,6.333333333,47.33333333,4.8
40,0,17.7,42.9,17.03333333,42.53,18.39,43.59,15.66,46.36333333,15.38,51.09,6.4,99.9,15.68,39.98888889,18.29,53.205,15.5,48.62666667,6.4,767.75,90,6.5,51,4.85
40,0,17.7,42.93333333,17,42.5,18.39,43.66333333,15.69,46.4,15.37,51.09,6.333333333,99.9,15.67,39.97777778,18.29,53.13888889,15.5,48.59,6.27,767.7333333,91,6.666666667,54.66666667,4.9
50,0,17.7,43,17,42.56,18.39,43.7,15.69,46.4,15.39,51.09,6.263333333,99.9,15.67,39.97777778,18.28,53.15,15.5,48.59,6.13,767.7166667,92,6.833333333,58.33333333,4.95
40,0,17.7,43,17,42.59,18.39,43.7,15.63,46.32666667,15.38,51.09,6.123333333,99.9,15.69,40,18.26,53.35333333,15.46333333,48.59,6,767.7,93,7,62,5
40,0,17.625,43,16.92666667,42.59,18.39,43.7,15.63,46.32666667,15.36,51.13277778,6,99.9,15.67,39.98777778,18.255,53.42222222,15.46333333,48.66333333,6.02,767.6333333,93.5,7,62.33333333,5.08
40,0,17.66666667,43.06,16.89,42.7,18.39,43.62666667,15.6,46.29,15.385,51.17555556,6,99.9,15.67,39.99777778,18.22,53.46111111,15.5,48.7,6.03,767.5666667,94,7,62.66666667,5.17
50,0,17.6,43,16.89,42.7,18.39,43.7,15.6,46.29,15.36,51.18777778,6,99.9,15.67,40.00277778,18.21,53.49888889,15.5,48.7,6.05,767.5,94.5,7,63,5.25
40,0,17.6,43,16.89,42.73,18.4175,43.7,15.6,46.29,15.335,51.2,6,99.9,15.67,40.07,18.21,53.525,15.5,48.76,6.07,767.4333333,95,7,63.33333333,5.33
220,10,17.6,43.19333333,16.89,42.8175,18.5,43.7,15.6,46.29,15.345,51.18166667,6,99.9,15.685,40.10833333,18.2,53.525,15.5,48.82666667,6.08,767.3666667,95.5,7,63.66666667,5.42
360,0,17.6,43.46666667,16.89,42.9,18.46333333,43.63333333,15.66,46.62333333,15.335,51.09722222,6.09,99.9,15.645,40.26333333,18.18888889,53.41944444,15.5,48.9,6.1,767.3,96,7,64,5.5
360,30,17.6,43.62666667,16.79,42.93333333,18.39,43.43333333,16.16666667,46.99,15.34,51.01,6.09,99.9,15.605,40.40944444,18.10555556,53.21666667,15.5,48.86333333,6.18,767.3333333,95.83333333,6.666666667,60,5.55
590,20,17.6,43.76,16.85666667,43.13333333,18.29,43.29,16.76,46.53,15.39,51,6.09,99.9,15.6,40.61055556,18.1,53.01722222,15.5,48.79,6.27,767.3666667,95.66666667,6.333333333,56,5.6
850,20,17.6,44.16666667,16.92666667,43.23,18.23,43.29,17.52333333,45.76666667,15.39,51,6.09,99.9,15.6,40.715,18.09444444,52.82166667,15.5,48.86333333,6.35,767.4,95.5,6,52,5.65
690,10,17.66666667,44.69333333,17,43.36333333,18.32333333,44.36,17.99666667,45.36,15.39,51,6.19,99.9,15.6,40.845,18.03333333,52.63666667,15.5,48.73,6.43,767.4333333,95.33333333,5.666666667,48,5.7
800,10,17.79,45.49,17.13333333,43.56666667,18.59666667,45.69333333,18.49333333,44.9,15.37,51.045,6.19,99.9,15.6,40.96111111,18,52.535,15.5,48.59,6.52,767.4666667,95.16666667,5.333333333,44,5.75
710,20,17.85666667,46.69666667,17.2,43.7,18.96,46.76666667,18.82666667,44.5,15.39,51.13277778,6.226666667,99.9,15.6,41.045,18,52.42777778,15.5,48.53,6.6,767.5,95,5,40,5.8
680,20,18.03333333,46.66333333,17.32333333,43.93333333,19.29333333,46.9,19.3,44.06,15.39,51.265,6.3,99.9,15.6,41.09611111,18,52.38166667,15.5,48.5,6.58,767.55,94.83333333,5.166666667,40,5.77
290,10,18.1,46.53,17.46333333,44.06,19.53333333,46.46,19.63333333,43.8,15.39,51.39833333,6.333333333,99.9,15.6,41.18777778,17.98166667,52.33277778,15.5,48.43333333,6.57,767.6,94.66666667,5.333333333,40,5.73
190,20,18.2,46.09666667,17.53333333,44.2,19.72666667,46.2,19.72666667,43.2,15.39,51.525,6.4,99.9,15.6,41.235,17.90833333,52.42666667,15.5,48.26,6.55,767.65,94.5,5.5,40,5.7
120,10,18.26,46.29,17.6,44.2,19.89,45.73333333,19.46,43.33333333,15.39,51.60833333,6.4,99.9,15.6,41.29,17.90833333,52.545,15.5,48.2,6.53,767.7,94.33333333,5.666666667,40,5.67
140,20,18.32333333,46.26,17.63333333,44.23,19.76333333,45.13333333,19.13333333,43.43333333,15.39,51.725,6.4,99.9,15.6,41.38166667,17.89,52.59611111,15.5,48.09,6.52,767.75,94.16666667,5.833333333,40,5.63
260,20,18.39,46.12666667,17.7,44.36333333,19.56666667,44.56,18.92666667,43.56,15.39,51.79611111,6.5,99.9,15.6,41.42777778,17.89,52.66333333,15.5,48.03,6.5,767.8,94,6,40,5.6
310,20,18.39,46,17.79,44.36333333,19.42666667,44.5,18.76,43.76666667,15.39,51.88777778,6.5225,99.9,15.6,41.535,17.89,52.7,15.5,48,6.5,767.85,94.66666667,5.833333333,43.66666667,5.7
230,40,18.4725,45.745,17.79,44.23,19.35666667,44.33333333,18.56666667,43.96666667,15.42055556,51.93277778,6.59,99.9,15.6,41.59,17.89,52.745,15.5,48.19333333,6.5,767.9,95.33333333,5.666666667,47.33333333,5.8
180,30,18.56666667,45.26666667,17.92666667,44.16333333,19.29,44.12666667,18.445,44.145,15.45111111,52.03888889,6.59,99.9,15.6,41.65722222,17.89,52.79388889,15.55,48.54,6.5,767.95,96,5.5,51,5.9
320,40,18.63333333,45,18,44.03,19.2,43.96666667,18.39,44.53,15.41444444,52.10333333,6.59,99.9,15.6,41.745,17.92666667,53.07733333,15.69,49.4,6.5,768,96.66666667,5.333333333,54.66666667,6
620,40,18.76,45,18.1,44.16333333,19.2,43.925,18.39,44.72333333,15.46333333,52.25,6.69,99.9,15.6,41.79,18,53.26111111,15.69,49.4,6.5,768.05,97.33333333,5.166666667,58.33333333,6.1
620,30,18.89,44.83333333,18.1975,43.9975,19.2,43.8,18.66333333,44.86333333,15.71444444,57.75111111,6.69,99.9,15.6,41.79,18,53.35722222,15.69,49.36333333,6.5,768.1,98,5,62,6.2
530,40,18.96333333,44.56666667,18.35666667,43.82666667,19.13333333,43.59,18.85666667,44.79,17.94111111,84.95611111,6.8,99.9,15.6,41.85722222,17.97555556,53.33055556,15.69,49.29,6.52,768.1,98.16666667,5,59.66666667,6.23
180,30,19.1,44.72333333,18.5,43.76,19.26,43.66333333,19.13333333,44.86333333,17.70777778,84.775,6.866666667,99.9,15.6,41.9,18,54.06722222,15.69,49.16333333,6.53,768.1,98.33333333,5,57.33333333,6.27
180,40,19.16666667,44.66333333,18.5,43.7,19.29,44.52666667,19.2,44.53,17.14333333,87.38611111,6.933333333,99.9,15.625,41.96611111,18.1,54.29944444,15.69,49.03,6.55,768.1,98.5,5,55,6.3
120,30,19.2,44.82666667,18.53333333,43.93333333,19.29,45.33333333,19.06666667,44.62666667,16.83222222,88.34333333,7.06,99.9,15.63,42.03,18.245,54.12,15.69,48.9,6.57,768.1,98.66666667,5,52.66666667,6.33
140,30,19.26,44.96666667,18.6,44,19.29,45.59,19,44.76,16.65,88.23,7.09,99.9,15.66,42.14722222,18.37333333,53.91055556,15.69,48.82666667,6.58,768.1,98.83333333,5,50.33333333,6.37
100,30,19.32333333,44.86333333,18.73,44,19.29,45.46333333,18.92666667,44.96333333,16.51055556,87.66111111,7.156666667,99.9,15.66,42.215,18.43277778,53.81666667,15.69,48.7,6.6,768.1,99,5,48,6.4
120,30,19.39,44.79,18.79,43.93333333,19.26,45.19333333,18.92666667,45.16333333,16.37444444,86.82888889,7.226666667,99.9,15.625,42.23,18.50444444,53.68166667,15.69,48.62666667,6.67,768.05,99,4.833333333,45.66666667,6.47
100,40,19.53333333,44.72333333,18.92666667,43.83333333,19.2,44.93333333,18.89,45.26666667,16.29,85.48166667,7.366666667,99.9,15.635,42.32277778,18.62777778,53.51,15.69,48.56,6.73,768,99,4.666666667,43.33333333,6.53
130,30,19.66666667,44.53,19.06666667,43.7,19.16666667,44.79,18.89,45.46666667,16.29,83.66722222,7.433333333,99.9,15.65,42.43777778,18.705,53.37388889,15.69,48.5,6.8,767.95,99,4.5,41,6.6
270,30,19.73,44.26,19.13333333,43.43,19.1,44.79,18.89,45.53,16.29,81.73666667,7.56,99.9,15.65,42.48166667,18.78,53.29,15.66,48.43,6.87,767.9,99,4.333333333,38.66666667,6.67
520,30,19.85666667,44.26,19.26,43.36333333,19.06666667,44.76,18.89,45.59,16.255,80.08166667,7.726666667,99.9,15.635,42.55222222,18.80666667,53.20888889,15.66,48.36333333,6.93,767.85,99,4.166666667,36.33333333,6.73
580,20,20,45.56666667,19.32333333,43.26,19,44.7,19,45.73,16.21,78.35055556,7.875,99.9,15.645,42.67222222,18.92055556,52.99888889,15.6,48.2,7,767.8,99,4,34,6.8
520,20,20.06666667,48.96666667,19.46333333,43.46,19.03333333,45.23333333,19,45.99,16.18333333,76.3,7.9,99.9,15.68,42.82277778,18.93277778,52.59777778,15.6,48.2,7.07,767.8,99,4,33.83333333,6.87
350,10,20.13333333,47.99333333,19.53333333,43.93333333,19.22666667,46.5,18.89,46.2,16.17777778,74.58333333,8,99.9,15.69,42.92777778,18.93277778,52.56,15.63,48.23,7.13,767.8,99,4,33.66666667,6.93
340,10,20.26,47.4,19.6,44,19.69666667,48.39333333,18.82333333,46.12666667,16.1,73.23944444,8.066666667,99.9,15.69,43.055,18.98777778,52.48388889,15.645,48.1675,7.2,767.8,99,4,33.5,7
330,10,20.34,46.395,19.73,44.09,20.09666667,49.39333333,18.745,46,16.1,72.19388889,8.19,99.9,15.69,43.145,19,52.40444444,15.69,48.2,7.27,767.8,99,4,33.33333333,7.07
290,10,20.42666667,45.93,19.79,44.09,20.495,49.8,18.6,46.29,16.1,71.35,8.19,99.9,15.69,43.235,19.06111111,52.46666667,15.63,48.12666667,7.33,767.8,99,4,33.16666667,7.13
300,20,20.5,45.73,19.92666667,44.02666667,20.86,50.16333333,18.6,46.36333333,16.1,70.49666667,8.3,99.9,15.69,43.345,19.1,52.44166667,15.63,48.12666667,7.4,767.8,99,4,33,7.2
280,30,20.63333333,45.43333333,20.1,43.8175,21.13333333,50.09,18.6,46.8,16.1,69.62666667,8.3,99.9,15.69,43.49833333,19.18333333,52.255,15.69,48.4,7.48,767.75,98.66666667,4,37.66666667,7.25
220,40,20.76,45.43333333,20.32666667,43.93,21.29,49.93,18.53333333,47,16.11611111,68.81833333,8.3,99.9,15.72055556,43.87555556,19.245,52.35,15.69,48.4,7.57,767.7,98.33333333,4,42.33333333,7.3
90,30,20.92666667,45.22333333,20.46,43.82666667,21.35666667,49.65666667,18.46333333,46.72333333,16.61611111,64.37555556,8.3,99.9,15.8,44.25,19.30666667,52.555,15.8,48.73,7.65,767.65,98,4,47,7.35
90,20,21.06666667,45.16333333,20.6,43.9,21.35666667,48.96666667,18.39,46.59,17.25666667,59.94277778,8.39,99.9,15.8,44.25,19.39,52.59,15.8,48.79,7.73,767.6,97.66666667,4,51.66666667,7.4
100,20,21.2,45.16333333,20.7,44.09,21.23,48.02666667,18.29,46.59,17.62222222,57.96444444,8.39,99.9,15.8,44.27,19.40833333,52.69666667,15.76333333,48.79,7.82,767.55,97.33333333,4,56.33333333,7.45
90,20,21.26,45.09,20.7,44.03,21.06666667,47.26666667,18.29,46.59,17.83222222,56.88333333,8.39,99.9,15.815,44.30833333,19.5,52.79,15.69,48.79,7.9,767.5,97,4,61,7.5
80,10,21.32333333,45.22333333,20.73,43.96666667,21,46.86,18.2,46.53,18.02777778,56.08277778,8.39,99.9,15.825,44.32055556,19.51666667,52.74888889,15.76333333,48.79,7.88,767.4833333,97,4.166666667,61,7.48
80,10,21.39,45.03,20.79,43.82666667,21,46.66333333,18.2,46.86333333,18.10555556,55.37611111,8.5,99.9,15.8,44.30222222,19.6,52.57722222,15.69,48.79,7.87,767.4666667,97,4.333333333,61,7.47
80,0,21.39,45.06666667,20.79,43.9,21,46.53,18.2,47.03,18.18888889,54.87333333,8.5,99.9,15.8,44.32055556,19.61666667,52.43888889,15.69,48.79,7.85,767.45,97,4.5,61,7.45
90,10,21.39,45.12666667,20.79,43.96666667,20.96333333,46.36333333,18.13333333,47.09,18.215,54.57777778,8.39,99.9,15.865,44.47222222,19.7,52.26333333,15.69,48.73,7.83,767.4333333,97,4.666666667,61,7.43
90,10,21.5,45.13333333,20.79,43.86333333,20.89,46.23,18.1,47.09,18.27,54.25611111,8.463333333,99.9,15.89,44.5,19.735,52.07555556,15.69,48.7,7.82,767.4166667,97,4.833333333,61,7.42
90,0,21.5,45.06,20.79,43.93,20.89,46.06,18.03333333,47.03,18.29555556,53.88388889,8.39,99.9,15.89,44.5,19.79,51.91111111,15.69,48.7,7.8,767.4,97,5,61,7.4
80,10,21.42666667,44.96333333,20.82333333,44.12666667,20.82333333,45.93333333,17.96333333,46.9,18.37888889,53.63,8.39,99.9,15.89,44.5,19.79666667,51.826,15.69,48.66333333,7.82,767.4166667,96.83333333,5,61.33333333,7.38
70,0,21.42666667,45.03,20.89,44.33333333,20.7,45.79,17.89,46.9,18.45722222,53.455,8.33,99.9,15.89,44.51,19.87888889,51.90444444,15.69,48.59,7.83,767.4333333,96.66666667,5,61.66666667,7.37
50,10,21.5,45.03,20.89,44.32666667,20.7,45.79,17.89,46.9,18.52777778,53.30166667,8.3,99.9,15.89,44.545,19.89,51.80333333,15.69,48.59,7.85,767.45,96.5,5,62,7.35
60,0,21.5,45.03,20.89,44.4,20.6,45.7,17.865,46.8725,18.6,53.01666667,8.226666667,99.9,15.89,44.59,19.89,51.71,15.69,48.59,7.87,767.4666667,96.33333333,5,62.33333333,7.33
40,0,21.6,45.03,21,44.46333333,20.53333333,45.7,17.79,46.73,18.65,52.86944444,8.19,99.9,15.89,44.555,19.90222222,51.69388889,15.69,48.59,7.88,767.4833333,96.16666667,5,62.66666667,7.32
60,10,21.6,45.1175,21,44.53,20.445,45.79,17.79,46.7,18.705,52.755,8.19,99.9,15.89,44.5,19.90222222,51.55722222,15.69,48.5,7.9,767.5,96,5,63,7.3
60,10,21.6,45.12666667,21,44.36333333,20.5,46.23,17.73,46.7,18.78,52.63,8.16,99.9,15.89,44.515,19.82888889,51.35666667,15.69,48.5,7.92,767.5,96,4.833333333,63.16666667,7.32
140,20,21.66666667,45.33333333,21,44.15666667,20.56666667,46.36333333,17.7,46.7,18.87333333,52.19333333,8.1,99.9,15.89,44.59,19.725,51.24,15.69,48.5,7.93,767.5,96,4.666666667,63.33333333,7.33
80,10,21.6,44.52666667,20.89,43.29,20.6,46.13333333,17.7,46.7,18.89,51.37166667,8.066666667,99.9,15.89611111,44.57,19.69444444,51.03055556,15.69,48.5,7.95,767.5,96,4.5,63.5,7.35
70,10,21.6,44.13333333,20.89,43.26,20.6,45.86,17.7,46.7,18.96277778,50.80611111,8,99.9,15.96333333,44.56,19.61111111,50.75722222,15.72666667,48.62666667,7.97,767.5,96,4.333333333,63.66666667,7.37
60,10,21.6,43.86,20.96333333,43.2,20.7,45.66333333,17.7,46.7,19.01666667,50.42944444,8.066666667,99.9,16,44.525,19.53888889,50.57333333,15.8,48.76,7.98,767.5,96,4.166666667,63.83333333,7.38
70,10,21.63333333,43.7,20.92666667,42.9,20.7,45.46333333,17.66666667,46.66333333,19.01111111,50.11833333,8,99.9,16,44.5,19.46944444,50.47222222,15.89,49.06666667,8,767.5,96,4,64,7.4
60,0,21.7,43.7,21,42.9,20.7,45.26,17.6,46.59,19.06111111,49.96388889,8,99.9,16,44.5,19.39,50.4,15.89,49.12666667,7.98,767.5,96,3.833333333,63.83333333,7.38
70,0,21.7,43.56,21,42.9,20.7,45.12666667,17.6,46.59,19.1,49.72888889,8,99.9,16,44.5,19.39,50.4,15.8,48.96666667,7.97,767.5,96,3.666666667,63.66666667,7.37
70,10,21.7,43.43333333,20.92666667,42.82666667,20.76,45.06,17.6,46.59,19.1,49.52833333,7.9,99.9,16,44.5,19.30666667,50.46111111,15.8,48.9,7.95,767.5,96,3.5,63.5,7.35
70,0,21.7,43.29,21,42.76,20.76,44.93333333,17.6,46.5,19.1,49.38777778,7.9,99.9,16,44.5,19.29,50.47777778,15.8,48.79,7.93,767.5,96,3.333333333,63.33333333,7.33
60,10,21.7,43.23,20.92666667,42.7,20.79,44.86333333,17.6,46.56,19.1,49.17944444,7.9,99.9,16,44.47777778,19.29,50.505,15.8,48.73,7.92,767.5,96,3.166666667,63.16666667,7.32
40,10,21.7,43.2,20.89,42.66333333,20.79,44.79,17.5,46.59,19.12777778,49.015,7.9,99.9,16,44.5,19.28,50.57,15.8,48.7,7.9,767.5,96,3,63,7.3
40,10,21.7,43.26,20.89,42.59,20.76,44.66333333,17.5,46.59,19.13333333,48.95,7.9,99.9,16,44.5,19.19944444,50.35444444,15.8,48.62666667,7.92,767.55,95.83333333,3,63,7.3
60,30,21.73,43.16333333,20.92666667,42.5,20.76,44.59,17.5,46.56,19.20388889,48.74722222,7.9,99.9,16,44.5,19.11111111,50.29,15.8,48.59,7.93,767.6,95.66666667,3,63,7.3
350,20,21.79,43.03,21,42.43333333,20.7,44.56,17.5,46.63333333,19.31777778,48.52944444,7.9,99.9,16.05,44.545,19.03888889,50.16777778,15.8,48.53,7.95,767.65,95.5,3,63,7.3
410,30,21.89,42.76,21.1,42.46666667,20.7,44.5,17.69666667,47.23333333,19.43277778,48.21,8,99.9,16.05,44.545,18.98777778,50.09,15.8,48.5,7.97,767.7,95.33333333,3,63,7.3
80,30,21.96333333,42.56666667,21.16666667,42.32666667,20.66666667,44.46666667,18.4975,47.5475,19.55,50.64222222,8,99.9,16.09444444,44.585,18.89611111,50.035,15.8,48.5,7.98,767.75,95.16666667,3,63,7.3
100,30,22,42.36333333,21.23,42.02666667,20.6,44.4,19.22666667,46.83,19.86888889,68.21277778,8,99.9,16.1,44.60833333,18.89,50,15.8,48.63333333,8,767.8,95,3,63,7.3
80,10,22.075,42.195,21.29,41.76666667,20.65,44.3,19.29,46.9,19.755,70.45944444,8,99.9,16.1,44.59611111,18.82888889,49.90222222,15.92666667,49.06666667,8.02,767.7333333,95,3.166666667,62.66666667,7.32
270,10,22.1,42.03,21.39,41.56,20.66666667,44.22333333,19.29,46.96666667,19.84666667,70.66666667,8.033333333,99.9,16.1,44.59,18.79,49.83888889,16,49.26,8.03,767.6666667,95,3.333333333,62.33333333,7.33
280,0,22.1,41.9,21.39,41.43333333,20.6,44.09,19.16666667,47,20.42388889,84.20888889,8.1,99.9,16.1,44.60833333,18.79,49.85722222,16.03333333,49.36,8.05,767.6,95,3.5,62,7.35
90,0,22.1,41.9,21.39,41.29,20.7,44.09,19.1,47,20.31555556,83.61,8.1,99.9,16.1,44.7,18.78,49.82055556,16.1,49.5,8.07,767.5333333,95,3.666666667,61.66666667,7.37
90,0,22.13333333,41.9,21.5,41.4,20.7,44.09,18.89,46.79,20.01944444,81.54611111,8.1,99.9,16.12777778,44.7,18.725,49.9,16.1,49.5,8.08,767.4666667,95,3.833333333,61.33333333,7.38
90,0,22.2,41.9,21.5,41.4,20.7,44.09,18.82333333,46.79,19.79166667,79.71222222,8.19,99.9,16.13888889,44.71,18.7,49.9,16.1,49.43333333,8.1,767.4,95,4,61,7.4
90,0,22.2,41.79,21.56666667,41.23,20.7,44.09,18.76,46.76,19.6,78.15388889,8.19,99.9,16.18333333,44.785,18.7,49.9,16.1,49.36333333,8.1,767.4166667,95,4,61.16666667,7.38
80,0,22.2,41.79,21.5,41.29,20.7,44.09,18.63333333,46.62666667,19.45722222,76.33944444,8.226666667,99.9,16.2,44.79,18.62777778,49.87555556,16.1,49.29,8.1,767.4333333,95,4,61.33333333,7.37
70,0,22.16666667,41.82666667,21.5,41.2,20.7,44.09,18.56666667,46.59,19.34,74.05722222,8.3,99.9,16.2,44.79611111,18.6,49.87555556,16.1,49.16333333,8.1,767.45,95,4,61.5,7.35
70,10,22.1,41.9,21.5,41.26,20.6,44.03,18.5,46.59,19.235,71.43777778,8.19,99.9,16.2,44.88777778,18.6,49.9,16.1,49.09,8.1,767.4666667,95,4,61.66666667,7.33
90,0,22.06666667,41.86333333,21.5,41.2,20.6,44.09,18.39,46.5,19.15,69.04166667,8.19,99.9,16.2,44.9,18.59444444,49.90555556,16.1,49.06,8.1,767.4833333,95,4,61.83333333,7.32
100,10,22,41.79,21.42666667,41.2,20.6,44.2,18.39,46.5,19.03888889,66.95055556,8.19,99.9,16.2,44.9,18.55555556,49.91666667,16.1,49,8.1,767.5,95,4,62,7.3
90,20,22,41.79,21.35666667,41.2,20.53333333,44.2,18.29,46.5,18.945,65.28388889,8.3,99.9,16.2,44.9,18.5,49.93888889,16.1,49,8.07,767.4333333,95,3.833333333,62,7.28
280,0,21.92666667,41.79,21.29,41.06666667,20.5,44.2,18.29,46.76666667,18.88444444,63.94666667,8.3,99.9,16.2,44.86944444,18.5,50,16.16666667,49.06,8.03,767.3666667,95,3.666666667,62,7.27
390,10,21.89,41.73,21.2,40.93333333,20.5,44.26,18.42666667,47.2,18.79111111,62.65444444,8.3,99.9,16.2,44.726,18.5,50,16.2,49.23,8,767.3,95,3.5,62,7.25
150,0,21.82333333,41.73,21.13333333,41.06,20.39,44.23,18.42666667,47.12666667,18.745,61.79777778,8.3,99.9,16.2,44.59,18.5,50,16.2,49.29,7.97,767.2333333,95,3.333333333,62,7.23
50,0,21.76,41.82666667,21.06666667,41.2,20.39,44.23,18.39,47.12666667,18.7,60.94333333,8.3,99.9,16.2,44.48888889,18.47555556,49.97777778,16.29,49.45,7.93,767.1666667,95,3.166666667,62,7.22
50,0,21.7,42.1,21,41.2,20.39,44.29,18.315,47.2,18.61666667,60.10277778,8.36,99.9,16.2,44.42222222,18.42055556,49.94444444,16.29,49.5,7.9,767.1,95,3,62,7.2
40,0,21.66666667,42.26,20.89,41.32666667,20.39,44.23,18.29,47.2,18.56111111,59.58222222,8.39,99.9,16.2,44.31444444,18.43888889,49.97555556,16.29,49.56,7.92,767.0833333,95,2.833333333,62,7.2
50,0,21.66666667,42.26,20.82333333,41.32666667,20.34,44.245,18.2,47.09,18.53333333,59.16555556,8.39,99.9,16.2,44.29,18.37888889,49.95555556,16.29,49.59,7.93,767.0666667,95,2.666666667,62,7.2
30,0,21.55,42.29,20.85666667,41.46666667,20.29,44.2,18.2,47.09,18.5,58.84111111,8.39,99.9,16.2,44.28,18.37888889,49.98888889,16.29,49.59,7.95,767.05,95,2.5,62,7.2
20,0,21.5,42.32666667,20.73,41.46666667,20.29,44.2,18.16666667,47.09,18.45722222,58.50611111,8.39,99.9,16.2,44.2,18.36777778,50,16.29,49.7,7.97,767.0333333,95,2.333333333,62,7.2
40,0,21.5,42.4,20.7,41.59,20.29,44.2,18.1,47.09,18.39,58.22666667,8.39,99.9,16.2135,44.1915,18.36777778,50,16.29,49.7,7.98,767.0166667,95,2.166666667,62,7.2
50,0,21.46333333,42.36333333,20.625,41.6175,20.29,44.2,18.1,47.09,18.38444444,58.01055556,8.39,99.9,16.25,44.16833333,18.33444444,50.015,16.29,49.7,8,767,95,2,62,7.2
50,0,21.39,42.29,20.53333333,41.7,20.2,44.2,18.03333333,47.03,18.30111111,57.83,8.39,99.9,16.25,44.10277778,18.31777778,50.06,16.29,49.76,8.02,766.9666667,94.83333333,2,62,7.2
50,0,21.35666667,42.29,20.5,41.7,20.26,44.26,18,47,18.29,57.68666667,8.463333333,99.9,16.28,44.08611111,18.29,50.07,16.29,49.79,8.03,766.9333333,94.66666667,2,62,7.2
40,0,21.29,42.36333333,20.5,41.76,20.29,44.4,18,47,18.28,57.51888889,8.463333333,99.9,16.27,44.08833333,18.29,50.09,16.29,49.79,8.05,766.9,94.5,2,62,7.2
50,0,21.29,42.4,20.39,41.79,20.29,44.4,18,47,18.205,57.29888889,8.39,99.9,16.28,44.035,18.27,50.07,16.29,49.79,8.07,766.8666667,94.33333333,2,62,7.2
50,0,21.23,42.4,20.32333333,41.86333333,20.39,44.53,18,47,18.2,57.145,8.39,99.9,16.28,44,18.29,50.09,16.29,49.86333333,8.08,766.8333333,94.16666667,2,62,7.2
50,0,21.2,42.4,20.29,42,20.39,44.53,17.92666667,47.03,18.2,57.035,8.39,99.9,16.29,44,18.29,50.09,16.29,50.03,8.1,766.8,94,2,62,7.2
50,0,21.2,42.4,20.23,41.93333333,20.42666667,44.62666667,17.92666667,47.09,18.12777778,56.96111111,8.39,99.9,16.29,43.98888889,18.275,50.075,16.35666667,50.03,8.1,766.7166667,94,2,62.16666667,7.2
60,0,21.16666667,42.4,20.2,42.03,20.5,44.7,17.89,47.03,18.1,56.905,8.39,99.9,16.29,43.92777778,18.2,50,16.39,50.09,8.1,766.6333333,94,2,62.33333333,7.2
50,0,21.1,42.46666667,20.2,42.09,20.5,44.7,17.89,47.09,18.1,56.82666667,8.39,99.9,16.29,43.9,18.2,50,16.39,50.09,8.1,766.55,94,2,62.5,7.2
40,0,21.06666667,42.46666667,20.1,42.2,20.5,44.7,17.89,47.09,18.03888889,56.735,8.39,99.9,16.29,43.9,18.2,50,16.39,50.09,8.1,766.4666667,94,2,62.66666667,7.2
40,0,21,42.4,20.1,42.26,20.56666667,44.73,17.89,47.09,18,56.62055556,8.39,99.9,16.29,43.9,18.2,50,16.39,50.16333333,8.1,766.3833333,94,2,62.83333333,7.2
20,0,21,42.4,20.06666667,42.29,20.56666667,44.79,17.79,47,18,56.585,8.39,99.9,16.29,43.9,18.2,50,16.39,50.2,8.1,766.3,94,2,63,7.2
30,0,21,42.4,20,42.29,20.5,44.79,17.79,47,18,56.51,8.39,99.9,16.29,43.9,18.17777778,50,16.39,50.2,8.12,766.25,94,2.333333333,63,7.22
40,0,21,42.5,20,42.4,20.5,44.79,17.79,47,17.96944444,56.48333333,8.426666667,99.9,16.29,43.9,18.12777778,50,16.39,50.26,8.13,766.2,94,2.666666667,63,7.23
50,0,20.92666667,42.5,19.92666667,42.46666667,20.5,44.845,17.79,47,17.92666667,56.4,8.426666667,99.9,16.27,43.845,18.14444444,50.005,16.39,50.32666667,8.15,766.15,94,3,63,7.25
50,0,20.85666667,42.5,19.89,42.5,20.5,44.93333333,17.79,47,17.89,56.4,8.39,99.9,16.29,43.79,18.1,50.015,16.39,50.4,8.17,766.1,94,3.333333333,63,7.27
60,0,20.79,42.5,19.89,42.56,20.5,45,17.76,47.09,17.89,56.38166667,8.463333333,99.9,16.29,43.80833333,18.1,50.055,16.46333333,50.56,8.18,766.05,94,3.666666667,63,7.28
40,0,20.79,42.5,19.79,42.53,20.5,44.9,17.7,47.09,17.89,56.30222222,8.39,99.9,16.29,43.79611111,18.1,50.08,16.39,50.56,8.2,766,94,4,63,7.3
50,0,20.76,42.53,19.7225,42.59,20.5,44.96666667,17.7,47,17.86222222,56.265,8.39,99.9,16.29,43.79,18.1,50.04,16.39,50.59,8.23,765.9333333,94,3.833333333,63.16666667,7.33
50,0,20.7,42.59,19.7,42.66333333,20.5,45,17.7,47.06,17.79,56.18166667,8.39,99.9,16.29,43.79,18.1,50.07,16.39,50.66333333,8.27,765.8666667,94,3.666666667,63.33333333,7.37
40,0,20.7,42.59,19.7,42.73,20.5,44.93333333,17.7,47.09,17.79,56.11444444,8.39,99.9,16.29,43.79,18.06666667,50.06,16.46333333,50.79,8.3,765.8,94,3.5,63.5,7.4
50,0,20.7,42.66333333,19.63333333,42.73,20.53333333,44.96666667,17.7,47.09,17.79,56.09,8.39,99.9,16.29,43.79,18.05555556,50.05,16.46333333,50.86333333,8.33,765.7333333,94,3.333333333,63.66666667,7.43
60,0,20.66666667,42.66333333,19.66666667,42.76,20.53333333,44.96666667,17.7,47.09,17.77,56.09,8.3,99.9,16.29,43.79,18.05,50.045,16.42666667,50.82666667,8.37,765.6666667,94,3.166666667,63.83333333,7.47
50,0,20.6,42.59,19.6,42.76,20.53333333,44.93333333,17.7,47.09,17.785,56.035,8.226666667,99.9,16.29,43.79,18,50,16.5,50.9,8.4,765.6,94,3,64,7.5
60,0,20.6,42.7,19.6,42.82666667,20.6,45,17.7,47.12666667,17.71,56.02,7.966666667,99.9,16.29,43.79,18,50.01,16.5,51,8.25,765.5333333,94.5,3,63.5,7.42
30,0,20.6,42.7,19.53333333,42.9,20.6,45,17.63333333,47.12666667,17.7,56,7.76,99.9,16.29,43.785,18,50.01,16.5,51,8.1,765.4666667,95,3,63,7.33
30,0,20.56666667,42.7,19.5,42.93333333,20.6,45,17.63333333,47.06666667,17.7,56,7.56,99.9,16.29,43.765,18,50,16.5,51.03,7.95,765.4,95.5,3,62.5,7.25
20,0,20.5,42.7,19.5,43,20.6,44.9,17.7,47.2,17.7,55.93888889,7.366666667,99.9,16.29,43.705,18,49.98888889,16.5,51.09,7.8,765.3333333,96,3,62,7.17
40,0,20.5,42.79,19.39,42.93333333,20.53333333,44.9,17.6,47.09,17.7,55.9,7.156666667,99.9,16.29,43.7,18,49.98888889,16.5,51.09,7.65,765.2666667,96.5,3,61.5,7.08
50,0,20.5,42.79,19.46333333,43.06,20.5,44.93333333,17.6,47.09,17.69444444,55.87666667,7.03,99.9,16.29,43.63277778,18,49.98888889,16.5,51.09,7.5,765.2,97,3,61,7
50,0,20.39,42.79,19.39,43,20.5,45,17.6,47.09,17.63333333,55.76,6.763333333,99.9,16.29,43.57,17.945,49.92777778,16.5,51.09,7.43,765.1333333,96.66666667,3,61.5,6.88
60,0,20.39,42.79,19.39,43.06,20.5,45.09,17.6,47.03,17.61111111,55.74,6.623333333,99.9,16.29,43.58,17.95722222,49.9,16.5,51.09,7.37,765.0666667,96.33333333,3,62,6.77
50,0,20.35666667,42.79,19.32333333,43.09,20.5,45.09,17.6,47.09,17.61111111,55.71,6.59,99.9,16.29,43.535,17.93888889,49.83277778,16.5,51.09,7.3,765,96,3,62.5,6.65
40,0,20.29,42.79,19.39,43.09,20.5,45.09,17.6,47,17.6,55.66944444,6.53,99.9,16.29,43.52,17.90833333,49.79,16.5,51.09,7.23,764.9333333,95.66666667,3,63,6.53
50,0,20.29,42.82666667,19.29,43.09,20.5,45.09,17.6,47,17.6,55.68166667,6.466666667,99.9,16.29,43.5,17.89,49.79,16.56666667,51.22333333,7.17,764.8666667,95.33333333,3,63.5,6.42
40,20,20.29,42.9,19.29,43.16333333,20.5,45.09,17.5,47.03,17.6,55.52166667,6.26,99.9,16.29,43.41666667,17.89,49.78,16.6,51.06,7.1,764.8,95,3,64,6.3
50,0,20.29,43.145,19.26,43.29,20.46333333,44.86333333,17.56666667,47.16333333,17.65,54.36722222,6.06,99.9,16.29,43.4,17.89,49.725,16.6,51,7,764.75,95,3,64.16666667,6.22
40,0,20.2,43.32666667,19.2,43.3975,20.39,44.73,17.6,47.29,17.755,53.37833333,6,99.9,16.29,43.33277778,17.89,49.7,16.6,50.86333333,6.9,764.7,95,3,64.33333333,6.13
50,0,20.2,43.46666667,19.2,43.56,20.39,44.66333333,17.6,47.29,17.79,52.68833333,5.9,99.9,16.29,43.29,17.86777778,49.60833333,16.6,50.73,6.8,764.65,95,3,64.5,6.05
60,0,20.2,43.53,19.2,43.7,20.39,44.59,17.56666667,47.29,17.79,52.23111111,5.933333333,99.9,16.29,43.285,17.86777778,49.57,16.6,50.59,6.7,764.6,95,3,64.66666667,5.97
30,0,20.13333333,43.59,19.2,43.76,20.39,44.59,17.5,47.29,17.79,51.85333333,6.06,99.9,16.29,43.21,17.89,49.59,16.6,50.53,6.6,764.55,95,3,64.83333333,5.88
20,0,20.1,43.62666667,19.16666667,43.79,20.39,44.53,17.5,47.2,17.84555556,51.58611111,6.3,99.9,16.29,43.2,17.85111111,49.555,16.6,50.46666667,6.5,764.5,95,3,65,5.8
30,0,20.1,43.7,19.1,43.86333333,20.35666667,44.5,17.5,47.12666667,17.85111111,51.33777778,6.3,99.9,16.29,43.2,17.85111111,49.53277778,16.6,50.32666667,6.55,764.4333333,95,3,57.66666667,5.85
50,0,20.06666667,43.7,19.1,44,20.29,44.5,17.5,47.09,17.89,51.21666667,6.263333333,99.9,16.29,43.19388889,17.80666667,49.515,16.53333333,50.26,6.6,764.3666667,95,3,50.33333333,5.9
50,0,20,43.7,19.1,44,20.2,44.4,17.5,47.09,17.89,51.02833333,6.19,99.9,16.29,43.12666667,17.79,49.42222222,16.53333333,50.2,6.65,764.3,95,3,43,5.95
40,0,20,43.7,19.03333333,43.96333333,20.2,44.4,17.5,47,17.89,50.83888889,6.19,99.9,16.29,43.13888889,17.79,49.45,16.5,50.16333333,6.7,764.2333333,95,3,35.66666667,6
60,0,20,43.7,19.03333333,44.03,20.2,44.4,17.5,47,17.89,50.73,6.19,99.9,16.29,43.11444444,17.79,49.43888889,16.5,50.09,6.75,764.1666667,95,3,28.33333333,6.05
50,0,20,43.7,19,44.03,20.2,44.4,17.39,46.9,17.89,50.59333333,6.333333333,99.9,16.29,43.13888889,17.79,49.45555556,16.5,50,6.8,764.1,95,3,21,6.1
50,0,20,43.76,19,44.09,20.2,44.4,17.39,46.845,17.89,50.46111111,6.466666667,99.9,16.29,43.09,17.79,49.47777778,16.5,49.925,6.88,764.0833333,94.66666667,3,22,6.13
50,0,19.96333333,43.79,19,44.09,20.2,44.4,17.39,46.9,17.89,50.405,6.5,99.9,16.29,43.09,17.79,49.48888889,16.5,49.9,6.97,764.0666667,94.33333333,3,23,6.17
50,0,19.89,43.79,19,44.09,20.2,44.29,17.39,46.79,17.89,50.27722222,6.5,99.9,16.29,43.09,17.79,49.5,16.5,49.79,7.05,764.05,94,3,24,6.2
40,0,19.89,43.9,18.96333333,44.2,20.2,44.29,17.39,46.79,17.89,50.13277778,6.5,99.9,16.29,43.10222222,17.77,49.5,16.5,49.79,7.13,764.0333333,93.66666667,3,25,6.23
50,0,19.89,43.9,18.89,44.2,20.2,44.29,17.39,46.79,17.89,50.045,6.5,99.9,16.29,43.12055556,17.79,49.5,16.5,49.7,7.22,764.0166667,93.33333333,3,26,6.27
50,0,19.85666667,43.9,18.89,44.2,20.2,44.29,17.39,46.79,17.89,49.955,6.53,99.9,16.29,43.09611111,17.745,49.47777778,16.5,49.62666667,7.3,764,93,3,27,6.3
20,0,19.85666667,43.9,18.89,44.2,20.2,44.23,17.39,46.76,17.89,49.82666667,6.59,99.9,16.29,43.09,17.7,49.5,16.42666667,49.5,7.57,763.9333333,91.66666667,3,29.16666667,6.32
40,0,19.79,43.9,18.89,44.29,20.2,44.2,17.39,46.7,17.89,49.79,6.695,99.9,16.29,43.09,17.7,49.47777778,16.5,49.5,7.83,763.8666667,90.33333333,3,31.33333333,6.33
30,0,19.79,43.9,18.89,44.29,20.2,44.12666667,17.39,46.7,17.89,49.765,6.933333333,99.9,16.29,43.09,17.71,49.5,16.42666667,49.4,8.1,763.8,89,3,33.5,6.35
50,0,19.79,43.96666667,18.89,44.29,20.16666667,44.09,17.39,46.7,17.89,49.69388889,7.06,99.9,16.29,43.09,17.71,49.5,16.42666667,49.26666667,8.37,763.7333333,87.66666667,3,35.66666667,6.37
40,0,19.79,44,18.89,44.29,20.1,44.09,17.39,46.7,17.89,49.62666667,7.123333333,99.9,16.29,43.09,17.705,49.43888889,16.5,49.36333333,8.63,763.6666667,86.33333333,3,37.83333333,6.38
50,0,19.79,44,18.89,44.29,20.1,44.09,17.39,46.62666667,17.89,49.515,7.263333333,99.9,16.31777778,43.055,17.75,49.4,16.5,49.29,8.9,763.6,85,3,40,6.4
50,0,19.73,44,18.92666667,44.26,20.1,44.09,17.53333333,46.63333333,17.86777778,49.47222222,7.4,99.9,16.35666667,42.97222222,17.78,49.35722222,16.5,49.2,9.18,763.55,82.16666667,3.166666667,40,6.13
40,0,19.79,44.06,19.06666667,44.2,20.1,44.2,17.6,46.43333333,17.89,49.38166667,7.466666667,99.9,16.39,42.92222222,17.79,49.29,16.5,49.2,9.47,763.5,79.33333333,3.333333333,40,5.87
50,0,19.79,44.09,19.1,44.06,20.1,44.2,17.7,46.33333333,17.89,49.29,7.726666667,99.9,16.39,42.86944444,17.79,49.215,16.5,49.06,9.75,763.45,76.5,3.5,40,5.6
50,0,19.79,44.16333333,19.16666667,43.93333333,20.1,44.2,17.76,46.2,17.92055556,49.20888889,7.866666667,99.9,16.43277778,42.79,17.79,49.12055556,16.56666667,49,10,763.4,73.66666667,3.666666667,40,5.33
60,0,19.79,44.2,19.23,43.9,20.1,44.2,17.89,46.16333333,17.93888889,49.08722222,8.063333333,99.9,16.5,42.765,17.79,48.97611111,16.6,48.9,10.3,763.35,70.83333333,3.833333333,40,5.07
50,0,19.85666667,44.33333333,19.29,43.9,20.13333333,44.2,17.96333333,46.03,18,49.00444444,8.19,99.9,16.5,42.65722222,17.84,48.9,16.6,48.82666667,10.6,763.3,68,4,40,4.8
50,0,19.89,44.26,19.32333333,43.66333333,20.2,44.26,18.15,45.895,18,48.93333333,8.46,99.9,16.55,42.545,17.89,48.76722222,16.6,48.76,10.9,763.3,66,4,40,4.58
40,0,19.96333333,44.2,19.39,43.53,20.2,44.26,18.2,45.76,18.00555556,48.80833333,8.733333333,99.9,16.61666667,42.36166667,17.92055556,48.57722222,16.6,48.7,11.1,763.3,64,4,40,4.37
40,0,20,44.16333333,19.39,43.4,20.2,44.2,18.2,45.62666667,18.08888889,48.81444444,9.063333333,98.3,16.7,42.27722222,18.00555556,48.40444444,16.6,48.62666667,11.4,763.3,62,4,40,4.15
30,0,20.06666667,44.09,19.39,43.32666667,20.2,44.29,18.2,45.56,18.1,48.70888889,9.263333333,96.69333333,16.705,42.15222222,18.08888889,48.32277778,16.63333333,48.59,11.6,763.3,60,4,40,3.93
20,0,20.1,44,19.39,43.29,20.2,44.2225,18.2,45.43333333,18.1,48.58722222,9.533333333,90.52666667,16.735,41.98222222,18.1,48.13277778,16.7,48.59,11.9,763.3,58,4,40,3.72
40,0,20.1,44,19.46333333,43.29,20.2,44.2,18.2,45.36333333,18.1,48.50444444,9.733333333,89.46666667,16.775,41.80833333,18.11666667,47.98222222,16.7,48.5,12.1,763.3,56,4,40,3.5
50,0,20.1,43.9,19.5,43.26,20.1,44.23,18.26,45.29,18.1,48.41111111,9.945,87.995,16.79,41.745,18.10555556,47.83277778,16.7,48.43333333,12.1,763.2333333,56.66666667,4.333333333,40,3.63
60,0,20.1,43.9,19.5,43.2,20.1,44.29,18.2,45.16333333,18.1,48.33277778,10.16666667,88.46666667,16.94611111,41.775,18.11666667,47.745,16.7,48.36333333,12.1,763.1666667,57.33333333,4.666666667,40,3.77
40,0,20.15,43.79,19.5,43.2,20.13333333,44.29,18.2,45.09,18.13888889,48.245,10.36,85.53333333,17.17611111,41.76,18.24944444,47.77444444,16.7,48.29,12.1,763.1,58,5,40,3.9
50,0,20.2,43.76,19.5,43.145,20.2,44.29,18.2,45.09,18.18888889,48.19388889,10.53333333,84.26,17.365,41.68666667,18.45055556,47.67944444,16.7,48.26,12,763.0333333,58.66666667,5.333333333,40,4.03
50,0,20.2,43.7,19.5,43.12666667,20.2,44.29,18.2,45.09,18.2,48.12666667,10.66,85.66666667,17.59444444,41.51722222,18.63277778,47.54944444,16.7,48.26,12,762.9666667,59.33333333,5.666666667,40,4.17
40,0,20.29,43.66333333,19.5,43.09,20.2,44.29,18.2,45.09,18.2,48.015,10.86666667,83.66,17.755,41.26722222,18.80777778,47.35611111,16.79,48.62666667,12,762.9,60,6,40,4.3
50,0,20.29,43.59,19.5,43.09,20.2,44.4,18.2,45.03,18.2,48,11.06666667,82.2,17.84,41.09222222,19.00388889,47.11722222,16.79,48.76,12.1,762.8,59.33333333,5.833333333,40,4.27
60,0,20.29,43.59,19.5,43.09,20.2,44.4,18.2,45,18.22,47.93888889,11.22666667,79.89333333,17.89,40.92555556,19.20888889,46.86555556,16.82333333,48.93333333,12.2,762.7,58.66666667,5.666666667,40,4.23
50,0,20.29,43.59,19.5,43.09,20.2,44.29,18.2,45,18.2,47.9,11.36,81.36666667,17.90833333,40.745,19.33611111,46.64777778,16.89,49,12.4,762.6,58,5.5,40,4.2
60,0,20.29,43.59,19.5,43.09,20.26,44.36333333,18.1,44.9,18.23,47.845,11.6,76.89333333,17.98777778,40.59333333,19.39,46.42944444,16.89,48.96666667,12.5,762.5,57.33333333,5.333333333,40,4.17
40,0,20.35666667,43.53,19.5,43.09,20.29,44.4,18.1,44.9,18.275,47.82666667,11.6,76.56,18.02777778,40.45,19.45722222,46.28944444,16.96333333,48.9,12.6,762.4,56.66666667,5.166666667,40,4.13
50,0,20.39,43.5,19.5,43.09,20.29,44.4,18.2,44.9,18.26,47.775,11.69,76.33333333,18.11666667,40.32777778,19.46333333,46.145,17,48.9,12.7,762.3,56,5,40,4.1
30,0,20.39,43.43333333,19.5,43.09,20.29,44.4,18.2,44.9,18.26,47.7,11.76333333,75.33333333,18.245,40.19777778,19.48777778,46.065,17,48.9,12.8,762.2666667,55.83333333,5,40,4.13
30,0,20.42666667,43.4,19.5,43.09,20.29,44.4,18.2,45,18.29,47.7,11.8,76.59,18.42166667,40.05555556,19.5,46,17,48.9,12.8,762.2333333,55.66666667,5,40,4.17
20,0,20.5,43.32666667,19.5,43.09,20.29,44.36333333,18.23,45.03,18.29,47.7,11.8,77.92333333,18.63888889,39.93333333,19.51666667,45.89833333,17,48.9,12.9,762.2,55.5,5,40,4.2
40,0,20.6,43.2,19.53333333,43.09,20.29,44.29,18.29,45.09,18.30111111,47.7,11.89,76.76666667,18.79166667,39.76333333,19.65,45.745,17,48.9,13,762.1666667,55.33333333,5,40,4.23
60,0,20.66666667,43.2,19.6,43.09,20.29,44.29,18.29,45.09,18.35111111,47.7,11.96333333,77.49333333,18.97277778,39.67333333,19.78055556,45.59833333,17,48.9,13,762.1333333,55.16666667,5,40,4.27
50,0,20.7,43.2,19.7,43.12666667,20.29,44.3175,18.29,45.03,18.39,47.755,12,76.42666667,19.16111111,39.53555556,19.89722222,45.535,17,48.9,13.1,762.1,55,5,40,4.3
50,0,20.76,43.2,19.7,43.12666667,20.29,44.4,18.39,44.96666667,18.40833333,47.80833333,12,75.76,19.245,39.41111111,20.00444444,45.42777778,17.03333333,48.93333333,13,762.0666667,56,5,40,4.43
50,0,20.82333333,43.23,19.73,43.2,20.29,44.29,18.39,44.9,18.48777778,47.88777778,11.945,76.95,19.39166667,39.30833333,20.15,45.39888889,17.03333333,48.93333333,12.9,762.0333333,57,5,40,4.57
40,0,20.89,43.29,19.79,43.2,20.29,44.29,18.42666667,44.82666667,18.51666667,47.93333333,11.89,80.13,19.51111111,39.245,20.235,45.32055556,17.1,49,12.8,762,58,5,40,4.7
50,0,20.92666667,43.2,19.89,43.29,20.39,44.29,18.5,44.9,18.58888889,47.91111111,11.83,79.59,19.6,39.13277778,20.31777778,45.245,17.1,49,12.7,761.9666667,59,5,40,4.83
50,0,21,43.2,19.89,43.29,20.46333333,44.36333333,18.5,44.9,18.61111111,47.91111111,11.8,77.66666667,19.66666667,39.045,20.43277778,45.16944444,17.1,49,12.6,761.9333333,60,5,40,4.97
40,0,21,43.12666667,20,43.2,20.42666667,44.32666667,18.5,44.82666667,18.69444444,47.95555556,11.72666667,77.53333333,19.71,38.98333333,20.47555556,45.10222222,17.1,49,12.5,761.9,61,5,40,5.1
60,0,21,43.09,20.1,43.26,20.5,44.4,18.5,44.79,18.735,47.88166667,11.56666667,78.63333333,19.775,38.88166667,20.5,45.07,17.1,48.9,12.2,761.9666667,62.33333333,5.166666667,40,5.08
50,0,21,43.09,20.1,43.2,20.5,44.4,18.5,44.73,18.73,47.78722222,11.29333333,78.82666667,19.715,38.845,20.47555556,45.07,17.1,48.9,11.9,762.0333333,63.66666667,5.333333333,40,5.07
50,0,21,43.09,20,43.12666667,20.5,44.4,18.5,44.7,18.75,47.7,11.03,80.56,19.67222222,38.86944444,20.40833333,45.09611111,17.1,48.9,11.6,762.1,65,5.5,40,5.05
50,0,21,43.09,20,43.2,20.5,44.4,18.5,44.7,18.76,47.63277778,10.83,81.7,19.6,38.85111111,20.34,45.18777778,17.1,48.9,11.2,762.1666667,66.33333333,5.666666667,40,5.03
50,0,21,43.09,20,43.2,20.5,44.4,18.39,44.7,18.745,47.59,10.62666667,83.16666667,19.52777778,38.85722222,20.285,45.255,17.1,48.9,10.9,762.2333333,67.66666667,5.833333333,40,5.02
30,0,21,43.16333333,19.92666667,43.2,20.5,44.43333333,18.39,44.7,18.7,47.515,10.42666667,82.43333333,19.48166667,38.9,20.25,45.31444444,17.1,48.9,10.6,762.3,69,6,40,5
30,0,20.89,43.16333333,19.89,43.2,20.5,44.43333333,18.39,44.73,18.7,47.5,10.16,82.39666667,19.39,38.9,20.16111111,45.36277778,17.1,48.9,10.5,762.3,69.66666667,5.833333333,40,5.07
30,0,20.89,43.09,19.82333333,43.12666667,20.5,44.4,18.32333333,44.79,18.7,47.48888889,9.96,83.39666667,19.32888889,38.91666667,20.1,45.48888889,17.1,48.96666667,10.4,762.3,70.33333333,5.666666667,40,5.13
40,0,20.89,43.09,19.79,43.12666667,20.5,44.46666667,18.29,44.79,18.7,47.43888889,9.66,84.96333333,19.225,38.97777778,20.03888889,45.525,17.1,48.93333333,10.4,762.3,71,5.5,40,5.2
60,0,20.82333333,43.09,19.79,43.2,20.39,44.4,18.29,44.9,18.66111111,47.35722222,9.533333333,85.69666667,19.19444444,39,19.98166667,45.58,17.1,49,10.3,762.3,71.66666667,5.333333333,40,5.27
50,0,20.79,43.09,19.7,43.23,20.39,44.4,18.29,44.9,18.6,47.29,9.39,86.89333333,19.11333333,39.036,19.90222222,45.69666667,17.1,49,10.2,762.3,72.33333333,5.166666667,40,5.33
50,0,20.79,43.09,19.7,43.29,20.39,44.4,18.2,44.9,18.6,47.29,9.39,87.49333333,19.07222222,39.10222222,19.87888889,45.79833333,17.13333333,49,10.1,762.3,73,5,40,5.4
40,0,20.7,43.09,19.7,43.29,20.4725,44.475,18.2,44.96666667,18.6,47.29,9.5,88.545,19.01111111,39.10222222,19.81777778,45.82888889,17.13333333,49,10.1,762.35,73.33333333,4.833333333,40,5.43
50,0,20.7,43.16333333,19.63333333,43.23,20.5,44.5,18.2,45.03,18.6,47.285,9.39,89.09333333,18.93277778,39.09611111,19.79,45.95,17.1,49,10,762.4,73.66666667,4.666666667,40,5.47
40,0,20.7,43.2,19.6,43.2,20.42666667,44.43333333,18.2,45.09,18.6,47.275,9.39,89.09333333,18.86222222,39.18777778,19.715,46.015,17.1,48.93333333,9.95,762.45,74,4.5,40,5.5
50,0,20.63333333,43.12666667,19.6,43.26,20.5,44.5,18.16666667,45.09,18.59444444,47.255,9.16,89.99666667,18.79,39.215,19.7,46.145,17.1,48.86333333,9.9,762.5,74.33333333,4.333333333,40,5.53
50,0,20.6,43.09,19.5,43.29,20.5,44.4,18.1,45.09,18.55,47.23,9.1,90.39666667,18.765,39.29,19.66111111,46.16333333,17.1,48.79,9.85,762.55,74.66666667,4.166666667,40,5.57
50,0,20.6,43.1175,19.5,43.29,20.5,44.46666667,18.1,45.12666667,18.50555556,47.23,8.963333333,90.62333333,18.7,39.29,19.6,46.16333333,17.1,48.66333333,9.8,762.6,75,4,40,5.6
60,0,20.53333333,43.2,19.5,43.4,20.5,44.4,18.1,45.2,18.5,47.2,8.89,90.83,18.67222222,39.31444444,19.56111111,46.215,17.1,48.53,9.75,762.6333333,75.5,4,40,5.63
50,0,20.5,43.2,19.42666667,43.32666667,20.5,44.4,18.06666667,45.2,18.5,47.2,8.89,91.26,18.6,39.35722222,19.5,46.27,17.1,48.33333333,9.7,762.6666667,76,4,40,5.67
40,0,20.5,43.2,19.42666667,43.4,20.5,44.4,18,45.2,18.5,47.21,8.89,91.26,18.55,39.42777778,19.49388889,46.285,17.1,48.2,9.65,762.7,76.5,4,40,5.7
360,20,20.46333333,43.26,19.46333333,43.46666667,20.5,44.4,18,45.2,18.49388889,47.20388889,8.89,91.46333333,18.5,39.5,19.40222222,46.21,17.1,48.06,9.6,762.7333333,77,4,40,5.73
380,10,20.39,43.12666667,19.39,43.4,20.42666667,44.23,18.06666667,45.4,18.43888889,47.11166667,8.89,91.86333333,18.445,39.5,19.39,46.2,17.1,48,9.55,762.7666667,77.5,4,40,5.77
390,20,20.39,43.26666667,19.39,43.36333333,20.42666667,44.23,18.69666667,45.66333333,18.46944444,47.05,8.83,92.39666667,18.38444444,39.515,19.31777778,46.2,17.1,47.86333333,9.5,762.8,78,4,40,5.8
390,10,20.39,43.4,19.39,43.23,20.35666667,44.09,19.22333333,45.39,18.5,46.95,8.89,92.99,18.30111111,39.59,19.285,46.19388889,17.1,47.73,9.55,762.9333333,78.16666667,4.166666667,40,5.87
320,0,20.42666667,43.36333333,19.42666667,43.23,20.29,44.09,20.02333333,44.83333333,18.56111111,46.79333333,8.8,93.66666667,18.255,39.65722222,19.245,46.145,17.1,47.66333333,9.6,763.0666667,78.33333333,4.333333333,40,5.93
80,10,20.5,43.29,19.56666667,43.23,20.29,44.09,20.645,44.1725,18.63333333,46.73,8.726666667,94.2,18.2,39.715,19.205,46.11444444,17.1,47.53,9.65,763.2,78.5,4.5,40,6
70,10,20.5,43.39,19.63333333,43.23,20.29,44.09,20.82333333,43.59666667,18.59444444,46.95777778,8.8,94.69,18.2,39.79833333,19.2,46.2,17.1,47.5,9.7,763.3333333,78.66666667,4.666666667,40,6.07
80,20,20.5,43.72333333,19.7,43.23,20.39,44.09,20.63333333,43.53,18.445,47.48333333,8.86,94.83,18.18333333,39.91666667,19.15,46.2,17.1,47.4,9.75,763.4666667,78.83333333,4.833333333,40,6.13
80,10,20.6,43.46666667,19.79,43.06,20.39,44.09,20.36,43.59,18.38444444,47.96611111,8.89,95.06333333,18.11111111,40.00388889,19.11111111,46.245,17.1,47.32666667,9.8,763.6,79,5,40,6.2
70,10,20.6,43.32666667,19.85666667,43,20.42666667,44.09,20.16666667,43.53,18.30111111,48.38777778,8.795,95.115,18.1,40.09,19.09444444,46.29,17.03333333,47.23,9.8,763.6166667,79.5,4.833333333,38.16666667,6.3
80,30,20.7,43.43333333,19.92666667,42.86333333,20.5,44.1725,20.03333333,43.59,18.285,48.69222222,8.69,95.29666667,18.01666667,40.10833333,19.05555556,46.33888889,17.03333333,47.23,9.8,763.6333333,80,4.666666667,36.33333333,6.4
80,20,20.7,43.63333333,20.06666667,42.79,20.5,44.2,19.89,43.8,18.21,48.87277778,8.66,95.59,18,40.225,19,46.33277778,17,47.09,9.8,763.65,80.5,4.5,34.5,6.5
80,10,20.82333333,43.63333333,20.13333333,42.66333333,20.53333333,44.3,19.89,44.19333333,18.2,49.14722222,8.66,96.25666667,18,40.35722222,19,46.41666667,17,47.09,9.8,763.6666667,81,4.333333333,32.66666667,6.6
80,10,20.89,43.43333333,20.2,42.59,20.6,44.69333333,19.79,44.32666667,18.17777778,49.34611111,8.99,97.32333333,17.98166667,40.48222222,18.97555556,46.52388889,17,47.09,9.8,763.6833333,81.5,4.166666667,30.83333333,6.7
60,10,21,43.29,20.32333333,42.66333333,20.73,45.19333333,19.73,44.46666667,18.13888889,49.56777778,9.263333333,97.53,17.945,40.60333333,18.945,46.62055556,17,47.09,9.8,763.7,82,4,29,6.8
50,10,21,43.29,20.39,42.59,20.79,45.26666667,19.66666667,44.7,18.1,49.75722222,9.5,97.36333333,17.945,40.765,18.89,46.735,17,47.09,9.88,763.8333333,82,4.166666667,29,6.88
40,0,21.05,43.29,20.5,42.545,20.7,44.96666667,19.6,44.83333333,18.1,49.97,9.5,97.23,17.89,40.86277778,18.89,46.845,17,47.09,9.97,763.9666667,82,4.333333333,29,6.97
70,0,21.1,43.32666667,20.5,42.76666667,20.7,44.82666667,19.56666667,44.9,18.06111111,50.13666667,9.63,97.56333333,17.89,41.01388889,18.82888889,46.9,17,47.09,10.1,764.1,82,4.5,29,7.05
80,10,21.16666667,43.4,20.56666667,42.96666667,20.6,44.59,19.5,44.9,18.07777778,50.34611111,9.763333333,97.56333333,17.89,41.17222222,18.79,46.95,17,47.16333333,10.1,764.2333333,82,4.666666667,29,7.13
80,0,21.13333333,43.4,20.6,42.96666667,20.6,44.53,19.46333333,44.9,18,50.4,9.89,97.56333333,17.89,41.30833333,18.79,47.055,17,47.2,10.2,764.3666667,82,4.833333333,29,7.22
90,10,21.2,43.32666667,20.6,42.82666667,20.56666667,44.56,19.39,44.9,18,50.53833333,9.963333333,97.89666667,17.85111111,41.41555556,18.79,47.145,17,47.2,10.3,764.5,82,5,29,7.3
80,0,21.2,43.29,20.7,42.86333333,20.5,44.56,19.35666667,45,18,50.62055556,10.03333333,98.26,17.85111111,41.57222222,18.79,47.29333333,17,47.2,10.3,764.4333333,82.33333333,4.833333333,28.66666667,7.37
130,20,21.2,43.23,20.7,42.73,20.53333333,44.56,19.29,45,18,50.735,10.16,98.4,17.79555556,41.67833333,18.775,47.45,17,47.26,10.3,764.3666667,82.66666667,4.666666667,28.33333333,7.43
370,20,21.2,43.16333333,20.7,42.66333333,20.6,44.56,19.29,45.12666667,18,50.82055556,10.22666667,98.59,17.79,41.845,18.735,47.52111111,17,47.29,10.3,764.3,83,4.5,28,7.5
370,30,21.26,43.16333333,20.76,42.59,20.5,44.5,19.5725,45.525,17.97555556,50.90555556,10.3,98.59,17.79,41.99833333,18.715,47.66333333,17,47.29,10.3,764.2333333,83.33333333,4.333333333,27.66666667,7.57
160,30,21.29,43.09,20.79,42.5,20.56666667,44.5,20.4,45.3,17.95722222,50.98888889,10.42666667,98.56,17.79,42.145,18.7,47.78111111,17,47.4,10.3,764.1666667,83.66666667,4.166666667,27.33333333,7.63
250,20,21.29,43.09,20.79,42.5,20.56666667,44.5,21.13333333,44.76666667,17.91444444,51.055,10.36666667,97.76666667,17.79,42.15722222,18.7,47.88777778,17,47.43333333,10.3,764.1,84,4,27,7.7
380,30,21.29,43.09,20.7,42.43333333,20.56666667,44.5,21.13333333,44.63333333,17.90222222,51.19444444,9.995,97,17.79,42.065,18.7,47.96111111,17,47.5,10.1,764.1333333,85,4,26.5,7.67
380,20,21.29,43.09,20.7,42.5,20.6,44.4,21.52333333,44.83333333,17.89,51.33277778,9.53,96.96333333,17.79,42,18.7,48,17,47.59,9.9,764.1666667,86,4,26,7.63
100,20,21.26,43.16333333,20.7,42.59,20.6,44.4,22.06333333,44.62666667,17.89,51.45,9.256666667,97.03,17.79,41.95,18.7,48.08111111,17,47.59,9.7,764.2,87,4,25.5,7.6
40,30,21.2,43.09,20.7,42.59,20.6,44.4,22.46333333,44.29666667,17.88444444,51.58722222,9.033333333,98.5,17.79,41.93888889,18.68888889,48.15111111,17,47.59,9.5,764.2333333,88,4,25,7.57
30,10,21.2,43.2,20.6,42.62666667,20.63333333,44.4,22.32333333,44.09,17.87333333,51.70666667,9.1,99.76666667,17.79,42,18.68333333,48.18166667,17,47.59,9.3,764.2666667,89,4,24.5,7.53
30,0,21.2,43.33333333,20.6,42.7,20.63333333,44.32666667,22.13333333,44.23,17.84,51.78222222,9.1,99.9,17.79,42,18.61111111,48.12055556,17,47.62666667,9.1,764.3,90,4,24,7.5
30,0,21.2,43.4,20.56666667,42.7,20.6,44.29,21.86,44.29,17.82333333,51.88166667,9.16,99.9,17.79,42,18.6,48.18777778,17,47.7,9.22,764.3833333,89.66666667,3.833333333,23.83333333,7.57
50,0,21.13333333,43.4,20.5,42.76,20.6,44.29,21.63333333,44.4,17.79,51.96111111,9.426666667,99.9,17.79,42.01,18.6,48.245,17,47.73,9.33,764.4666667,89.33333333,3.666666667,23.66666667,7.63
50,0,21.1,43.5,20.5,42.9,20.6,44.29,21.42666667,44.4,17.79,52.025,9.626666667,99.9,17.79,42.045,18.6,48.29,17,47.79,9.45,764.55,89,3.5,23.5,7.7
50,10,21.1,43.595,20.4725,42.9,20.6,44.36333333,21.26,44.46666667,17.79,52.09,9.726666667,99.9,17.79,42.08,18.6,48.345,17,47.93333333,9.57,764.6333333,88.66666667,3.333333333,23.33333333,7.77
50,0,21.03333333,43.62666667,20.39,42.9,20.6,44.4,21.13333333,44.46666667,17.79,52.16944444,9.86,99.9,17.79,42.09,18.6,48.43888889,17,48,9.68,764.7166667,88.33333333,3.166666667,23.16666667,7.83
50,0,21,43.7,20.29,42.96666667,20.6,44.4,20.89,44.53,17.79,52.205,9.89,99.9,17.785,42.13277778,18.58888889,48.5,17,48.09,9.8,764.8,88,3,23,7.9
40,0,21,43.7,20.29,42.96666667,20.63333333,44.43333333,20.82333333,44.59,17.79,52.28,9.89,99.9,17.745,42.17555556,18.56666667,48.505,17,48.16333333,9.72,764.75,88.33333333,3.166666667,23,7.88
50,0,21,43.73,20.26,43.06,20.63333333,44.43333333,20.7,44.73,17.79,52.33277778,9.86,99.9,17.74,42.2,18.57777778,48.56,17,48.23,9.63,764.7,88.66666667,3.333333333,23,7.87
40,0,20.92666667,43.86333333,20.2,43,20.63333333,44.46333333,20.63333333,44.73,17.79,52.4,9.8,99.9,17.725,42.2,18.55,48.59,17,48.29,9.55,764.65,89,3.5,23,7.85
40,0,20.89,43.9,20.2,43.09,20.63333333,44.53,20.46333333,44.79,17.79,52.4,9.733333333,99.9,17.725,42.215,18.51111111,48.645,17,48.4,9.47,764.6,89.33333333,3.666666667,23,7.83
50,0,20.89,43.96666667,20.2,43.09,20.63333333,44.46333333,20.365,44.9475,17.77,52.42222222,9.533333333,99.9,17.73,42.27,18.5,48.7,17,48.4,9.38,764.55,89.66666667,3.833333333,23,7.82
50,0,20.85666667,44,20.1,43.2,20.7,44.53,20.23,45,17.735,52.48333333,9.5,99.9,17.705,42.29,18.5,48.7,17,48.5,9.3,764.5,90,4,23,7.8
50,10,20.85666667,44.06,20.1,43.26,20.7,44.59,20.16666667,45.12666667,17.73,52.5,9.3675,99.9,17.72,42.29,18.5,48.735,17,48.53,9.05,764.4333333,90.5,3.833333333,22.83333333,7.63
40,0,20.79,44,20.06666667,43.26,20.7,44.59,20.1,45.2,17.71,52.525,9.063333333,99.9,17.7,42.29,18.5,48.79,17,48.59,8.8,764.3666667,91,3.666666667,22.66666667,7.47
20,0,20.79,44,20,43.2,20.7,44.59,20,45.23,17.72,52.58,8.7,99.16333333,17.7,42.29,18.5,48.79,17.03333333,48.65666667,8.55,764.3,91.5,3.5,22.5,7.3
20,0,20.7,44,20,43.32666667,20.7,44.5,20,45.29,17.7,52.59,8.293333333,98.23,17.7,42.29,18.48166667,48.775,17.03333333,48.73,8.3,764.2333333,92,3.333333333,22.33333333,7.13
30,0,20.7,43.93333333,19.92666667,43.4,20.7,44.43333333,19.89,45.43333333,17.7,52.59,7.83,98.4,17.7,42.29,18.48777778,48.78,17,48.73,8.05,764.1666667,92.5,3.166666667,22.16666667,6.97
50,0,20.7,43.93333333,19.89,43.4,20.6,44.36333333,19.89,45.5,17.7,52.59,7.69,98.92666667,17.7,42.29,18.46333333,48.76,17,48.79,7.8,764.1,93,3,22,6.8
50,0,20.63333333,43.93333333,19.89,43.4,20.6,44.29,19.79,45.43333333,17.7,52.59,7.623333333,99.9,17.7,42.29,18.42666667,48.73,17.06666667,48.86333333,7.92,764.05,93.16666667,2.833333333,29,6.93
50,0,20.6,43.9,19.85666667,43.46666667,20.6,44.36333333,19.79,45.5,17.7,52.62055556,7.763333333,99.9,17.7,42.29,18.39,48.7,17,48.86333333,8.03,764,93.33333333,2.666666667,36,7.07
50,0,20.6,43.9,19.79,43.46666667,20.6,44.29,19.7,45.59,17.7,52.68777778,7.933333333,99.9,17.7,42.29,18.39,48.7,17.03333333,48.93333333,8.15,763.95,93.5,2.5,43,7.2
50,0,20.6,43.9,19.79,43.5,20.6,44.4,19.7,45.59,17.7,52.7,8.066666667,99.9,17.7,42.30222222,18.39,48.735,17.03333333,49,8.27,763.9,93.66666667,2.333333333,50,7.33
40,10,20.6,43.9,19.7675,43.5225,20.6,44.4,19.6,45.59,17.7,52.7,8.13,99.9,17.66666667,42.32666667,18.39,48.78,17.03333333,49.03,8.38,763.85,93.83333333,2.166666667,57,7.47
40,0,20.53333333,43.9,19.7,43.59,20.56666667,44.32666667,19.6,45.59,17.7,52.72,8.19,99.9,17.65,42.33888889,18.39,48.79,17.1,49.09,8.5,763.8,94,2,64,7.6
40,0,20.5,43.93333333,19.7,43.7,20.5,44.4,19.56666667,45.7,17.7,52.7,8.19,99.9,17.63333333,42.32666667,18.39,48.79,17.06666667,49.09,8.52,763.7833333,94,2.166666667,64.16666667,7.6
50,0,20.5,44,19.7,43.7,20.5,44.29,19.5,45.76,17.67222222,52.73,8.19,99.9,17.61111111,42.30222222,18.36777778,48.79,17.06666667,49.09,8.53,763.7666667,94,2.333333333,64.33333333,7.6
50,0,20.5,44,19.63333333,43.65666667,20.5,44.29,19.46333333,45.76,17.66666667,52.76,8.226666667,99.9,17.6,42.29,18.39,48.82055556,17.1,49.2,8.55,763.75,94,2.5,64.5,7.6
50,0,20.5,44,19.7,43.79,20.5,44.29,19.39,45.7,17.61111111,52.73,8.3,99.9,17.6,42.29,18.35666667,48.86333333,17.1,49.2,8.57,763.7333333,94,2.666666667,64.66666667,7.6
50,0,20.39,44,19.6,43.73,20.42666667,44.15666667,19.39,45.73,17.62222222,52.75,8.39,99.9,17.6,42.32055556,18.35666667,48.9,17.1,49.23,8.58,763.7166667,94,2.833333333,64.83333333,7.6
20,0,20.39,44,19.6,43.79,20.39,44.16333333,19.315,45.79,17.6,52.76,8.39,99.9,17.6,42.37555556,18.35666667,48.91666667,17.1,49.29,8.6,763.7,94,3,65,7.6
20,0,20.39,44.03,19.56666667,43.9,20.46333333,44.16333333,19.29,45.79,17.6,52.775,8.463333333,99.9,17.6,42.4,18.34,48.96666667,17.1,49.29,8.6,763.65,94,3,64.66666667,7.62
20,0,20.32333333,44.09,19.5,43.9,20.39,44.09,19.29,45.9,17.6,52.79,8.39,99.9,17.6,42.4,18.29,49,17.1,49.32666667,8.6,763.6,94,3,64.33333333,7.63
40,0,20.29,44.12666667,19.5,43.93333333,20.39,44.09,19.29,45.9,17.6,52.79,8.463333333,99.9,17.6,42.4,18.29,49,17.1,49.4,8.6,763.55,94,3,64,7.65
50,0,20.29,44.2,19.5,44,20.29,44.09,19.2,45.9,17.6,52.79,8.5,99.9,17.6,42.48333333,18.29,49,17.1,49.43333333,8.6,763.5,94,3,63.66666667,7.67
50,0,20.29,44.2,19.5,44.09,20.32333333,44.12666667,19.2,45.9,17.6,52.79,8.5,99.9,17.6,42.47777778,18.29,49.005,17.1,49.43333333,8.6,763.45,94,3,63.33333333,7.68
50,0,20.29,44.2,19.42666667,44.09,20.32333333,44.12666667,19.2,45.93333333,17.6,52.79,8.533333333,99.9,17.6,42.5,18.29,49.06,17.1,49.5,8.6,763.4,94,3,63,7.7
50,0,20.26,44.2,19.46333333,44.09,20.39,44.2,19.2,46,17.6,52.80222222,8.6,99.9,17.6,42.5,18.29,49.09,17.1,49.5,8.63,763.3666667,94,3,62.83333333,7.73
40,0,20.2,44.26,19.39,44.09,20.46333333,44.26,19.16666667,46.03,17.6,52.80222222,8.6,99.9,17.6,42.51,18.29,49.09,17.1,49.5,8.67,763.3333333,94,3,62.66666667,7.77
40,0,20.2,44.29,19.39,44.09,20.5,44.23,19.16666667,46.09,17.6,52.79,8.66,99.9,17.58888889,42.54,18.29,49.15722222,17.1,49.5,8.7,763.3,94,3,62.5,7.8
70,0,20.2,44.36333333,19.39,44.16333333,20.5,44.23,19.1,46.09,17.6,52.81444444,8.69,99.9,17.54444444,42.565,18.28,49.18777778,17.1,49.59,8.73,763.2666667,94,3,62.33333333,7.83
380,30,20.2,44.43333333,19.39,44.23,20.5,44.2,19.1,46.09,17.6,52.82666667,8.763333333,99.9,17.57777778,42.59,18.28,49.19277778,17.1,49.59,8.77,763.2333333,94,3,62.16666667,7.87
190,10,20.13333333,44.63333333,19.39,44.29,20.5,44.2,19.3,46.39,17.6,52.89388889,8.8,99.9,17.52777778,42.59611111,18.29,49.23,17.1,49.5,8.8,763.2,94,3,62,7.9
60,10,20.1,44.79,19.39,44.29,20.5,44.29,19.9,46.39,17.6,52.9,8.86,99.9,17.53333333,42.63277778,18.28,49.27,17.1,49.43333333,8.85,763.15,94,3.166666667,62,7.95
60,10,20.1,44.9,19.29,44.4,20.5,44.29,20.2,45.76,17.6,52.9,8.89,99.9,17.5,42.68166667,18.235,49.235,17.16666667,49.29,8.9,763.1,94,3.333333333,62,8
40,10,20.1,45.02666667,19.29,44.46666667,20.5,44.29,20.13333333,45.76,17.6,52.9,8.89,99.9,17.5,42.7,18.22,49.29944444,17.1,49.29,8.95,763.05,94,3.5,62,8.05
20,0,20.1,45.09,19.29,44.59,20.5,44.29,20,45.82666667,17.57777778,52.9,9,99.9,17.5,42.725,18.2,49.29,17.1,49.2,9,763,94,3.666666667,62,8.1
20,0,20.1,45.16333333,19.29,44.59,20.5,44.23,20,45.9,17.56666667,52.9,9,99.9,17.5,42.78,18.2,49.29,17.1,49.12666667,9.05,762.95,94,3.833333333,62,8.15
40,0,20.1,45.2,19.29,44.7,20.5,44.23,19.85666667,45.96666667,17.57777778,52.90555556,9.05,99.9,17.5,42.79611111,18.2,49.29,17.1,49.09,9.1,762.9,94,4,62,8.2
40,0,20.1,45.2,19.29,44.76,20.5,44.29,19.79,45.925,17.55555556,52.96666667,9.1,99.9,17.5,42.83277778,18.2,49.33277778,17.15,49.0675,9.13,762.85,94,4.166666667,61.83333333,8.23
40,0,20.1,45.16333333,19.29,44.79,20.5,44.29,19.73,46,17.56666667,52.97777778,9.16,99.9,17.5,42.88166667,18.2,49.4,17.1,49,9.17,762.8,94,4.333333333,61.66666667,8.27
50,0,20.1,45.09,19.29,44.79,20.5,44.4,19.66666667,46.09,17.58333333,53,9.19,99.9,17.5,42.91111111,18.2,49.40555556,17.1,49,9.2,762.75,94,4.5,61.5,8.3
50,0,20.1,45.2,19.29,44.82666667,20.5,44.4,19.6,46.09,17.55555556,53,9.263333333,99.9,17.5,42.97222222,18.2,49.48888889,17.1,48.93333333,9.23,762.7,94,4.666666667,61.33333333,8.33
40,0,20.1,45.2,19.23,44.82666667,20.5,44.4,19.5,46.12666667,17.53888889,53,9.3,99.9,17.5,43,18.18888889,49.5,17.1,48.96666667,9.27,762.65,94,4.833333333,61.16666667,8.37
50,0,20.1,45.23,19.2,44.79,20.5,44.4,19.5,46.26,17.50555556,53,9.36,99.9,17.5,43,18.18888889,49.515,17.1,48.9,9.3,762.6,94,5,61,8.4
40,0,20.03333333,45.23,19.2,44.86333333,20.5,44.4,19.39,46.2,17.52222222,53,9.533333333,99.9,17.5,43.045,18.2,49.58,17.1,48.9,9.42,762.55,93.5,5.166666667,61.5,8.43
30,0,20,45.12666667,19.2,44.9,20.5,44.4,19.39,46.2,17.52777778,53,9.66,99.9,17.5,43.09,18.18333333,49.59,17.1,48.9,9.53,762.5,93,5.333333333,62,8.47
50,0,20,45.2,19.2,44.9,20.5,44.4,19.35666667,46.29,17.51666667,53,9.8,99.9,17.47555556,43.10055556,18.16666667,49.65722222,17.1,48.86333333,9.65,762.45,92.5,5.5,62.5,8.5
40,0,20,45.29,19.2,44.9,20.5,44.4,19.29,46.36333333,17.5,53,9.86,99.9,17.5,43.2,18.14444444,49.7,17.1,48.79,9.77,762.4,92,5.666666667,63,8.53
40,0,20,45.29,19.2,44.9,20.5,44.4,19.29,46.4,17.5,53,10.13,99.9,17.5,43.245,18.12222222,49.7,17.1,48.79,9.88,762.35,91.5,5.833333333,63.5,8.57
50,0,20,45.29,19.2,44.9,20.5,44.4,19.29,46.4,17.5,53,10.26333333,99.9,17.5,43.29,18.13333333,49.725,17.1,48.79,10,762.3,91,6,64,8.6
30,0,20,45.29,19.2,44.96666667,20.5,44.4,19.26,46.46666667,17.5,53,10.39,99.9,17.5,43.30222222,18.12222222,49.79,17.1,48.79,10,762.2666667,90.66666667,6.166666667,56.66666667,8.57
20,0,20,45.345,19.2,45,20.5,44.36333333,19.2,46.4,17.5,53,10.39,99.9,17.5,43.36944444,18.14444444,49.82055556,17.1,48.79,10,762.2333333,90.33333333,6.333333333,49.33333333,8.53
20,0,19.89,45.4,19.2,45,20.5,44.29,19.2,46.43333333,17.5,53,10.53333333,99.9,17.5,43.4,18.12222222,49.9,17.1,48.79,10.1,762.2,90,6.5,42,8.5
40,0,19.96333333,45.4,19.2,45,20.5,44.29,19.2,46.5,17.5,52.97777778,10.6,99.9,17.5,43.40555556,18.12222222,49.93888889,17.16666667,48.79,10.1,762.1666667,89.66666667,6.666666667,34.66666667,8.47
40,0,19.89,45.4,19.2,45.03,20.42666667,44.23,19.2,46.59,17.52222222,52.97777778,10.69,99.9,17.5,43.41666667,18.1,49.98888889,17.1,48.79,10.1,762.1333333,89.33333333,6.833333333,27.33333333,8.43
40,0,19.89,45.46666667,19.2,45.09,20.42666667,44.26666667,19.13333333,46.59,17.5,53,10.8,99.9,17.5,43.48333333,18.12222222,50,17.1,48.79,10.1,762.1,89,7,20,8.4
50,0,19.89,45.5,19.2,45.09,20.42666667,44.32666667,19.1,46.59,17.5,53,10.93333333,99.9,17.5,43.5,18.1,50,17.13333333,48.7,10.2,762.0333333,87.83333333,7.166666667,21.16666667,8.25
40,0,19.89,45.5,19.2,45.09,20.39,44.29,19.1,46.6725,17.5,53,11.1,99.7,17.5,43.5,18.11111111,50,17.175,48.7,10.2,761.9666667,86.66666667,7.333333333,22.33333333,8.1
50,0,19.89,45.5,19.2,45.09,20.39,44.29,19.1,46.7,17.51111111,53,11.1,98.43333333,17.5,43.5,18.11111111,50,17.16666667,48.7,10.3,761.9,85.5,7.5,23.5,7.95
50,0,19.89,45.5,19.2,45.09,20.5,44.4,19.1,46.79,17.51111111,52.96111111,11.13,97.39333333,17.5,43.5,18.1,50,17.1,48.7,10.4,761.8333333,84.33333333,7.666666667,24.66666667,7.8
40,0,19.89,45.5,19.2,45.09,20.5,44.4,19.1,46.79,17.5,52.92222222,11.26333333,95.32666667,17.5,43.5,18.10555556,50,17.1,48.7,10.4,761.7666667,83.16666667,7.833333333,25.83333333,7.65
40,0,19.89,45.5,19.2,45.03,20.5,44.4,19.06666667,46.76,17.51666667,52.9,11.42666667,93.3,17.5,43.48888889,18.13333333,50,17.13333333,48.7,10.5,761.7,82,8,27,7.5
40,0,19.82333333,45.43333333,19.2,45.09,20.5,44.4,19.06666667,46.76,17.53888889,52.93333333,11.56666667,90.89333333,17.5,43.48888889,18.16666667,50,17.2,48.7,10.6,761.6,81,8,27,7.42
40,0,19.89,45.5,19.2,45.03,20.5,44.4,19,46.7,17.59444444,52.91111111,11.72666667,87.39666667,17.5,43.5,18.2,49.98888889,17.2,48.59,10.7,761.5,80,8,27,7.33
50,0,19.89,45.5,19.2,45,20.5,44.4,19,46.7,17.6,52.9,11.86,85.25666667,17.53888889,43.5,18.2,49.92777778,17.2,48.59,10.8,761.4,79,8,27,7.25
50,0,19.89,45.5,19.2,45,20.5,44.4,19,46.66333333,17.55555556,52.9,12.06333333,83.16666667,17.58888889,43.41055556,18.2,49.82055556,17.2,48.56,10.9,761.3,78,8,27,7.17
30,0,19.89,45.5,19.2,44.96666667,20.5,44.29,19,46.59,17.56666667,52.9,12.19,81.5,17.6,43.32666667,18.2,49.775,17.2,48.5,11,761.2,77,8,27,7.08
20,0,19.89,45.43333333,19.26,44.96666667,20.5,44.29,19.03333333,46.62666667,17.58888889,52.89388889,12.19,79.23333333,17.6,43.28,18.215,49.715,17.2,48.5,11.1,761.1,76,8,27,7
20,0,19.89,45.4,19.2,44.9,20.5,44.26,19.1,46.62666667,17.6,52.86333333,12.32333333,79.96666667,17.62777778,43.24,18.245,49.68222222,17.26,48.5,11.1,761.05,75.66666667,8.333333333,27.33333333,6.9
30,0,19.89,45.4,19.2,44.82666667,20.5,44.2,19.03333333,46.46666667,17.57777778,52.80222222,12.36,78.53333333,17.7,43.285,18.235,49.60444444,17.29,48.5,11,761,75.33333333,8.666666667,27.66666667,6.8
40,0,19.89,45.29,19.29,44.845,20.39,44.2,19.1,46.4,17.6,52.79,12.3,78.79333333,17.7,43.23,18.26,49.555,17.23,48.43333333,10.9,760.95,75,9,28,6.7
50,0,19.89,45.29,19.29,44.79,20.39,44.2,19,46.26,17.6,52.79,12.1,76.95666667,17.705,43.18166667,18.29,49.51,17.29,48.4,10.9,760.9,74.66666667,9.333333333,28.33333333,6.6
40,0,19.89,45.29,19.29,44.79,20.39,44.2,19,46.2,17.6,52.79,11.96,77.43,17.78,43.09,18.29,49.43888889,17.29,48.4,10.9,760.85,74.33333333,9.666666667,28.66666667,6.5
50,0,19.92666667,45.2,19.29,44.79,20.39,44.26,19,46.16333333,17.6,52.78,11.845,77.945,17.79,43.015,18.29,49.4,17.29,48.4,10.8,760.8,74,10,29,6.4
50,0,19.92666667,45.2,19.29,44.79,20.39,44.2,19,46.09,17.6,52.745,11.62666667,77.93333333,17.79,42.97222222,18.33444444,49.33277778,17.29,48.32666667,10.7,760.7666667,74.5,9.666666667,30.83333333,6.37
40,0,19.96333333,45.2,19.29,44.76,20.46333333,44.26,19,46,17.6,52.75,11.42666667,78.2,17.79,42.88166667,18.33444444,49.28,17.29,48.29,10.6,760.7333333,75,9.333333333,32.66666667,6.33
50,0,19.96333333,45.33333333,19.29,44.7,20.5,44.26,19,45.925,17.6,52.7,11.26333333,78.69333333,17.79,42.79,18.29,49.225,17.29,48.29,10.4,760.7,75.5,9,34.5,6.3
40,0,19.96333333,45.46666667,19.29,44.7,20.5,44.2,19,45.9,17.6,52.72,11.13,77.56666667,17.79,42.765,18.33444444,49.2,17.29,48.23,10.3,760.6666667,76,8.666666667,36.33333333,6.27
30,0,19.96333333,45.4,19.29,44.7,20.5,44.23,19,45.79,17.6,52.7,10.96333333,78.59333333,17.79,42.71,18.29,49.13277778,17.29,48.2,10.2,760.6333333,76.5,8.333333333,38.16666667,6.23
50,0,19.92666667,45.5,19.29,44.66333333,20.5,44.29,19,45.79,17.57777778,52.7,10.83,78.73333333,17.79,42.68166667,18.29,49.09,17.29,48.2,10.1,760.6,77,8,40,6.2
40,0,19.92666667,45.5,19.29,44.59,20.445,44.145,19,45.93333333,17.57777778,52.7,10.66,80.23,17.79,42.59,18.29,49.09,17.29,48.09,10.1,760.5333333,76.83333333,8,40,6.13
50,0,19.89,45.5,19.29,44.66333333,20.39,44.09,19,46,17.6,52.7,10.53333333,80.63,17.79,42.59,18.29,49.08,17.29,48.09,10,760.4666667,76.66666667,8,40,6.07
40,0,19.89,45.5,19.23,44.59,20.46333333,44.16333333,18.96333333,46.03,17.6,52.7,10.36,81.3,17.79,42.59,18.29,49.025,17.23,48.03,9.95,760.4,76.5,8,40,6
50,0,19.89,45.53,19.2,44.59,20.5,44.2,18.89,46.09,17.59444444,52.65722222,10.22666667,81.49333333,17.715,42.535,18.29,49,17.23,48.03,9.9,760.3333333,76.33333333,8,40,5.93
40,0,19.89,45.53,19.2,44.59,20.5,44.2,18.89,46.09,17.58333333,52.60222222,9.963333333,81.22666667,17.7,42.5,18.29,49,17.23,48,9.85,760.2666667,76.16666667,8,40,5.87
20,0,19.89,45.5,19.2,44.59,20.5,44.2,18.89,46.16333333,17.55555556,52.60222222,9.83,81.56,17.7,42.48333333,18.29,48.92777778,17.29,48,9.8,760.2,76,8,40,5.8
20,0,19.89,45.5,19.2,44.59,20.5,44.2,18.89,46.2,17.55,52.59,9.69,81.83,17.715,42.4,18.265,48.84944444,17.23,47.93333333,9.8,760.15,75.66666667,8.166666667,40,5.72
20,0,19.85666667,45.43,19.16666667,44.59,20.39,44,18.82333333,46.12666667,17.5,52.59,9.63,81.76333333,17.705,42.4,18.265,48.86944444,17.29,48,9.8,760.1,75.33333333,8.333333333,40,5.63
40,0,19.85666667,45.36333333,19.1,44.59,20.39,44,18.85666667,46.16333333,17.5,52.59,9.463333333,81.46666667,17.7,42.4,18.26,48.79611111,17.23,47.82666667,9.8,760.05,75,8.5,40,5.55
50,0,19.85666667,45.29,19.1,44.645,20.35666667,44,18.79,46.09,17.5,52.59,9.39,81.33333333,17.7,42.38166667,18.225,48.725,17.23,47.82666667,9.8,760,74.66666667,8.666666667,40,5.47
50,0,19.79,45.2225,19.1,44.59,20.35666667,44.06,18.79,46.09,17.5,52.59,9.245,81.95,17.7,42.29,18.24,48.73388889,17.26,47.86333333,9.8,759.95,74.33333333,8.833333333,40,5.38
50,0,19.79,45.2,19.1,44.66333333,20.39,44,18.79,46.09,17.5,52.565,9.226666667,81.7,17.7,42.285,18.2,48.62666667,17.2,47.79,9.8,759.9,74,9,40,5.3
40,0,19.79,45.2,19.03333333,44.59,20.39,44.06,18.79,46.09,17.5,52.56,9.3,81.56,17.66666667,42.17333333,18.2,48.59,17.2,47.7,9.82,759.9166667,74,9,40,5.33
40,0,19.79,45.12666667,19.03333333,44.53,20.39,44,18.79,46.09,17.5,52.51,9.39,81.93333333,17.64444444,42.13888889,18.2,48.59,17.2,47.7,9.83,759.9333333,74,9,40,5.37
40,0,19.79,45.09,19,44.59,20.39,44,18.76,46.09,17.5,52.53,9.39,82.06,17.65,42.145,18.17777778,48.59,17.2,47.7,9.85,759.95,74,9,40,5.4
40,0,19.73,45.09,19,44.53,20.32333333,44,18.7,46.09,17.5,52.53,9.39,82.42666667,17.6,42.09,18.2,48.59,17.2,47.7,9.87,759.9666667,74,9,40,5.43
40,0,19.76,45.09,19,44.59,20.32333333,44,18.7,46.09,17.5,52.5,9.39,83.09333333,17.6,42.065,18.17222222,48.59,17.2,47.7,9.88,759.9833333,74,9,40,5.47
50,0,19.7,45.09,19,44.59,20.35666667,44,18.7,46.09,17.5,52.5,9.426666667,83.13,17.6,42.01,18.11111111,48.59,17.2,47.66333333,9.9,760,74,9,40,5.5
40,0,19.7,45.09,18.89,44.59,20.35666667,44,18.7,46.09,17.5,52.5,9.5,83.73,17.6,42.05,18.1,48.65722222,17.13333333,47.59,9.85,760,74.66666667,9,40,5.58
40,0,19.7,45.09,18.89,44.59,20.39,44,18.66666667,46.09,17.5,52.5,9.5,84.49666667,17.6,42.065,18.1,48.66333333,17.13333333,47.59,9.8,760,75.33333333,9,40,5.67
20,0,19.7,45.09,18.89,44.59,20.39,44,18.6,46.03,17.5,52.5,9.5,84.95666667,17.6,42.06,18.1,48.66333333,17.2,47.59,9.75,760,76,9,40,5.75
20,0,19.7,45.09,18.89,44.66333333,20.39,43.93333333,18.6,46.09,17.5,52.5,9.5,85.06333333,17.6,42.09,18.1,48.7,17.16666667,47.56,9.7,760,76.66666667,9,40,5.83
30,0,19.66666667,45.06,18.89,44.62666667,20.35666667,43.86333333,18.6,46.09,17.5,52.43888889,9.5,85.26333333,17.6,42.09,18.1,48.7,17.1,47.5,9.65,760,77.33333333,9,40,5.92
20,0,19.6,45,18.89,44.7,20.29,43.79,18.6,46.09,17.5,52.43333333,9.5,85.1,17.6,42.09,18.1,48.7,17.1,47.5,9.6,760,78,9,40,6
50,0,19.6,45,18.79,44.59,20.29,43.79,18.6,46.09,17.5,52.42222222,9.566666667,85.43333333,17.54444444,42.09,18.09444444,48.69388889,17.1,47.5,9.55,760,79.33333333,8.833333333,37.33333333,6.17
50,0,19.6,45,18.85666667,44.72333333,20.23,43.73,18.6,46.09,17.47555556,52.36944444,9.6,85.2,17.52777778,42.09,18.07222222,48.66944444,17.1,47.5,9.5,760,80.66666667,8.666666667,34.66666667,6.33
60,0,19.6,45,18.79,44.62666667,20.29,43.9,18.6,46.09,17.5,52.35722222,9.533333333,86.33333333,17.53888889,42.10222222,18.05555556,48.73277778,17.1,47.5,9.45,760,82,8.5,32,6.5
540,10,19.6,45,18.79,44.7,20.29,43.9,18.6,46.06,17.48777778,52.28111111,9.39,88.36666667,17.50555556,42.20888889,18.01666667,48.715,17.1,47.5,9.4,760,83.33333333,8.333333333,29.33333333,6.67
610,10,19.6,46.03333333,18.79,44.895,20.29,43.9,18.53333333,46,17.48777778,52.18777778,9.3675,90.1925,17.5,42.32055556,18,48.775,17.1,47.5,9.35,760,84.66666667,8.166666667,26.66666667,6.83
90,10,19.66666667,52.03333333,18.82333333,47.72666667,20.29,44.02666667,18.5,46,17.5,52.385,9.36,91.42333333,17.5,42.46611111,18,48.80833333,17.1,47.5,9.3,760,86,8,24,7
50,10,19.84,57.395,18.96333333,49.66666667,20.29,44.45666667,18.5,46.06,17.5,52.92833333,9.39,92.23,17.5,42.56,18,48.88777778,17.1,47.5,9.33,759.95,86,8.166666667,24.33333333,7.03
60,10,20,54.8,19.2,50.26,20.29,44.99,18.5,46.03,17.5,53.46611111,9.39,93.02333333,17.5,42.65722222,18,48.95,17.1,47.5,9.37,759.9,86,8.333333333,24.66666667,7.07
60,0,20.06666667,53.46666667,19.26,50.06666667,20.35666667,45.32666667,18.5,46.09,17.5,53.84611111,9.39,93.89666667,17.47555556,42.71,17.95111111,49.005,17.1,47.5,9.4,759.85,86,8.5,25,7.1
70,0,20.13333333,51.96666667,19.42666667,49.49,20.35666667,45.46666667,18.5,46.09,17.5,53.99944444,9.39,94.09,17.47555556,42.80333333,17.945,49.06,17.1,47.5,9.43,759.8,86,8.666666667,25.33333333,7.13
70,0,20.26,51.1,19.63333333,49.09666667,20.42666667,45.65666667,18.5,46.09,17.5,54.08,9.39,94.43333333,17.43888889,42.86777778,17.91444444,49.13277778,17.025,47.425,9.47,759.75,86,8.833333333,25.66666667,7.17
60,0,20.39,50.23333333,19.82333333,48.4,20.5,45.79,18.5,46.16333333,17.5,54.09,9.39,94.43333333,17.43277778,42.93888889,17.91444444,49.2,17.06666667,47.46666667,9.5,759.7,86,9,26,7.2
70,0,20.46333333,49.63333333,19.96333333,47.86666667,20.5,45.86333333,18.5,46.2,17.5,54.065,9.39,94.72666667,17.52611111,44.08166667,17.89,49.225,17.1,47.53,9.53,759.65,85.5,9,28.33333333,7.15
40,0,20.63333333,48.86333333,20.13333333,47.26666667,20.56666667,45.79,18.5,46.2,17.5,53.93277778,9.39,94.6,17.91444444,46.17055556,17.89,49.28,17.1,47.59,9.57,759.6,85,9,30.66666667,7.1
40,0,20.7,48.39,20.2,46.72666667,20.6,45.745,18.5,46.29,17.5,53.80222222,9.39,94.36666667,18.30222222,46.38,17.91444444,49.29,17.1,47.59,9.6,759.55,84.5,9,33,7.05
40,0,20.79,47.79666667,20.32333333,46.33333333,20.6,45.66333333,18.5,46.29,17.5,53.67222222,9.39,93.96666667,18.56555556,46.25055556,17.89,49.29,17.1,47.59,9.63,759.5,84,9,35.33333333,7
310,30,20.85666667,47.46333333,20.46333333,46,20.53333333,45.59,18.5,46.29,17.5,53.565,9.39,93.46,18.77277778,46.11222222,17.89,49.30833333,17.1,47.59,9.67,759.45,83.5,9,37.66666667,6.95
390,40,21,47.06333333,20.53333333,45.63333333,20.53333333,45.59,18.5,46.43,17.80555556,64.77555556,9.463333333,92.93333333,18.81388889,45.49833333,17.89,49.36333333,17.1,47.66333333,9.7,759.4,83,9,40,6.9
380,50,21.06666667,46.73,20.66666667,45.36,20.6,45.53,19.2,46.52666667,18.405,76.93388889,9.39,92.26666667,18.725,45.59111111,17.89,49.32055556,17.06666667,47.66333333,9.73,759.4166667,82.5,9.166666667,40,6.83
370,30,21.13333333,46.33333333,20.73,45.02666667,20.73,45.5,19.93333333,46.13333333,18.215,76.33611111,9.39,91.93333333,18.86777778,45.66555556,17.89,49.29,17.06666667,47.66333333,9.77,759.4333333,82,9.333333333,40,6.77
370,40,21.2,46.06666667,20.79,44.82666667,20.73,45.36,20.66666667,45.49,18.15,75.69944444,9.533333333,91.53333333,18.77611111,45.46111111,17.89,49.29,17.06666667,47.56,9.8,759.45,81.5,9.5,40,6.7
90,20,21.2,45.79666667,20.79,44.56,20.79,45.16333333,21.19333333,45.03,18.1,74.40277778,9.6,90.2,18.63888889,45.46111111,17.89,49.29,17.06666667,47.56,9.83,759.4666667,81,9.666666667,40,6.63
60,30,21.26,45.59,20.79,44.36,20.79,45.09,21.5,44.63333333,18.05,72.31666667,9.645,88.945,18.55,45.345,17.89,49.255,17.03333333,47.53,9.87,759.4833333,80.5,9.833333333,40,6.57
50,20,21.29,45.36333333,20.79,44.2,20.79,45.06,21.5,44.5,18,69.89166667,9.69,88.43333333,18.49388889,45.22888889,17.86777778,49.17555556,17.1,47.59,9.9,759.5,80,10,40,6.5
50,20,21.29,45.23,20.76,44.06,20.73,45,21.29,44.8,18,67.18111111,9.69,88.1,18.40222222,45.03722222,17.89,49.2,17,47.4,9.88,759.4333333,80.16666667,10,40,6.52
50,10,21.29,45.045,20.7,44,20.79,44.9,21.23,45,17.95111111,65.15888889,9.69,88.22666667,18.39,45,17.89,49.2,17.06666667,47.46666667,9.87,759.3666667,80.33333333,10,40,6.53
40,0,21.2,44.86333333,20.7,44,20.79,44.82666667,21.06666667,45.09,17.945,64.05611111,9.69,88.62666667,18.34,45,17.89,49.2,17.03333333,47.46333333,9.85,759.3,80.5,10,40,6.55
50,0,21.2,44.79,20.7,43.93333333,20.7,44.43,20.92666667,45.16333333,17.89,63.54055556,9.726666667,87.89666667,18.29,45.14222222,17.89,49.2,17.1,47.59,9.83,759.2333333,80.66666667,10,40,6.57
30,0,21.2,44.66333333,20.6,43.7,20.7,44.15666667,20.745,45.145,17.89,63.18722222,9.726666667,88.02333333,18.29,45.265,17.89,49.2,17.1,47.845,9.82,759.1666667,80.83333333,10,40,6.58
20,0,21.13333333,44.59,20.6,43.62666667,20.6,43.76,20.56666667,45.23,17.89,62.91944444,9.69,88.43333333,18.29,45.39833333,17.89,49.2,17.1,48.03,9.8,759.1,81,10,40,6.6
20,0,21.1,44.56,20.56666667,43.59,20.6,43.56666667,20.42666667,45.29,17.86222222,62.50888889,9.69,88.22666667,18.29,45.545,17.89,49.2,17.1,48.09,9.83,759,81,10,40,6.63
30,0,21.03333333,44.43333333,20.5,43.59,20.56666667,43.53,20.35666667,45.4,17.81222222,62.02833333,9.726666667,88.19,18.285,45.585,17.89,49.215,17.1,48.2,9.87,758.9,81,10,40,6.67
40,0,21,44.29,20.42666667,43.5,20.5,43.59,20.23,45.4,17.79,61.61333333,9.726666667,88.26333333,18.255,45.63,17.86777778,49.22,17.1,48.2,9.9,758.8,81,10,40,6.7
50,0,21,44.23,20.42666667,43.43333333,20.39,43.545,20.16666667,45.5,17.79,61.22555556,9.8,87.75666667,18.245,45.75333333,17.87888889,49.26,17.1,48.29,9.93,758.7,81,10,40,6.73
50,0,20.89,44.2,20.35666667,43.4,20.39,43.5,20.03333333,45.5,17.79,60.83111111,9.8,88.56333333,18.235,45.99722222,17.85111111,49.255,17.1,48.36333333,9.97,758.6,81,10,40,6.77
40,0,20.89,44.2,20.29,43.4,20.39,43.56,19.96333333,45.59,17.79,60.50333333,9.8,88.26,18.235,46.13777778,17.81777778,49.225,17.1,48.4,10,758.5,81,10,40,6.8
40,0,20.85666667,44.16333333,20.26,43.5,20.39,43.59,19.89,45.66333333,17.79,60.17222222,9.8,88.19333333,18.2,46.29222222,17.84,49.26,17.1,48.46666667,10,758.5,80.83333333,10,40,6.78
40,0,20.79,44.09,20.2,43.5,20.32333333,43.59,19.85666667,45.7,17.79,59.86888889,9.83,88.6,18.2,46.30222222,17.82888889,49.29833333,17.1,48.5,10,758.5,80.66666667,10,40,6.77
40,0,20.79,44.09,20.2,43.5,20.29,43.59,19.79,45.7,17.79,59.62,9.89,88.86666667,18.2,46.32055556,17.85666667,49.35333333,17.1,48.56,10.1,758.5,80.5,10,40,6.75
40,0,20.73,44.09,20.13333333,43.5,20.29,43.66333333,19.7,45.9,17.79,59.41555556,9.89,89.26,18.2,46.4,17.85111111,49.35722222,17.1,48.62666667,10.1,758.5,80.33333333,10,40,6.73
40,0,20.7,44.09,20.1,43.59,20.29,43.7,19.7,45.9,17.78,59.155,9.89,88.695,18.2,46.47222222,17.85666667,49.36333333,17.1,48.7,10.1,758.5,80.16666667,10,40,6.72
20,0,20.7,44.09,20.03333333,43.53,20.29,43.7,19.66666667,45.9,17.765,58.95777778,9.963333333,88.46,18.2,46.5,17.81222222,49.31444444,17.1,48.73,10.1,758.5,80,10,40,6.7
30,0,20.66666667,44.16333333,20,43.59,20.26,43.63333333,19.6,45.9,17.7,58.745,10,88.09333333,18.2,46.57555556,17.80111111,49.30222222,17.1,48.79,10.1,758.45,80.16666667,10,40,6.75
20,0,20.6,44.09,19.9725,43.59,20.2,43.5,19.5,45.93333333,17.72,58.57333333,10,87.5,18.2,46.705,17.80111111,49.30222222,17.16666667,48.82666667,10.1,758.4,80.33333333,10,40,6.8
40,0,20.6,44.2,19.89,43.59,20.16666667,43.36333333,19.5,46,17.7,58.45,10.06666667,88.12333333,18.2,46.79833333,17.80111111,49.30222222,17.16666667,48.9,10.1,758.35,80.5,10,40,6.85
40,0,20.525,44.2,19.85666667,43.7,20.1,43.36333333,19.46333333,46.06,17.7,58.29333333,9.926666667,88.79,18.2,46.90444444,17.79,49.36944444,17.16666667,48.9,10.1,758.3,80.66666667,10,40,6.9
40,0,20.5,44.26,19.79,43.7,20,43.32666667,19.39,46,17.7,58.145,9.926666667,88.96666667,18.2,47.12,17.83444444,49.44444444,17.16666667,48.96666667,10.1,758.25,80.83333333,10,40,6.95
40,0,20.5,44.32666667,19.79,43.7,20,43.4,19.39,46.045,17.7,57.99222222,10,88.89333333,18.2,47.205,17.79,49.4,17.1,49,10.1,758.2,81,10,40,7
50,0,20.42666667,44.32666667,19.79,43.7,20,43.43333333,19.39,46.2,17.7,57.82666667,10,88.99333333,18.2,47.31055556,17.79,49.4,17.13333333,49.03,10.1,758.1166667,81.16666667,9.833333333,40,7.02
50,0,20.39,44.23,19.7,43.79,19.92666667,43.5,19.32333333,46.2,17.7,57.69666667,10,88.99333333,18.2,47.4,17.79,49.43888889,17.2,49.09,10.1,758.0333333,81.33333333,9.666666667,40,7.03
40,0,20.39,44.29,19.7,43.79,19.89,43.53,19.29,46.2,17.7,57.565,10.06666667,88.9,18.2,47.37555556,17.81222222,49.46444444,17.2,49.12666667,10.1,757.95,81.5,9.5,40,7.05
40,0,20.35666667,44.32666667,19.7,43.79,19.89,43.59,19.29,46.26,17.7,57.43888889,10,88.83333333,18.2,47.35722222,17.79,49.5,17.2,49.2,10.1,757.8666667,81.66666667,9.333333333,40,7.07
30,0,20.29,44.4,19.7,43.79,19.89,43.59,19.23,46.23,17.7,57.345,10,88.65666667,18.2,47.29,17.79,49.5,17.2,49.2,10.1,757.7833333,81.83333333,9.166666667,40,7.08
20,0,20.29,44.5,19.63333333,43.82666667,19.89,43.7,19.23,46.29,17.7,57.22888889,9.926666667,88.59,18.2,47.29611111,17.79,49.5,17.2,49.26,10.1,757.7,82,9,40,7.1
20,0,20.29,44.5,19.63333333,43.82666667,19.82333333,43.62666667,19.2,46.29,17.7,57.12666667,9.86,88.89666667,18.2,47.37555556,17.79,49.5,17.2,49.29,10.1,757.65,81.83333333,9.166666667,40,7.1
20,0,20.2,44.4,19.6,43.82666667,19.79,43.62666667,19.2,46.29,17.7,57.04944444,9.8,89.56333333,18.2,47.38166667,17.79,49.5,17.2,49.29,10.2,757.6,81.66666667,9.333333333,40,7.1
50,0,20.2,44.46666667,19.6,43.9,19.73,43.7,19.2,46.36333333,17.68888889,56.92111111,9.89,89.66666667,18.2,47.38166667,17.79,49.5,17.2,49.4,10.2,757.55,81.5,9.5,40,7.1
50,0,20.2,44.59,19.56666667,43.93333333,19.7,43.79,19.2,46.36333333,17.67777778,56.835,9.9725,88.95,18.2,47.4,17.79,49.5,17.2,49.4,10.2,757.5,81.33333333,9.666666667,40,7.1
40,0,20.2,44.66333333,19.5,44.06,19.7,43.86333333,19.1,46.4,17.65555556,56.735,10.06666667,88.66,18.2,47.4,17.79,49.535,17.2,49.4,10.3,757.45,81.16666667,9.833333333,40,7.1
40,0,20.1,44.7,19.5,44.09,19.7,43.93333333,19.1,46.4,17.62777778,56.63277778,10.03333333,87.76666667,18.2,47.4,17.79,49.57,17.2,49.46666667,10.3,757.4,81,10,40,7.1
50,0,20.1,44.76,19.5,44.09,19.7,44,19.1,46.43333333,17.6,56.545,10.1,87.1,18.2,47.4,17.79,49.59,17.2,49.43333333,10.3,757.3833333,80.83333333,10,38.16666667,7.07
40,0,20.1,44.82666667,19.39,44.09,19.7,44,19.1,46.5,17.63333333,56.49444444,10.13,85.73,18.2,47.39388889,17.79,49.59,17.26,49.56,10.3,757.3666667,80.66666667,10,36.33333333,7.03
40,0,20.1,44.9,19.39,44.1725,19.7,44,19.06666667,46.46666667,17.61111111,56.43333333,10.26333333,85.73,18.2,47.30222222,17.79,49.59,17.23,49.59,10.3,757.35,80.5,10,34.5,7
40,0,20,44.79,19.39,44.26,19.7,44.03,19,46.4,17.6,56.35722222,10.22666667,85.52333333,18.2,47.30833333,17.79,49.60833333,17.29,49.59,10.3,757.3333333,80.33333333,10,32.66666667,6.97
20,10,20,44.8175,19.39,44.32666667,19.7,44.09,19,46.4,17.6,56.29,10.3,85.39666667,18.2,47.48333333,17.785,49.60222222,17.26,49.56,10.3,757.3166667,80.16666667,10,30.83333333,6.93
60,10,20,44.96666667,19.32333333,44.4,19.7,44.12666667,19,46.46666667,17.6,56.235,10.3,85.13,18.23,47.68444444,17.775,49.66333333,17.2,49.56,10.3,757.3,80,10,29,6.9
20,10,19.89,45.46333333,19.29,44.43333333,19.7,44.2,19,46.5,17.61666667,56.2,10.3,85.59,18.21,47.44166667,17.79,49.63888889,17.245,49.645,10.2,757.3166667,81.5,9.833333333,34.83333333,7.05
40,10,19.96333333,45.66333333,19.29,44.56,19.7,44.2,19,46.53,17.60555556,56.10833333,10.16,87.93333333,18.2,47.12722222,17.79,49.68777778,17.29,49.66333333,10.1,757.3333333,83,9.666666667,40.66666667,7.2
110,0,19.96333333,45.86333333,19.29,44.65666667,19.63333333,44.12666667,19,46.59,17.6,56.09,10.03333333,89.86666667,18.2,46.83111111,17.78,49.7,17.29,49.59,9.95,757.35,84.5,9.5,46.5,7.35
310,0,19.89,45.86333333,19.29,44.86333333,19.6,44.23,19,46.59,17.6,56.07,9.763333333,92.5,18.18333333,46.62777778,17.76,49.7,17.29,49.5,9.83,757.3666667,86,9.333333333,52.33333333,7.5
50,0,19.89,45.93333333,19.26,44.86333333,19.675,44.47,18.92666667,46.66333333,17.6,56.055,9.69,94.22666667,18.17222222,46.46,17.79,49.755,17.23,49.43333333,9.72,757.3833333,87.5,9.166666667,58.16666667,7.65
60,0,19.82333333,46.06,19.2,44.86333333,19.7,44.59,18.89,46.7,17.6,56.01,9.6,95.66333333,18.13888889,46.24722222,17.79,49.80833333,17.26,49.36333333,9.6,757.4,89,9,64,7.8
60,0,19.79,46.09,19.2,44.9,19.7,44.62666667,18.89,46.7,17.6,56,9.533333333,96.59666667,18.1,46.12666667,17.785,49.88777778,17.2,49.29,9.63,757.3833333,88.66666667,9.166666667,57.5,7.78
60,0,19.79,46.03,19.2,44.9,19.7,44.7,18.89,46.73,17.6,55.93333333,9.5,97.12333333,18.1,46.00944444,17.745,49.9,17.2,49.26,9.67,757.3666667,88.33333333,9.333333333,51,7.77
60,0,19.79,46,19.2,45,19.79,44.73,18.89,46.79,17.6,55.8947619,9.566666667,97.19,18.1,45.91111111,17.78,49.91666667,17.2,49.2,9.7,757.35,88,9.5,44.5,7.75
60,0,19.79,46,19.2,45,19.79,44.79,18.89,46.79,17.6,55.82666667,9.69,96.845,18.1,45.80333333,17.76,50,17.2,49.2,9.73,757.3333333,87.66666667,9.666666667,38,7.73
60,0,19.79,46,19.2,45.03,19.79,44.82666667,18.89,46.86333333,17.6,55.79,9.726666667,96.33,18.05,45.655,17.775,50,17.2,49.2,9.77,757.3166667,87.33333333,9.833333333,31.5,7.72
50,0,19.79,46,19.2,45.09,19.79,44.9,18.79,46.79,17.6,55.745,9.8,96.06333333,18,45.575,17.745,50,17.2,49.09,9.8,757.3,87,10,25,7.7
60,0,19.79,45.96666667,19.2,45.09,19.79,44.9,18.79,46.79,17.6,55.7,9.763333333,96.1,18,45.5,17.75,50.035,17.2,49.09,9.78,757.3166667,87.66666667,10,28.33333333,7.8
40,0,19.79,45.9,19.13333333,45.09,19.85666667,44.96666667,18.79,46.79,17.6,55.7,9.69,96.96,18,45.48333333,17.76,50.09,17.2,49.09,9.77,757.3333333,88.33333333,10,31.66666667,7.9
50,0,19.79,45.9,19.1,45.2,19.89,45,18.79,46.79,17.6,55.63277778,9.69,97.99666667,18,45.4,17.76,50.10222222,17.2,49.03,9.75,757.35,89,10,35,8
390,0,19.79,45.9,19.1,45.2,19.89,45,18.79,46.79,17.6,55.59,9.63,98.26333333,18,45.4,17.73,50.15722222,17.2,49,9.73,757.3666667,89.66666667,10,38.33333333,8.1
340,0,19.79,45.9,19.1,45.26,19.89,45,18.79,46.86333333,17.58888889,55.59,9.69,98.66,17.98777778,45.345,17.72,50.2,17.2,49,9.72,757.3833333,90.33333333,10,41.66666667,8.2
40,0,19.73,45.96666667,19.1,45.29,19.89,45,18.79,46.9,17.58888889,55.545,9.69,98.93333333,17.98166667,45.29,17.745,50.2,17.2,49,9.7,757.4,91,10,45,8.3
20,0,19.7,46.145,19.1,45.29,19.92666667,45.09,18.73,46.9,17.6,55.5,9.69,99.43,17.95111111,45.29,17.7,50.21,17.13333333,49,9.8,757.45,90.33333333,10,42.33333333,8.28
20,0,19.7,46.2,19.1,45.4,20,45.03,18.745,46.95,17.58888889,55.5,9.69,99.69,17.89,45.29,17.72,50.255,17.2,49,9.9,757.5,89.66666667,10,39.66666667,8.27
20,0,19.7,46.2,19.1,45.4,19.96333333,45,18.7,47,17.56111111,55.46111111,9.83,99.19,17.89,45.29,17.745,50.29,17.16666667,48.96666667,10,757.55,89,10,37,8.25
30,0,19.7,46.2,19,45.4,19.89,45,18.7,47,17.55,55.42222222,9.89,98.99666667,17.89,45.245,17.715,50.32055556,17.1,48.96666667,10.1,757.6,88.33333333,10,34.33333333,8.23
40,0,19.7,46.12666667,19,45.4,19.85666667,45,18.7,47.03,17.55,55.4,10.03333333,98.45666667,17.89,45.21,17.72,50.4,17.1,49,10.2,757.65,87.66666667,10,31.66666667,8.22
50,0,19.7,46.09,19,45.43333333,19.79,45,18.7,47.09,17.52777778,55.4,10.16,97.79,17.89,45.2,17.7,50.4,17.16666667,49,10.3,757.7,87,10,29,8.2
50,0,19.7,46.09,19,45.5,19.79,45.06,18.7,47.09,17.54444444,55.35722222,10.19,96.73,17.89,45.2,17.7,50.4,17.16666667,48.96666667,10.4,757.5833333,86.66666667,10,29,8.23
40,0,19.7,46.09,19,45.5,19.89,45.12666667,18.7,47.09,17.51666667,55.31444444,10.26333333,96.32333333,17.89,45.2,17.7,50.41666667,17.16666667,48.9,10.5,757.4666667,86.33333333,10,29,8.27
40,0,19.7,46.09,19,45.5,19.89,45.2,18.7,47.2,17.52222222,55.29,10.42666667,94.93333333,17.89,45.2,17.7,50.42222222,17.2,48.9,10.6,757.35,86,10,29,8.3
40,0,19.76,46.06,19,45.53,19.89,45.2,18.7,47.2,17.53333333,55.27,10.575,93.4,17.89,45.2,17.735,50.5,17.2,48.9,10.6,757.2333333,85.66666667,10,29,8.33
40,0,19.7,46,19,45.59,19.89,45.2,18.7,47.2,17.51111111,55.215,10.66,92.26666667,17.89,45.2,17.705,50.5,17.2,48.9,10.7,757.1166667,85.33333333,10,29,8.37
40,0,19.7,46,19,45.59,19.89,45.2,18.7,47.2,17.51666667,55.2,10.72666667,90.86666667,17.89,45.16944444,17.7,50.5,17.2,48.9,10.8,757,85,10,29,8.4
40,0,19.76,46,19,45.59,19.89,45.2,18.6,47.12666667,17.55555556,55.2,10.86,90.32666667,17.86777778,45.145,17.73,50.535,17.13333333,48.9,10.9,756.9333333,84.5,10.16666667,30.83333333,8.37
30,0,19.7,46,19,45.59,19.89,45.2,18.6,47.2,17.51666667,55.145,11,88.93333333,17.85111111,45.13,17.71,50.545,17.2,48.9,10.9,756.8666667,84,10.33333333,32.66666667,8.33
30,0,19.76,46,18.92666667,45.59,19.89,45.2,18.6,47.2,17.5,55.11444444,11.06666667,87.93333333,17.81222222,45.04444444,17.7,50.555,17.1,48.9,11,756.8,83.5,10.5,34.5,8.3
30,0,19.76,46,18.89,45.7,19.96333333,45.16333333,18.6,47.2,17.5,55.09,11.13,86.73,17.79,45,17.7,50.59,17.1,48.9,11.1,756.7333333,83,10.66666667,36.33333333,8.27
20,0,19.76,46,18.9175,45.7,19.89,45.16333333,18.6,47.2,17.5,55.09,11.26333333,85.93,17.79,45,17.7,50.59,17.16666667,48.9,11.1,756.6666667,82.5,10.83333333,38.16666667,8.23
40,0,19.7,46,18.92666667,45.7,19.89,45.09,18.6,47.26,17.5,55.065,11.3,85.13333333,17.79,45,17.7,50.59,17.1,48.9,11.2,756.6,82,11,40,8.2
40,0,19.7,46,18.89,45.73,19.82333333,45.09,18.6,47.29,17.53333333,55,11.3,84.53333333,17.79,45,17.7,50.59,17.1,48.86333333,11.2,756.5166667,82,10.66666667,38.16666667,8.2
40,0,19.79,46,18.89,45.79,19.79,45.12666667,18.6,47.29,17.53333333,55,11.39,83.89333333,17.79,45,17.7,50.59,17.1,48.86333333,11.2,756.4333333,82,10.33333333,36.33333333,8.2
40,0,19.7,46,18.89,45.79,19.79,45.12666667,18.6,47.29,17.5,54.95555556,11.39,83.1,17.79,44.98888889,17.7,50.59,17.1,48.845,11.2,756.35,82,10,34.5,8.2
50,0,19.7,46,18.89,45.79,19.89,45.2,18.6,47.29,17.5,54.98333333,11.42666667,82.9,17.79,44.98888889,17.7,50.59,17.1,48.79,11.1,756.2666667,82,9.666666667,32.66666667,8.2
40,0,19.7,46,18.89,45.79,19.89,45.2,18.6,47.29,17.5,54.91111111,11.5,82.69333333,17.79,45,17.7,50.59,17.1,48.79,11.1,756.1833333,82,9.333333333,30.83333333,8.2
60,0,19.7,46,18.89,45.79,19.89,45.2,18.6,47.29,17.5,54.88166667,11.5,81.79333333,17.79,44.97777778,17.7,50.59,17.1,48.79,11.1,756.1,82,9,29,8.2
40,0,19.7,46,18.89,45.79,19.89,45.2,18.6,47.36333333,17.5,54.85111111,11.5,81.66666667,17.79,44.97777778,17.7,50.65111111,17.1,48.79,11.1,756,81.83333333,9.166666667,30.83333333,8.2
30,0,19.7,46,18.89,45.79,19.89,45.2,18.56666667,47.4,17.5,54.79,11.5,81.56333333,17.79,44.94444444,17.7,50.65722222,17.1,48.79,11.2,755.9,81.66666667,9.333333333,32.66666667,8.2
40,0,19.7,46,18.89,45.9,19.89,45.2,18.5,47.4,17.5,54.79,11.56666667,81.23,17.79,44.91666667,17.72,50.65111111,17.1,48.79,11.2,755.8,81.5,9.5,34.5,8.2
40,0,19.7,46,18.89,45.9,19.89,45.2,18.5,47.4,17.5,54.79,11.69,80.345,17.79,44.9,17.7,50.7,17.1,48.79,11.2,755.7,81.33333333,9.666666667,36.33333333,8.2
40,0,19.7,46.06,18.89,45.9,19.89,45.2,18.5,47.4,17.5,54.755,11.69,79.62666667,17.79,44.9,17.7,50.7,17.1,48.79,11.3,755.6,81.16666667,9.833333333,38.16666667,8.2
30,0,19.7,46.06,18.89,45.9,19.89,45.2,18.5,47.43333333,17.5,54.7,11.63,79.5,17.785,44.90555556,17.7,50.7,17.1,48.79,11.3,755.5,81,10,40,8.2
20,0,19.7,46.09,18.79,45.79,19.89,45.26,18.5,47.43333333,17.5,54.7,11.6,79.49666667,17.76,44.91666667,17.71,50.7,17.1,48.79,11.3,755.4666667,81,9.833333333,40,8.17
30,0,19.7,46.09,18.79,45.86333333,19.89,45.2,18.5,47.5,17.5,54.68166667,11.6,79.83,17.785,44.9,17.71,50.7,17.1,48.79,11.2,755.4333333,81,9.666666667,40,8.13
20,0,19.7,46.12666667,18.79,45.9,19.89,45.2,18.5,47.5,17.5,54.62666667,11.53333333,80.03,17.765,44.9,17.7,50.725,17.1,48.79,11.2,755.4,81,9.5,40,8.1
50,0,19.7,46.2,18.79,45.9,19.82333333,45.2,18.5,47.5,17.5,54.59,11.53333333,80.15666667,17.755,44.9,17.7,50.75,17.1,48.79,11.2,755.3666667,81,9.333333333,40,8.07
40,0,19.63333333,46.03,18.79,45.9,19.79,45.2,18.5,47.5,17.5,54.59,11.5,80.29333333,17.76,44.9,17.7,50.74,17.1,48.79,11.1,755.3333333,81,9.166666667,40,8.03
30,0,19.7,46.09,18.79,45.9,19.79,45.2,18.5,47.5,17.5,54.59,11.42666667,80.7,17.735,44.9,17.7,50.78,17.1,48.79,11.1,755.3,81,9,40,8
50,0,19.6,46,18.79,45.9,19.85666667,45.26,18.5,47.5,17.5,54.585,11.39,80.46666667,17.72,44.9,17.7,50.78,17.1,48.79,11.1,755.2666667,81.16666667,9,40,7.97
40,0,19.6,46,18.79,45.9,19.79,45.2,18.5,47.5,17.5,54.56,11.33,80.13333333,17.71,44.9,17.7,50.79,17.1,48.76,11,755.2333333,81.33333333,9,40,7.93
40,0,19.6,46,18.79,45.9,19.82333333,45.23,18.5,47.5,17.5,54.54,11.3,80.06,17.72,44.9,17.7,50.79,17.1,48.7,10.9,755.2,81.5,9,40,7.9
50,0,19.6,46,18.76,46,19.89,45.29,18.445,47.45,17.5,54.51,11.3,79.93333333,17.7,44.89388889,17.7,50.79,17.1,48.76,10.9,755.1666667,81.66666667,9,40,7.87
40,0,19.6,46,18.7,46,19.89,45.29,18.42666667,47.43333333,17.5,54.5,11.19,79.96333333,17.7,44.81444444,17.7,50.79,17.1,48.73,10.9,755.1333333,81.83333333,9,40,7.83
40,0,19.6,46.09,18.7,46,19.89,45.29,18.42666667,47.43333333,17.5,54.5,11.19,80.49,17.71,44.82666667,17.7,50.78,17.1,48.73,10.8,755.1,82,9,40,7.8
40,0,19.6,46.09,18.7,46,19.89,45.29,18.39,47.4,17.5,54.5,10.86,84.02333333,17.71,44.845,17.7,50.78,17.1,48.7,10.7,755.0666667,83,9,37.16666667,7.87
40,0,19.56666667,46.09,18.7,46.03,19.89,45.29,18.39,47.46666667,17.5,54.47777778,10.72666667,85.43,17.7,44.83888889,17.7,50.79,17.1,48.7,10.6,755.0333333,84,9,34.33333333,7.93
30,0,19.5,46.09,18.7,46.03,19.89,45.29,18.39,47.5,17.5,54.49444444,10.53,88.25666667,17.7,44.88777778,17.7,50.79,17.1,48.7,10.5,755,85,9,31.5,8
30,0,19.5,46.09,18.7,46.09,19.89,45.29,18.39,47.5,17.5,54.46111111,10.295,91.6675,17.7,44.9,17.7,50.79,17.1,48.7,10.4,754.9666667,86,9,28.66666667,8.07
20,0,19.5,46.16333333,18.7,46.09,19.89,45.23,18.39,47.5,17.5,54.46111111,10.19,93.16666667,17.7,44.9,17.7,50.79,17.1,48.76,10.3,754.9333333,87,9,25.83333333,8.13
30,0,19.5,46.2,18.7,46.09,19.89,45.2,18.39,47.56,17.5,54.43333333,10.19,93.36666667,17.7,44.9,17.7,50.79,17.1,48.7,10.2,754.9,88,9,23,8.2
40,0,19.5,46.2,18.7,46.16333333,19.89,45.2,18.39,47.59,17.5,54.43333333,10.19,93.16,17.7,44.9,17.7,50.79,17.1,48.79,10.2,754.9166667,88.5,9,29.66666667,8.25
40,0,19.5,46.23,18.7,46.12666667,19.85666667,45.2,18.39,47.59,17.48777778,54.38777778,10.26333333,93.66666667,17.7,44.9,17.7,50.79,17.1,48.79,10.1,754.9333333,89,9,36.33333333,8.3
50,0,19.5,46.29,18.7,46.2,19.79,45.2,18.39,47.59,17.48777778,54.38777778,10.19,94.33333333,17.7,44.9,17.7,50.80222222,17.1,48.79,10.1,754.95,89.5,9,43,8.35
40,0,19.5,46.29,18.66666667,46.2,19.79,45.2,18.32333333,47.59,17.48777778,54.41,10.16,95.36,17.7,44.9,17.7,50.82666667,17.1,48.79,10.1,754.9666667,90,9,49.66666667,8.4
40,0,19.42666667,46.29,18.66666667,46.26,19.79,45.12666667,18.39,47.66333333,17.45722222,54.35722222,10.03333333,96.5,17.7,44.9,17.7,50.87555556,17.1,48.79,10,754.9833333,90.5,9,56.33333333,8.45
40,0,19.39,46.29,18.63333333,46.23,19.79,45.16333333,18.39,47.66333333,17.45722222,54.35722222,9.89,97.73,17.7,44.9,17.67777778,50.85722222,17.1,48.79,10,755,91,9,63,8.5
40,0,19.39,46.29,18.7,46.29,19.79,45.16333333,18.29,47.7,17.48166667,54.38166667,9.83,98.52333333,17.7,44.97222222,17.66666667,50.90333333,17.1,48.79,9.93,755,91.33333333,8.833333333,63.33333333,8.5
50,0,19.39,46.32666667,18.65,46.3,19.82333333,45.23,18.29,47.7,17.45722222,54.35722222,9.8,99.29,17.7,45,17.66111111,50.96111111,17.1,48.79,9.87,755,91.66666667,8.666666667,63.66666667,8.5
40,0,19.39,46.4,18.6,46.29,19.89,45.29,18.29,47.7,17.39611111,54.29611111,9.8,99.83,17.68888889,44.98888889,17.66111111,50.96111111,17.1,48.79,9.8,755,92,8.5,64,8.5
30,0,19.39,46.43333333,18.6,46.29,19.89,45.29,18.29,47.7,17.445,54.31444444,9.8,99.9,17.66111111,44.96111111,17.7,51,17.075,48.7675,9.73,755,92.33333333,8.333333333,64.33333333,8.5
40,0,19.365,46.5,18.6,46.29,19.89,45.29,18.29,47.76,17.42055556,54.245,9.8,99.9,17.65555556,44.95555556,17.67222222,50.97222222,17.06666667,48.83333333,9.67,755,92.66666667,8.166666667,64.66666667,8.5
30,0,19.29,46.5,18.6,46.29,19.89,45.26,18.29,47.79,17.445,54.255,9.69,99.9,17.63888889,44.95388889,17.67222222,50.97222222,17,48.79,9.6,755,93,8,65,8.5
20,0,19.29,46.59,18.6,46.4,19.89,45.26,18.29,47.79,17.43277778,54.245,9.69,99.9,17.65,45.045,17.66111111,50.97666667,17,48.79,9.6,755,93.16666667,8.166666667,57.66666667,8.52
20,0,19.29,46.59,18.53333333,46.4,19.84,45.245,18.29,47.82666667,17.40222222,54.21,9.66,99.9,17.62222222,45.02,17.63333333,51.00777778,17,48.79,9.6,755,93.33333333,8.333333333,50.33333333,8.53
30,0,19.29,46.59,18.6,46.5,19.79,45.2,18.29,47.9,17.39,54.22,9.6,99.9,17.6,45,17.60555556,51.005,17,48.79,9.6,755,93.5,8.5,43,8.55
40,0,19.29,46.66333333,18.6,46.5,19.79,45.2,18.29,47.9,17.39,54.2,9.6,99.9,17.6,45.01,17.63888889,51.035,17,48.79,9.6,755,93.66666667,8.666666667,35.66666667,8.57
40,0,19.29,46.7,18.6,46.5,19.79,45.2,18.29,47.9,17.39,54.2,9.6,99.9,17.6,45.01,17.62222222,51.025,17,48.79,9.6,755,93.83333333,8.833333333,28.33333333,8.58
50,0,19.29,46.76,18.53333333,46.5,19.79,45.2,18.2,47.79,17.39,54.2,9.6,99.9,17.6,45.055,17.6,51.06,17,48.79,9.6,755,94,9,21,8.6
30,0,19.29,46.79,18.5,46.53,19.79,45.29,18.2,47.79,17.39,54.18166667,9.6,99.9,17.6,45.09,17.6,51.09,17,48.86333333,9.63,755.0333333,94,8.833333333,27.66666667,8.63
40,0,19.29,46.79,18.5,46.59,19.79,45.29,18.29,48,17.39,54.12666667,9.6,99.9,17.6,45.09,17.6,51.09,17,48.9,9.67,755.0666667,94,8.666666667,34.33333333,8.67
40,0,19.29,46.79,18.5,46.62666667,19.79,45.29,18.23,47.93333333,17.39,54.10222222,9.6,99.9,17.6,45.09,17.6,51.09,17,48.9,9.7,755.1,94,8.5,41,8.7
50,0,19.29,46.79,18.5,46.7,19.79,45.29,18.2,47.9,17.39,54.11444444,9.6,99.9,17.6,45.10222222,17.6,51.09,17,48.9,9.73,755.1333333,94,8.333333333,47.66666667,8.73
40,0,19.29,46.9,18.5,46.7,19.79,45.29,18.2,47.96666667,17.39,54.11444444,9.6,99.9,17.6,45.15722222,17.6,51.09611111,17,48.9,9.77,755.1666667,94,8.166666667,54.33333333,8.77
50,0,19.23,46.82666667,18.5,46.7,19.79,45.29,18.2,48,17.39,54.09,9.6,99.9,17.6,45.2,17.6,51.15111111,17,48.93333333,9.8,755.2,94,8,61,8.8
40,0,19.29,46.9,18.5,46.73,19.79,45.29,18.2,48,17.39,54.09,9.6,99.9,17.6,45.21,17.6,51.18777778,17,49,9.8,755.25,94.16666667,7.833333333,61.5,8.85
40,0,19.23,46.82666667,18.5,46.79,19.79,45.29,18.2,48,17.39,54.09,9.6,99.9,17.6,45.275,17.61666667,51.215,17,49,9.8,755.3,94.33333333,7.666666667,62,8.9
40,0,19.2,46.9,18.5,46.745,19.79,45.29,18.2,48,17.39,54.09,9.6,99.9,17.6,45.28,17.60555556,51.215,17,49,9.8,755.35,94.5,7.5,62.5,8.95
30,0,19.2,46.9,18.5,46.79,19.79,45.29,18.2,48.03,17.39,54.09,9.6,99.9,17.6,45.29,17.6,51.24,17,49,9.8,755.4,94.66666667,7.333333333,63,9
30,0,19.2,46.9,18.5,46.79,19.79,45.29,18.2,48.09,17.39,54.09,9.69,99.9,17.6,45.29,17.6,51.285,17,49,9.8,755.45,94.83333333,7.166666667,63.5,9.05
20,0,19.2,46.925,18.5,46.79,19.79,45.29,18.2,48.09,17.39,54.09,9.69,99.9,17.57777778,45.35722222,17.6,51.29,17,49,9.8,755.5,95,7,64,9.1
30,0,19.2,47,18.5,46.86333333,19.79,45.26,18.2,48.12666667,17.39,54.07,9.69,99.9,17.58333333,45.4,17.6,51.29,17,49.09,9.8,755.55,95.16666667,6.833333333,63.5,9.12
20,0,19.2,47,18.5,46.93333333,19.79,45.2,18.13333333,48.2,17.39,54.09,9.763333333,99.9,17.58333333,45.4,17.6,51.345,17,49.09,9.8,755.6,95.33333333,6.666666667,63,9.13
50,0,19.2,47,18.5,46.93333333,19.79,45.2,18.1,48.2,17.39,54.075,9.8,99.9,17.55,45.47222222,17.6,51.4,17,49.09,9.8,755.65,95.5,6.5,62.5,9.15
40,0,19.2,47.09,18.5,47,19.79,45.29,18.1,48.2,17.39,54.045,9.8,99.9,17.55555556,45.5,17.6,51.4,17,49.09,9.8,755.7,95.66666667,6.333333333,62,9.17
40,0,19.2,47.09,18.5,47,19.79,45.29,18.1,48.23,17.39,54.015,9.8,99.9,17.53888889,45.5,17.6,51.43888889,17,49.12666667,9.8,755.75,95.83333333,6.166666667,61.5,9.18
40,0,19.2,47.09,18.39,46.9,19.79,45.29,18.1,48.29,17.39,54,9.8,99.9,17.53333333,45.515,17.6,51.5,17,49.2,9.8,755.8,96,6,61,9.2
40,0,19.13333333,47.16333333,18.39,46.9,19.79,45.29,18.1,48.29,17.39,54,9.8,99.9,17.51666667,45.59,17.6,51.5,17,49.2,9.83,755.9333333,95.83333333,5.666666667,55.33333333,9.2
40,0,19.1,47.2,18.46333333,47.06,19.79,45.29,18.1,48.29,17.39,54,9.8,99.9,17.54444444,45.59,17.58888889,51.52,17,49.2,9.87,756.0666667,95.66666667,5.333333333,49.66666667,9.2
50,0,19.1,47.2,18.46333333,47.06,19.79,45.36333333,18.1,48.32666667,17.39,54,9.8,99.9,17.51666667,45.59,17.58888889,51.515,17,49.23,9.9,756.2,95.5,5,44,9.2
50,0,19.1,47.23,18.39,47.09,19.79,45.4,18.1,48.4,17.39,54,9.8,99.9,17.50555556,45.68166667,17.57777778,51.59,17,49.29,9.93,756.3333333,95.33333333,4.666666667,38.33333333,9.2
40,0,19.1,47.29,18.39,47.09,19.79,45.4,18.1,48.4,17.39,54,9.8,99.9,17.5,45.7,17.57777778,51.59611111,16.92666667,49.29,9.97,756.4666667,95.16666667,4.333333333,32.66666667,9.2
40,0,19.1,47.4,18.39,47.09,19.79,45.4,18.1,48.46666667,17.39,54,9.8,99.9,17.5,45.7,17.6,51.66333333,17,49.29,10,756.6,95,4,27,9.2
40,0,19.1,47.4,18.39,47.16333333,19.79,45.4,18.1,48.5,17.39,53.98888889,9.726666667,99.9,17.5,45.725,17.6,51.67555556,17,49.4,9.97,756.7166667,94.16666667,4.166666667,29.16666667,9.03
20,0,19.1,47.4,18.39,47.23,19.79,45.4,18.1,48.5,17.37888889,53.98888889,9.69,99.9,17.5,45.76,17.6,51.7,17,49.4,9.93,756.8333333,93.33333333,4.333333333,31.33333333,8.87
20,0,19.1,47.4,18.39,47.29,19.79,45.4,18.1,48.5,17.35666667,54,9.63,99.9,17.5,45.715,17.59444444,51.7,16.96333333,49.4,9.9,756.95,92.5,4.5,33.5,8.7
30,0,19.1,47.43333333,18.39,47.245,19.79,45.32666667,18.1,48.5,17.39,53.98333333,9.566666667,99.9,17.5,45.72,17.58333333,51.68777778,16.89,49.4,9.87,757.0666667,91.66666667,4.666666667,35.66666667,8.53
30,0,19.1,47.5,18.39,47.2,19.79,45.4,18.1,48.59,17.35666667,53.99444444,9.5,99.9,17.5,45.7,17.57777778,51.68777778,16.92666667,49.4,9.83,757.1833333,90.83333333,4.833333333,37.83333333,8.37
50,0,19.1,47.5,18.39,47.2,19.76,45.32666667,18.1,48.5675,17.37888889,53.96111111,9.39,99.9,17.5,45.7,17.57777778,51.7,16.945,49.4,9.8,757.3,90,5,40,8.2
50,0,19.1,47.5,18.39,47.2,19.7,45.4,18.1,48.56,17.36777778,53.93333333,9.33,99.9,17.5,45.645,17.56666667,51.7,17,49.4,9.67,757.55,89.5,5.166666667,37.83333333,7.98
30,0,19.1,47.5,18.39,47.2,19.79,45.5,18.1,48.5,17.36777778,53.93333333,9.16,99.9,17.5,45.58,17.55555556,51.68777778,16.96333333,49.4,9.53,757.8,89,5.333333333,35.66666667,7.77
40,0,19,47.4,18.35666667,47.16333333,19.79,45.5,18.1,48.5,17.34555556,53.93333333,9.075,99.9,17.5,45.535,17.58888889,51.62055556,16.89,49.4,9.4,758.05,88.5,5.5,33.5,7.55
50,0,19,47.4,18.35666667,47.09,19.79,45.5,18,48.4,17.34555556,53.9,9,99.9,17.5,45.5,17.57777778,51.59,16.96333333,49.29,9.27,758.3,88,5.666666667,31.33333333,7.33
30,0,19,47.4,18.32333333,47.09,19.79,45.5,18,48.4,17.34555556,53.86333333,8.86,99.9,17.5,45.42777778,17.55,51.535,16.96333333,49.29,9.13,758.55,87.5,5.833333333,29.16666667,7.12
50,0,19,47.32666667,18.39,47.09,19.79,45.5,18.06666667,48.43,17.35666667,53.88777778,8.726666667,99.9,17.5,45.33277778,17.52777778,51.5,16.89,49.29,9,758.8,87,6,27,6.9
50,0,19,47.29,18.39,47.09,19.79,45.5,18,48.29,17.31777778,53.80833333,8.6,99.9,17.48777778,45.23277778,17.56111111,51.43888889,16.89,49.23,8.88,758.8666667,87.33333333,5.666666667,27.33333333,6.85
40,0,19,47.23,18.39,47.03,19.79,45.5,18,48.2,17.30666667,53.79,8.533333333,99.9,17.48777778,45.09611111,17.51111111,51.36944444,16.89,49.16333333,8.77,758.9333333,87.66666667,5.333333333,27.66666667,6.8
40,0,19,47.2,18.35666667,46.96666667,19.79,45.46666667,18,48.2,17.31777778,53.79,8.36,99.9,17.48777778,45.065,17.52222222,51.285,16.89,49.09,8.65,759,88,5,28,6.75
40,0,19,47.2,18.29,46.9,19.79,45.4,18,48.09,17.29,53.79,8.3,99.9,17.46333333,44.96111111,17.5,51.21,16.89,49.06,8.53,759.0666667,88.33333333,4.666666667,28.33333333,6.7
30,0,19,47.2,18.35666667,46.9,19.79,45.4,18,48.09,17.29,53.785,8.226666667,99.9,17.47555556,44.9,17.53333333,51.15722222,16.89,49,8.42,759.1333333,88.66666667,4.333333333,28.66666667,6.65
10,0,19,47.12666667,18.29,46.9,19.73,45.4,18,48.09,17.29,53.74,8.226666667,99.9,17.5,44.89388889,17.51111111,51.09,16.89,48.9,8.3,759.2,89,4,29,6.6
20,0,19,47.09,18.29,46.9,19.7,45.29,18,48.03,17.29,53.71,8.1,99.9,17.47555556,44.80222222,17.5,51.09,16.89,48.9,8.18,759.3666667,88.66666667,4.166666667,30.83333333,6.42
30,0,19,47.09,18.29,46.9,19.7,45.29,18,48,17.29,53.7,8.033333333,99.9,17.48777778,44.775,17.5,51.045,16.89,48.79,8.07,759.5333333,88.33333333,4.333333333,32.66666667,6.23
50,0,18.96333333,47.06,18.26,46.86333333,19.6,45.16333333,18,47.93333333,17.29,53.63277778,7.83,99.49,17.40833333,44.62055556,17.5,50.99444444,16.89,48.79,7.95,759.7,88,4.5,34.5,6.05
50,0,18.96333333,47,18.2,46.73,19.6,45.16333333,18,47.9,17.29,53.59,7.69,99.23,17.39,44.585,17.5,50.91111111,16.89,48.7,7.83,759.8666667,87.66666667,4.666666667,36.33333333,5.87
40,0,18.89,46.9,18.245,46.745,19.6,45.16333333,17.92666667,47.9,17.29,53.585,7.466666667,99.15666667,17.39,44.51,17.5,50.88777778,16.89,48.7,7.72,760.0333333,87.33333333,4.833333333,38.16666667,5.68
40,0,18.89,46.9,18.2,46.7,19.6,45.09,17.945,47.845,17.29,53.53,7.333333333,99.23,17.39,44.46111111,17.5,50.83277778,16.89,48.66333333,7.6,760.2,87,5,40,5.5
40,0,18.89,46.9,18.2,46.7,19.53333333,45.09,17.96333333,47.76,17.29,53.5,7.3,99.69333333,17.39,44.4,17.5,50.735,16.89,48.59,7.38,760.3666667,87.66666667,4.5,38.16666667,5.42
40,0,18.89,46.9,18.16666667,46.7,19.53333333,45.09,17.89,47.7,17.29,53.47777778,7.226666667,99.9,17.39,44.33277778,17.48777778,50.68777778,16.89,48.53,7.17,760.5333333,88.33333333,4,36.33333333,5.33
40,0,18.89,46.79,18.16666667,46.7,19.5,45.09,17.89,47.7,17.29,53.43888889,7.245,99.9,17.39,44.29,17.46333333,50.66333333,16.85666667,48.46666667,6.95,760.7,89,3.5,34.5,5.25
40,0,18.89,46.79,18.1,46.66333333,19.5,45.0675,17.89,47.7,17.29,53.4,7.19,99.9,17.39,44.29,17.48166667,50.68166667,16.85666667,48.46666667,6.73,760.8666667,89.66666667,3,32.66666667,5.17
50,0,18.89,46.79,18.1,46.59,19.5,45.06,17.89,47.66333333,17.29,53.4,7.063333333,99.76,17.39,44.225,17.45722222,50.64111111,16.79,48.29,6.52,761.0333333,90.33333333,2.5,30.83333333,5.08
40,0,18.89,46.76,18.16666667,46.59,19.6,45.12666667,17.89,47.59,17.29,53.4,6.83,99.62333333,17.39,44.145,17.45111111,50.53888889,16.79,48.29,6.3,761.2,91,2,29,5
40,0,18.89,46.7,18.1,46.59,19.6,45.12666667,17.89,47.59,17.29,53.30833333,6.623333333,99.35666667,17.39,44.10222222,17.45111111,50.51388889,16.79,48.2,6.28,761.35,90.83333333,2,29,4.95
20,0,18.89,46.7,18.1,46.59,19.63333333,45.12666667,17.89,47.59,17.29,53.29,6.433333333,99.06,17.39,44.055,17.47555556,50.48888889,16.79,48.2,6.27,761.5,90.66666667,2,29,4.9
20,0,18.89,46.7,18.1,46.59,19.7,45.2,17.89,47.56,17.29,53.235,6.56,99.86666667,17.39,44,17.45111111,50.44333333,16.79,48.16333333,6.25,761.65,90.5,2,29,4.85
20,0,18.79,46.59,18.1,46.59,19.7,45.09,17.89,47.5,17.29,53.21,6.656666667,99.6,17.39,43.99444444,17.46333333,50.38,16.79,48.09,6.23,761.8,90.33333333,2,29,4.8
40,0,18.79,46.59,18.1,46.59,19.7,45.09,17.85666667,47.4,17.29,53.21,6.396666667,98.6,17.39,43.98333333,17.40833333,50.25333333,16.79,48,6.22,761.95,90.16666667,2,29,4.75
50,0,18.79,46.59,18.1,46.59,19.6,45,17.85666667,47.4,17.29,53.2,6.263333333,98.39666667,17.39,43.91055556,17.39,50.2,16.79,48,6.2,762.1,90,2,29,4.7
40,0,18.79,46.59,18.1,46.59,19.6,45,17.79,47.26,17.29,53.19388889,5.996666667,97.45666667,17.39,43.80222222,17.39,50.13277778,16.79,47.9,6.03,762.2333333,89.83333333,2,29,4.5
40,0,18.79,46.5,18.06666667,46.56,19.6,45,17.79,47.2,17.27,53.15722222,5.493333333,96.33,17.33444444,43.785,17.39,50.08,16.79,47.9,5.87,762.3666667,89.66666667,2,29,4.3
40,0,18.79,46.5,18,46.5,19.6,45,17.79,47.2,17.29,53.16333333,5.226666667,96.19,17.37888889,43.71,17.39,50.005,16.79,47.79,5.7,762.5,89.5,2,29,4.1
40,0,18.79,46.5,18,46.5,19.7,45,17.79,47.2,17.29,53.15722222,4.933333333,96.43333333,17.35111111,43.69388889,17.39,50,16.79,47.79,5.53,762.6333333,89.33333333,2,29,3.9
30,0,18.79,46.5,18,46.5,19.7,45,17.79,47.09,17.29,53.15722222,4.726666667,96.83333333,17.29,43.60222222,17.39,49.93888889,16.79,47.7,5.37,762.7666667,89.16666667,2,29,3.7
40,0,18.79,46.5,18,46.5,19.7,44.96666667,17.79,47.09,17.29,53.09,4.433333333,96.36333333,17.29,43.585,17.39,49.9,16.79,47.62666667,5.2,762.9,89,2,29,3.5
50,0,18.79,46.43333333,18,46.46666667,19.7,44.96666667,17.79,47,17.29,53.09,4.16,95.49,17.29,43.49333333,17.39,49.79333333,16.745,47.59,4.95,763.0166667,89.83333333,2,28.83333333,3.38
30,0,18.76,46.4,18,46.4,19.7,44.9,17.76,47,17.28,53.08,3.8,95,17.31222222,43.43333333,17.39,49.72,16.76,47.56,4.7,763.1333333,90.66666667,2,28.66666667,3.27
40,0,18.76,46.4,17.89,46.4,19.7,44.82666667,17.76,46.93333333,17.28,53.065,3.56,95.39666667,17.29,43.345,17.39,49.7,16.76,47.5,4.45,763.25,91.5,2,28.5,3.15
10,0,18.7,46.345,17.89,46.4,19.7,44.79,17.76,46.9,17.29,53.045,3.433333333,95.53,17.29,43.29,17.39,49.61055556,16.7,47.4,4.2,763.3666667,92.33333333,2,28.33333333,3.03
20,0,18.7,46.29,17.89,46.32666667,19.7,44.7225,17.7,46.9,17.245,52.965,3.29,95.96666667,17.29,43.265,17.39,49.505,16.7,47.4,3.95,763.4833333,93.16666667,2,28.16666667,2.92
40,0,18.7,46.29,17.89,46.32666667,19.7,44.62666667,17.7,46.79,17.225,52.92777778,3.29,96.36666667,17.29,43.2,17.37888889,49.5,16.76,47.29,3.7,763.6,94,2,28,2.8
40,0,18.7,46.2,17.89,46.29,19.6,44.53,17.7,46.79,17.25,52.93777778,3.26,96.4,17.29,43.145,17.35666667,49.41666667,16.7,47.23,3.85,763.75,93.83333333,2,28.16666667,2.92
40,0,18.7,46.2,17.89,46.23,19.6,44.59,17.7,46.7,17.235,52.83277778,3.2,96.52666667,17.29,43.09,17.36777778,49.36944444,16.7,47.2,4,763.9,93.66666667,2,28.33333333,3.03
50,0,18.7,46.16333333,17.89,46.2,19.6,44.59,17.7,46.7,17.225,52.82055556,3.2,96.72666667,17.29,43.045,17.34555556,49.29,16.7,47.12666667,4.15,764.05,93.5,2,28.5,3.15
50,0,18.7,46.16333333,17.89,46.2,19.6,44.59,17.7,46.59,17.235,52.83277778,3.2,96.93333333,17.29,42.98333333,17.34,49.29,16.7,47.06,4.3,764.2,93.33333333,2,28.66666667,3.27
40,0,18.7,46.2,17.89,46.43333333,19.6,44.59,17.7,46.59,17.205,52.79611111,3.29,97.36666667,17.29,42.9,17.32333333,49.215,16.7,47,4.45,764.35,93.16666667,2,28.83333333,3.38
40,0,18.7,46.26,17.89,46.56,19.6,44.59,17.7,46.56,17.235,52.81777778,3.363333333,97.36666667,17.29,42.9,17.34555556,49.18777778,16.7,47,4.6,764.5,93,2,29,3.5
40,0,18.63333333,46.23,17.92666667,46.56,19.63333333,44.53,17.76,46.5,17.21,52.75222222,3.433333333,97.79,17.29,42.88166667,17.37333333,49.12055556,16.7,46.93333333,4.85,764.6,91.83333333,2,29,3.57
40,0,18.7,46.29,18,46.5,19.7,44.59,17.79,46.5,17.23,52.78666667,3.56,98.33,17.29,42.80222222,17.39,49.09,16.79,46.86333333,5.1,764.7,90.66666667,2,29,3.63
30,0,18.7,46.29,18.03333333,46.53,19.7,44.59,17.79,46.43333333,17.225,52.725,3.8,98.92666667,17.29,42.775,17.39,49.035,16.79,46.79,5.35,764.8,89.5,2,29,3.7
20,0,18.7,46.29,18.1,46.46333333,19.7,44.59,17.89,46.36333333,17.215,52.715,4.2,99.66666667,17.29,42.69166667,17.39,48.97222222,16.79,46.7,5.6,764.9,88.33333333,2,29,3.77
20,0,18.7,46.4,18.2,46.26,19.66666667,44.52666667,17.96333333,46.23,17.2,52.63277778,4.53,99.9,17.29,42.545,17.39,48.77333333,16.79,46.7,5.85,765,87.16666667,2,29,3.83
30,0,18.76,46.4,18.2,46.12666667,19.6,44.4,18.1,46.16333333,17.235,52.63277778,4.7725,99.9,17.37333333,42.42055556,17.39,48.66944444,16.79,46.59,6.1,765.1,86,2,29,3.9
50,0,18.79,46.29,18.245,46.09,19.6,44.4,18.175,45.9975,17.205,52.59611111,4.966666667,99.9,17.39,42.265,17.40833333,48.55,16.79,46.59,6.2,765.1333333,84.33333333,1.833333333,30.83333333,3.7
40,0,18.79,46.29,18.29,46,19.6,44.46666667,18.2,45.9,17.2,52.59,5.063333333,99.9,17.39611111,42.16333333,17.445,48.51722222,16.79,46.59,6.3,765.1666667,82.66666667,1.666666667,32.66666667,3.5
40,0,18.82333333,46.32666667,18.29,45.93333333,19.6,44.5,18.2,45.9,17.2,52.555,5.33,99.9,17.46333333,42.15111111,17.48722222,48.46666667,16.89,46.62666667,6.4,765.2,81,1.5,34.5,3.3
40,0,18.89,46.32666667,18.29,45.86333333,19.6,44.5,18.2,45.9,17.215,52.515,5.623333333,99.9,17.5,42.08111111,17.54444444,48.345,16.89,46.7,6.5,765.2333333,79.33333333,1.333333333,36.33333333,3.1
50,0,18.89,46.2,18.29,45.73,19.7,44.66333333,18.2,45.86333333,17.205,52.505,5.763333333,99.9,17.52777778,41.97222222,17.6,48.22888889,16.89,46.7,6.6,765.2666667,77.66666667,1.166666667,38.16666667,2.9
40,0,18.89,46.1175,18.39,45.7,19.65,44.545,18.2,45.79,17.2,52.5,5.933333333,99.9,17.56666667,41.83277778,17.6,48.10222222,16.89,46.7,6.7,765.3,76,1,40,2.7
40,0,18.89,46.03,18.39,45.62666667,19.7,44.59,18.2,45.76,17.2,52.46111111,6.06,99.9,17.58888889,41.765,17.66111111,48.09444444,16.89,46.73,6.8,765.2833333,75.66666667,1.166666667,40,2.73
50,0,19,46,18.39,45.56,19.7,44.7,18.2,45.7,17.2,52.42777778,6.19,99.62666667,17.66111111,41.755,17.7,48.01388889,16.89,46.79,6.9,765.2666667,75.33333333,1.333333333,40,2.77
50,0,19,45.93333333,18.39,45.43333333,19.7,44.62666667,18.2,45.66333333,17.2,52.41666667,6.19,99.22666667,17.7,41.71444444,17.7,47.89944444,16.89,46.79,7,765.25,75,1.5,40,2.8
40,0,19,45.86333333,18.39,45.4,19.7,44.66333333,18.2,45.59,17.2,52.4,6.3,98.56,17.78055556,41.59,17.745,47.80222222,16.96333333,46.73,7.1,765.2333333,74.66666667,1.666666667,40,2.83
30,0,19.06666667,45.79,18.39,45.32666667,19.7,44.59,18.2,45.59,17.2,52.4,6.3,98.03333333,17.85666667,41.545,17.85111111,47.755,16.89,46.7,7.2,765.2166667,74.33333333,1.833333333,40,2.87
10,0,19.1,45.82666667,18.39,45.26,19.7,44.56,18.2,45.59,17.2,52.334,6.4,97.42333333,17.95722222,41.46111111,17.945,47.66944444,16.96333333,46.62666667,7.3,765.2,74,2,40,2.9
20,0,19.1,45.9,18.46333333,45.26,19.7,44.5,18.2,45.59,17.2,52.29,6.4,96.63,18.05,41.4,18.1,47.54944444,17,46.7,7.3,765.2166667,73.5,2,40,2.8
30,0,19.13333333,45.9,18.5,45.26,19.7,44.5,18.2,45.53,17.2,52.29,6.4,94.83333333,18.1,41.27333333,18.2,47.34611111,17,46.7,7.3,765.2333333,73,2,40,2.7
50,0,19.2,45.82666667,18.5,45.2,19.7,44.5,18.2,45.5,17.2,52.29,6.4,94.22666667,18.1,41.145,18.235,47.21888889,17.1,46.7,7.3,765.25,72.5,2,40,2.6
50,0,19.2,45.66333333,18.5,45.26,19.7,44.5,18.2,45.5,17.2,52.27,6.623333333,93.1,18.1,41.035,18.29,47.10222222,17.1,46.62666667,7.3,765.2666667,72,2,40,2.5
40,0,19.2,45.53,18.5,45.2,19.7,44.56,18.2,45.4,17.2,52.27,6.745,90.725,18.17222222,40.95,18.29,46.97611111,17.1,46.7,7.3,765.2833333,71.5,2,40,2.4
50,0,19.2,45.4,18.5,45.16333333,19.7,44.5,18.2,45.4,17.2,52.23,6.69,86.46,18.17777778,40.80333333,18.29,46.86944444,17.1,46.7,7.3,765.3,71,2,40,2.3
40,0,19.2,45.4,18.5,45.09,19.7,44.5,18.2,45.36333333,17.2,52.2,6.69,86.65666667,18.2,40.69166667,18.29,46.735,17.1,46.7,7.28,765.2666667,70.83333333,2,38.16666667,2.25
40,0,19.2,45.29,18.5,45.09,19.7,44.5,18.2,45.345,17.2,52.2,6.69,85.32333333,18.255,40.65111111,18.29,46.62055556,17.1,46.7,7.27,765.2333333,70.66666667,2,36.33333333,2.2
40,0,19.26,45.29,18.5,45.06,19.7,44.5,18.2,45.29,17.2,52.17555556,6.56,85.42666667,18.29,40.52833333,18.31222222,46.515,17.1,46.645,7.25,765.2,70.5,2,34.5,2.15
40,0,19.29,45.29,18.5,45,19.73,44.5,18.2,45.2,17.2,52.189,6.56,83.3,18.35111111,40.39277778,18.32333333,46.47222222,17.1,46.59,7.23,765.1666667,70.33333333,2,32.66666667,2.1
50,0,19.29,45.29,18.5,45,19.79,44.5,18.2,45.2,17.2,52.09611111,6.69,84.79333333,18.39,40.245,18.38444444,46.33277778,17.1,46.59,7.22,765.1333333,70.16666667,2,30.83333333,2.05
50,0,19.29,45.29,18.5,44.93333333,19.79,44.4,18.2,45.09,17.2,52.10736842,6.69,84.93333333,18.45722222,40.2,18.42055556,46.29,17.1,46.5,7.2,765.1,70,2,29,2
20,0,19.315,45.345,18.6,44.9,19.79,44.5,18.2,45.09,17.2,52.09,6.69,84.86666667,18.55,40.145,18.54444444,46.21666667,17.1,46.5,7.17,765.1,69.83333333,2,30.83333333,1.93
20,0,19.39,45.29,18.6,44.82666667,19.79,44.43333333,18.23,45.09,17.2,52.07,6.623333333,83.6,18.66611111,40.00944444,18.66666667,46.07,17.1,46.53,7.13,765.1,69.66666667,2,32.66666667,1.87
20,0,19.42666667,45.23,18.7,44.9,19.79,44.4,18.29,45.03,17.2,52.07,6.5,83.22666667,18.79111111,39.89277778,18.755,45.97,17.16666667,46.59,7.1,765.1,69.5,2,34.5,1.8
20,0,19.5,45.23,18.7,44.82666667,19.79,44.4,18.26,44.93,17.2,52.085,6.5,83.03333333,18.89055556,39.78722222,18.79,45.77722222,17.2,46.65666667,7.07,765.1,69.33333333,2,36.33333333,1.73
40,0,19.5,45.09,18.73,44.76,19.79,44.5,18.26,44.79,17.2,52.075,6.4,83.39333333,18.98777778,39.62055556,18.87333333,45.69388889,17.2,46.93,7.03,765.1,69.16666667,2,38.16666667,1.67
50,0,19.5,45.09,18.79,44.7,19.73,44.5,18.29,44.79,17.2,52.09,6.4,83.86666667,19.08333333,39.61444444,18.945,45.57722222,17.23,47.12666667,7,765.1,69,2,40,1.6
50,0,19.6,45.06,18.82333333,44.59,19.79,44.53,18.29,44.79,17.2,52.055,6.19,83.76333333,19.1,39.525,19.00555556,45.46666667,17.23,47.2,6.75,765.1,70.33333333,2,40,1.63
40,0,19.6,45,18.82333333,44.53,19.79,44.53,18.29,44.79,17.2,52.085,6.19,83.69,19.15,39.43888889,19.05,45.39833333,17.29,47.13333333,6.5,765.1,71.66666667,2,40,1.67
50,0,19.6,45,18.89,44.5,19.79,44.59,18.29,44.73,17.2,52.09,6.156666667,82.36666667,19.16666667,39.29555556,19.09444444,45.32666667,17.29,46.93333333,6.25,765.1,73,2,40,1.7
30,0,19.6,45,18.89,44.43333333,19.79,44.59,18.29,44.43,17.2,52.09,5.895,83.12,19.2,39.2,19.08888889,45.21277778,17.29,46.76,6,765.1,74.33333333,2,40,1.73
40,0,19.6,45.03,18.85666667,44.33333333,19.89,44.7,18.29,44.15666667,17.2,52.09,5.623333333,83.99333333,19.18333333,39.145,19.03888889,45.13277778,17.29,46.62666667,5.75,765.1,75.66666667,2,40,1.77
40,0,19.6,45.09,18.79,44.2,19.82333333,44.62666667,18.26,44.02666667,17.2,52.09,5.396666667,84.19,19.11111111,39.09,19.01111111,45.10222222,17.29,46.56,5.5,765.1,77,2,40,1.8
40,0,19.6,45,18.79,44.2,19.82333333,44.62666667,18.2,43.82666667,17.2,52.09,4.996666667,84.39666667,19.1,39.07,18.945,45.09611111,17.29,46.5,5.03,765.1333333,78.66666667,2,40,1.63
40,0,19.53333333,44.93333333,18.79,44.2,19.89,44.62666667,18.2,43.7,17.2,52.055,4.526666667,85.13333333,19.03888889,38.97611111,18.90222222,45.145,17.23,46.4,4.57,765.1666667,80.33333333,2,40,1.47
50,0,19.5,44.76,18.7,44.245,19.89,44.66333333,18.2,43.7,17.2,52,4.193333333,85.52666667,19,38.9,18.87333333,45.18166667,17.23,46.32666667,4.1,765.2,82,2,40,1.3
50,0,19.5,44.62666667,18.7,44.29,19.82333333,44.53,18.13333333,43.7,17.2,52,3.723333333,86.1,18.98166667,38.98833333,18.79,45.18777778,17.2,46.2,3.63,765.2333333,83.66666667,2,40,1.13
30,0,19.5,44.56,18.7,44.29,19.82333333,44.5,18.1,43.86,17.2,52,3.39,86.7,18.89,39.08,18.79,45.2,17.2,46.16333333,3.17,765.2666667,85.33333333,2,40,0.967
20,0,19.5,44.5,18.6,44.29,19.89,44.5,18.1,44.06,17.2,52,2.93,87.66666667,18.82888889,39.075,18.78,45.2,17.2,46.09,2.7,765.3,87,2,40,0.8
20,0,19.46333333,44.36333333,18.6,44.29,19.89,44.345,18.1,44.23,17.2,52,2.73,88.26666667,18.79,39,18.705,45.215,17.2,46.09,2.55,765.3666667,87.66666667,2.166666667,37.83333333,0.733
20,0,19.39,44.29,18.53333333,44.29,19.79,44.16333333,18.03333333,44.29,17.17777778,52,2.466666667,88.96333333,18.755,38.99444444,18.7,45.32055556,17.2,46.09,2.4,765.4333333,88.33333333,2.333333333,35.66666667,0.667
50,0,19.39,44.29,18.53333333,44.23,19.79,44.09,18,44.32666667,17.17777778,52,2.266666667,89.29666667,18.7,38.91111111,18.7,45.4,17.1,46.09,2.25,765.5,89,2.5,33.5,0.6
40,0,19.39,44.2,18.5,44.29,19.79,44.09,18,44.4,17.17777778,52,2,89.73,18.66111111,38.9,18.62777778,45.35111111,17.1,46.03,2.1,765.5666667,89.66666667,2.666666667,31.33333333,0.533
50,0,19.39,44.2,18.5,44.29,19.73,44.09,17.96333333,44.4,17.2,52,1.933333333,90.99666667,18.6,38.9,18.59444444,45.41666667,17.1,45.86333333,1.95,765.6333333,90.33333333,2.833333333,29.16666667,0.467
50,0,19.29,44.2,18.46333333,44.26,19.79,44.09,17.96333333,44.4,17.17222222,51.97222222,1.966666667,92.06,18.6,38.9,18.57222222,45.5,17.1,45.73,1.8,765.7,91,3,27,0.4
40,0,19.29,44.2,18.39,44.12666667,19.79,44.09,17.92666667,44.4,17.16666667,51.96666667,1.9,92.2,18.52777778,38.9,18.50555556,45.49444444,17.1,45.66333333,2.07,765.7166667,90.5,3.166666667,27,0.6
40,0,19.29,44.12666667,18.39,44.2,19.79,44.06,17.92666667,44.4,17.11111111,51.93333333,1.76,92.23333333,18.5,38.98333333,18.5,45.46111111,17.1,45.59,2.33,765.7333333,90,3.333333333,27,0.8
40,0,19.29,44.12666667,18.39,44.2,19.79,44,17.89,44.4,17.1,51.91111111,1.6,92.195,18.45722222,38.96111111,18.49388889,45.49444444,17.1,45.5,2.6,765.75,89.5,3.5,27,1
40,0,19.26,44.06,18.35666667,44.2,19.79,43.96666667,17.89,44.4,17.1,51.91111111,1.5,92.83333333,18.40222222,38.91111111,18.445,45.45,17.03333333,45.36,2.87,765.7666667,89,3.666666667,27,1.2
30,0,19.2,44,18.29,44.2,19.79,43.96666667,17.82333333,44.32666667,17.1,51.9,1.356666667,92.66,18.39,38.9,18.39611111,45.40555556,17.1,45.36333333,3.13,765.7833333,88.5,3.833333333,27,1.4
20,0,19.2,44,18.29,44.2,19.79,43.86333333,17.82333333,44.32666667,17.1,51.9,1.29,92.93333333,18.35111111,38.96111111,18.35666667,45.4,17.03333333,45.23,3.4,765.8,88,4,27,1.6
20,0,19.2,44,18.29,44.2,19.73,43.79,17.79,44.29,17.1,51.9,1.2,93.33333333,18.29,39,18.32888889,45.4,17,45.09,3.23,765.8333333,88.5,3.833333333,27,1.5
30,0,19.16666667,44.09,18.2,44.09,19.7,43.76,17.79,44.29,17.1,51.9,1.2,93.4,18.285,38.99444444,18.30111111,45.4,17,45.03,3.07,765.8666667,89,3.666666667,27,1.4
40,0,19.1,44.03,18.2,44.09,19.7,43.7,17.79,44.2,17.1,51.91111111,1.1,93.52666667,18.25,39.00333333,18.29,45.41666667,17,44.96666667,2.9,765.9,89.5,3.5,27,1.3
40,0,19.1,44,18.2,44.09,19.7,43.59,17.79,44.2,17.1,51.91111111,1.1,93.59333333,18.2,39,18.265,45.45,17,44.9,2.73,765.9333333,90,3.333333333,27,1.2
50,0,19.1,44,18.16666667,44.09,19.7,43.66333333,17.79,44.2,17.1,51.9,1.033333333,93.96666667,18.2,39.045,18.2,45.39388889,17,44.845,2.57,765.9666667,90.5,3.166666667,27,1.1
30,0,19.06666667,43.96666667,18.1,44.09,19.7,43.7,17.7,44.12666667,17.1,51.9,1.1,94.3,18.18888889,39.09,18.2,45.35722222,16.96333333,44.76,2.4,766,91,3,27,1
40,0,19,43.9,18.1,44.12666667,19.7,43.7,17.7,44.2,17.1,51.9,1.033333333,94.6,18.13888889,39.09,18.2,45.4,16.96333333,44.7,2.45,765.95,90.83333333,3.166666667,27.16666667,1.03
50,0,19,43.86333333,18.1,44.2,19.7,43.7,17.7,44.16333333,17.1,51.9,1.1,95,18.1,39.09,18.18888889,45.4,16.89,44.59,2.5,765.9,90.66666667,3.333333333,27.33333333,1.07
40,0,19,43.79,18.1,44.16333333,19.7,43.66333333,17.7,44.09,17.1,51.9,1.066666667,94.83,18.1,39.09,18.12777778,45.4,16.89,44.59,2.55,765.85,90.5,3.5,27.5,1.1
50,0,19,43.79,18.1,44.16333333,19.7,43.59,17.7,44.09,17.1,51.83277778,0.933333333,94.76333333,18.05,39.045,18.1,45.4,16.89,44.5,2.6,765.8,90.33333333,3.666666667,27.66666667,1.13
40,0,18.96333333,43.79,18,44.16333333,19.7,43.59,17.7,44.09,17.06666667,51.76,0.9,94.96333333,18.01111111,39.01,18.1,45.4,16.89,44.5,2.65,765.75,90.16666667,3.833333333,27.83333333,1.17
40,0,18.89,43.79,18,44.09,19.7,43.59,17.63333333,44,17.06666667,51.76,0.9,95.09,18,39,18.1,45.4,16.89,44.4,2.7,765.7,90,4,28,1.2
40,0,18.89,43.79,18,44.12666667,19.7,43.5,17.63333333,44,17.06666667,51.76,0.85,95.045,18,39,18.07222222,45.4,16.89,44.4,2.77,765.7,89.33333333,4.166666667,30,1.17
20,0,18.89,43.79,18,44.12666667,19.7,43.5,17.6,43.96666667,17.01111111,51.71,0.8,95.06333333,17.99388889,39,18.01111111,45.33888889,16.89,44.29,2.83,765.7,88.66666667,4.333333333,32,1.13
20,0,18.89,43.79,18,44.09,19.7,43.46666667,17.6,43.96666667,17.01666667,51.67222222,0.8,95.12333333,17.90222222,39,18,45.29611111,16.82333333,44.23,2.9,765.7,88,4.5,34,1.1
30,0,18.89,43.79,18,44.09,19.63333333,43.32666667,17.6,43.9,17,51.62666667,0.7,95.22666667,17.89,39,18,45.33277778,16.85666667,44.16333333,2.97,765.7,87.33333333,4.666666667,36,1.07
20,0,18.79,43.7,17.89,44.16333333,19.6,43.16333333,17.6,43.9,17,51.59,0.766666667,95.56,17.89,39,17.99388889,45.33277778,16.79,44.09,3.03,765.7,86.66666667,4.833333333,38,1.03
50,0,18.79,43.7,17.89,44.09,19.6,43.09,17.6,43.9,17,51.59,0.8,95.72666667,17.89,39,17.90222222,45.30222222,16.79,44.06,3.1,765.7,86,5,40,1
40,0,18.85666667,43.72333333,17.89,44.09,19.6,43.09,17.6,43.9,17,51.575,0.8,95.8,17.89,39,17.91444444,45.32666667,16.79,44,3.08,765.6166667,86,5,40,0.983
40,0,18.79,43.59,17.89,44.09,19.6,43.09,17.6,43.9,17,51.55,0.8,95.79333333,17.87333333,38.98333333,17.89,45.32055556,16.79,43.96666667,3.07,765.5333333,86,5,40,0.967
40,0,18.79,43.59,17.89,44.09,19.6,43.09,17.53333333,43.9,17,51.5,0.8,96.06,17.79,38.93333333,17.89,45.345,16.79,43.9,3.05,765.45,86,5,40,0.95
40,0,18.79,43.59,17.89,44.16333333,19.53333333,43.09,17.5,43.845,17,51.5,0.9,96.4,17.79,38.99444444,17.89,45.29,16.79,43.9,3.03,765.3666667,86,5,40,0.933
40,0,18.79,43.59,17.79,44.09,19.56666667,43.09,17.5,43.86333333,17,51.5,0.833333333,96.19333333,17.79,38.97222222,17.89,45.29,16.79,43.9,3.02,765.2833333,86,5,40,0.917
50,0,18.79,43.59,17.79,44.09,19.5,43.09,17.5,43.79,17,51.46111111,0.9,96.39666667,17.785,38.9,17.83444444,45.24,16.745,43.79,3,765.2,86,5,40,0.9
50,0,18.7,43.5,17.79,44.09,19.5,43.09,17.5,43.79,17,51.42222222,0.9,96.59,17.72,38.91111111,17.79555556,45.205,16.7,43.79,3.07,765.1833333,85.5,5,40,0.867
40,0,18.7,43.5,17.79,44.09,19.55,43.0675,17.5,43.79,17,51.42222222,1,96.8,17.71,38.93333333,17.79,45.2,16.7,43.73,3.13,765.1666667,85,5,40,0.833
20,0,18.7,43.5,17.79,44.09,19.56666667,43,17.46333333,43.76,17,51.4,1,96.93333333,17.7,38.97222222,17.79,45.2,16.7,43.7,3.2,765.15,84.5,5,40,0.8
20,0,18.7,43.5,17.79,44.09,19.56666667,42.96666667,17.39,43.7,17,51.4,1.1,97,17.7,38.92777778,17.79,45.2,16.7,43.7,3.27,765.1333333,84,5,40,0.767
20,0,18.7,43.5,17.79,44.09,19.5,42.82666667,17.39,43.7,16.945,51.4,1.1,97.075,17.7,38.91111111,17.785,45.2,16.7,43.7,3.33,765.1166667,83.5,5,40,0.733
30,0,18.66666667,43.46666667,17.76,44.09,19.5,42.79,17.39,43.7,16.98166667,51.35722222,1.166666667,97.3,17.7,38.9,17.73,45.18777778,16.7,43.62666667,3.4,765.1,83,5,40,0.7
50,0,18.6,43.4,17.7,44.09,19.5,42.73,17.39,43.62666667,16.92055556,51.31444444,1.2,97.36666667,17.7,38.9,17.72,45.18777778,16.7,43.59,3.37,765.1,83.16666667,5,40,0.7
50,0,18.6,43.4,17.7,44.12666667,19.39,42.62666667,17.39,43.62666667,16.90222222,51.29,1.26,97.56,17.63888889,38.83277778,17.7,45.2,16.7,43.59,3.33,765.1,83.33333333,5,40,0.7
40,0,18.6,43.4,17.7,44.12666667,19.39,42.7,17.39,43.59,16.92055556,51.29,1.26,97.33,17.6,38.79,17.7,45.2,16.7,43.5,3.3,765.1,83.5,5,40,0.7
50,0,18.6,43.4,17.7,44.09,19.42666667,42.73,17.39,43.59,16.89611111,51.29,1.2,97.19,17.6,38.79,17.7,45.16333333,16.63333333,43.43333333,3.27,765.1,83.66666667,5,40,0.7
40,0,18.6,43.4,17.7,44.09,19.42666667,42.73,17.39,43.59,16.89,51.245,1.2,97.26,17.6,38.79,17.7,45.13277778,16.6,43.36333333,3.23,765.1,83.83333333,5,40,0.7
40,0,18.6,43.29,17.7,44.09,19.5,42.76,17.39,43.59,16.89,51.2,1.26,97.46666667,17.57777778,38.79,17.68333333,45.08722222,16.6,43.29,3.2,765.1,84,5,40,0.7
40,0,18.6,43.29,17.63333333,44.03,19.42666667,42.7,17.39,43.59,16.89,51.2,1.39,97.69,17.58333333,38.79,17.61111111,45.01,16.6,43.29,3.32,765,83.33333333,5.166666667,40,0.7
40,0,18.6,43.29,17.6,44.03,19.39,42.59,17.32333333,43.59,16.89,51.2,1.463333333,97.69,17.52222222,38.79,17.6,45,16.6,43.29,3.43,764.9,82.66666667,5.333333333,40,0.7
40,0,18.53333333,43.29,17.6,44.03,19.39,42.59,17.29,43.59,16.89,51.2,1.633333333,98.06333333,17.51111111,38.79,17.6,45,16.6,43.29,3.55,764.8,82,5.5,40,0.7
50,0,18.5,43.29,17.6,44,19.39,42.59,17.29,43.59,16.89,51.15722222,1.76,98.19,17.5,38.79,17.6,45,16.6,43.23,3.67,764.7,81.33333333,5.666666667,40,0.7
40,0,18.5,43.29,17.6,44,19.39,42.59,17.29,43.59,16.89,51.09,1.933333333,98.3,17.5,38.79,17.6,45,16.6,43.2,3.78,764.6,80.66666667,5.833333333,40,0.7
20,0,18.5,43.29,17.6,43.95,19.39,42.56,17.29,43.53,16.89,51.09,2,98.3,17.5,38.79,17.58333333,45,16.6,43.2,3.9,764.5,80,6,40,0.7
20,0,18.5,43.29,17.6,44,19.39,42.56,17.29,43.53,16.89,51.09,2.126666667,98.43333333,17.48777778,38.78,17.56111111,45,16.53333333,43.2,3.95,764.55,80.33333333,6,40,0.8
20,0,18.5,43.29,17.53333333,43.93333333,19.39,42.46666667,17.29,43.56,16.89,51.085,2.333333333,98.56,17.46333333,38.78,17.56666667,45,16.5,43.2,4,764.6,80.66666667,6,40,0.9
30,0,18.5,43.29,17.5,44,19.2925,42.3725,17.29,43.56,16.89,51.04,2.345,98.45,17.46333333,38.77,17.55,45,16.5,43.2,4.05,764.65,81,6,40,1
50,0,18.5,43.29,17.5,44,19.2,42.29,17.26,43.56,16.86222222,50.98222222,2.626666667,98.66,17.39611111,38.745,17.54444444,45,16.5,43.16333333,4.1,764.7,81.33333333,6,40,1.1
40,0,18.5,43.23,17.5,43.9,19.2,42.29,17.26,43.5,16.85111111,50.96111111,2.76,98.8,17.39,38.745,17.51111111,45,16.5,43.09,4.15,764.75,81.66666667,6,40,1.2
50,0,18.445,43.145,17.5,43.9,19.13333333,42.29,17.2,43.43333333,16.86777778,50.97777778,2.963333333,99.03,17.39,38.763,17.5,45,16.5,43.09,4.2,764.8,82,6,40,1.3
40,0,18.39,43.09,17.5,43.9,19.1,42.29,17.2,43.43333333,16.89,51,3.163333333,99.09,17.39,38.75210526,17.5,45,16.5,43.09,4.25,764.75,81.83333333,6,40,1.33
50,0,18.39,43.09,17.42666667,43.82666667,19.1,42.36333333,17.2,43.46666667,16.86777778,50.95555556,3.326666667,99.12333333,17.39,38.79,17.5,45.035,16.5,43.09,4.3,764.7,81.66666667,6,40,1.37
40,0,18.39,43.09,17.39,43.79,19.1,42.4,17.2,43.46666667,16.85111111,50.91833333,3.526666667,99.26333333,17.39,38.79,17.47555556,45.02,16.5,43.09,4.35,764.65,81.5,6,40,1.4
40,0,18.39,43.09,17.39,43.79,19.16666667,42.4,17.2,43.43333333,16.82333333,50.83777778,3.626666667,99.19,17.39,38.79,17.43888889,45.04,16.5,43.09,4.4,764.6,81.33333333,6,40,1.43
20,0,18.35666667,43.09,17.39,43.79,19.1,42.36333333,17.2,43.5,16.81222222,50.81444444,3.626666667,98.85666667,17.34555556,38.79,17.46333333,45.06,16.5,43.09,4.45,764.55,81.16666667,6,40,1.47
30,0,18.29,43.09,17.39,43.79,19.1,42.43,17.2,43.5,16.79,50.79,3.59,98.36666667,17.33444444,38.82666667,17.445,45.06,16.5,43.09,4.5,764.5,81,6,40,1.5
20,0,18.29,43.09,17.39,43.79,19.1,42.29,17.2,43.5,16.79,50.79,3.663333333,98.3,17.29,38.80222222,17.39,45.005,16.42666667,43.03,4.47,764.4333333,81.16666667,6.333333333,40,1.5
20,0,18.29,43.09,17.32333333,43.79,19.1,42.29,17.13333333,43.5,16.79,50.77,3.633333333,97.56333333,17.29,38.80222222,17.43888889,45.04,16.39,43.03,4.43,764.3666667,81.33333333,6.666666667,40,1.5
50,0,18.29,43.09,17.29,43.76,19,42.2,17.13333333,43.5,16.79,50.745,3.433333333,96.56333333,17.29,38.87555556,17.41444444,45.025,16.39,43.03,4.4,764.3,81.5,7,40,1.5
40,0,18.29,43.09,17.29,43.76,19.06666667,42.26,17.1,43.5,16.79,50.7,3.363333333,95.79666667,17.29,38.9,17.39,45.045,16.39,43,4.37,764.2333333,81.66666667,7.333333333,40,1.5
40,0,18.29,43.09,17.29,43.79,19.03333333,42.23,17.1,43.5,16.79,50.7,3.23,95.39666667,17.29,38.812,17.39,45.085,16.39,43,4.33,764.1666667,81.83333333,7.666666667,40,1.5
40,0,18.29,43.09,17.29,43.79,19.1,42.36333333,17.1,43.56,16.79,50.69388889,3.2,95.15666667,17.29,38.85947368,17.39,45.09,16.39,43,4.3,764.1,82,8,40,1.5
40,0,18.23,43.03,17.29,43.79,19.13333333,42.29,17.1,43.5,16.79,50.63888889,3.1175,94.945,17.29,38.89388889,17.39,45.09,16.39,43.045,4.35,764.1166667,82,7.666666667,40,1.55
40,0,18.23,43.03,17.29,43.9,19.13333333,42.23,17.1,43.56,16.79,50.66333333,3.09,95.03,17.29,38.9,17.37888889,45.09,16.39,43,4.4,764.1333333,82,7.333333333,40,1.6
40,0,18.2,43.09,17.29,43.96666667,19.2,42.23,17.1,43.53,16.79,50.62666667,3.23,95.32333333,17.275,38.85722222,17.33444444,45.09,16.39,43,4.45,764.15,82,7,40,1.65
50,0,18.2,43.09,17.23,43.93333333,19.2,42.2225,17.1,43.59,16.79,50.59,3.43,95.79666667,17.24,38.83888889,17.35111111,45.09,16.39,43,4.5,764.1666667,82,6.666666667,40,1.7
50,0,18.2,43.09,17.29,44,19.2,42.26,17.1,43.59,16.79,50.59,3.693333333,96.16,17.2,38.79,17.33444444,45.09,16.39,43.03,4.55,764.1833333,82,6.333333333,40,1.75
20,0,18.2,43.09,17.26,44,19.2,42.2,17.03333333,43.53,16.77,50.59,3.966666667,96.03333333,17.2,38.79,17.30111111,45.09,16.39,43.03,4.6,764.2,82,6,40,1.8
20,0,18.2,43.2,17.26,44.06,19.2,42.2,17,43.5,16.77,50.59,4.226666667,95.45666667,17.2,38.79,17.29,45.13277778,16.39,43.09,4.65,764.1333333,81.83333333,6.333333333,40,1.82
20,0,18.2,43.2,17.2,44.09,19.2,42.06,17,43.5,16.785,50.59,4.366666667,94.59666667,17.2,38.85111111,17.29,45.2,16.39,43.09,4.7,764.0666667,81.66666667,6.666666667,40,1.83
30,0,18.2,43.26,17.2,44.09,19.2,42,17,43.5,16.72,50.59,4.53,93.79,17.2,38.85722222,17.29,45.2,16.35666667,43.09,4.75,764,81.5,7,40,1.85
40,0,18.16666667,43.29,17.2,44.09,19.2,42,17,43.5,16.75,50.59,4.59,92.39666667,17.2,38.88777778,17.29,45.2,16.29,43.09,4.8,763.9333333,81.33333333,7.333333333,40,1.87
40,0,18.1,43.29,17.2,44.09,19.13333333,42,17,43.59,16.7,50.575,4.656666667,91.53333333,17.2,38.9,17.29,45.255,16.29,43.09,4.85,763.8666667,81.16666667,7.666666667,40,1.88
50,0,18.1,43.29,17.2,44.09,19.1,42.09,17,43.59,16.7,50.53,4.53,90.06,17.18888889,38.9,17.275,45.255,16.29,43.09,4.9,763.8,81,8,40,1.9
40,0,18.1,43.29,17.2,44.09,19.1,42.09,17,43.59,16.7,50.51,4.5,89.86,17.16111111,38.9,17.285,45.285,16.29,43.09,4.97,763.8166667,81,8,40,1.97
40,0,18.1,43.32666667,17.2,44.16333333,19.13333333,42.09,17,43.59,16.7,50.51,4.56,90.59333333,17.12777778,38.9,17.26,45.26,16.29,43.09,5.03,763.8333333,81,8,40,2.03
40,0,18.1,43.4,17.2,44.09,19.2,42.09,17,43.59,16.7,50.5,4.76,90.93333333,17.12777778,38.9,17.225,45.225,16.29,43.09,5.1,763.85,81,8,40,2.1
40,0,18.1,43.4,17.2,44.2,19.2,42.09,17,43.59,16.7,50.5,4.966666667,90.39333333,17.12222222,38.9,17.2,45.2,16.29,43.09,5.17,763.8666667,81,8,40,2.17
40,0,18.1,43.4,17.13333333,44.2,19.13333333,42.09,16.89,43.62666667,16.7,50.5,5.03,89.76333333,17.1,38.90555556,17.2,45.215,16.29,43.2,5.23,763.8833333,81,8,40,2.23
40,0,18.1,43.4,17.1,44.2,19.16666667,42.09,16.89,43.645,16.7,50.5,5.1925,89.595,17.1,38.96666667,17.2,45.27,16.29,43.2,5.3,763.9,81,8,40,2.3
20,0,18.1,43.4,17.1,44.2,19.16666667,42.09,16.96333333,43.7,16.7,50.5,5.366666667,89.15666667,17.1,38.97777778,17.2,45.29,16.29,43.2,5.4,763.9166667,81.16666667,8.166666667,40,2.42
20,0,18.06666667,43.4,17.1,44.2,19.16666667,42.06,16.89,43.7,16.7,50.5,5.53,88.79666667,17.1,39,17.2,45.29,16.29,43.2225,5.5,763.9333333,81.33333333,8.333333333,40,2.53
30,0,18,43.32666667,17.1,44.2,19.1,42,16.89,43.76,16.7,50.5,5.656666667,88.39666667,17.1,39,17.2,45.35722222,16.29,43.23,5.6,763.95,81.5,8.5,40,2.65
40,0,18.03333333,43.36,17.1,44.2,19.1,41.9,16.89,43.73,16.7,50.5,5.726666667,86.99333333,17.1,39,17.2,45.4,16.29,43.29,5.7,763.9666667,81.66666667,8.666666667,40,2.77
40,0,18.03333333,43.43333333,17.1,44.2,19.1,41.93333333,16.89,43.79,16.7,50.5,5.866666667,86.8,17.1,39.035,17.2,45.4,16.29,43.29,5.8,763.9833333,81.83333333,8.833333333,40,2.88
40,0,18,43.4,17.1,44.2,19.1,42,16.89,43.79,16.7,50.5,6.03,85.86666667,17.1,39.09,17.2,45.4,16.29,43.29,5.9,764,82,9,40,3
40,0,18,43.46666667,17.1,44.2,19.1,42,16.89,43.79,16.7,50.47777778,6.156666667,85.39333333,17.1,39.09,17.2,45.4,16.29,43.29,6.05,763.95,81.66666667,8.833333333,40,3.1
40,0,18,43.5,17.16666667,44.2,19.1,42,16.89,43.82666667,16.7,50.43888889,6.3,85.19,17.1,39.09,17.17777778,45.4,16.29,43.29,6.2,763.9,81.33333333,8.666666667,40,3.2
40,0,18,43.5,17.1,44.2,19.1,42.09,16.89,43.82666667,16.7,50.4,6.433333333,85.39666667,17.06666667,39.09611111,17.2,45.43888889,16.29,43.29,6.35,763.85,81,8.5,40,3.3
50,0,18,43.5,17.16666667,44.2,19.1,42.03,16.89,43.9,16.7,50.4,6.793333333,84.46333333,17.07777778,39.17555556,17.18333333,45.5,16.29,43.4,6.5,763.8,80.66666667,8.333333333,40,3.4
40,0,18,43.53,17.13333333,44.2,19.1,42.09,16.89,43.9,16.7,50.345,7.126666667,83.39666667,17.08888889,39.18777778,17.19444444,45.515,16.29,43.4,6.65,763.75,80.33333333,8.166666667,40,3.5
40,0,18,43.59,17.13333333,44.2,19.1,42.09,16.89,43.9,16.7,50.36333333,7.4,82.59,17.06666667,39.16333333,17.16666667,45.57,16.26,43.36333333,6.8,763.7,80,8,40,3.6
30,0,18,43.59,17.13333333,44.2,19.1,42.09,16.89,43.96666667,16.7,50.29,7.4,82.59,17.05555556,39.23277778,17.15555556,45.59611111,16.26,43.43,6.9,763.7333333,80.5,8.166666667,40,3.78
20,0,18,43.66333333,17.2,44.2,19.1,42.09,16.89,44,16.7,50.29,7.5,82.83333333,17.05,39.245,17.13333333,45.66333333,16.29,43.5,7,763.7666667,81,8.333333333,40,3.97
20,0,18,43.7,17.16666667,44.29,19.1,42,16.89,44,16.7,50.29,7.56,82.96,17.03333333,39.28944444,17.16666667,45.735,16.29,43.5,7.1,763.8,81.5,8.5,40,4.15
10,0,18,43.7,17.16666667,44.29,19.1,42,16.89,44.09,16.68888889,50.28,7.66,83.85666667,17,39.29,17.12777778,45.79,16.29,43.59,7.2,763.8333333,82,8.666666667,40,4.33
60,0,18,43.79,17.2,44.29,19,41.9,16.89,44.09,16.68888889,50.28,7.875,84.415,17.00555556,39.36277778,17.12222222,45.83277778,16.29,43.59,7.3,763.8666667,82.5,8.833333333,40,4.52
40,0,18,43.79,17.13333333,44.29,19,41.9,16.89,44.145,16.7,50.29,7.966666667,84.36333333,17.01666667,39.41666667,17.1,45.91666667,16.29,43.62666667,7.4,763.9,83,9,40,4.7
40,0,17.92666667,43.9,17.13333333,44.32666667,19,42,16.82333333,44.15666667,16.7,50.29,8.033333333,83.72666667,17,39.41666667,17.1,46.00388889,16.23,43.62666667,7.5,763.85,82.66666667,9.166666667,40,4.73
50,0,18,43.9,17.13333333,44.4,19,42,16.82333333,44.23,16.67777778,50.27,8.16,83.93333333,17.04666667,39.542,17.1,46.07,16.2,43.645,7.6,763.8,82.33333333,9.333333333,40,4.77
40,0,17.89,44,17.1,44.4,19,42.03,16.79,44.23,16.66111111,50.255,8.3,83.2,17.01666667,39.52,17.12222222,46.10833333,16.23,43.73,7.7,763.75,82,9.5,40,4.8
40,0,17.89,44,17.16666667,44.5,19,42.09,16.79,44.29,16.66666667,50.26,8.36,82.8,17.01111111,39.59,17.1,46.2,16.23,43.79,7.8,763.7,81.66666667,9.666666667,40,4.83
40,0,18,44.03,17.16666667,44.5,19,42.09,16.79,44.32666667,16.66111111,50.235,8.426666667,82.49666667,17,39.59611111,17.1,46.225,16.2,43.82666667,7.9,763.65,81.33333333,9.833333333,40,4.87
40,0,17.92666667,44.09,17.16666667,44.5,19,42.09,16.79,44.32666667,16.64444444,50.24,8.5,82.16333333,17,39.68777778,17.1,46.28,16.2,43.9,8,763.6,81,10,40,4.9
50,0,17.92666667,44.2,17.1,44.56,19,42.09,16.79,44.43333333,16.64444444,50.215,8.5,81.9,17,39.705,17.1,46.30833333,16.2,43.9,8.05,763.5,81.33333333,10.16666667,40,5
20,0,17.92666667,44.2,17.13333333,44.59,19,42.2,16.79,44.5,16.66111111,50.24,8.5,81.96666667,17,39.76,17.1,46.4,16.2,43.9,8.1,763.4,81.66666667,10.33333333,40,5.1
30,0,17.945,44.2,17.13333333,44.59,19,42.12666667,16.85666667,44.56,16.6,50.2,8.533333333,82.39333333,17,39.79,17.1,46.41666667,16.23,43.96333333,8.15,763.3,82,10.5,40,5.2
20,0,17.89,44.29,17.13333333,44.7,19.06666667,42.16333333,16.79,44.5,16.63333333,50.22388889,8.6,82.39333333,17,39.79,17.1,46.5,16.23,44.03,8.2,763.2,82.33333333,10.66666667,40,5.3
20,0,17.89,44.29,17.13333333,44.7,19,42.09,16.79,44.53,16.62777778,50.18222222,8.533333333,82.09666667,17,39.85722222,17.09444444,46.53,16.2,44.09,8.25,763.1,82.66666667,10.83333333,40,5.4
40,0,17.89,44.32666667,17.16666667,44.7,19,42.09,16.79,44.59,16.60555556,50.205,8.6,82.43,17,39.91666667,17.08333333,46.575,16.2,44.09,8.3,763,83,11,40,5.5
50,0,17.89,44.4,17.1,44.7,19,42.09,16.79,44.62666667,16.61666667,50.2,8.6,82.69,17,39.98888889,17.07222222,46.63111111,16.26,44.2,8.3,762.95,83.33333333,10.83333333,40,5.57
40,0,17.89,44.4,17.1,44.73,19,42.12666667,16.79,44.7,16.60555556,50.17555556,8.6,83.09666667,17,40,17.05,46.645,16.2,44.2,8.3,762.9,83.66666667,10.66666667,40,5.63
40,0,17.89,44.46666667,17.1,44.79,19,42.2,16.79,44.7,16.6,50.2,8.6,83.46,17,40.055,17.06111111,46.73777778,16.2,44.2,8.3,762.85,84,10.5,40,5.7
50,0,17.89,44.5,17.1,44.82666667,19,42.26,16.79,44.76,16.6,50.2,8.6,84,17,40.09,17.07222222,46.79333333,16.2,44.26,8.3,762.8,84.33333333,10.33333333,40,5.77
50,0,17.89,44.56,17.1,44.9,19,42.26,16.79,44.79,16.6,50.2,8.645,84.6,17,40.15722222,17.02777778,46.82055556,16.23,44.36,8.3,762.75,84.66666667,10.16666667,40,5.83
30,0,17.89,44.59,17.1,44.93333333,19,42.29,16.79,44.86333333,16.6,50.2,8.6,84.76,16.98777778,40.215,17.02222222,46.86944444,16.23,44.43333333,8.3,762.7,85,10,40,5.9
40,0,17.89,44.66333333,17.1,45,19,42.29,16.79,44.9,16.6,50.2,8.6,84.96666667,16.95722222,40.28,17.06111111,46.97611111,16.2,44.43333333,8.33,762.6666667,84.83333333,10,40,5.9
30,0,17.89,44.73,17.1,45,19,42.32666667,16.73,45,16.6,50.2,8.69,85.03,16.93888889,40.29,17.02777778,47.025,16.2,44.5,8.37,762.6333333,84.66666667,10,40,5.9
20,0,17.89,44.79,17.1,45,19,42.4,16.79,45,16.6,50.2,8.69,84.82333333,16.97555556,40.33277778,17.02222222,47.03,16.2,44.5,8.4,762.6,84.5,10,40,5.9
20,0,17.89,44.86,17.1,45.09,19,42.4,16.79,45,16.6,50.2,8.8,84.43333333,16.92055556,40.4,17.02222222,47.075,16.2,44.59,8.43,762.5666667,84.33333333,10,40,5.9
30,0,17.89,45.06,17.1,45.26666667,18.9175,42.425,16.79,45.06,16.6,50.2,8.726666667,84.36666667,16.90833333,40.43888889,17,47.09611111,16.2,44.59,8.47,762.5333333,84.16666667,10,40,5.9
40,0,17.89,45.63333333,17.1,45.66,18.82333333,42.69333333,16.76,45.2,16.6,50.2,8.69,84.36666667,16.89,40.5,17,47.18777778,16.2,44.7,8.5,762.5,84,10,40,5.9
50,0,17.89,46.02666667,17.13333333,46.26666667,18.89,43.12666667,16.7,45.2,16.6,50.265,8.763333333,84.36666667,16.89,40.58111111,17,47.2,16.2,44.7,8.52,762.45,83.83333333,10,40,5.9
40,0,17.92666667,46.23,17.26,46.46666667,18.89,43.2,16.7,45.2,16.6,50.29611111,8.8,84.26333333,16.89,40.71277778,17,47.27555556,16.2,44.7,8.53,762.4,83.66666667,10,40,5.9
40,0,18,46.29,17.39,46.36333333,18.89,43.32666667,16.7,45.2,16.6,50.38777778,8.8,84.19,16.89,40.85722222,16.97555556,47.40555556,16.2,44.76,8.55,762.35,83.5,10,40,5.9
50,10,18.1,46.4,17.46333333,46.29,18.89,43.4,16.7,45.29,16.6,50.4,8.8,84.09,16.84,40.87555556,16.95722222,47.48888889,16.2,44.79,8.57,762.3,83.33333333,10,40,5.9
60,0,18.175,46.3175,17.63333333,46.06,18.89,43.4,16.7,45.29,16.6,50.4,8.8,84.23,16.85111111,40.99611111,16.96333333,47.575,16.2,44.79,8.58,762.25,83.16666667,10,40,5.9
70,10,18.26,46.29,17.76,45.86,18.96333333,43.46666667,16.7,45.32666667,16.6,50.4,8.8,84.36666667,16.84,41.045,16.90222222,47.66944444,16.2,44.86333333,8.6,762.2,83,10,40,5.9
60,0,18.32333333,46.16333333,17.92666667,45.72333333,19,43.59,16.7,45.4,16.6,50.4,8.8,84.62666667,16.82333333,41.11777778,16.89,47.715,16.2,44.86333333,8.63,762.2,83.16666667,9.833333333,40,5.95
70,0,18.39,46.09,18.06666667,45.59,19,43.66333333,16.7,45.43333333,16.6,50.42777778,8.8,85.03,16.80111111,41.225,16.89,47.79,16.13333333,45,8.67,762.2,83.33333333,9.666666667,40,6
70,10,18.53333333,46.06,18.13333333,45.4,19.03333333,43.7,16.7,45.5,16.6,50.48888889,8.8,85.23,16.79,41.30833333,16.90833333,48.14722222,16.13333333,45,8.7,762.2,83.5,9.5,40,6.05
70,0,18.6,46,18.26,45.32666667,19.1,43.76,16.7,45.5,16.6,50.5,8.8,85.195,16.79,41.4,17.05,49.04666667,16.1,45.03,8.73,762.2,83.66666667,9.333333333,40,6.1
50,0,18.7,45.96666667,18.32333333,45.16333333,19.1,43.7,16.7,45.56,16.6,50.51,8.89,85.19,16.79,41.41666667,17.18333333,49.61666667,16.1,45.09,8.77,762.2,83.83333333,9.166666667,40,6.15
70,10,18.76,45.9,18.46333333,45.03,19.1,43.7,16.7,45.59,16.6,50.565,8.83,85.12333333,16.79,41.5,17.28166667,50.00555556,16.1,45.09,8.8,762.2,84,9,40,6.2
80,0,18.92666667,45.86333333,18.63333333,44.86333333,19.1,43.7,16.7,45.6725,16.61666667,50.62055556,8.8,85.3,16.79,41.515,17.39722222,50.25333333,16.1,45.16333333,8.83,762.2166667,83.66666667,9.166666667,40,6.18
110,10,19.06666667,45.73,18.76,44.73,19.16666667,43.76,16.7,45.7,16.60555556,50.67555556,8.8,85.36666667,16.79,41.59,17.52777778,50.36333333,16.13333333,45.29,8.87,762.2333333,83.33333333,9.333333333,40,6.17
80,0,19.23,45.59,18.92666667,44.66333333,19.2,43.79,16.7,45.7,16.6,50.745,8.86,85.23,16.79,41.63277778,17.61666667,50.32,16.2,45.36333333,8.9,762.25,83,9.5,40,6.15
90,0,19.35666667,45.46333333,19.025,44.4725,19.26,43.93,16.7,45.7,16.6,50.79,8.8,85.09,16.79,41.7,17.7,50.46666667,16.1,45.4,8.93,762.2666667,82.66666667,9.666666667,40,6.13
80,10,19.42666667,45.29,19.16666667,44.36,19.32333333,43.96666667,16.7,45.7,16.61666667,50.88611111,8.89,84.93333333,16.79,41.7,17.705,50.48333333,16.1,45.43333333,8.97,762.2833333,82.33333333,9.833333333,40,6.12
80,10,19.56666667,45.23,19.23,44.26,19.4175,43.925,16.7,45.76,16.60555556,50.90555556,8.89,84.8,16.79,41.725,17.76,50.37555556,16.1,45.5,9,762.3,82,10,40,6.1
70,10,19.63333333,45,19.29,44.12666667,19.5,43.93333333,16.7,45.79,16.6,50.91111111,9,84.33,16.79,41.77,17.79555556,50.40555556,16.2,45.93333333,9,762.2833333,82,10,40,6.1
80,0,19.7,44.86,19.29,44.02666667,19.5,43.86333333,16.7,45.79,16.62777778,51.01944444,9,84.19,16.79,41.79,17.85666667,50.46666667,16.2,46.06,9,762.2666667,82,10,40,6.1
90,0,19.73,44.7,19.35666667,43.9,19.56666667,43.79,16.7,45.79,16.68888889,51.09222222,9,83.93333333,16.79,41.80222222,17.91444444,50.52,16.2,46.09,9,762.25,82,10,40,6.1
100,0,19.79,44.62666667,19.42666667,43.82666667,19.6,43.79,16.7,45.79,16.7,51.16944444,9,84,16.79,41.88166667,17.96944444,50.525,16.2,46.09,9,762.2333333,82,10,40,6.1
110,10,19.82333333,44.5,19.5,43.82666667,19.6,43.73,16.66666667,45.79,16.67777778,51.20055556,9,84.03,16.79,41.9,18.06111111,50.61444444,16.2,46.03,9,762.2166667,82,10,40,6.1
90,0,19.9175,44.475,19.6,43.7,19.7,43.79,16.66666667,45.79,16.67777778,51.24555556,9,83.82333333,16.79,41.9,18.15,50.565,16.2,46.03,9,762.2,82,10,40,6.1
80,0,20,44.32666667,19.66666667,43.7,19.7,43.79,16.66666667,45.86333333,16.7,51.32666667,9,83.76333333,16.79,41.90555556,18.235,50.47055556,16.2,46,9.02,762.15,82.16666667,9.833333333,40,6.13
70,0,20.1,44.36333333,19.73,43.59,19.73,43.79,16.66666667,45.86333333,16.7,51.39388889,9,83.83,16.79,41.96666667,18.30111111,50.545,16.2,46,9.03,762.1,82.33333333,9.666666667,40,6.17
60,0,20.16666667,44.29,19.79,43.53,19.73,43.79,16.7,45.9,16.7,51.41111111,9,84.03,16.79,42,18.31222222,50.31111111,16.2,46,9.05,762.05,82.5,9.5,40,6.2
80,0,20.2,44.2,19.82333333,43.5,19.79,43.79,16.7,45.9,16.7,51.47222222,9,84.1425,16.79,42.02,18.30111111,49.92944444,16.2,46,9.07,762,82.66666667,9.333333333,40,6.23
80,0,20.2,44.2,19.89,43.5,19.79,43.79,16.7,45.9,16.7,51.5,9,84.43333333,16.79,42.08111111,18.255,49.67166667,16.2,46,9.08,761.95,82.83333333,9.166666667,40,6.27
80,0,20.29,44.2,19.89,43.4,19.79,43.79,16.7,45.96666667,16.7,51.5,9.1,85,16.79,42.16333333,18.2,49.38055556,16.2,46,9.1,761.9,83,9,40,6.3
90,0,20.29,44.2,19.89,43.32666667,19.85666667,43.86333333,16.7,46,16.72,51.565,9.1,85.2,16.79,42.2,18.19444444,49.255,16.2,46,9.1,761.8333333,83,9.166666667,40,6.3
80,10,20.32333333,44.09,19.92666667,43.29,19.89,43.86333333,16.7,46,16.7,51.59,9.1,85.15666667,16.79,42.225,18.13333333,49.12055556,16.2,46.06,9.1,761.7666667,83,9.333333333,40,6.3
90,0,20.39,44.09,20,43.29,19.96333333,43.86333333,16.7,46.06,16.7,51.60222222,9.1,85.03,16.79,42.29611111,18.1,48.99833333,16.2,46.09,9.1,761.7,83,9.5,40,6.3
80,0,20.39,44,20,43.2,20.03333333,43.82666667,16.7,46.12666667,16.71,51.67555556,9.1,84.73,16.79,42.33277778,18.1,48.9,16.2,46.09,9.1,761.6333333,83,9.666666667,40,6.3
60,0,20.39,44,20,43.2,20.1,43.82666667,16.7,46.2,16.775,51.66944444,9.1,84.59,16.79,42.35111111,18.1,48.84944444,16.2,46.09,9.1,761.5666667,83,9.833333333,40,6.3
70,0,20.39,43.96666667,20,43.145,20.1,43.79,16.7,46.2,16.765,51.60833333,9.066666667,84.76,16.80666667,42.36944444,18.07777778,49.38055556,16.23,46.33,9.1,761.5,83,10,40,6.3
70,0,20.39,43.76666667,20,43,20,43.82666667,16.7,46.2,16.725,51.60222222,9.066666667,85.02666667,16.79555556,42.29611111,18.21833333,50.43444444,16.29,46.72333333,9.08,761.3666667,83,10,40,6.3
70,0,20.35666667,43.7,20,43.06,20,43.9,16.7,46.2,16.725,51.66944444,9,84.93333333,16.79,42.29,18.35833333,50.97111111,16.29,46.93333333,9.07,761.2333333,83,10,40,6.3
80,0,20.29,43.7,19.89,43.09,19.89,44.09,16.7,46.26,16.7,51.7,9,85,16.84,42.345,18.53222222,51.19277778,16.29,47.06,9.05,761.1,83,10,40,6.3
80,0,20.29,43.7,19.89,43.09,19.89,44.16333333,16.7,46.29,16.7,51.7,9,85.19,16.80666667,42.30833333,18.64444444,51.24,16.29,47.12666667,9.03,760.9666667,83,10,40,6.3
50,0,20.29,43.7,19.79,43,20,44.2,16.7,46.29,16.7,51.71,9,85.33,16.79,42.29,18.755,51.29,16.29,47.2,9.02,760.8333333,83,10,40,6.3
50,0,20.26,43.66333333,19.79,43.06,20,44.2,16.7,46.29,16.7,51.74,9,85.56333333,16.82888889,42.33277778,18.81777778,51.32055556,16.23,47.15666667,9,760.7,83,10,40,6.3
60,0,20.2,43.59,19.7,43.09,19.96333333,44.29,16.7,46.36333333,16.7,51.775,8.926666667,85.83,16.79555556,42.29611111,18.90833333,51.39388889,16.29,47.29,9.02,760.6166667,82.83333333,9.833333333,40,6.28
50,0,20.2,43.66333333,19.7,43.09,19.89,44.29,16.63333333,46.32666667,16.74,51.79,8.89,86.49666667,16.81222222,42.31444444,19.02777778,51.36055556,16.29,47.32666667,9.03,760.5333333,82.66666667,9.666666667,40,6.27
80,0,20.1,43.7,19.66666667,43.16333333,19.89,44.43333333,16.63333333,46.26666667,16.71,51.79,8.89,86.69,16.81222222,42.32666667,19.10555556,51.43277778,16.29,47.4,9.05,760.45,82.5,9.5,40,6.25
60,0,20.1,43.7,19.6,43.09,19.89,44.5,16.6,46.29,16.73,51.79,8.945,86.595,16.79,42.31444444,19.18888889,51.30222222,16.29,47.43333333,9.07,760.3666667,82.33333333,9.333333333,40,6.23
50,0,20.1,43.79,19.56666667,43.2,19.89,44.53,16.66666667,46.36333333,16.7,51.79,9,85.99333333,16.81222222,42.39388889,19.2,51.28166667,16.29,47.5,9.08,760.2833333,82.16666667,9.166666667,40,6.22
50,0,20.03333333,43.73,19.5,43.2,19.89,44.59,16.6,46.29,16.7,51.79,9,85.8,16.80666667,42.41666667,19.2,51.45444444,16.29,47.59,9.1,760.2,82,9,40,6.2
40,0,20,43.7,19.46333333,43.26,19.89,44.59,16.6,46.29,16.7,51.79,9.033333333,85.5,16.79555556,42.40555556,19.11666667,51.65722222,16.29,47.66333333,9.1,760.1,82,9.166666667,40,6.18
40,0,20,43.76,19.39,43.2,19.96333333,44.59,16.6,46.29,16.7,51.79,9.1,85.36666667,16.81222222,42.4,19.1,51.895,16.29,47.79,9.1,760,82,9.333333333,40,6.17
40,0,19.96333333,43.79,19.35666667,43.23,20,44.59,16.6,46.29,16.7,51.79,9.1,85.09333333,16.81222222,42.4,19.03888889,52.02,16.29,47.86333333,9.1,759.9,82,9.5,40,6.15
40,0,19.89,43.79,19.29,43.36333333,20,44.59,16.6,46.29,16.7,51.79,9.1,84.69333333,16.79,42.4,19,52.045,16.29,48,9.1,759.8,82,9.666666667,40,6.13
50,0,19.85666667,43.76,19.26,43.29,20,44.59,16.6,46.29,16.72,51.79,9.19,84.23,16.80111111,42.41111111,19,52.10833333,16.29,48.0675,9.1,759.7,82,9.833333333,40,6.12
40,0,19.79,43.76,19.2,43.29,20,44.66333333,16.6,46.29,16.7,51.77,9.13,84.03,16.81777778,42.42777778,19,52.245,16.29,48.16333333,9.1,759.6,82,10,40,6.1
40,0,19.79,43.79,19.15,43.345,20,44.7,16.6,46.4,16.7,51.79,9.1,84.39666667,16.79555556,42.40555556,19,52.38166667,16.29,48.2,9.05,759.4666667,82.66666667,10,37.66666667,6.17
30,0,19.73,43.79,19.1,43.4,20.03333333,44.73,16.6,46.32666667,16.7,51.76,9.1,84.59,16.80666667,42.41666667,19,52.4,16.29,48.2,9,759.3333333,83.33333333,10,35.33333333,6.23
20,0,19.7,43.9,19.1,43.46666667,20.03333333,44.73,16.6,46.4,16.7,51.78,9.1,84.62333333,16.80666667,42.41666667,18.93277778,52.4,16.29,48.29,8.95,759.2,84,10,33,6.3
20,0,19.7,43.9,19,43.4,20,44.7,16.6,46.4,16.71,51.79,9.033333333,84.62333333,16.84,42.45,18.89,52.38777778,16.29,48.29,8.9,759.0666667,84.66666667,10,30.66666667,6.37
50,0,19.7,43.9,19,43.4,20,44.7,16.6,46.4,16.71,51.79,9.1,84.56333333,16.82333333,42.43333333,18.82888889,52.24111111,16.35666667,48.29,8.85,758.9333333,85.33333333,10,28.33333333,6.43
40,0,19.63333333,43.82666667,18.96333333,43.5,19.96333333,44.73,16.6,46.4,16.7,51.79,9.033333333,85.09666667,16.84555556,42.46666667,18.79,52.2,16.29,48.36333333,8.8,758.8,86,10,26,6.5
40,0,19.6,43.79,18.89,43.5,19.96333333,44.79,16.6,46.4,16.7,51.79,8.89,86.36666667,16.85111111,42.47777778,18.79,52.28111111,16.39,48.4,8.83,758.65,85.5,10.16666667,28.33333333,6.47
40,0,19.6,43.79,18.89,43.59,20,44.79,16.6,46.4,16.7,51.745,8.89,86.76666667,16.82333333,42.5,18.79,52.38777778,16.32333333,48.4,8.87,758.5,85,10.33333333,30.66666667,6.43
50,0,19.55,43.9,18.89,43.59,20,44.79,16.6,46.4,16.7,51.72,8.89,87.095,16.82888889,42.535,18.74,52.43888889,16.39,48.43333333,8.9,758.35,84.5,10.5,33,6.4
50,0,19.5,43.9,18.79,43.59,20,44.9,16.6,46.4,16.7,51.73,8.926666667,86.36333333,16.84,42.525,18.735,52.525,16.39,48.5,8.93,758.2,84,10.66666667,35.33333333,6.37
50,0,19.5,43.96666667,18.79,43.59,20,44.82666667,16.6,46.4,16.7,51.7,9,85.82333333,16.81222222,42.5,18.7,52.67833333,16.39,48.53,8.97,758.05,83.5,10.83333333,37.66666667,6.33
30,0,19.5,44,18.76,43.7,20,44.9,16.6,46.4,16.7,51.7,9.033333333,85.22666667,16.80666667,42.515,18.7,52.95277778,16.39,48.53,9,757.9,83,11,40,6.3
40,0,19.42666667,43.93333333,18.7,43.7,19.92666667,44.82666667,16.6,46.4,16.7,51.7,9.033333333,85.16,16.81777778,42.505,18.7,53.15222222,16.39,48.59,9.02,757.7,82.83333333,11,40,6.28
40,0,19.39,44,18.7,43.7,19.89,44.79,16.575,46.475,16.7,51.68777778,9.1,84.83,16.82888889,42.535,18.7,53.29055556,16.39,48.59,9.03,757.5,82.66666667,11,40,6.27
40,0,19.39,44,18.7,43.76,19.89,44.79,16.5,46.5,16.7,51.645,9.1,84.49666667,16.80111111,42.51,18.7,53.48333333,16.39,48.62666667,9.05,757.3,82.5,11,40,6.25
50,0,19.35666667,44,18.66666667,43.76,19.89,44.79,16.6,46.5,16.7,51.60222222,9.1,83.76666667,16.80666667,42.50388889,18.67777778,53.54111111,16.39,48.7,9.07,757.1,82.33333333,11,40,6.23
20,0,19.29,44.06,18.6,43.7,19.89,44.79,16.6,46.5,16.7,51.60222222,9.1,83.03333333,16.79555556,42.48888889,18.65,53.65888889,16.39,48.7,9.08,756.9,82.16666667,11,40,6.22
30,0,19.29,44.09,18.6,43.76,19.89,44.79,16.6,46.43333333,16.705,51.66944444,9.13,82.66,16.82888889,42.5,18.61111111,53.7,16.39,48.7,9.1,756.7,82,11,40,6.2
20,0,19.29,44.09,18.6,43.76,19.82333333,44.73,16.6,46.5,16.715,51.7,9.13,83.32666667,16.79,42.45555556,18.6,53.66333333,16.39,48.7,9.03,756.6,83,11.16666667,40,6.3
30,0,19.29,44.12666667,18.55,43.79,19.79,44.7,16.6,46.5,16.7,51.65722222,8.963333333,85.59333333,16.80666667,42.47777778,18.58333333,53.66333333,16.39,48.73,8.97,756.5,84,11.33333333,40,6.4
40,0,19.23,44.12666667,18.5,43.9,19.79,44.66333333,16.6,46.5,16.7,51.60222222,8.89,87,16.82333333,42.505,18.59444444,53.7,16.39,48.79,8.9,756.4,85,11.5,40,6.5
40,0,19.2,44.09,18.5,43.9,19.79,44.66333333,16.53333333,46.53,16.7,51.62666667,8.83,87.96,16.85666667,42.56,18.6,53.745,16.39,48.79,8.83,756.3,86,11.66666667,40,6.6
50,0,19.2,44.16333333,18.5,44.03,19.79,44.7,16.53333333,46.59,16.7,51.645,8.89,88.76666667,16.83444444,42.57,18.53888889,53.79,16.39,48.79,8.77,756.2,87,11.83333333,40,6.7
40,0,19.16666667,44.2,18.42666667,44.03,19.79,44.7,16.5,46.59,16.7,51.7,8.89,89.22666667,16.80666667,42.59,18.5,53.79,16.39,48.9,8.7,756.1,88,12,40,6.8
50,0,19.1,44.2,18.39,44.03,19.89,44.82666667,16.5,46.59,16.7,51.71,8.89,89.49333333,16.84555556,42.65111111,18.5,53.83277778,16.39,48.9,8.67,756,89,11.83333333,41,6.92
40,0,19.1,44.29,18.39,44.09,19.89,44.82666667,16.5,46.59,16.7,51.71,8.89,90.09666667,16.85111111,42.65722222,18.5,53.91666667,16.39,49,8.63,755.9,90,11.66666667,42,7.03
40,0,19.1,44.29,18.39,44.12666667,19.89,44.9,16.5,46.66333333,16.7,51.71,8.89,91.565,16.82888889,42.7,18.47555556,53.98777778,16.39,49,8.6,755.8,91,11.5,43,7.15
50,0,19.1,44.4,18.39,44.2,19.89,44.9,16.5,46.7,16.7,51.745,8.83,92.99666667,16.82888889,42.735,18.5,54.26333333,16.39,49.03,8.57,755.7,92,11.33333333,44,7.27
30,0,19.06666667,44.46666667,18.35666667,44.23,20,44.93333333,16.5,46.7,16.7,51.755,8.66,95.09333333,16.81777778,42.76,18.5,54.41666667,16.39,49.09,8.53,755.6,93,11.16666667,45,7.38
40,0,19,44.4,18.29,44.29,20,45,16.5,46.79,16.7,51.765,8.6,96.3,16.86222222,42.82055556,18.5,54.52277778,16.39,49.09,8.5,755.5,94,11,46,7.5
40,0,19,44.43333333,18.29,44.32666667,20,45,16.5,46.79,16.7,51.77,8.566666667,97.5,16.81222222,42.82666667,18.5,54.59,16.39,49.09,8.47,755.3666667,94,11,42.5,7.48
50,0,19,44.5,18.29,44.4,20,45,16.5,46.79,16.7,51.76,8.5,98.23333333,16.87888889,42.95,18.5,54.59,16.39,49.2,8.43,755.2333333,94,11,39,7.47
40,0,19,44.59,18.29,44.5,20,45,16.5,46.8975,16.7,51.78,8.39,99.06666667,16.85666667,42.96666667,18.5,54.61444444,16.39,49.2,8.4,755.1,94,11,35.5,7.45
50,0,19,44.59,18.29,44.56,20,45,16.5,47,16.7,51.79,8.39,99.59333333,16.81777778,42.95,18.5,54.59,16.39,49.23,8.37,754.9666667,94,11,32,7.43
30,0,18.96333333,44.7,18.2,44.53,20,45,16.5,47,16.7,51.79,8.3,99.9,16.86222222,43.00944444,18.5,54.56,16.39,49.29,8.33,754.8333333,94,11,28.5,7.42
20,0,18.89,44.76,18.2,44.59,20,45,16.5,47,16.7,51.79,8.3,99.9,16.85111111,43.055,18.46944444,54.50722222,16.42666667,49.36,8.3,754.7,94,11,25,7.4
20,0,18.89,44.79,18.2,44.62666667,20,45,16.5,47.03,16.7,51.80222222,8.3,99.9,16.84,43.045,18.42666667,54.51333333,16.4175,49.425,8.33,754.6333333,93.5,11.16666667,24.83333333,7.35
20,0,18.89,44.79,18.2,44.7,20,45,16.5,47.09,16.7,51.88777778,8.3,99.9,16.85666667,43.06,18.42055556,54.525,16.39,49.4,8.37,754.5666667,93,11.33333333,24.66666667,7.3
40,0,18.89,44.9,18.2,44.745,19.89,45.09,16.5,47.09,16.7,51.88166667,8.3,99.9,16.84555556,43.05,18.42055556,54.525,16.39,49.4,8.4,754.5,92.5,11.5,24.5,7.25
40,0,18.89,44.96666667,18.1,44.82666667,19.89,45.12666667,16.42666667,47.03,16.7,51.9,8.3,99.9,16.85111111,43.055,18.39,54.535,16.39,49.46666667,8.43,754.4333333,92,11.66666667,24.33333333,7.2
50,0,18.85666667,44.96666667,18.1,44.9,19.89,45.2,16.5,47.2,16.7,51.9,8.226666667,99.9,16.85111111,43.12388889,18.39,54.59833333,16.42666667,49.53,8.47,754.3666667,91.5,11.83333333,24.16666667,7.15
50,0,18.79,44.9,18.1,44.9,19.89,45.29,16.5,47.2,16.7,51.9,8.226666667,99.9,16.87333333,43.12666667,18.39,54.7,16.42666667,49.53,8.5,754.3,91,12,24,7.1
40,0,18.79,45,18.1,44.96666667,19.89,45.29,16.42666667,47.12666667,16.7,51.9,8.3,99.9,16.82888889,43.10833333,18.39,54.7,16.5,49.59,8.52,754.15,90.66666667,12,26.66666667,7.07
40,10,18.79,45,18.1,45,20,45.26,16.5,47.26,16.7,51.92777778,8.3,99.9,16.85666667,43.08833333,18.36222222,54.725,16.5,49.59,8.53,754,90.33333333,12,29.33333333,7.03
60,0,18.79,45.22666667,18.03333333,45,19.92666667,45.2,16.5,47.29,16.7,51.97222222,8.226666667,99.9,16.80666667,43.07611111,18.31222222,54.765,16.5,49.7,8.55,753.85,90,12,32,7
50,0,18.79,45.56,18.1,45.12666667,19.85666667,44.9,16.5,47.29,16.7,51.91111111,8.3,99.9,16.81222222,43.20777778,18.33444444,54.71,16.5,49.7,8.57,753.7,89.66666667,12,34.66666667,6.97
40,10,18.79,45.82666667,18.1,45.26,19.79,44.62666667,16.46333333,47.26,16.7,51.9,8.3,99.9,16.79,43.30555556,18.31222222,54.68166667,16.5,49.7,8.58,753.55,89.33333333,12,37.33333333,6.93
50,0,18.79,46.025,18.06666667,45.29,19.7,44.5,16.39,47.2,16.7,51.9,8.3,99.9,16.79,43.41555556,18.29,54.565,16.42666667,49.56666667,8.6,753.4,89,12,40,6.9
50,0,18.79,46.2,18.06666667,45.36333333,19.7,44.5,16.46333333,47.29,16.7,51.9,8.36,99.9,16.79,43.505,18.29,54.43277778,16.42666667,49.5,8.58,753.3,89.5,11.83333333,36.66666667,6.95
40,0,18.82333333,46.2,18.13333333,45.59,19.6,44.43333333,16.39,47.29,16.7,51.9,8.39,99.9,16.79,43.58,18.29,54.30222222,16.42666667,49.36,8.57,753.2,90,11.66666667,33.33333333,7
30,0,18.89,46.2,18.2,45.53,19.6,44.43333333,16.445,47.4,16.7,51.9,8.39,99.9,16.79,43.60833333,18.29,54.215,16.46333333,49.33333333,8.55,753.1,90.5,11.5,30,7.05
30,0,18.89,46.16333333,18.32333333,45.46666667,19.6,44.4,16.46333333,47.46666667,16.7,51.9,8.39,99.9,16.79,43.7,18.29,54.215,16.39,49.12666667,8.53,753,91,11.33333333,26.66666667,7.1
60,0,18.89,46.09,18.39,45.4,19.6,44.4,16.46333333,47.52666667,16.7,51.9,8.463333333,99.9,16.79,43.725,18.29,54.28611111,16.39,49.09,8.52,752.9,91.5,11.16666667,23.33333333,7.15
50,0,19,46.09,18.53333333,45.36333333,19.6,44.5,16.39,47.5,16.7,51.9,8.5,99.9,16.79,43.74,18.29,54.38777778,16.39,49.03,8.5,752.8,92,11,20,7.2
40,0,19,46.09,18.66666667,45.36333333,19.6,44.5,16.39,47.5,16.7,51.91111111,8.426666667,99.9,16.79,43.77,18.275,54.4,16.39,48.95,8.5,752.7,92,11,27.5,7.2
40,0,19.03333333,46.12666667,18.73,45.26,19.6,44.53,16.39,47.53,16.87055556,52.77388889,8.39,99.9,16.79,43.82055556,18.235,54.43888889,16.39,48.93333333,8.5,752.6,92,11,35,7.2
100,0,19.1,46.2,18.85666667,45.2,19.66666667,44.66333333,16.39,47.59,17.71555556,71.81722222,8.39,99.9,16.79,43.9,18.24,54.39,16.46333333,49.06,8.5,752.5,92,11,42.5,7.2
60,0,19.23,46.12666667,19,45.045,19.7,44.7,16.39,47.59,18.00944444,76.25388889,8.463333333,99.9,16.79,43.95,18.265,54.41111111,16.46333333,48.93,8.5,752.4,92,11,50,7.2
50,0,19.35666667,46.33333333,19.2,45.15666667,19.79,44.7,16.39,47.59,18.05444444,69.87055556,8.463333333,99.9,16.79,44,18.255,54.46111111,16.39,48.79,8.5,752.3,92,11,57.5,7.2
40,0,19.42666667,46.53,19.26,45.36333333,19.85666667,44.76,16.39,47.62666667,18.18888889,63.81222222,8.5,99.9,16.79,44.045,18.24,54.44444444,16.39,48.79,8.5,752.2,92,11,65,7.2
50,0,19.56666667,46.66333333,19.32333333,45.4,19.89,44.79,16.39,47.7,18.2,58.39166667,8.426666667,99.9,16.79,44.09,18.25,54.44333333,16.39,48.79,8.52,752.1333333,92,11,63.83333333,7.23
40,0,19.63333333,46.82666667,19.39,45.46666667,19.89,44.79,16.39,47.7,18.2,56.01611111,8.5,99.9,16.79,44.12055556,18.24,54.39111111,16.39,48.79,8.53,752.0666667,92,11,62.66666667,7.27
50,0,19.7,46.9,19.5,45.56,19.92666667,44.93333333,16.39,47.76,18.215,54.43888889,8.5,99.9,16.79555556,44.26111111,18.215,54.40333333,16.39,48.86333333,8.55,752,92,11,61.5,7.3
180,10,19.79,46.76,19.5,45.42,19.92666667,45,16.42666667,47.92666667,18.28,53.47722222,8.5,99.9,16.82333333,44.32666667,18.225,54.63111111,16.39,48.96666667,8.57,751.9333333,92,11,60.33333333,7.33
100,10,19.79,47.03333333,19.5,45.29,20,45.03,16.5,48.26,18.29,52.74611111,8.6,99.9,16.82333333,44.39111111,18.29,54.93833333,16.46333333,48.96666667,8.58,751.8666667,92,11,59.16666667,7.37
80,0,19.82333333,47.53,19.5,45.36333333,19.92666667,45.09,16.5,48.36333333,19.75722222,79.43833333,8.6,99.9,16.80666667,44.43333333,18.29,54.75722222,16.46333333,48.93,8.6,751.8,92,11,58,7.4
200,10,19.89,47.4725,19.5,45.4,20,45.2,16.5,48.29,20.29611111,84.58333333,8.566666667,99.9,16.84555556,44.48111111,18.30666667,55.16722222,16.39,48.79,8.3,751.9666667,91.33333333,10.66666667,51.83333333,7
80,10,19.89,47.83333333,19.5,45.32666667,20,45.2,16.5,48.4,19.58055556,87.42944444,8.426666667,99.9,16.84,44.43777778,18.39,55.57833333,16.39,48.79,8,752.1333333,90.66666667,10.33333333,45.66666667,6.6
70,0,20,47.76666667,19.6,45.29,20.1,45.4,16.5,48.3175,19.21333333,88.07222222,8.36,99.9,16.85666667,44.42444444,18.48722222,55.63,16.39,48.79,7.7,752.3,90,10,39.5,6.2
80,0,20,47.22666667,19.6,45.29,20.03333333,45.32666667,16.5,48.29,18.94388889,87.75777778,8.1,99.9,16.89,44.33111111,18.61666667,55.36611111,16.39,48.76,7.4,752.4666667,89.33333333,9.666666667,33.33333333,5.8
70,0,20,46.83333333,19.6,45.36333333,19.96333333,45.2,16.5,48.2,18.745,87.27166667,7.363333333,99.9,16.87888889,44.03055556,18.715,54.96777778,16.39,48.7,7.1,752.6333333,88.66666667,9.333333333,27.16666667,5.4
90,0,20,46.56666667,19.6,45.29,19.89,45.2,16.5,48.12666667,18.62777778,86.83166667,6.896666667,99.9,16.80666667,43.725,18.79,54.44666667,16.39,48.56,6.8,752.8,88,9,21,5
220,0,20,46.22333333,19.5,45.16333333,19.89,45.2,16.5,48.06,18.58333333,86.25055556,6.656666667,99.9,16.81222222,43.46166667,18.85111111,54.03055556,16.39,48.43333333,6.73,752.6666667,88.33333333,8.166666667,24.16666667,4.98
430,10,20,46.03,19.5,45.09,19.89,45.2,16.5,48.06,18.51111111,86.08611111,6.53,99.9,16.79,43.21444444,18.89,53.59444444,16.39,48.2,6.67,752.5333333,88.66666667,7.333333333,27.33333333,4.97
400,0,20,45.79666667,19.5,44.72333333,19.89,45.2,16.95666667,48.92333333,18.445,85.86166667,6.466666667,99.9,16.81222222,43.09944444,18.98166667,53.15944444,16.39,47.96666667,6.6,752.4,89,6.5,30.5,4.95
410,10,20,45.46333333,19.5,44.53,19.89,45.095,17.62333333,48.19666667,18.32888889,84.98722222,6.4,99.9,16.80666667,42.96666667,19.07222222,52.82777778,16.39,47.82666667,6.53,752.2666667,89.33333333,5.666666667,33.66666667,4.93
420,10,19.92666667,45.29,19.5,44.36333333,19.89,45.06,18.36666667,47.23333333,18.275,83.64777778,6.4,99.9,16.80111111,42.81388889,19.11666667,52.60833333,16.39,47.66333333,6.47,752.1333333,89.66666667,4.833333333,36.83333333,4.92
420,0,20,45.15666667,19.5,44.24,19.92666667,45.25666667,18.9,46.63333333,18.21,81.92777778,6.466666667,99.9,16.80666667,42.79,19.2,52.48222222,16.39,47.59,6.4,752,90,4,40,4.9
140,10,20,45,19.56666667,44.03,20,45.86333333,19.26333333,46.22333333,18.15,79.94111111,6.545,99.9,16.81222222,42.81444444,19.255,52.43833333,16.39,47.46666667,6.42,751.95,90.83333333,4.166666667,38.16666667,5.03
130,0,20.06666667,45.46666667,19.63333333,43.93333333,20.1,46.16333333,19.46333333,45.96333333,18.09444444,78.26388889,6.59,99.9,16.81222222,42.77,19.34,52.27722222,16.39,47.4,6.43,751.9,91.66666667,4.333333333,36.33333333,5.17
130,0,20.1,45.29,19.76,43.93333333,20.03333333,45.96333333,19.46333333,46.12666667,18.03333333,77.515,6.59,99.9,16.81222222,42.81444444,19.39,52.09333333,16.39,47.29,6.45,751.85,92.5,4.5,34.5,5.3
440,0,20.16666667,45.23,19.89,43.9,20.06666667,45.79666667,19.32333333,46.26,17.98166667,75.74555556,6.623333333,99.9,16.80666667,42.80833333,19.445,52,16.39,47.29,6.47,751.8,93.33333333,4.666666667,32.66666667,5.43
320,0,20.29,45.06,19.96333333,43.76666667,20,45.59,19.3,46.5,17.86222222,72.81166667,6.763333333,99.9,16.80666667,42.86333333,19.51666667,51.87,16.32333333,47.29,6.48,751.75,94.16666667,4.833333333,30.83333333,5.57
400,0,20.35666667,45.06,20.1,43.76,20.03333333,45.59,19.76,46.42666667,17.81222222,70.33444444,6.8,99.9,16.80111111,42.87555556,19.6,51.41944444,16.32333333,47.23,6.5,751.7,95,5,29,5.7
230,0,20.42666667,45,20.16666667,43.62666667,20.1,45.53,19.85666667,46.03,17.79,68.30388889,6.866666667,99.9,16.79,42.83277778,19.63888889,51.215,16.29,47.2,6.47,751.8166667,92.83333333,5.166666667,30.83333333,5.33
130,10,20.575,44.8975,20.29,43.7,20.1,45.22333333,19.73,46.09,17.79,66.79666667,6.9,99.9,16.82333333,42.82666667,19.71,51.2,16.35666667,47.2,6.43,751.9333333,90.66666667,5.333333333,32.66666667,4.97
100,0,20.66666667,44.86333333,20.35666667,43.62666667,20.16666667,45.03,19.53,45.86333333,17.79,65.57944444,6.833333333,99.9,16.81777778,42.74722222,19.785,51.09333333,16.35666667,47.2,6.4,752.05,88.5,5.5,34.5,4.6
100,0,20.7,44.9,20.39,43.36333333,20.1,45,19.315,45.745,17.77,64.53944444,6.56,99.9,16.85666667,42.61055556,19.775,50.97222222,16.35666667,47.12666667,6.37,752.1666667,86.33333333,5.666666667,36.33333333,4.23
110,0,20.76,44.5,20.46333333,43.29,20.16666667,45,19.23,45.79,17.725,63.68277778,6.366666667,99.9,16.87888889,42.39833333,19.785,50.78722222,16.39,47.06,6.33,752.2833333,84.16666667,5.833333333,38.16666667,3.87
110,0,20.79,44.22333333,20.5,43.06,20.2,44.79,19.1,45.56,17.7,62.84,6.156666667,99.9,16.87333333,42.11333333,19.79,50.52944444,16.39,47,6.3,752.4,82,6,40,3.5
120,0,20.85666667,44.09,20.5,42.93333333,20.2,44.73,19.03333333,45.3,17.7,62.11,6.03,99.9,16.88444444,41.91,19.82333333,50.26222222,16.29,46.86333333,6.25,752.4166667,81.66666667,6,40,3.37
100,0,20.89,43.76,20.6,42.76,20.29,44.66333333,18.89,45.06,17.7,61.45055556,5.9,99.9,16.87888889,41.66944444,19.87333333,50.05111111,16.35666667,46.65666667,6.2,752.4333333,81.33333333,6,40,3.23
160,0,20.96333333,43.56666667,20.6,42.56666667,20.29,44.53,18.82333333,45.13333333,17.7,60.81444444,5.833333333,99.9,16.87888889,41.48833333,19.89611111,49.83333333,16.39,46.495,6.15,752.45,81,6,40,3.1
510,10,21,43.29666667,20.6,42.36333333,20.29,44.46666667,18.79,45.4,17.7,60.21055556,5.763333333,99.9,16.87888889,41.29555556,19.98777778,49.655,16.39,46.26,6.1,752.4666667,80.66666667,6,40,2.97
450,0,21,43.03,20.6,42.15666667,20.315,44.6675,18.79,45.46666667,17.67777778,59.73777778,5.623333333,99.9,16.87333333,41.09777778,20.01666667,49.545,16.39,46.12666667,6.05,752.4833333,80.33333333,6,40,2.83
670,20,21,43.15666667,20.6,42.06,20.53,45.63,18.79,45.5,17.67777778,59.30611111,5.5,99.9,16.86222222,40.95333333,20.08888889,49.47,16.29,45.96666667,6,752.5,80,6,40,2.7
660,20,21,42.95666667,20.6,41.8975,20.92666667,46.89666667,18.99666667,45.83333333,17.7,58.92944444,5.33,99.9,16.87888889,40.81555556,20.08888889,49.36944444,16.29,45.82666667,5.9,752.6166667,80,5.833333333,40,2.62
630,30,21,43.25666667,20.6,41.79,21.32666667,47.49,19.76666667,45.36333333,17.67222222,58.57888889,5.063333333,99.9,16.89,40.71777778,20.1,49.19444444,16.29,45.7,5.8,752.7333333,80,5.666666667,40,2.53
610,20,21,43.66333333,20.6,41.7,21.66333333,47.79,20.43333333,44.69666667,17.61111111,58.23777778,4.73,99.7,16.89,40.53555556,20.12222222,48.97388889,16.29,45.62666667,5.7,752.85,80,5.5,40,2.45
590,20,21.1,43.82666667,20.6,41.7,21.85666667,47.73,21.19666667,43.96,17.62777778,57.95777778,4.463333333,99.29333333,16.89,40.38055556,20.1,48.79555556,16.29,45.46666667,5.6,752.9666667,80,5.333333333,40,2.37
260,20,21.1,43.82666667,20.56666667,41.66333333,22.1,47.33333333,21.59666667,43.5,17.61666667,57.71444444,4.263333333,99.19,16.89,40.235,20.10555556,48.67666667,16.29,45.32666667,5.5,753.0833333,80,5.166666667,40,2.28
120,20,21.06666667,43.83333333,20.5,41.59,22.16666667,46.72666667,22.1,42.96,17.6,57.45277778,4.19,99.19,16.89,40.12055556,20.18888889,48.48222222,16.29,45.26,5.4,753.2,80,5,40,2.2
250,30,21,43.56666667,20.5,41.56,22.26,46.09333333,21.96,42.62666667,17.6,57.19944444,4.19,99.43333333,16.89,40.00944444,20.25,48.41611111,16.29,45.12666667,5.25,753.3333333,80.5,4.666666667,40,2.15
400,20,21.1,43.26666667,20.5,41.5,22.13333333,45.96,21.66666667,42.62666667,17.6,56.97,4.263333333,99.62666667,16.89,39.91111111,20.245,48.29222222,16.29,44.96666667,5.1,753.4666667,81,4.333333333,40,2.1
120,0,21.16666667,42.8,20.63333333,41.5,22.06666667,45.93,21.72666667,42.7,17.6,56.75722222,4.263333333,99.52666667,16.89,39.88166667,20.28,48.225,16.29,44.9,4.95,753.6,81.5,4,40,2.05
120,30,21.245,42.645,20.76,41.43333333,21.92666667,45.73,22.06666667,42.3,17.6,56.56777778,4.063333333,99.26,16.89,39.79,20.31777778,48.245,16.29,44.79,4.8,753.7333333,82,3.666666667,40,2
190,0,21.32333333,42.43333333,20.82333333,41.29,21.89,45.43,21.87,41.925,17.6,56.40277778,3.863333333,99.02666667,16.89,39.775,20.39611111,48.28,16.29,44.73,4.65,753.8666667,82.5,3.333333333,40,1.95
670,10,21.39,42.89333333,20.96333333,41.29,21.82333333,45.15666667,21.56666667,41.86,17.6,56.23666667,3.73,98.76,16.89,39.7,20.46333333,48.20277778,16.29,44.66333333,4.5,754,83,3,40,1.9
780,0,21.53333333,45.86,21,41.32666667,21.76,44.76,21.35666667,41.66333333,17.6,56.09,3.4,97.96,16.89,39.60833333,20.5,48.09611111,16.29,44.53,4.2,754.1,84.16666667,3,37.83333333,1.78
620,0,21.66666667,56.39333333,21.06666667,41.8,21.7,45.16666667,21.16333333,41.53,17.60555556,56.22888889,3.126666667,97.29333333,16.89,39.575,20.55,48.17,16.29,44.46666667,3.9,754.2,85.33333333,3,35.66666667,1.67
210,10,21.79,63.36,21.23,43.23333333,21.7,47.2,20.96333333,41.16333333,17.66666667,56.675,2.863333333,96.83,16.89,39.50444444,20.6,48.29,16.29,44.3725,3.6,754.3,86.5,3,33.5,1.55
110,0,21.79,59.63333333,21.29,44.63333333,21.7,48.79333333,20.82333333,41.09,17.67777778,57.34388889,2.73,96.83,16.89,39.41333333,20.62222222,48.14944444,16.29,44.29,3.3,754.4,87.66666667,3,31.33333333,1.43
100,10,21.89,55.23333333,21.29,45.5,21.7,49.56,20.66666667,41.02666667,17.7,57.92222222,2.663333333,97.03,16.89,39.4,20.62777778,47.66,16.29,44.2,3,754.5,88.83333333,3,29.16666667,1.32
90,10,21.89,53.1,21.29,45.36,21.63333333,49.22666667,20.53333333,40.96666667,17.67777778,58.20444444,2.53,97.09,16.89,39.345,20.61666667,47.56333333,16.29,44.2,2.7,754.6,90,3,27,1.2
90,10,21.89,50.89,21.29,45.06,21.56666667,48.52458333,20.35666667,40.93333333,17.7,58.265,2.5,97.245,16.89,39.235,20.6,47.41666667,16.29,44.16333333,2.73,754.55,89.5,3.166666667,27.33333333,1.17
100,10,21.89,49.29666667,21.29,44.8,21.5,47.8225,20.23,40.86,17.74333333,58.005,2.296666667,96.66666667,16.89,39.145,20.6,47.4,16.29,44.09,2.77,754.5,89,3.333333333,27.66666667,1.13
100,0,22.03333333,47.69666667,21.39,44.245,21.42666667,47.39,20.16666667,41.09666667,18.17722222,56.26666667,2.03,95.86666667,16.89,39.04944444,20.6,47.31166667,16.29,44,2.8,754.45,88.5,3.5,28,1.1
110,0,22.1,46.69666667,21.42666667,43.72333333,21.35666667,46.9,20.1,41.56333333,18.56444444,54.44055556,1.863333333,95.79666667,16.89,38.88055556,20.63888889,47.11666667,16.29,44,2.83,754.4,88,3.666666667,28.33333333,1.07
100,0,22.13333333,45.76666667,21.5,43.46333333,21.23,46.42666667,20,41.59,18.83,53.25611111,1.663333333,95.53,16.89,38.71666667,20.68888889,46.98833333,16.29,43.9,2.87,754.35,87.5,3.833333333,28.66666667,1.03
110,0,22.2,45.16666667,21.6,43.06,21.2,46.02666667,19.92666667,41.66333333,18.99833333,52.26,1.566666667,95.69,16.89,38.565,20.745,46.82,16.29,43.76666667,2.9,754.3,87,4,29,1
100,0,22.2,44.56333333,21.6,42.8,21.2,45.76666667,19.76,41.86,19.15,51.45444444,1.426666667,95.49666667,16.89,38.39833333,20.79,46.53055556,16.29,43.56,2.95,754.35,86.5,4.166666667,29,0.95
100,0,22.2,44.15666667,21.6,42.46666667,21.2,45.43,19.7,42,19.26055556,50.74833333,1.356666667,95.59,16.89,38.245,20.81777778,46.30222222,16.29,43.43333333,3,754.4,86,4.333333333,29,0.9
90,0,22.29,43.79666667,21.6,42.19333333,21.13333333,45.29,19.6,41.93333333,19.37888889,50.06388889,1.29,95.79666667,16.89,38.09333333,20.89,46.275,16.29,43.26,3.05,754.45,85.5,4.5,29,0.85
90,0,22.29,43.39,21.63333333,42,21.1,45.02666667,19.6,42.13333333,19.39,49.52833333,1.39,96.06333333,16.89,37.95,20.87888889,46.24333333,16.29,43.12666667,3.1,754.5,85,4.666666667,29,0.8
90,0,22.2,42.93,21.63333333,41.86,21.1,44.82666667,19.5,42.29,19.445,49.13,1.463333333,96.52333333,16.90222222,37.83277778,20.84,46.35111111,16.29,42.96666667,3.15,754.55,84.5,4.833333333,29,0.75
90,0,22.2,42.695,21.63333333,41.7,21.1,44.66333333,19.3925,42.14,19.5,48.74666667,1.6,96.93333333,16.92666667,37.79,20.79,46.37555556,16.29,42.82666667,3.2,754.6,84,5,29,0.7
70,0,22.2,42.53,21.63333333,41.56666667,21.1,44.46333333,19.29,42.09,19.5,48.42944444,1.8,97.39333333,16.89,37.78,20.79,46.29611111,16.29,42.7,3.33,754.6166667,84.66666667,5,28.83333333,0.933
60,20,22.1,42.36333333,21.56666667,41.36333333,21,44.29,19.2,41.93,19.49388889,48.21722222,2.096666667,97.82333333,16.89,37.83833333,20.79,46.37277778,16.29,42.62666667,3.47,754.6333333,85.33333333,5,28.66666667,1.17
70,0,22.1,42.29,21.5,41.03,21,44.29,19.13333333,41.86333333,19.32722222,48.68,2.3975,98.115,16.92055556,38.16333333,20.79,46.74555556,16.29,42.96,3.6,754.65,86,5,28.5,1.4
50,0,22.06666667,42.19333333,21.39,40.59,20.89,44.32666667,19.1,42.06666667,19.1,49.37611111,2.5,98.26333333,16.92666667,38.44777778,20.79,47.11388889,16.365,44.575,3.73,754.6666667,86.66666667,5,28.33333333,1.63
50,0,22,41.93333333,21.32333333,40.66333333,20.82333333,44.46666667,19.1,42.26,18.945,49.92833333,2.73,98.53,16.96333333,38.60333333,20.79,47.46388889,16.39,45.46,3.87,754.6833333,87.33333333,5,28.16666667,1.87
50,0,21.89,41.93333333,21.26,40.76,20.79,44.4,19,42.29,18.82888889,50.45388889,2.93,98.73,16.98777778,38.745,20.79,47.71277778,16.5,46.15666667,4,754.7,88,5,28,2.1
50,0,21.89,42.06,21.2,40.76,20.79,44.4,18.92666667,42.36333333,18.725,50.92833333,3.23,98.93333333,16.98777778,38.89833333,20.81222222,47.985,16.5,46.36333333,4.08,754.7,87.83333333,5,28.16666667,2.17
60,0,21.79,42.03,21.16666667,40.93333333,20.79,44.4,18.89,42.53,18.66111111,51.40222222,3.363333333,99.06,17,39.045,20.79,47.97777778,16.5,46.65666667,4.17,754.7,87.66666667,5,28.33333333,2.23
40,0,21.79,42.09,21.1,41.06,20.79,44.43333333,18.82333333,42.59,18.6,51.81555556,3.5,99.19,16.97555556,39.15722222,20.79,48.64444444,16.5,46.86333333,4.25,754.7,87.5,5,28.5,2.3
40,0,21.76,42.09,21,41.12666667,20.79,44.56,18.79,42.7,18.56111111,52.22111111,3.56,99.19,17,39.265,20.79,49.57944444,16.5,47.03,4.33,754.7,87.33333333,5,28.66666667,2.37
40,0,21.7,42.16333333,20.9175,41.2225,20.79,44.53,18.79,42.76,18.5,52.56444444,3.7,99.3,17,39.35722222,20.79,49.95777778,16.5,47.09,4.42,754.7,87.16666667,5,28.83333333,2.43
50,0,21.6,42.09,20.82333333,41.23,20.79,44.59,18.7,42.93333333,18.48166667,52.83,3.76,99.3,17,39.4,20.79,50.19444444,16.5,47.2,4.5,754.7,87,5,29,2.5
40,0,21.6,42.16333333,20.79,41.23,20.79,44.59,18.7,43,18.39,52.99722222,3.826666667,99.33333333,17,39.40555556,20.735,50.44777778,16.5,47.26,4.47,754.7333333,86.83333333,4.833333333,30.83333333,2.45
50,0,21.56666667,42.2,20.73,41.36333333,20.79,44.59,18.66666667,43.09,18.37888889,53.235,3.9,99.4,17,39.48888889,20.7,50.61055556,16.5,47.4,4.43,754.7666667,86.66666667,4.666666667,32.66666667,2.4
50,0,21.5,42.2,20.66666667,41.36333333,20.89,44.7,18.6,43.09,18.30666667,53.41555556,3.9,99.4,17,39.5,20.7,50.77888889,16.5,47.46666667,4.4,754.8,86.5,4.5,34.5,2.35
50,0,21.46333333,42.16333333,20.6,41.29,20.89,44.7,18.56666667,43.2,18.29,53.58111111,3.9,99.33333333,17,39.5,20.65,50.93888889,16.6,47.53,4.37,754.8333333,86.33333333,4.333333333,36.33333333,2.3
40,0,21.39,42.16333333,20.56666667,41.32666667,20.89,44.7,18.5,43.2,18.27,53.68833333,4,99.3,17,39.515,20.65,50.955,16.6,47.59,4.33,754.8666667,86.16666667,4.166666667,38.16666667,2.25
50,0,21.35666667,42.2,20.5,41.4,20.89,44.62666667,18.5,43.23,18.235,53.80833333,4,99.36666667,17,39.59,20.63333333,51.01888889,16.6,47.73,4.3,754.9,86,4,40,2.2
40,0,21.29,42.2,20.46333333,41.4,21,44.59,18.5,43.29,18.2,53.92777778,4,99.33333333,17,39.59,20.60555556,51.01,16.6,47.86333333,4.18,754.85,86.83333333,4,40,2.2
30,0,21.245,42.145,20.39,41.4,21,44.59,18.5,43.36333333,18.2,54.035,4.045,99.425,17,39.59,20.6,51.05,16.6,47.93333333,4.07,754.8,87.66666667,4,40,2.2
30,0,21.2,42.09,20.29,41.5,20.96333333,44.52666667,18.39,43.29,18.16666667,54.12055556,4,99.3,17,39.59,20.6,51.005,16.6,48.06,3.95,754.75,88.5,4,40,2.2
30,0,21.13333333,42.03,20.29,41.5,20.96333333,44.32666667,18.39,43.29,18.10555556,54.245,3.863333333,99.12666667,17,39.59,20.52777778,51,16.6,48.23,3.83,754.7,89.33333333,4,40,2.2
30,0,21.1,42,20.2,41.43333333,20.89,44.4,18.39,43.29,18.1,54.28,3.73,99,17,39.60222222,20.5,51.005,16.6,48.3975,3.72,754.65,90.16666667,4,40,2.2
50,0,21.1,42,20.2,41.5,20.82333333,44.4,18.39,43.36333333,18.07777778,54.33277778,3.466666667,98.69,17.01666667,39.65722222,20.5,51.11055556,16.6,48.5,3.6,754.6,91,4,40,2.2
50,0,21,41.9,20.16666667,41.53,20.79,44.43333333,18.39,43.4,18.05,54.35722222,3.326666667,98.49666667,17.00555556,39.7,20.5,51.22111111,16.63333333,48.65666667,3.67,754.6333333,91,4,40,2.27
40,0,21,41.9,20.1,41.59,20.79,44.43333333,18.32333333,43.46666667,18,54.345,3.06,97.86666667,17,39.7,20.5,51.38777778,16.7,48.79,3.73,754.6666667,91,4,40,2.33
40,0,20.92666667,41.9,20,41.59,20.79,44.5,18.29,43.5,18,54.4,2.933333333,97.8,17,39.7,20.43277778,51.41666667,16.7,48.9,3.8,754.7,91,4,40,2.4
50,0,20.92666667,41.96666667,20,41.59,20.79,44.53,18.29,43.5,18,54.48333333,3.066666667,98.32333333,17,39.7,20.39,51.545,16.7,48.96666667,3.87,754.7333333,91,4,40,2.47
40,0,20.89,42,20,41.7,20.79,44.59,18.26,43.46666667,17.945,54.5,3.333333333,98.73,17.02222222,39.7,20.39,51.76055556,16.7,49,3.93,754.7666667,91,4,40,2.53
60,0,20.82333333,41.93333333,19.9175,41.7,20.79,44.59,18.2,43.4,17.91444444,54.575,3.5,98.93333333,17,39.7,20.40222222,52.10166667,16.7,49.06,4,754.8,91,4,40,2.6
50,0,20.79,42,19.89,41.7,20.79,44.59,18.2,43.4,17.89,54.62055556,3.56,99,17.04444444,39.74,20.46944444,52.53055556,16.7,49.09,4.07,754.8166667,90.83333333,4,40,2.65
40,0,20.79,42.06,19.79,41.62666667,20.82333333,44.53,18.2,43.4,17.89,54.67555556,3.626666667,99.06333333,17,39.7,20.48777778,52.735,16.7,49.16333333,4.13,754.8333333,90.66666667,4,40,2.7
50,0,20.7,42.09,19.79,41.76,20.89,44.53,18.2,43.5,17.89,54.71,3.7,99.19,17,39.7,20.39055556,52.705,16.7,49.2,4.2,754.85,90.5,4,40,2.75
40,0,20.7,42.16333333,19.76,41.79,20.92666667,44.5,18.2,43.5,17.86222222,54.71,3.79,99.19,17.02222222,39.72,20.32333333,52.62055556,16.7,49.26,4.27,754.8666667,90.33333333,4,40,2.8
40,0,20.7,42.2,19.7,41.79,21,44.5,18.1,43.5,17.84,54.72,3.863333333,99.26333333,17,39.7,20.285,52.52944444,16.7,49.32666667,4.33,754.8833333,90.16666667,4,40,2.85
50,0,20.63333333,42.12666667,19.7,41.79,21,44.5,18.1,43.5,17.79555556,54.69388889,4,99.4,17.05,39.745,20.21,52.33166667,16.7,49.4,4.4,754.9,90,4,40,2.9
30,0,20.6,42.2,19.63333333,41.79,21,44.43333333,18.1,43.5,17.79,54.68166667,3.863333333,99.23,17.05,39.75,20.2,52.27,16.79,49.43333333,4.4,754.9,90.16666667,4,40,2.92
30,0,20.6,42.2,19.6,41.79,21,44.36333333,18.1,43.5225,17.79,54.7,3.79,99.09,17.06111111,39.83277778,20.2,52.345,16.79,49.5,4.4,754.9,90.33333333,4,40,2.93
30,0,20.5,42.245,19.6,41.79,20.92666667,44.29,18.1,43.59,17.775,54.7,3.79,99.12333333,17.03888889,39.79611111,20.11666667,52.46611111,16.79,49.5,4.4,754.9,90.5,4,40,2.95
30,0,20.5,42.29,19.5,41.82666667,20.89,44.29,18,43.5,17.785,54.68777778,3.79,99.19,17.05555556,39.79,20.1,52.63555556,16.79,49.5,4.4,754.9,90.66666667,4,40,2.97
50,0,20.5,42.29,19.5,41.96666667,20.96333333,44.29,18,43.5,17.79,54.68777778,3.9,99.33333333,17.05555556,39.81444444,20.1,52.90333333,16.79,49.5,4.4,754.9,90.83333333,4,40,2.98
40,0,20.39,42.29,19.5,41.93333333,21,44.29,18,43.59,17.755,54.63277778,3.966666667,99.4,17.05555556,39.85111111,20.05,53.06,16.79,49.5,4.4,754.9,91,4,40,3
40,0,20.39,42.29,19.5,42,21,44.29,18,43.59,17.7,54.59,4.03,99.43333333,17.06666667,39.86333333,20,53.14222222,16.79,49.5,4.35,754.8,91.5,4,37.66666667,3.03
50,0,20.39,42.32666667,19.39,42,20.89,44.4,18,43.59,17.7,54.59,4.03,99.43333333,17.04444444,39.83888889,20,53.31055556,16.79,49.62666667,4.3,754.7,92,4,35.33333333,3.07
50,0,20.32333333,42.4,19.39,42,20.89,44.46666667,17.92666667,43.59,17.7,54.59,3.93,99.26333333,17.05555556,39.85111111,20,53.61055556,16.79,49.7,4.25,754.6,92.5,4,33,3.1
40,0,20.29,42.4,19.39,42,20.945,44.29,17.89,43.59,17.7,54.59,3.73,99.12333333,17.03333333,39.82666667,19.96944444,53.81055556,16.79,49.7,4.2,754.5,93,4,30.66666667,3.13
60,0,20.29,42.46666667,19.32333333,42,20.89,44.29,17.89,43.66333333,17.7,54.59,3.663333333,99.06,17.01111111,39.80222222,19.92666667,54.03833333,16.79,49.7,4.15,754.4,93.5,4,28.33333333,3.17
40,0,20.29,42.5,19.29,42.09,20.89,44.29,17.89,43.7,17.69444444,54.50944444,3.53,99,17.05,39.845,19.90222222,54.065,16.79,49.73,4.1,754.3,94,4,26,3.2
50,0,20.23,42.43333333,19.29,42.1175,20.89,44.32666667,17.89,43.7,17.66111111,54.49111111,3.466666667,98.86666667,17.07777778,39.87555556,19.89,53.93277778,16.79,49.79,4.13,754.3,94.16666667,4,25.66666667,3.27
40,0,20.2,42.5,19.23,42.12666667,20.89,44.32666667,17.89,43.7,17.63888889,54.44888889,3.4,98.86666667,17.05555556,39.85111111,19.89,53.80222222,16.82333333,49.86,4.17,754.3,94.33333333,4,25.33333333,3.33
40,0,20.2,42.63333333,19.2,42.12666667,20.85666667,44.29,17.89,43.76,17.6,54.44444444,3.53,99.06333333,17.1,39.9,19.89,53.79,16.89,50,4.2,754.3,94.5,4,25,3.4
50,0,20.2,42.7,19.2,42.2,20.85666667,44.43,17.82333333,43.73,17.6,54.43333333,3.663333333,99.26333333,17.07777778,39.90333333,19.84,53.69444444,16.89,49.93333333,4.23,754.3,94.66666667,4,24.66666667,3.47
40,0,20.13333333,42.7,19.2,42.23,20.89,44.5,17.82333333,43.73,17.6,54.44444444,3.745,99.245,17.05555556,39.93111111,19.79,53.555,16.82333333,49.93333333,4.27,754.3,94.83333333,4,24.33333333,3.53
40,0,20.1,42.7,19.2,42.29,20.89,44.5,17.79,43.7,17.6,54.43333333,3.79,99.3,17.06111111,39.96111111,19.79,53.5,16.89,49.96666667,4.3,754.3,95,4,24,3.6
40,0,20.1,42.76,19.2,42.29,20.89,44.4,17.79,43.76,17.6,54.42222222,3.863333333,99.36666667,17.05555556,39.95555556,19.79,53.5,16.89,49.96666667,4.38,754.2833333,94.83333333,4,24.5,3.65
30,0,20.03333333,42.73,19.13333333,42.29,20.82333333,44.46666667,17.79,43.79,17.57222222,54.4,4,99.4,17.05,39.95,19.79,53.5,16.82333333,49.82666667,4.47,754.2666667,94.66666667,4,25,3.7
20,0,20.03333333,42.73,19.1,42.4,20.79,44.5,17.79,43.79,17.56666667,54.4,4.06,99.46666667,17.07777778,39.97777778,19.79,53.5,16.82333333,49.9,4.55,754.25,94.5,4,25.5,3.75
40,0,20,42.7,19.1,42.46666667,20.79,44.5,17.79,43.79,17.59444444,54.4,4.123333333,99.56,17.08333333,40.00333333,19.79,53.45,16.89,50,4.63,754.2333333,94.33333333,4,26,3.8
40,10,20,42.7675,19.1,42.5,20.79,44.5,17.79,43.82666667,17.55,54.4,4.19,99.5,17.06666667,40.04444444,19.785,53.39388889,16.89,50,4.72,754.2166667,94.16666667,4,26.5,3.85
190,10,20,42.79,19.1,42.5,20.79,44.56,17.73,43.82666667,17.52222222,54.31777778,4.3,99.69,17.03333333,39.98222222,19.755,53.24666667,16.89,50,4.8,754.2,94,4,27,3.9
150,40,19.96333333,42.86333333,19,42.46666667,20.7,44.56,17.73,43.93333333,17.5,54.12,4.366666667,99.69,17,39.88166667,19.715,52.91444444,16.89,49.96666667,4.83,754.2166667,93.66666667,4,29.16666667,3.88
350,40,19.89,42.93,19,42.4,20.7,44.43333333,17.99666667,44.06,17.52222222,53.89833333,4.5,99.8,17,39.79,19.68888889,52.51722222,16.89,49.82666667,4.87,754.2333333,93.33333333,4,31.33333333,3.87
70,10,19.92666667,42.86,19,42.29,20.66666667,44.22333333,18.55666667,44.13333333,17.5,53.71444444,4.56,99.8,17,39.79,19.65,52.09611111,16.89,49.56,4.9,754.25,93,4,33.5,3.85
90,10,20,43,19.06666667,42.36333333,20.6,44.03,19.03,43.66666667,17.5,53.52944444,4.623333333,99.83333333,17,39.79,19.6,51.72666667,16.89,49.43333333,4.93,754.2666667,92.66666667,4,35.66666667,3.83
80,10,20.03333333,43.43333333,19.13333333,42.4,20.6,43.9,19.03,43.26,17.5,53.38055556,4.763333333,99.9,16.97555556,39.78,19.59444444,51.50944444,16.89,49.22333333,4.97,754.2833333,92.33333333,4,37.83333333,3.82
60,20,20.1,43.56,19.2,42.32666667,20.6,43.9,18.89,43.2,17.5,53.255,4.933333333,99.9,16.98777778,39.78,19.53333333,51.41111111,16.89,48.96333333,5,754.3,92,4,40,3.8
50,10,20.13333333,43.53,19.32333333,42.36333333,20.53333333,43.82666667,18.76,43.2,17.5,53.145,5.06,99.9,16.98777778,39.715,19.5,51.32777778,16.89,48.72333333,5.08,754.25,92.16666667,4.166666667,38,3.9
360,30,20.2,43.53,19.4725,42.195,20.5,43.82666667,18.7,43.2,17.5,52.99833333,5.123333333,99.9,17,39.7,19.5,51.17944444,16.89,48.46333333,5.17,754.2,92.33333333,4.333333333,36,4
440,40,20.29,43.19333333,19.56666667,41.96333333,20.5,43.9,18.76333333,43.46333333,17.5,52.845,5.19,99.9,16.97555556,39.7,19.51111111,51.04944444,16.79,48.13333333,5.25,754.15,92.5,4.5,34,4.1
440,30,20.35666667,42.93333333,19.73,41.86333333,20.5,44,19.22333333,43.53,17.5,52.72888889,5.3,99.9,16.97555556,39.7,19.51111111,50.91111111,16.79,47.8,5.33,754.1,92.66666667,4.666666667,32,4.2
450,30,20.5,42.66333333,19.79,41.65666667,20.42666667,43.86,20.02333333,43.33333333,17.5,52.62666667,5.433333333,99.9,16.92055556,39.7,19.5,50.9,16.79,47.56,5.42,754.05,92.83333333,4.833333333,30,4.3
440,30,20.5,42.59,19.89,41.63333333,20.5,43.66333333,20.62333333,43.06666667,17.5,52.50944444,5.56,99.9,16.92055556,39.7,19.42055556,50.82055556,16.79,47.43333333,5.5,754,93,5,28,4.4
140,30,20.5,42.56,19.96333333,41.5,20.5,43.39,21.33333333,42.63333333,17.5,52.35611111,5.69,99.9,16.92055556,39.705,19.43888889,50.83888889,16.79,47.16333333,5.58,753.95,93,5,30,4.48
190,30,20.56666667,42.5,20.03333333,41.4,20.5,43.2,21.72666667,42.3,17.5,52.275,5.83,99.9,16.89,39.74,19.39,50.79,16.79,47.03,5.67,753.9,93,5,32,4.57
450,10,20.6,42.5,20.03333333,41.32666667,20.5,43.2,21.63333333,42.09,17.5,52.2,6.123333333,99.9,16.89,39.79,19.41444444,50.81444444,16.79,46.86333333,5.75,753.85,93,5,34,4.65
360,10,20.66666667,42.63333333,20.13333333,41.36333333,20.5,43.09,21.295,42.1725,17.5,52.10833333,6.33,99.9,16.89,39.845,19.39,50.78,16.79,46.73,5.83,753.8,93,5,36,4.73
110,10,20.73,42.56,20.2,41.29,20.5,43.09,20.96,42.2,17.5,52.09,6.53,99.9,16.89,39.91666667,19.39,50.705,16.79,46.5,5.92,753.75,93,5,38,4.82
70,10,20.815,42.3425,20.23,41.2,20.5,42.96666667,20.66666667,42,17.5,52.015,6.59,99.9,16.89,40,19.39,50.745,16.79,46.43333333,6,753.7,93,5,40,4.9
130,10,20.96333333,42.23,20.35666667,41.12666667,20.56666667,42.82666667,20.53333333,42.06,17.5,51.95,6.726666667,99.9,16.89,40.055,19.39,50.87888889,16.79,46.345,6.1,753.6666667,92.83333333,5,40,4.98
70,10,21.03333333,41.96666667,20.5,40.99,20.6,42.7,20.35666667,42.12666667,17.5,51.9,6.866666667,99.9,16.91444444,40.145,19.39,51.135,16.79,46.26,6.2,753.6333333,92.66666667,5,40,5.07
60,10,21.16666667,41.69333333,20.5,40.65666667,20.6,42.7,20.23,42.2,17.5,51.845,7.063333333,99.9,16.89,40.2,19.39,51.205,16.79,46.2,6.3,753.6,92.5,5,40,5.15
140,10,21.23,41.4,20.6,40.46666667,20.6,42.79,20.06666667,42.16333333,17.5,51.755,7.19,99.9,16.89,40.245,19.39,51.29833333,16.79,46.09,6.4,753.5666667,92.33333333,5,40,5.23
130,10,21.29,41.32666667,20.66666667,40.46666667,20.6,42.79,20,42.09,17.5,51.7,7.3,99.9,16.89,40.30833333,19.45722222,51.48888889,16.79,46.09,6.5,753.5333333,92.16666667,5,40,5.32
210,20,21.29,41.03333333,20.63333333,39.89666667,20.6,42.79,19.89,42.29,17.5,51.61777778,7.433333333,99.9,16.89,40.4,19.445,51.29722222,16.79,46.09,6.6,753.5,92,5,40,5.4
530,30,21.23,40.42666667,20.36,39.36333333,20.53333333,42.79,19.65,42.1,17.5,51.45,7.5,99.9,16.95722222,40.51833333,19.40833333,50.92944444,16.79,46.03,6.67,753.3666667,92.5,5.166666667,40.66666667,5.55
410,40,21.29,40.29,20.42666667,39.56666667,20.6,43.19666667,19.7,42.8,17.5,51.30333333,7.5,99.9,17,40.63055556,19.47555556,50.79555556,16.79,46,6.73,753.2333333,93,5.333333333,41.33333333,5.7
480,30,21.29,40.29,20.56666667,39.62666667,20.86,44.56666667,19.76,43,17.53888889,51.155,7.545,99.9,17,40.97111111,19.56111111,50.53055556,16.79,46,6.8,753.1,93.5,5.5,42,5.85
410,40,21.32333333,40.4,20.65,39.745,21.13333333,45.1,19.89,43.2,17.56666667,51.015,7.623333333,99.9,17,41.22277778,19.61666667,50.245,16.79,46,6.87,752.9666667,94,5.666666667,42.66666667,6
320,30,21.46333333,40.6,20.73,39.9,21.46,45.29,20.03,43.26,17.6,51.065,7.69,99.9,17.02777778,41.41833333,19.68888889,50.11555556,16.79,46,6.93,752.8333333,94.5,5.833333333,43.33333333,6.15
310,30,21.6,40.7,20.85666667,40.02666667,21.66666667,45.09666667,20.2,43.26,17.6,51.09,7.623333333,99.9,17.08888889,41.80055556,19.7,50.01,16.73,46,7,752.7,95,6,44,6.3
290,10,21.66666667,40.7,20.89,39.79,21.82333333,44.6,20.2,43.06666667,17.6,51.09,7.69,99.9,17.1,41.83277778,19.775,49.92055556,16.79,46.06,7.07,752.5833333,95,6,46.33333333,6.37
220,10,21.73,40.59,20.96333333,39.79,21.89,44.32666667,20.06666667,42.86333333,17.68333333,51.15722222,7.866666667,99.9,17.1,41.9,19.81777778,49.725,16.79,46.09,7.13,752.4666667,95,6,48.66666667,6.43
130,10,21.79,40.66333333,21.06666667,39.82666667,22.03333333,44.43333333,20,42.79,17.68333333,51.18166667,8,99.9,17.1,41.9,19.89611111,49.65111111,16.73,46.09,7.2,752.35,95,6,51,6.5
130,10,21.89,40.82666667,21.2,39.9,22.16666667,44.36,19.96333333,42.9,17.69444444,51.24888889,8,99.9,17.1,41.92777778,20.00444444,49.79222222,16.79,46.09,7.27,752.2333333,95,6,53.33333333,6.57
130,20,21.89,40.96666667,21.32333333,39.96666667,21.96333333,43.96666667,19.89,43.07,17.7,51.29,8,99.9,17.1,42.005,20.08888889,50.04388889,16.79,46.09,7.33,752.1166667,95,6,55.66666667,6.63
130,20,21.92666667,40.96666667,21.39,39.9,21.82333333,43.49333333,19.82333333,43.2,17.7,51.29,7.933333333,99.9,17.1,42.11055556,20.15,50.20055556,16.79,46.09,7.4,752,95,6,58,6.7
120,20,22,40.9,21.5,39.79,21.49666667,42.96666667,19.79,43.43333333,17.7,51.255,8.066666667,99.9,17.1,42.2,20.235,50.70166667,16.73,46.16333333,7.43,751.8833333,95.33333333,6.166666667,55.16666667,6.77
90,10,22.1,40.95,21.56666667,39.79,21.23,42.9,19.79,43.56,17.7,51.29111111,8.13,99.9,17.1,42.22,20.31777778,51.40833333,16.79,46.245,7.47,751.7666667,95.66666667,6.333333333,52.33333333,6.83
90,0,22.06666667,40.76333333,21.53,39.46333333,21.1,43.19333333,19.76,43.62666667,17.7,51.38777778,8.13,99.9,17.1,42.28111111,20.43277778,51.82222222,16.79,46.29,7.5,751.65,96,6.5,49.5,6.9
80,10,21.92666667,40.43,21.13,38.86333333,21.1,43.26666667,19.63333333,43.7,17.7,51.35722222,8.1,99.9,17.1,42.41555556,20.5,51.81388889,16.79,46.36333333,7.53,751.5333333,96.33333333,6.666666667,46.66666667,6.97
80,0,21.82333333,40.86,21.03333333,39.63333333,21.1,43.16333333,19.6,43.9,17.7,51.29,8.033333333,99.9,17.1,42.66055556,20.5,51.20444444,16.79,46.4,7.57,751.4166667,96.66666667,6.833333333,43.83333333,7.03
90,0,21.89,41.13333333,21.22666667,40.16,21.1,43.16333333,19.53333333,43.9,17.7,51.38722222,8.1,99.9,17.1,42.68166667,20.5,50.75722222,16.79,46.4,7.6,751.3,97,7,41,7.1
170,10,22,41.43333333,21.39,40.56666667,21.1,43.245,19.5,43.93333333,17.7,51.53388889,8.1,99.9,17.1,42.735,20.52777778,50.53666667,16.73,46.5,7.68,751.2166667,97,7,39.33333333,7.2
90,0,22.06666667,41.89333333,21.46333333,40.83333333,21.1,43.29,19.42666667,44,17.7,51.65722222,8.1,99.9,17.1,42.96555556,20.58888889,50.37555556,16.73,46.5,7.77,751.1333333,97,7,37.66666667,7.3
110,10,22.1,42.06,21.6,40.9,21.16666667,43.36333333,19.39,44.06666667,17.7,51.72,8.1,99.9,17.345,44.86333333,20.63888889,50.45388889,16.79,46.59,7.85,751.05,97,7,36,7.4
90,0,22.1,42,21.6,40.82666667,21.2,43.4,19.39,44.4,17.7,51.735,8.1,99.9,17.89277778,45.81166667,20.7,50.545,16.79,46.59,7.93,750.9666667,97,7,34.33333333,7.5
140,0,22.1,42.03,21.6,40.845,21.26,43.46666667,19.42666667,44.8,17.7,51.845,8.19,99.9,18.36,45.79166667,20.755,50.46111111,16.73,46.7,8.02,750.8833333,97,7,32.66666667,7.6
160,20,22.1,42.16333333,21.7,41.03,21.29,43.53,19.5,45.13333333,17.7,51.96611111,8.263333333,99.9,18.70055556,45.55722222,20.81777778,50.37555556,16.73,46.76,8.1,750.8,97,7,31,7.7
100,10,22.16666667,42.49666667,21.7,41.69666667,21.29,43.66333333,19.5,45.39,17.7,52.11055556,8.33,99.9,18.96277778,45.76166667,20.90833333,50.39388889,16.79,46.82666667,8.27,750.8833333,97,7,29.33333333,7.85
110,10,22.16666667,43.63,21.66666667,42.15666667,21.39,44.19333333,19.5,45.79666667,17.72,52.35888889,8.463333333,99.9,19.19166667,46.23833333,21,50.33888889,16.79,46.9,8.43,750.9666667,97,7,27.66666667,8
180,0,22.2,44.23,21.6,42.43,21.46333333,44.66,19.5,46.62666667,17.735,52.59555556,8.63,99.9,19.35111111,46.455,21.05,50.46,16.79,47,8.6,751.05,97,7,26,8.15
400,10,22.2,44.15666667,21.6,42.59,21.5,44.9,19.5,46.76,17.78,52.81777778,8.763333333,99.9,19.445,46.24666667,21.08888889,50.66,16.79,47.06,8.77,751.1333333,97,7,24.33333333,8.3
130,0,22.16666667,43.93,21.6,42.59,21.5,44.9,19.5,46.93333333,17.79,52.92777778,8.926666667,99.9,19.47611111,46.00388889,21.10555556,50.87388889,16.73,47.23,8.93,751.2166667,97,7,22.66666667,8.45
150,0,22.1,43.73,21.53333333,42.59,21.53333333,44.86333333,19.5,47.0675,17.79,53.015,9.066666667,99.9,19.27611111,46.09888889,21.18888889,51.07555556,16.79,47.29,9.1,751.3,97,7,21,8.6
140,0,22.1,43.66333333,21.53333333,42.59,21.6,44.79,19.5,47.16333333,17.79,53.10222222,9.19,99.9,19.13888889,46.41833333,21.205,51.385,16.73,47.43333333,9.35,751.3833333,96.5,6.666666667,24.16666667,8.78
140,10,22.1,43.59,21.5,42.59,21.6,44.66333333,19.5,47.29,17.79,53.16944444,9.263333333,99.9,19.02777778,46.59055556,21.28,51.87555556,16.79,47.56,9.6,751.4666667,96,6.333333333,27.33333333,8.97
150,20,22.1,43.59,21.56666667,42.59,21.6,44.59,19.5,47.36333333,17.79,53.35277778,9.5,99.9,18.95722222,46.87388889,21.31777778,52.34555556,16.79,47.745,9.85,751.55,95.5,6,30.5,9.15
190,20,22.175,44.17,21.63333333,42.86,21.63333333,44.65666667,19.5,47.69333333,17.82888889,53.85777778,9.626666667,99.9,18.87333333,47.17,21.35666667,52.62277778,16.79,47.93333333,10.1,751.6333333,95,5.666666667,33.66666667,9.33
140,20,22.26,44.36333333,21.7,43,21.7,44.93,19.5,48.1,17.86777778,54.145,9.83,99.9,18.84,47.50944444,21.39611111,52.69277778,16.79,48.06,10.4,751.7166667,94.5,5.333333333,36.83333333,9.52
140,30,22.29,44.45666667,21.79,43,21.7,45.12666667,19.6,48.79,17.88444444,54.21388889,10.03,99.9,18.94833333,48.00555556,21.48777778,52.82277778,16.79,48.26666667,10.6,751.8,94,5,40,9.7
150,40,22.35666667,45.73,21.85666667,43.06,21.7,45.4,19.6,48.79,17.81777778,54.14777778,10.25666667,99.9,19.27166667,47.87777778,21.58333333,52.78111111,16.79,48.46666667,10.8,751.9666667,93.5,5.5,37.5,9.78
130,50,22.39,45.1,21.89,43.09,21.7,45.5,19.7,49.06666667,17.87888889,54.28611111,10.52,99.9,19.27611111,47.73277778,21.65,52.7,16.79,48.62666667,10.9,752.1333333,93,6,35,9.87
180,40,22.39,44.69333333,21.89,43.09,21.7,45.6725,19.76,49.4,17.89,54.38777778,10.76333333,99.9,19.18333333,48.03833333,21.72,52.63277778,16.79,48.83333333,11.1,752.3,92.5,6.5,32.5,9.95
640,20,22.46333333,44.56,22,43.09,21.7,45.79,19.96,49.76,17.89,54.42222222,10.92666667,99.9,19.1,48.27555556,21.765,52.545,16.79,49.03,11.3,752.4666667,92,7,30,10
650,30,22.46333333,45.1,22,43.09,21.7,45.82666667,20.1,49.5,17.93277778,54.47222222,11,99.9,19.02222222,48.41666667,21.785,52.59444444,16.79,49.16333333,11.4,752.6333333,91.5,7.5,27.5,10.1
140,30,22.53333333,47.19666667,22.03333333,43.45666667,21.7,46.02666667,20.06666667,49.56666667,17.96333333,54.59833333,11.1,99.9,19.06111111,48.44166667,21.71,52.42944444,16.79,49.29,11.6,752.8,91,8,25,10.2
80,20,22.6,47.93,22.125,43.9975,21.7,46.36666667,20,49.9,17.97555556,54.86277778,11.1,99.9,18.99388889,48.235,21.7,52.21166667,16.79,49.36333333,11.6,752.85,91.16666667,7.833333333,24.83333333,10.3
90,30,22.7,47.86333333,22.2,44.26,21.7,46.9,19.96333333,49.76,18,55.15722222,11.13,99.9,18.90222222,48.2,21.66666667,51.97666667,16.89,49.62666667,11.7,752.9,91.33333333,7.666666667,24.66666667,10.3
130,20,22.7,47.33,22.2,44.36333333,21.73,47.2,19.89,49.76,18,55.35611111,11.19,99.9,18.86777778,48.18444444,21.68888889,52.08222222,16.89,49.7,11.7,752.95,91.5,7.5,24.5,10.4
130,20,22.79,46.56333333,22.2,44.29,21.79,47.2,19.89,50.12666667,18,55.52944444,11.3,99.9,18.86777778,48.475,21.7,52.27555556,16.82333333,49.76666667,11.7,753,91.66666667,7.333333333,24.33333333,10.4
140,30,22.79,46.15666667,22.2,44.22333333,21.79,47.06333333,19.89,50.26,18,55.645,11.3,99.9,18.89,48.76055556,21.705,52.48833333,16.82333333,49.9,11.8,753.05,91.83333333,7.166666667,24.16666667,10.4
120,20,22.79,45.69333333,22.2,44.03,21.79,46.73,19.89,50.32666667,18.03333333,55.71,11.3,99.9,18.89,49.06444444,21.76,52.67833333,16.89,50.03,11.8,753.1,92,7,24,10.5
130,30,22.79,45.43333333,22.2,44,21.82333333,46.59,19.89,50.3175,18.13611111,60.15222222,11.36,99.9,18.90833333,49.35888889,21.80111111,52.88166667,16.82333333,50.03,11.8,753.2333333,92.5,7.166666667,30.33333333,10.5
140,30,22.85666667,45.4,22.2,43.86,21.89,46.53,19.89,50.36333333,19.31111111,82.39111111,11.39,99.9,19.05,49.545,21.80111111,52.80222222,16.92666667,50.56666667,11.7,753.3666667,93,7.333333333,36.66666667,10.6
110,20,22.79,45.66666667,22.2,43.79,21.89,46.43333333,19.85666667,50.43,19.68388889,85.62333333,11.39,99.9,19.15555556,49.5,21.79,52.85722222,17.075,51.1475,11.7,753.5,93.5,7.5,43,10.6
200,30,23,47.79333333,22.2,43.93,21.96333333,46.63333333,19.79,50.29,20.36111111,89.54888889,11.3,99.9,19.11111111,49.29,21.745,52.9,17.1,50.96333333,11.6,753.6333333,94,7.666666667,49.33333333,10.6
220,20,22.92666667,46.66666667,22.16666667,44.15666667,21.96333333,46.66333333,19.89,51.09,21.01111111,89.76333333,11.3,99.9,19.1,49.39777778,21.705,52.97611111,17.1,50.86333333,11.6,753.7666667,94.5,7.833333333,55.66666667,10.7
120,20,22.89,46.145,22.1,44.36333333,21.89,46.59,19.96333333,50.96333333,21.925,85.02166667,11.3,99.9,19.1,49.44444444,21.76,53.09,17.1,50.79,11.5,753.9,95,8,62,10.7
100,20,22.92666667,46.03,22.1,44.56666667,21.89,46.59,19.89,50.66333333,21.69055556,83.09,11.3,99.9,19.13888889,49.955,21.79,53.09,17.1,50.82666667,11.5,753.9666667,94.66666667,8,55.33333333,10.7
100,10,23,46.09,22.1,44.83333333,21.89,46.59,19.82333333,50.53,21.27,78.17333333,11.39,99.9,19.245,50.18166667,21.79,53.09,17.1,50.9,11.6,754.0333333,94.33333333,8,48.66666667,10.7
90,10,23,46.2,22,44.93333333,21.89,46.59,19.76,50.4,20.90388889,71.12111111,11.39,99.9,19.275,50.19388889,21.81222222,53.11444444,17.1,50.93333333,11.6,754.1,94,8,42,10.7
100,20,23,46.26,22,45.13333333,21.89,46.6725,19.7,50.4,20.72944444,65.17055556,11.46333333,99.9,19.2,50.245,21.81777778,53.10055556,17.1,51,11.6,754.1666667,93.66666667,8,35.33333333,10.6
90,10,22.96333333,46.32666667,21.96333333,45.32666667,21.89,46.7,19.7,50.26,20.63333333,61.30444444,11.5,99.9,19.16111111,50.38166667,21.86777778,53.13277778,17.1,51,11.7,754.2333333,93.33333333,8,28.66666667,10.6
100,10,22.89,46.4,21.89,45.46666667,21.89,46.79,19.63333333,50.2,20.53888889,59.03444444,11.56666667,99.9,19.1,50.4,21.86777778,53.045,17.1,51.06,11.7,754.3,93,8,22,10.6
90,10,22.85666667,46.33333333,21.89,45.59,21.89,46.79,19.6,50.09,20.5,57.67222222,11.6,99.9,19.08333333,50.38166667,21.89,53,17.1,51.09,11.6,754.4166667,93.5,8,25.5,10.6
70,10,22.79,46.2,21.82333333,45.59,21.85666667,46.72333333,19.6,50.03,20.5,56.68555556,11.6,99.9,19.02222222,50.28944444,21.89,53.025,17.1,51.09,11.6,754.5333333,94,8,29,10.6
70,20,22.79,46.46666667,21.79,45.7,21.79,46.66333333,19.5,50.03,20.42055556,56.03944444,11.56666667,99.9,19.01111111,49.98111111,21.89611111,53.15722222,17.1,51.23,11.5,754.65,94.5,8,32.5,10.7
60,10,22.73,46.4,21.7,45.59,21.79,46.59,19.5,50.09,20.30666667,55.53444444,11.5,99.9,19.01111111,49.59,21.93277778,53.2,17.16666667,51.36333333,11.4,754.7666667,95,8,36,10.7
30,10,22.66666667,46.43,21.7,45.66333333,21.79,46.59,19.39,49.9,20.29,55.01833333,11.39,99.9,19,49.33888889,21.89,53.22722222,17.29,51.5,11.4,754.8833333,95.5,8,39.5,10.7
20,10,22.6,46.29,21.6,45.73,21.79,46.56,19.39,49.9,20.275,54.46888889,11.33,99.9,19,49.38777778,21.89,53.43222222,17.23,51.43333333,11.3,755,96,8,43,10.7
20,10,22.5,46.32666667,21.53333333,45.79,21.79,46.43333333,19.39,49.79,20.2,54.1,11.36,99.9,19,49.49833333,21.89,53.76055556,17.2,51.4,11.3,755.0833333,95.66666667,8,40.33333333,10.7
30,10,22.5,46.4,21.5,45.93333333,21.7,46.43333333,19.39,49.79,20.2,53.80388889,11.3,99.9,19,49.59,21.89,54.05222222,17.2,51.46666667,11.4,755.1666667,95.33333333,8,37.66666667,10.6
50,10,22.39,46.32666667,21.42666667,45.93333333,21.7,46.5,19.32333333,49.79,20.2,53.55722222,11.33,99.9,19,49.75166667,21.82888889,54.20888889,17.29,51.59,11.4,755.25,95,8,35,10.6
60,10,22.32333333,46.4,21.39,46,21.6,46.5,19.29,49.79,20.16111111,53.37388889,11.39,99.9,19,49.735,21.79,54.46277778,17.29,51.59,11.4,755.3333333,94.66666667,8,32.33333333,10.6
50,10,22.29,46.5,21.39,46,21.66666667,46.5,19.29,49.73,20.1,53.245,11.33,99.9,18.99388889,49.95777778,21.775,54.70833333,17.29,51.59,11.5,755.4166667,94.33333333,8,29.66666667,10.5
40,20,22.23,46.43333333,21.29,46.12666667,21.7,46.5,19.29,49.7,20.09444444,53.10333333,11.39,99.9,18.98166667,50.145,21.7,55.15222222,17.29,51.7,11.5,755.5,94,8,27,10.5
50,10,22.2,46.43333333,21.29,46.2,21.7,46.5,19.23,49.62666667,20.01111111,53.07333333,11.39,99.9,19,50.2,21.7,55.57166667,17.29,51.76,11.5,755.6333333,93.5,8.166666667,29.16666667,10.4
40,10,22.175,46.5225,21.26,46.26,21.66666667,46.4,19.2,49.59,20,53.06111111,11.39,99.9,19,50.145,21.7,55.845,17.29,51.86333333,11.5,755.7666667,93,8.333333333,31.33333333,10.3
50,10,22.1,46.59,21.2,46.26,21.6,46.4,19.2,49.59,20,53.02,11.39,99.9,19.00555556,50.23611111,21.68888889,55.99444444,17.35666667,51.79,11.5,755.9,92.5,8.5,33.5,10.3
40,20,22.1,46.73,21.16666667,46.4,21.6,46.43333333,19.2,49.5,19.90833333,52.99444444,11.46333333,99.9,19.08888889,50.43888889,21.64444444,56.14388889,17.35666667,52.06,11.5,756.0333333,92,8.666666667,35.66666667,10.2
50,10,22.03333333,46.79,21.1,46.46666667,21.6,46.5,19.2,49.5,19.89,52.89277778,11.39,99.9,19.1,50.30833333,21.67777778,56.34444444,17.35666667,51.93333333,11.5,756.1666667,91.5,8.833333333,37.83333333,10.1
60,10,22,47,21.1,46.53,21.66666667,46.56,19.16666667,49.5,19.89,52.78722222,11.39,99.9,19.08888889,50.28,21.68888889,56.72722222,17.32333333,51.9,11.5,756.3,91,9,40,10
50,10,22,47.06,21.1,46.59,21.7,46.5,19.1,49.5,19.89,52.72,11.33,99.9,19.02222222,50.205,21.63888889,57.14611111,17.39,51.9,11.4,756.3666667,91.16666667,8.666666667,37.33333333,10
40,10,21.89,47.09,21.06666667,46.56,21.76,46.5,19.1,49.5,19.87333333,52.66666667,11.3,99.9,19.05,50.145,21.59444444,57.28,17.39,51.9,11.4,756.4333333,91.33333333,8.333333333,34.66666667,10
50,10,21.89,47.09,21,46.5,21.79,46.46666667,19.1,49.5,19.79,52.5,11.36,99.9,19,50.06944444,21.53333333,57.19277778,17.39,51.96666667,11.4,756.5,91.5,8,32,10
40,10,21.85666667,47.06,21,46.545,21.73,46.4,19.1,49.4,19.79,52.46111111,11.3,99.9,19,49.90277778,21.48166667,57.19777778,17.39,52,11.3,756.5666667,91.66666667,7.666666667,29.33333333,10
40,10,21.79,47,20.89,46.62666667,21.7,46.5,19.1,49.4,19.79,52.4,11.3,99.9,19,49.88722222,21.40222222,57.30888889,17.39,52,11.3,756.6333333,91.83333333,7.333333333,26.66666667,10
50,20,21.79,47,20.89,46.7,21.76,46.5,19.06666667,49.36333333,19.79,52.38166667,11.3,99.9,19,50.01388889,21.39,57.56444444,17.39,52,11.2,756.7,92,7,24,10
50,10,21.79,47,20.79,46.59,21.7,46.5,19,49.29,19.775,52.31444444,11.3,99.9,19,50.07,21.39,57.715,17.39,52,11.2,756.8,91.83333333,7.166666667,30.5,9.97
40,10,21.7,46.93333333,20.79,46.66333333,21.76,46.5,19,49.29,19.78,52.29,11.33,99.9,19,50.17,21.34,57.87277778,17.39,52.09,11.2,756.9,91.66666667,7.333333333,37,9.93
30,10,21.7,46.93333333,20.79,46.7,21.7,46.5,19,49.29,19.73,52.275,11.33,99.9,19,50.29611111,21.29,58.18777778,17.39,52.09,11.2,757,91.5,7.5,43.5,9.9
20,10,21.7,47,20.79,46.7,21.7,46.5,19,49.29,19.7,52.275,11.3,99.9,19,50.43777778,21.29,58.46277778,17.39,52.12666667,11.2,757.1,91.33333333,7.666666667,50,9.87
40,10,21.63333333,46.93333333,20.7,46.79,21.7,46.5,18.92666667,49.29,19.7,52.245,11.3,99.9,19,50.575,21.29,58.67222222,17.4725,52.295,11.2,757.2,91.16666667,7.833333333,56.5,9.83
40,10,21.6,46.9,20.7,46.79,21.7,46.5,18.92666667,49.29,19.7,52.21,11.16,99.9,19,50.62055556,21.29,58.78,17.5,52.46666667,11.2,757.3,91,8,63,9.8
50,20,21.6,46.96666667,20.7,46.82666667,21.7,46.53,19,49.29,19.7,52.2,11.1,99.9,19,50.61444444,21.26,58.73,17.5,52.53,11.1,757.4333333,91.66666667,7.666666667,62.83333333,9.82
40,10,21.6,47,20.7,46.9,21.7,46.59,18.92666667,49.29,19.66666667,52.16333333,10.96333333,99.9,19,50.76333333,21.225,58.74,17.5,52.59,11,757.5666667,92.33333333,7.333333333,62.66666667,9.83
50,10,21.575,47.0225,20.66666667,46.9,21.63333333,46.62666667,18.89,49.29,19.61666667,52.16333333,10.8675,99.9,19.03888889,51.03833333,21.21,58.70277778,17.5,52.7,10.9,757.7,93,7,62.5,9.85
50,10,21.5,47.09,20.6,46.96666667,21.7,46.62666667,18.89,49.29,19.6,52.2,10.8,99.9,19.1,51.145,21.2,58.67555556,17.5,52.7,10.9,757.8333333,93.66666667,6.666666667,62.33333333,9.87
60,10,21.5,47.09,20.6,47,21.66666667,46.62666667,18.89,49.29,19.6,52.2,10.8,99.9,19.05555556,51.15111111,21.2,58.61555556,17.53333333,52.73,10.8,757.9666667,94.33333333,6.333333333,62.16666667,9.88
50,10,21.42666667,47.03,20.6,47,21.675,46.7,18.89,49.29,19.6,52.2,10.8,99.9,19.04444444,51.13888889,21.2,58.51,17.6,52.79,10.7,758.1,95,6,62,9.9
40,20,21.39,47.09,20.56666667,47.09,21.7,46.7,18.89,49.29,19.6,52.2,10.83,99.9,19.02777778,51.09555556,21.18333333,58.46111111,17.6,52.79,10.8,758.15,94.16666667,6.333333333,62.16666667,9.83
50,10,21.39,47.09,20.5,47.16333333,21.7,46.7,18.89,49.29,19.6,52.2,10.89,99.9,19,51.01,21.12222222,58.31055556,17.6,52.79,10.8,758.2,93.33333333,6.666666667,62.33333333,9.77
40,10,21.39,47.12666667,20.5,47.2,21.7,46.7,18.85666667,49.26,19.6,52.2,10.92666667,99.9,19.03888889,51.17555556,21.1,58.13777778,17.6,52.82666667,10.9,758.25,92.5,7,62.5,9.7
50,10,21.39,47.2,20.5,47.2,21.7,46.7,18.79,49.2,19.56666667,52.2,11,99.9,19.1,51.4,21.07777778,58.02277778,17.6,52.9,11,758.3,91.66666667,7.333333333,62.66666667,9.63
40,10,21.35666667,47.2,20.5,47.23,21.63333333,46.62666667,18.89,49.29,19.53888889,52.2,11,99.9,19.09444444,51.32777778,21.07777778,57.87388889,17.6,52.9,11,758.35,90.83333333,7.666666667,62.83333333,9.57
50,10,21.29,47.2,20.4725,47.2675,21.6,46.62666667,18.82333333,49.23,19.5,52.2,11,99.9,19.02777778,51.19777778,21.05,57.745,17.6,52.9,11.1,758.4,90,8,63,9.5
50,10,21.29,47.23,20.39,47.2,21.6,46.7,18.79,49.2,19.5,52.2,10.96333333,99.9,19.01111111,51.05222222,21,57.59333333,17.6,52.9,11,758.4666667,90.66666667,7.666666667,62,9.53
50,20,21.29,47.29,20.39,47.29,21.63333333,46.7,18.79,49.2,19.5,52.2,10.89,99.9,19.05555556,51.14111111,21,57.5,17.6,52.9,10.9,758.5333333,91.33333333,7.333333333,61,9.57
40,10,21.29,47.32666667,20.39,47.29,21.63333333,46.7,18.79,49.2,19.5,52.2,10.86,99.9,19.01111111,51.08611111,20.99388889,57.5,17.6,52.9,10.9,758.6,92,7,60,9.6
50,10,21.29,47.4,20.29,47.29,21.66666667,46.76,18.79,49.2,19.47555556,52.17555556,10.8,99.9,19.04444444,51.025,20.92666667,57.5,17.6,52.9,10.8,758.6666667,92.66666667,6.666666667,59,9.63
40,10,21.2,47.29,20.29,47.29,21.66666667,46.76,18.79,49.2,19.46333333,52.12055556,10.76333333,99.9,19.1,51.015,20.91444444,57.41666667,17.6,52.9,10.7,758.7333333,93.33333333,6.333333333,58,9.67
30,10,21.2,47.29,20.29,47.4,21.66666667,46.79,18.79,49.2,19.445,52.055,10.69,99.9,19.1,51.05,20.89,57.38777778,17.65,52.95,10.6,758.8,94,6,57,9.7
20,10,21.2,47.29,20.29,47.4,21.6,46.79,18.73,49.2,19.39,52,10.66,99.9,19.05,50.965,20.89,57.32055556,17.66666667,52.96666667,10.6,758.85,94,6,51.66666667,9.63
30,10,21.13333333,47.36333333,20.29,47.4,21.7,46.79,18.7,49.2,19.39,52,10.6,99.9,19.07222222,50.98222222,20.86777778,57.27,17.7,53,10.5,758.9,94,6,46.33333333,9.57
40,10,21.16666667,47.4,20.23,47.32666667,21.63333333,46.73,18.76,49.2,19.39,52,10.6,99.9,19.03888889,50.90555556,20.82888889,57.24,17.7,53,10.4,758.95,94,6,41,9.5
50,20,21.1,47.4,20.2,47.32666667,21.6,46.73,18.7,49.2,19.39,52,10.56666667,99.9,19.06111111,50.95,20.79,57.335,17.7,53.09,10.4,759,94,6,35.66666667,9.43
50,10,21.1,47.4,20.2,47.4,21.6,46.86333333,18.7,49.2,19.39,52.01,10.5,99.9,19.1,50.86777778,20.79,57.44388889,17.7,53.22333333,10.4,759.05,94,6,30.33333333,9.37
40,10,21.1,47.5,20.2,47.4,21.6,46.79,18.7,49.2,19.39,52.09611111,10.5,99.9,19.1,50.845,20.80111111,57.645,17.7,53.32666667,10.3,759.1,94,6,25,9.3
40,20,21.1,47.69333333,20.2,47.4,21.6,46.79,18.7,49.2,19.37888889,52.32611111,10.5,99.9,19.1,50.785,20.82333333,57.48722222,17.76,53.32666667,10.4,759.15,93.16666667,6.166666667,24.66666667,9.23
60,10,21,47.82666667,20.2,47.5,21.6,46.79,18.7,49.2,19.29555556,52.70111111,10.5,99.9,19.1,50.67944444,20.79,57.02944444,17.7,53.16333333,10.4,759.2,92.33333333,6.333333333,24.33333333,9.17
120,20,21,47.96666667,20.2,47.5,21.56666667,46.86333333,18.7,49.2,19.29,53.06444444,10.5,99.9,19.1,50.575,20.765,56.73,17.7,53.09,10.4,759.25,91.5,6.5,24,9.1
370,10,21,48.03,20.16666667,47.5,21.5,46.79,18.7,49.2,19.235,53.30333333,10.5,99.69,19.1,50.5,20.71,56.42944444,17.7,53,10.5,759.3,90.66666667,6.666666667,23.66666667,9.03
350,20,21,48.09,20.1,47.56,21.5,46.79,18.82666667,49.53333333,19.2,53.56444444,10.5,99.49666667,19.1,50.51,20.7,56.14277778,17.7,52.93333333,10.6,759.35,89.83333333,6.833333333,23.33333333,8.97
330,40,21,48.09,20.1,47.62666667,21.5,46.79,19.39333333,49.63333333,19.16111111,53.77333333,10.6,98.66333333,19.1,50.53,20.7,55.92944444,17.7,52.9,10.6,759.4,89,7,23,8.9
60,10,21,48.16333333,20.1,47.7,21.5,46.79,19.86666667,49.36,19.1,53.98222222,10.66,97.59666667,19.1,50.41055556,20.66111111,55.65166667,17.7,52.9,10.7,759.45,87.66666667,7.333333333,22.83333333,8.72
50,10,21,48.2,20.1,47.7,21.5,46.73,20.32333333,49.1,19.1,54.085,10.72666667,96.16666667,19.08888889,50.22666667,20.6,55.28055556,17.7,52.86333333,10.7,759.5,86.33333333,7.666666667,22.66666667,8.53
40,10,21,48.33333333,20.1,47.59,21.46333333,46.63333333,20.32333333,48.82666667,19.1,54.09,10.8,94.56,19.05,49.89,20.58333333,54.86555556,17.7,52.79,10.8,759.55,85,8,22.5,8.35
40,10,21,48.16333333,20.1,47.53,21.39,46.5,20.16666667,48.7,19.1,54.09,10.89,92.72666667,19,49.57722222,20.5,54.47666667,17.7,52.66333333,10.9,759.6,83.66666667,8.333333333,22.33333333,8.17
40,10,21,48.03,20.2,47.4,21.39,46.5,20.025,48.595,19.1,54.09,10.89,91.79333333,19,49.33444444,20.5,54.12722222,17.7,52.59,10.9,759.65,82.33333333,8.666666667,22.16666667,7.98
40,20,21,47.86333333,20.2,47.32666667,21.39,46.5,19.92666667,48.5,19.09444444,54.00944444,10.89,90.93,19,49.12,20.48166667,53.81277778,17.7,52.46666667,11,759.7,81,9,22,7.8
50,10,21.06666667,47.73,20.29,47.16333333,21.39,46.46666667,19.89,48.46666667,19.01111111,53.91111111,10.89,88.93,19,48.91555556,20.45111111,53.485,17.7,52.295,11,759.75,80.33333333,8.833333333,22.16666667,7.7
50,10,21.1,47.56,20.35666667,46.96333333,21.39,46.4,19.82333333,48.32666667,19.20555556,58.57388889,11.03333333,87.46,19,48.655,20.39,53.13,17.76,52.12666667,11,759.8,79.66666667,8.666666667,22.33333333,7.6
80,10,21.1,47.43333333,20.39,46.63333333,21.39,46.4,19.79,48.29,19.95833333,76.48277778,11.1,85.1475,18.97555556,48.52944444,20.35111111,52.89333333,17.79,51.9,11.1,759.85,79,8.5,22.5,7.5
140,20,21.13333333,47.29,20.46333333,46.5,21.46333333,46.4,19.73,48.29,19.62611111,77.38777778,11.16,84.13,19.01666667,48.47611111,20.29,52.63,17.79,51.82666667,11.1,759.9,78.33333333,8.333333333,22.66666667,7.4
330,20,21.2,47.29,20.6,46.33333333,21.5,46.32666667,19.66666667,48.29,19.5,76.98888889,11.22666667,83.79,19.08888889,48.18222222,20.31222222,52.43277778,17.79,51.76,11.1,759.95,77.66666667,8.166666667,22.83333333,7.3
160,30,21.13333333,45.69666667,20.46,44.93333333,21.42666667,45.73333333,19.6,48.29,19.40833333,74.09777778,11.3,82.73,19.1,47.68444444,20.29,52.25722222,17.79,51.62666667,11.1,760,77,8,23,7.2
80,20,21.025,45.29,20.23,44.19333333,21.26,45.16333333,19.56666667,48.06,19.40833333,65.745,11.3,81.39333333,19.13888889,47.42166667,20.27,52.10777778,17.79,51.5,11.1,760.0333333,76.83333333,8,23.16666667,7.17
30,20,21.1,45.36333333,20.35666667,44.52666667,21.2,45.03,19.5,47.93333333,19.46333333,60.22,11.3,80.66,19.2,47.42777778,20.225,51.85833333,17.79,51.43333333,11.1,760.0666667,76.66666667,8,23.33333333,7.13
60,10,21.16666667,45.5,20.42666667,44.73,21.2,44.95,19.5,47.9,19.51666667,57.52833333,11.42666667,79.49333333,19.275,47.58222222,20.2,51.71666667,17.79,51.26,11.2,760.1,76.5,8,23.5,7.1
60,10,21.16666667,45.63333333,20.56666667,44.86333333,21.23,44.93333333,19.5,47.82666667,19.59444444,55.56111111,11.5,78.7,19.29,47.44166667,20.2,51.53388889,17.79,51.2,11.2,760.1333333,76.33333333,8,23.66666667,7.07
60,20,21.32333333,46,20.76333333,45.03,21.29,45,19.5,47.9,19.71388889,54.05555556,11.5,79.23,19.235,46.98388889,20.16111111,51.40555556,17.79,51.06,11.2,760.1666667,76.16666667,8,23.83333333,7.03
70,10,21.46333333,46.06,20.96333333,45.03,21.29,45.12666667,19.5,47.96666667,19.85111111,52.88333333,11.5,79.69,19.18888889,46.63,20.1,51.345,17.79,50.93333333,11.2,760.2,76,8,24,7
40,10,21.6,45.33333333,21.1,44.29333333,21.29,45.2,19.46333333,48.13333333,19.92055556,52.02777778,11.5,79.32666667,19.05555556,45.94888889,20.1,51.275,17.79,50.76,11.2,760.2166667,76.16666667,8,24.33333333,7.05
470,10,21.66666667,44.93333333,21.16666667,43.7,21.29,44.96666667,19.39,48.06,20.04444444,50.48888889,11.5,78.06,19.01111111,45.49444444,20.1,51.2,17.79,50.7,11.2,760.2333333,76.33333333,8,24.66666667,7.1
710,10,21.73,44.9,21.34,43.79,21.29,45.1,19.42666667,48.03,20.18166667,49.80888889,11.72666667,77.13,19,45.32777778,20.1,51.18166667,17.79,50.56,11.3,760.25,76.5,8,25,7.15
480,20,21.85666667,44.96666667,21.6,43.79,21.56666667,46.52666667,19.5,48.16333333,20.28,49.42666667,11.86,76.79666667,19,45.155,20.1,51.09,17.79,50.5,11.3,760.2666667,76.66666667,8,25.33333333,7.2
360,10,21.92666667,45,21.66666667,43.79,21.9,47.99333333,19.5,48.32666667,20.36222222,49.12,12,75.32333333,18.97555556,45.02944444,20.04444444,50.97944444,17.79,50.36333333,11.3,760.2833333,76.83333333,8,25.66666667,7.25
340,10,22.06666667,45,21.82333333,43.66333333,22.39333333,49.03,19.5,48.4975,20.45722222,48.88722222,12,73.86333333,19,44.93333333,20.03333333,50.92111111,17.79,50.29,11.3,760.3,77,8,26,7.3
300,10,22.13333333,45.4,21.89,43.59,22.66666667,49.36333333,19.5,48.66333333,20.51666667,48.575,11.89,73.46,18.96333333,44.80333333,20.00555556,50.82111111,17.7,50.16333333,11.3,760.25,76.83333333,8.333333333,28.33333333,7.28
230,10,22.26,46.53333333,21.92666667,43.46666667,22.96,48.92333333,19.6,48.82666667,20.58888889,48.31444444,11.89,73.06,18.92055556,44.73,20,50.73,17.7,50.0225,11.3,760.2,76.66666667,8.666666667,30.66666667,7.27
260,10,22.39,46.12333333,22,43.4,23.16666667,48.39,19.6,49.02666667,20.65,48.255,11.89,72.795,18.90222222,44.65722222,20,50.7,17.7,49.93333333,11.3,760.15,76.5,9,33,7.25
420,10,22.39,46.06333333,22.03333333,43.29,23.32333333,48.19333333,19.6,49.2,20.7,48.19666667,11.92666667,72.73,18.89,44.555,19.98777778,50.645,17.7,49.79,11.3,760.1,76.33333333,9.333333333,35.33333333,7.23
170,20,22.5,46.19666667,22.1,43.29,23.39,47.66666667,19.6,49.2,20.73,48.02833333,12,71.99666667,18.89,44.51,19.945,50.555,17.7,49.73,11.3,760.05,76.16666667,9.666666667,37.66666667,7.22
80,10,22.56666667,45.79,22.13333333,43.26,23.26,47.06333333,19.6,49.26,20.785,47.86833333,11.89,72.06333333,18.89,44.45,19.89,50.5,17.7,49.66333333,11.3,760,76,10,40,7.2
70,10,22.63333333,45.29666667,22.2,43.12666667,23.13333333,46.73,19.6,49.12666667,20.82888889,47.83277778,11.89,72.26333333,18.89,44.39388889,19.89,50.48333333,17.7,49.59,11.3,759.9833333,76.16666667,9.833333333,38,7.25
390,10,22.76,44.96333333,22.32333333,43.09,23.06666667,46.43,19.56666667,48.96666667,20.89722222,47.72277778,11.89,72.73,18.87888889,44.29222222,19.89,50.4,17.7,49.56,11.3,759.9666667,76.33333333,9.666666667,36,7.3
640,10,22.84,44.59,22.39,42.96333333,23,46.36333333,19.5,48.82666667,21.01666667,47.545,11.89,72.79666667,18.87888889,44.28,19.89,50.4,17.7,49.5,11.4,759.95,76.5,9.5,34,7.35
510,10,23,44.43,22.5,42.96666667,23.195,47.545,19.5,48.66333333,21.09444444,47.41555556,11.89,73.06333333,18.87888889,44.28,19.89,50.36333333,17.7,49.46666667,11.4,759.9333333,76.66666667,9.333333333,32,7.4
300,10,23,44.23,22.56666667,42.82666667,23.56666667,48.59666667,19.5,48.53,21.16666667,47.19944444,11.96333333,73.45666667,18.87888889,44.28,19.89,50.30833333,17.7,49.4,11.4,759.9166667,76.83333333,9.166666667,30,7.45
260,10,23.03333333,44.72333333,22.63333333,42.96666667,23.82666667,48.73,19.46333333,48.33333333,21.2,47.00388889,12.1,73.06666667,18.87888889,44.28,19.87888889,50.29222222,17.7,49.4,11.4,759.9,77,9,28,7.5
260,10,23.16666667,45.66333333,22.7,43.63333333,24.03333333,47.99,19.39,48.12666667,21.2,46.98888889,12.1,72.86,18.87888889,44.28,19.82888889,50.235,17.7,49.4,11.4,759.85,77.16666667,8.833333333,30,7.55
220,10,23.2,45.86,22.73,43.1,24.16666667,47.53,19.42666667,49.02666667,21.245,46.88611111,12,73.19,18.89,44.29,19.83444444,50.24,17.7,49.29,11.5,759.8,77.33333333,8.666666667,32,7.6
190,10,23.2,45.93333333,22.73,42.76666667,24.23,46.9,19.56666667,49.63333333,21.28,46.765,12,73.33,18.89,44.235,19.83444444,50.24,17.7,49.29,11.5,759.75,77.5,8.5,34,7.65
300,10,23.29,45.7,22.79,42.545,24.29,46.42666667,19.6,49.93333333,21.29,46.71166667,12.03333333,74.03,18.87333333,44.23,19.80111111,50.21,17.7,49.26,11.5,759.7,77.66666667,8.333333333,36,7.7
430,20,23.29,45.62666667,22.79,42.46666667,24.29,45.76666667,19.65,50.1,21.29,46.61444444,12.23333333,74.03,18.88444444,44.29111111,19.79,50.2,17.7,49.2,11.6,759.65,77.83333333,8.166666667,38,7.75
700,10,23.32333333,45.36333333,22.79,42.4,24.23,45.16666667,19.7225,50.2225,21.35111111,46.555,12.33,74.39666667,18.85666667,44.33111111,19.79,50.215,17.7,49.23,11.6,759.6,78,8,40,7.8
570,10,23.32333333,44.89666667,22.79,42.29,24.13333333,45.66666667,19.79,50.2675,21.35666667,46.5,12.39,74.86333333,18.87888889,44.40444444,19.79,50.28,17.7,49.29,11.5,759.6666667,79,8.333333333,37.33333333,7.92
330,10,23.35666667,44.33333333,22.79,42.23,24.32666667,46.73333333,19.79,50.2,21.36777778,46.46111111,12.39,74.8,18.89,44.5,19.79,50.29,17.7,49.29,11.4,759.7333333,80,8.666666667,34.66666667,8.03
280,10,23.35666667,44.06666667,22.79,42.09,24.56666667,47.8,19.89,50.29,21.37888889,46.36944444,12.39,74.4,18.89,44.515,19.79,50.35722222,17.7,49.29,11.4,759.8,81,9,32,8.15
260,10,23.39,45.1,22.85666667,42.16333333,24.76,47.66666667,19.89,50.245,21.41444444,46.385,12.3,74.89,18.89,44.59,19.79,50.4,17.7,49.29,11.3,759.8666667,82,9.333333333,29.33333333,8.27
240,10,23.46333333,45.63333333,22.89,42.23,24.89,46.73333333,19.79,50,21.445,46.53388889,12.1,76.06,18.89,44.65722222,19.79,50.4,17.7,49.29,11.2,759.9333333,83,9.666666667,26.66666667,8.38
230,10,23.5,45.66333333,22.89,42.29,24.96333333,46.13333333,19.79,50.145,21.5,46.65722222,11.96,77.86666667,18.89,44.715,19.775,50.45,17.7,49.29,11.1,760,84,10,24,8.5
220,10,23.5,45.46333333,22.89,42.4,25.03333333,45.93333333,19.79,50.29,21.5,46.72,11.69,80,18.89,44.755,19.775,50.5,17.76,49.4,11.1,759.9833333,83.5,10,26.66666667,8.45
100,10,23.5,44.66,22.89,42.4,25.16666667,46,19.89,50.53,21.5,46.60833333,11.69,80.06666667,18.89,44.775,19.78,50.5,17.7,49.4,11.2,759.9666667,83,10,29.33333333,8.4
270,10,23.5,44.73333333,22.89,42.36333333,25.2,45.86333333,19.96333333,50.66333333,21.5,46.545,11.69,79.43333333,18.89,44.79,19.715,50.53,17.7,49.5,11.2,759.95,82.5,10,32,8.35
330,10,23.53333333,45.19666667,22.89,42.29,25.13333333,45.46333333,20.06666667,50.49,21.56111111,46.43888889,11.69,79.49333333,18.86777778,44.77,19.72,50.555,17.76,49.43333333,11.2,759.9333333,82,10,34.66666667,8.3
260,10,23.6,45.5425,22.92666667,42.32666667,25,45.32666667,20,50.23,21.6,46.41111111,11.69,79.39666667,18.89,44.82666667,19.73,50.59,17.7,49.5,11.3,759.9166667,81.5,10,37.33333333,8.25
310,10,23.66666667,45.4,23,42.4,25.075,45.2675,19.96333333,50.06,21.68333333,46.56944444,11.69,79.33,18.89,44.82666667,19.72,50.59,17.76,49.5,11.3,759.9,81,10,40,8.2
430,20,23.76333333,46.06666667,23,42.4,25.16666667,44.96333333,19.89,49.86,21.7,46.655,11.66,78.99333333,18.89,44.79,19.71,50.59,17.7,49.5,11.3,759.9166667,80.5,9.833333333,40,8.12
420,10,23.96333333,47.66,23.06666667,42.52666667,25.23,44.76,19.85666667,49.63333333,21.75,47.155,11.6,78.6,18.89,44.78,19.7,50.59,17.7,49.5,11.3,759.9333333,80,9.666666667,40,8.03
190,10,23.92666667,51.43333333,23.1,43.03,25.35666667,44.9,19.79,49.43333333,21.775,48.27388889,11.6,77.86333333,18.89,44.76,19.775,50.98777778,17.73,49.5,11.4,759.95,79.5,9.5,40,7.95
110,10,24,52.56666667,23.16666667,43.69666667,25.5,45.23,19.79,49.22333333,21.79,49.56888889,11.6,76.92333333,18.86777778,44.70055556,19.89277778,51.35944444,17.73,49.5,11.4,759.9666667,79,9.333333333,40,7.87
120,10,24,50.19666667,23.2,44.29,25.36,45.36333333,19.73,49.03,21.79,49.42944444,11.6,76.42333333,18.89,44.68166667,20.07777778,51.61555556,17.79,49.4,11.4,759.9833333,78.5,9.166666667,40,7.78
120,20,24,48.99666667,23.2,44.195,25.16666667,45.36333333,19.73,48.79,21.63722222,49.39833333,11.6,76.23,18.89,44.575,20.245,51.73,17.79,49.4,11.4,760,78,9,40,7.7
110,10,24,47.86,23.2,43.96333333,25.03333333,45.23,19.73,48.79,21.42833333,49.57722222,11.6,76.3,18.89,44.53,20.37944444,51.705,17.73,49.4,11.3,760,79,9,40,7.78
120,10,24,46.99333333,23.2,43.76,24.85666667,45.06,19.7,48.59,21.28611111,49.73888889,11.6,76.63333333,18.89,44.5,20.48777778,51.78,17.79,49.32666667,11.2,760,80,9,40,7.87
120,20,24.1,46.29666667,23.2,43.56666667,24.79,44.93333333,19.7,48.5,21.17222222,49.79222222,11.5,76.3,18.88444444,44.49444444,20.56666667,51.78,17.73,49.29,11.1,760,81,9,40,7.95
150,10,24.03333333,45.83,23.2,43.22333333,24.66666667,44.86333333,19.7,48.43333333,21.08333333,49.85722222,11.5,76.395,18.86222222,44.43333333,20.66666667,51.715,17.79,49.2225,11,760,82,9,40,8.03
490,10,24.06666667,45.36333333,23.2,43.03,24.6,44.73,19.7,48.29,21,49.87444444,11.42666667,77.09333333,18.87888889,44.42222222,20.78055556,51.55833333,17.79,49.2,10.9,760,83,9,40,8.12
580,20,24,45.03,23.16666667,42.96666667,24.5,44.7,19.7,48.23,20.90833333,49.97222222,11.36,78,18.81777778,44.37555556,20.87888889,51.535,17.79,49.2,10.8,760,84,9,40,8.2
350,20,24,47.42666667,23.1,42.96666667,24.36,44.62666667,19.7,48.2,20.87888889,50.09055556,11.3,78.86,18.82333333,44.42722222,20.98166667,51.27111111,17.79,49.12666667,10.8,759.9666667,84.33333333,9,40,8.23
80,20,24.06666667,50.56666667,23.2,43.73333333,24.29,45.03,19.7,48.26,20.79555556,50.45277778,11.19,79.29,18.82333333,44.39055556,21,50.92944444,17.79,49.09,10.7,759.9333333,84.66666667,9,40,8.27
90,20,24.1,51.63333333,23.2,44.53333333,24.29,45.62333333,19.7,48.73,20.765,51.02833333,11.13,80.35666667,18.81777778,44.42777778,20.90833333,50.74166667,17.79,49.09,10.7,759.9,85,9,40,8.3
80,30,24.1,50.16,23.2,44.9,24.26,45.96666667,19.7,49.06333333,20.7,51.48388889,11,81.63,18.82888889,44.45555556,20.89,51.00166667,17.79,49.23,10.7,759.8666667,85.33333333,9,40,8.33
180,30,24.1,48.99333333,23.13333333,44.82666667,24.2,45.9,19.7,50.43333333,20.68333333,51.67944444,11,82.42333333,18.79,44.48888889,20.92055556,51.22277778,17.79,49.29,10.6,759.8333333,85.66666667,9,40,8.37
400,40,24.03333333,47.93333333,23.1,44.56,24.2,45.86333333,19.76,50.9,20.61111111,51.63666667,11,83.22666667,18.81222222,44.545,20.98777778,51.41555556,17.79,49.29,10.6,759.8,86,9,40,8.4
300,40,24,47.05,23.1,44.36,24.2,45.79,20.16666667,51.06333333,20.675,51.38388889,11,83.56,18.80111111,44.60222222,21,51.62277778,17.79,49.29,10.6,759.8,86.83333333,9,43.66666667,8.47
90,40,23.96333333,46.63333333,23,44.06,24.1,45.7,20.9,50.32333333,20.94944444,52.44722222,10.89,84.03333333,18.80111111,44.61444444,21.03888889,51.865,17.79,49.29,10.5,759.8,87.66666667,9,47.33333333,8.53
80,40,23.89,46.36,23,43.93333333,24,45.5,21.39,49.22333333,21.85333333,77.53944444,10.89,84.76666667,18.83444444,44.68333333,21.06666667,52.11277778,17.79,49.29,10.4,759.8,88.5,9,51,8.6
70,40,23.89,46.13333333,22.89,43.9,24,45.43333333,21.32333333,49.09,21.76388889,79.43,10.8,85.79,18.82888889,44.71666667,21.1,52.72722222,17.79,49.29,10.4,759.8,89.33333333,9,54.66666667,8.67
60,30,23.82333333,45.8,22.89,43.82666667,23.89,45.4,21.2,49.03,21.35222222,79.65777778,10.8,86.39666667,18.81777778,44.73,21.07777778,53.31944444,17.79,49.29,10.4,759.8,90.16666667,9,58.33333333,8.73
80,30,23.79,45.52666667,22.82333333,43.82666667,23.89,45.46666667,21.13333333,49.16333333,21.275,79.29666667,10.76333333,87.13333333,18.82888889,44.82277778,21.07777778,53.79055556,17.79,49.29,10.3,759.8,91,9,62,8.8
80,20,23.79,45.32666667,22.82333333,43.82666667,23.72666667,44.62666667,21.1,49,21.17222222,79.32111111,10.69,87.73333333,18.79555556,44.88777778,21.1,54.04444444,17.79,49.29,10.3,759.8,91.16666667,9,59,8.83
70,20,23.7,45.29,22.745,43.79,23.6,44.7,21.03333333,48.93333333,21.06111111,79.01666667,10.69,88.49,18.79,44.93333333,21.1,54.16333333,17.79,49.32666667,10.3,759.8,91.33333333,9,56,8.87
80,20,23.7,45.29,22.7,43.82666667,23.6,44.7,21,48.9,20.96944444,78.11833333,10.69,89.63,18.79555556,44.99944444,21.06666667,54.16333333,17.79,49.4,10.3,759.8,91.5,9,53,8.9
70,30,23.6,45.09,22.63333333,43.82666667,23.6,44.7,21,48.9,20.89,76.95388889,10.6,90.845,18.82888889,45.08,21.03333333,54.17833333,17.79,49.4,10.3,759.8,91.66666667,9,50,8.93
230,20,23.6,45.03,22.6,43.79,23.5,44.7,21,48.82666667,20.86222222,75.52777778,10.5,92.06666667,18.79,45.10833333,21.08888889,54.29833333,17.79,49.475,10.3,759.8,91.83333333,9,47,8.97
350,20,23.5,45,22.6,43.79,23.5,44.7,21.06666667,48.86,20.785,74.18277778,10.42666667,92.92666667,18.79,45.2,21.08333333,54.33,17.79,49.5,10.3,759.8,92,9,44,9
70,20,23.5,45,22.5,43.82666667,23.39,44.7,21.4,48.86,20.71,72.70611111,10.36,94.42666667,18.80111111,45.28722222,21.07222222,54.35222222,17.79,49.5,10.3,759.8,92.33333333,9,47.33333333,9.03
50,30,23.46333333,45,22.5,43.9,23.39,44.7,21.82333333,48.22333333,20.66111111,70.57777778,10.3,95.36,18.81222222,45.36833333,21.05,54.345,17.79,49.56,10.2,759.8,92.66666667,9,50.66666667,9.07
60,20,23.39,45,22.46333333,43.86333333,23.39,44.79,21.89,48.09,20.6,68.07111111,10.19,96.39333333,18.80111111,45.41111111,21.02777778,54.43166667,17.79,49.62666667,10.2,759.8,93,9,54,9.1
60,20,23.35666667,44.9,22.39,43.86333333,23.32333333,44.86333333,21.79,48.23,20.55,66.20166667,10.19,97.13333333,18.80666667,45.41666667,21.06666667,54.67833333,17.79,49.7,10.2,759.8,93.33333333,9,57.33333333,9.13
70,20,23.29,44.96666667,22.39,43.9,23.29,45,21.73,48.36333333,20.5,64.97944444,10.16,97.99666667,18.79555556,45.48888889,21.07777778,54.87888889,17.82333333,49.82666667,10.1,759.8,93.66666667,9,60.66666667,9.17
60,20,23.26,44.96666667,22.32333333,43.96666667,23.29,45.06,21.7,48.53,20.5,64.14444444,10.1,98.39666667,18.79,45.5,21.02777778,55.015,17.89,49.96666667,10.1,759.8,94,9,64,9.2
50,20,23.2,44.96666667,22.29,44.03,23.29,45.09,21.7,48.66333333,20.43277778,63.52666667,10.1,98.89666667,18.79,45.555,21.06111111,55.14222222,17.89,50.09,10.1,759.7666667,94.16666667,9,63.5,9.23
50,30,23.16666667,45.09,22.23,44.09,23.29,45.16333333,21.6,48.62666667,20.39,63.11,10.1,99.09,18.79,45.59,21.1,55.2,17.89,50.16333333,10.1,759.7333333,94.33333333,9,63,9.27
60,20,23.1,45.1175,22.2,44.2,23.26,45.16333333,21.6,48.7,20.39,62.89333333,10.1,99.33333333,18.80111111,45.60222222,21.06666667,55.245,17.89,50.23,10.2,759.7,94.5,9,62.5,9.3
50,20,23.03333333,45.12666667,22.13333333,44.26,23.2,45.1725,21.6,48.73,20.37888889,62.675,10.16,99.46666667,18.80111111,45.63277778,21.01666667,55.235,17.89,50.29,10.2,759.6666667,94.66666667,9,62,9.33
50,20,23,45.2,22.1,44.29,23.2,45.2,21.53333333,48.79,20.34,62.49222222,10.19,99.62333333,18.79,45.7,20.96944444,55.225,17.89,50.4,10.2,759.6333333,94.83333333,9,61.5,9.37
70,20,22.92666667,45.26,22.03333333,44.29,23.2,45.26,21.5,48.9,20.29,62.25888889,10.19,99.76333333,18.80666667,45.715,20.92666667,55.31055556,17.89,50.46666667,10.2,759.6,95,9,61,9.4
70,20,22.89,45.32666667,22,44.4,23.2,45.26,21.5,48.9,20.29,62.05555556,10.19,99.83333333,18.79555556,45.725,20.89,55.50444444,17.89,50.53,10.2,759.6,95,8.666666667,58,9.42
60,30,22.89,45.4,22,44.46666667,23.23,45.23,21.5,48.9,20.28,61.75611111,10.19,99.9,18.80666667,45.76333333,20.89,55.73277778,17.89,50.59,10.2,759.6,95,8.333333333,55,9.43
60,20,22.79,45.32666667,21.89,44.59,23.29,45.29,21.5,48.96666667,20.235,61.52944444,10.19,99.9,18.79555556,45.79611111,20.86777778,55.93333333,17.89,50.62666667,10.3,759.6,95,8,52,9.45
60,20,22.79,45.4,21.89,44.6175,23.29,45.4,21.5,49.03,20.21,61.23777778,10.19,99.9,18.79,45.81444444,20.85111111,56.10666667,17.89,50.76,10.3,759.6,95,7.666666667,49,9.47
50,20,22.7,45.5,21.89,44.7,23.29,45.4,21.5,49.09,20.2,61.00944444,10.26333333,99.9,18.81222222,45.88166667,20.82333333,56.215,17.89,50.82666667,10.3,759.6,95,7.333333333,46,9.48
60,30,22.7,45.5,21.79,44.7,23.29,45.43333333,21.5,49.09,20.2,60.83111111,10.26333333,99.9,18.79,45.9,20.81222222,56.42666667,17.89,50.9975,10.3,759.6,95,7,43,9.5
50,0,22.7,45.7,21.79,44.76,23.29,45.5,21.5,49.09,20.2,60.55333333,10.26333333,99.9,18.79,45.9,20.79555556,56.51,17.96333333,51.09,10.3,759.5833333,95.16666667,6.833333333,45.5,9.5
40,0,22.7,45.7,21.76,44.82666667,23.29,45.5,21.5,49.03,20.13888889,60.47222222,10.19,99.9,18.83444444,45.95555556,20.82333333,56.62666667,17.92666667,51.23,10.2,759.5666667,95.33333333,6.666666667,48,9.5
50,0,22.6,45.79,21.7,44.96666667,23.29,45.5,21.39,48.82666667,20.11111111,60.29333333,10.26333333,99.9,18.79,45.97222222,20.82333333,56.76333333,18,51.36333333,10.2,759.55,95.5,6.5,50.5,9.5
50,0,22.6,45.79,21.7,45.12666667,23.29,45.59,21.32333333,48.9,20.1,60.145,10.19,99.9,18.79,46,20.84,56.835,18,51.43333333,10.2,759.5333333,95.66666667,6.333333333,53,9.5
50,0,22.6,45.79,21.63333333,45.12666667,23.29,45.59,21.2,48.79,20.1,60.055,10.19,99.9,18.79,46,20.86222222,56.85111111,18,51.5,10.1,759.5166667,95.83333333,6.166666667,55.5,9.5
50,0,22.6,45.79,21.66666667,45.2,23.29,45.66333333,21.13333333,48.79,20.1,59.95,10.19,99.9,18.82888889,46.035,20.89,56.765,18,51.53,10.1,759.5,96,6,58,9.5
40,0,22.56666667,45.82666667,21.6,45.2,23.29,45.66333333,21.06666667,48.86333333,20.06111111,59.82777778,10.19,99.9,18.81777778,46.08,20.81777778,56.62055556,18,51.59,10.2,759.4833333,95.33333333,6.333333333,55,9.47
50,0,22.5,45.9,21.6,45.29,23.29,45.7,21,48.79,20,59.69166667,10.19,99.9,18.79,46.09,20.82333333,56.60166667,18,51.7,10.2,759.4666667,94.66666667,6.666666667,52,9.43
40,0,22.5,45.9,21.6,45.29,23.29,45.7,20.89,48.9,20,59.59722222,10.19,99.9,18.79,46.09,20.79,56.49444444,18,51.7,10.3,759.45,94,7,49,9.4
40,0,22.5,45.9,21.56666667,45.4,23.29,45.73,20.89,48.9,20.01666667,59.545,10.19,99.9,18.79,46.09,20.80666667,56.42777778,18,51.79,10.4,759.4333333,93.33333333,7.333333333,46,9.37
50,0,22.39,45.9,21.5,45.4,23.29,45.79,20.79,48.79,20.00555556,59.46611111,10.19,99.9,18.83444444,46.18166667,20.84555556,56.40333333,18,51.86333333,10.4,759.4166667,92.66666667,7.666666667,43,9.33
40,0,22.39,45.9,21.5,45.5,23.29,45.79,20.73,48.86333333,20,59.42222222,10.19,99.9,18.81222222,46.2,20.80666667,56.32055556,18.1,52.03,10.5,759.4,92,8,40,9.3
50,0,22.39,45.9,21.42666667,45.43333333,23.26,45.86333333,20.7,48.93333333,20,59.38166667,10.19,99.9,18.81777778,46.2,20.81222222,56.30944444,18.1,52.22333333,10.4,759.35,93.16666667,7.166666667,40.5,9.38
50,0,22.39,45.9,21.46333333,45.56,23.2,45.79,20.7,49,20,59.275,10.19,99.9,18.80666667,46.2,20.79,56.21,18.1,52.2,10.3,759.3,94.33333333,6.333333333,41,9.47
50,0,22.32333333,45.9,21.39,45.5,23.2,45.79,20.6,48.9,19.93277778,59.21,10.19,99.9,18.81222222,46.22,20.79,56.215,18.1,52.2,10.3,759.25,95.5,5.5,41.5,9.55
50,0,22.29,45.93333333,21.39,45.5,23.26,45.93,20.6,48.9,19.89,59.15722222,10.19,99.9,18.79,46.2,20.79,56.29,18.1,52.2,10.2,759.2,96.66666667,4.666666667,42,9.63
40,0,22.29,46,21.39,45.5,23.2,45.9,20.5,49,19.89,59.09722222,10.19,99.9,18.81777778,46.275,20.79,56.29,18.1,52.2,10.1,759.15,97.83333333,3.833333333,42.5,9.72
40,0,22.29,46,21.29,45.59,23.2,45.9,20.5,49,19.89,59.03,10.26333333,99.9,18.83444444,46.27,20.79,56.225,18.1,52.29,10,759.1,99,3,43,9.8
40,0,22.23,46,21.35666667,45.7,23.2,45.93333333,20.5,49.06,19.89,58.98333333,10.26333333,99.9,18.80666667,46.29,20.79,56.275,18.1,52.29,9.92,759.0666667,98.33333333,3.666666667,46.33333333,9.62
50,0,22.2,46,21.29,45.7,23.2,46,20.39,49.03,19.89,58.92222222,10.26333333,99.9,18.79,46.29,20.79,56.27,18.16666667,52.29,9.83,759.0333333,97.66666667,4.333333333,49.66666667,9.43
50,0,22.2,46,21.29,45.79,23.2,46,20.39,49.09,19.86777778,58.87555556,10.16,99.9,18.81222222,46.31444444,20.79,56.285,18.2,52.4,9.75,759,97,5,53,9.25
40,0,22.16666667,46,21.23,45.73,23.2,46,20.39,49.09,19.87888889,58.85944444,10.03333333,99.9,18.81222222,46.31444444,20.79,56.22,18.2,52.4,9.67,758.9666667,96.33333333,5.666666667,56.33333333,9.07
50,0,22.1,46.06,21.2,45.7,23.2,46,20.39,49.09,19.82888889,58.735,9.86,99.9,18.79,46.255,20.79,56.21,18.2,52.5,9.58,758.9333333,95.66666667,6.333333333,59.66666667,8.88
50,0,22.1,46.09,21.26,45.76,23.2,46.06,20.29,49.2,19.80111111,58.69166667,9.8,99.9,18.79,46.2,20.79,56.145,18.2,52.5,9.5,758.9,95,7,63,8.7
40,0,22.1,46.16333333,21.2,45.79,23.2,46.09,20.29,49.2,19.79,58.62666667,9.66,99.9,18.79,46.2,20.785,56.09,18.2,52.5,9.47,758.8333333,94.83333333,6.833333333,63.33333333,8.65
50,0,22.1,46.2,21.2,45.79,23.2,46.09,20.29,49.2,19.79,58.59,9.6,99.9,18.79,46.18777778,20.775,56.08,18.2,52.5,9.43,758.7666667,94.66666667,6.666666667,63.66666667,8.6
40,0,22.1,46.2,21.2,45.79,23.2,46.09,20.29,49.2,19.79,58.585,9.566666667,99.9,18.81222222,46.12055556,20.79,56.005,18.2,52.5,9.4,758.7,94.5,6.5,64,8.55
40,0,22.1,46.2,21.13333333,45.79,23.2,46.09,20.2,49.2,19.79,58.54,9.5,99.9,18.79,46.09,20.79,56,18.2,52.5,9.37,758.6333333,94.33333333,6.333333333,64.33333333,8.5
40,0,22.03333333,46.06666667,21.1,45.79,23.2,46.2,20.2,49.2,19.79,58.51,9.463333333,99.9,18.80111111,46.085,20.78,56,18.2,52.5,9.33,758.5666667,94.16666667,6.166666667,64.66666667,8.45
50,0,22,46.03,21.1,45.86333333,23.2,46.2,20.2,49.2,19.79,58.5,9.39,99.9,18.80111111,46.01,20.735,56,18.2,52.5,9.3,758.5,94,6,65,8.4
50,0,22,46.09,21.1,45.9,23.15,46.2,20.2,49.2,19.79,58.41666667,9.39,99.9,18.79,46,20.7,56.005,18.2,52.5,9.33,758.45,93.16666667,6,60.83333333,8.3
50,0,21.92666667,46.09,21.03333333,45.82666667,23.16666667,46.2,20.16666667,49.2,19.79,58.37555556,9.33,99.9,18.79,46,20.7,56.11055556,18.2,52.56,9.37,758.4,92.33333333,6,56.66666667,8.2
50,0,21.89,46.09,21,45.79,23.16666667,46.2,20.1,49.12666667,19.765,58.30833333,9.39,99.9,18.79,45.94444444,20.7,56.255,18.23,52.62666667,9.4,758.35,91.5,6,52.5,8.1
40,0,21.89,46.09,21,45.79,23.2,46.29,20.1,49.2,19.735,58.29,9.3225,99.9,18.82333333,45.95,20.7,56.37277778,18.29,52.7,9.43,758.3,90.66666667,6,48.33333333,8
40,0,21.89,46.2,21,45.79,23.2,46.23,20.1,49.2,19.715,58.255,9.226666667,99.9,18.80111111,45.91111111,20.73,56.59833333,18.29,52.7,9.47,758.25,89.83333333,6,44.16666667,7.9
50,10,21.89,46.2,21,45.79,23.2,46.23,20.1,49.2,19.72,58.21,9.19,99.9,18.79,45.86944444,20.71,56.76,18.29,52.7,9.5,758.2,89,6,40,7.8
50,10,21.79,46.09,20.89,45.93333333,23.13333333,46.29,20.025,49.1175,19.7,58.25777778,9.13,99.9,18.79,45.79,20.735,56.79333333,18.32333333,52.76,9.43,758.1666667,89,6,43.66666667,7.73
50,40,21.85666667,46.16333333,20.89,46,23.1,46.2,20,49.09,19.7,58.18777778,9.1,99.9,18.79,45.745,20.725,56.52944444,18.315,52.6175,9.37,758.1333333,89,6,47.33333333,7.67
60,30,21.79,46.23,20.89,46,23.1,46.12666667,20.03333333,49.19333333,19.7,58.235,9.033333333,99.9,18.79,45.7,20.7,56.21444444,18.29,52.59,9.3,758.1,89,6,51,7.6
60,30,21.79,46.29,20.89,46.03,23,45.9,20.16666667,49.46666667,19.7,58.30222222,9,99.9,18.79,45.65722222,20.7,55.83111111,18.29,52.53,9.23,758.0666667,89,6,54.66666667,7.53
60,30,21.79,46.29,20.89,46.09,23,45.82666667,20.2,49.59,19.7,58.36944444,8.926666667,99.9,18.79,45.60222222,20.68333333,55.51333333,18.29,52.53,9.17,758.0333333,89,6,58.33333333,7.47
70,30,21.79,46.36333333,20.85666667,46.09,23,45.7,20.26,49.72333333,19.7,58.36944444,8.89,99.9,18.79,45.56,20.62222222,55.15,18.29,52.5,9.1,758,89,6,62,7.4
320,40,21.79,46.4,20.85666667,46.16333333,23,45.62666667,20.39,49.79,19.65555556,58.28833333,8.83,99.83333333,18.79,45.505,20.6,54.84444444,18.29,52.5,9.02,757.95,90,6,62,7.48
200,40,21.73,46.46666667,20.85666667,46.16333333,22.85666667,45.16666667,20.46333333,49.86333333,19.62777778,58.28555556,8.8,99.8,18.79,45.5,20.6,54.645,18.29,52.4,8.93,757.9,91,6,62,7.57
60,20,21.76,46.66333333,20.79,46.03,22.66333333,44.3,21.13,49.26333333,19.64444444,58.25,8.8,99.86666667,18.79,45.46111111,20.57777778,54.43777778,18.29,52.46666667,8.85,757.85,92,6,62,7.65
40,30,21.7,46.66333333,20.76,46.09,22.46333333,44.43,21.39,48.59666667,19.6,58.14,8.8,99.9,18.79,45.38166667,20.52777778,54.22666667,18.29,52.46666667,8.77,757.8,93,6,62,7.73
50,50,21.7,46.59,20.7,45.96333333,22.32333333,44.36333333,21.26,48.29,19.6,57.82333333,8.8,99.9,18.79,45.30222222,20.5,53.93055556,18.29,52.32666667,8.68,757.75,94,6,62,7.82
60,10,21.7,46.53,20.7,45.9,22.29,44.53,21.13333333,48.23,19.61666667,57.38,8.8,99.9,18.79,45.28,20.5,53.64,18.29,52.16333333,8.6,757.7,95,6,62,7.9
80,20,21.7,46.5,20.7,45.9,22.29,44.72333333,21.06666667,48.1,19.60555556,56.87388889,8.8,99.9,18.77,45.205,20.5,53.43055556,18.29,52.03,8.62,757.6333333,95.33333333,6,58.66666667,7.95
60,30,21.7,46.63333333,20.7,45.9,22.32333333,44.79,21,47.96666667,19.6,56.54055556,8.8,99.9,18.76,45.2,20.46944444,53.18944444,18.29,51.86333333,8.63,757.5666667,95.66666667,6,55.33333333,8
70,20,21.7,48.895,20.7,45.96666667,22.315,44.8175,20.89,48.12666667,19.6,56.34388889,8.845,99.9,18.73,45.2,20.43888889,52.96277778,18.29,51.73,8.65,757.5,96,6,52,8.05
60,30,21.79,48.7,20.76,46.23,22.35666667,44.9,20.96333333,48.2,19.6,56.35611111,8.86,99.9,18.755,45.18777778,20.39,52.765,18.26,51.52666667,8.67,757.4333333,96.33333333,6,48.66666667,8.1
50,20,21.73,48.5,20.7,46.29,22.39,44.93333333,21,48.23,19.6,56.41111111,8.89,99.9,18.7,45.16333333,20.39,52.60333333,18.26,51.4,8.68,757.3666667,96.66666667,6,45.33333333,8.15
60,20,21.73,48.06,20.73,46.26,22.315,45,21,48.29,19.6,56.43333333,8.963333333,99.9,18.73,45.18777778,20.37888889,52.51,18.29,51.29,8.7,757.3,97,6,42,8.2
60,30,21.73,47.93333333,20.79,46.12666667,22.35666667,45,21,48.26,19.6,56.45555556,9,99.9,18.72,45.16333333,20.31777778,52.41666667,18.29,51.23,8.75,757.2833333,97,6,45.5,8.25
60,20,21.73,47.86333333,20.82333333,46.16333333,22.39,45.03,21,48.26,19.58888889,56.42222222,9.066666667,99.9,18.71,45.2,20.31222222,52.32055556,18.29,51.09,8.8,757.2666667,97,6,49,8.3
60,30,21.79,47.79,20.9425,46.1175,22.39,45.09,21,48.245,19.57222222,56.39388889,9.033333333,99.9,18.7,45.2,20.29,52.235,18.2675,50.9975,8.85,757.25,97,6,52.5,8.35
80,20,21.79,47.7,21.16666667,45.86666667,22.39,45.09,21,48.2,19.51666667,56.32666667,9.1,99.9,18.715,45.2,20.29,52.18777778,18.2,50.82666667,8.9,757.2333333,97,6,56,8.4
80,30,21.73,47.76,21.16666667,45.7,22.39,45.09,21.06666667,48.26,19.52777778,56.29,9.13,99.9,18.705,45.22,20.29,52.15722222,18.2,50.76,8.95,757.2166667,97,6,59.5,8.45
80,20,21.73,47.69333333,21.1,45.7,22.39,45.2,21.1,48.36333333,19.53888889,56.245,9.263333333,99.9,18.72,45.225,20.29,52.10222222,18.2,50.7,9,757.2,97,6,63,8.5
70,30,21.79,47.36,21.1,45.66333333,22.39,45.2,21.1,48.36333333,19.51111111,56.10833333,9.3,99.9,18.7,45.29,20.255,52.03833333,18.2,50.66333333,8.93,757.1666667,96.66666667,5.833333333,62.83333333,8.38
70,20,21.79,47.06,21.16666667,45.59,22.39,45.2,21.1,48.5,19.53333333,56.045,9.3,99.9,18.7,45.31444444,20.22,51.92222222,18.2,50.59,8.87,757.1333333,96.33333333,5.666666667,62.66666667,8.27
130,20,21.79,46.86,21.23,45.59,22.39,45.2,21.1,48.5,19.50555556,55.98333333,9.39,99.9,18.71,45.29,20.2,51.88166667,18.2,50.59,8.8,757.1,96,5.5,62.5,8.15
70,30,21.79,46.9,21.29,45.59,22.39,45.23,21.13333333,48.5,19.5,55.9,9.463333333,99.9,18.71,45.345,20.2,51.79,18.2,50.53,8.73,757.0666667,95.66666667,5.333333333,62.33333333,8.03
70,20,21.79,46.9,21.39,45.5,22.39,45.29,21.2,48.5,19.5,55.9,9.5,99.9,18.725,45.4,20.2,51.79,18.2,50.5,8.67,757.0333333,95.33333333,5.166666667,62.16666667,7.92
60,40,21.79,46.86333333,21.39,45.5,22.35666667,45.4,21.2,48.73,19.5,55.85722222,9.5,99.9,18.725,45.4,20.2,51.79,18.2,50.5,8.6,757,95,5,62,7.8
60,40,21.79,46.86333333,21.39,45.4,22.35666667,45.4,21.2,48.79,19.5,55.80222222,9.2,99.86666667,18.71,45.30833333,20.18333333,51.70888889,18.2,50.5,8.55,756.9333333,95,5.166666667,62.16666667,7.77
60,30,21.82333333,47,21.39,45.4,22.39,45.43333333,21.2,48.79,19.5,55.79,9,99.72666667,18.7,45.245,20.13888889,51.60222222,18.2,50.5,8.5,756.8666667,95,5.333333333,62.33333333,7.73
60,40,21.89,47.33333333,21.39,45.29,22.39,45.5,21.26,48.86333333,19.5,55.79,8.945,99.59,18.7,45.10333333,20.10555556,51.52944444,18.2,50.4,8.45,756.8,95,5.5,62.5,7.7
60,40,21.82333333,47.43333333,21.39,45.29,22.39,45.5,21.29,48.76,19.5,55.79,8.8,99.4,18.7,45.01,20.1,51.41111111,18.2,50.32666667,8.4,756.7333333,95,5.666666667,62.66666667,7.67
50,0,21.815,47.425,21.35666667,45.26,22.39,45.5,21.29,48.62666667,19.5,55.70888889,8.726666667,99.4,18.7,44.91055556,20.1,51.33277778,18.2,50.26,8.35,756.6666667,95,5.833333333,62.83333333,7.63
90,10,21.85666667,47.4,21.29,45.2,22.39,45.56,21.26,48.23333333,19.5,55.60222222,8.726666667,99.26333333,18.7,44.80222222,20.11666667,51.225,18.2,50.2,8.3,756.6,95,6,63,7.6
70,10,21.89,47.26,21.29,45.23,22.39,45.59,21.2,47.69333333,19.5,55.65722222,8.8,99.19,18.71,44.67833333,20.10555556,51.15722222,18.2,50.09,8.28,756.5166667,95,5.833333333,56.33333333,7.58
50,0,21.89,47.12666667,21.29,45.29,22.39,45.59,21.1,47.46666667,19.5,55.78666667,8.83,99.12333333,18.72,44.63277778,20.1,51.065,18.2,50.03,8.27,756.4333333,95,5.666666667,49.66666667,7.57
50,0,21.89,47.33,21.29,45.36,22.42666667,45.7,21.03333333,47.26666667,19.5,56.19,8.83,99.12333333,18.71,44.59,20.1,50.99444444,18.2,50,8.25,756.35,95,5.5,43,7.55
50,0,21.89,47.99666667,21.29,45.69333333,22.42666667,45.76,20.945,47.145,19.5,56.47222222,8.69,99.19,18.7,44.525,20.1,50.91111111,18.2,49.975,8.23,756.2666667,95,5.333333333,36.33333333,7.53
40,10,21.89,50.06,21.2,46.045,22.46333333,45.93333333,20.85666667,47.16333333,19.5,56.5,8.69,99.19,18.72,44.48888889,20.07777778,50.85722222,18.2,49.82666667,8.22,756.1833333,95,5.166666667,29.66666667,7.52
70,0,21.89,50.39333333,21.2,46.16333333,22.46333333,46.06,20.79,47.16333333,19.5,56.45,8.69,99.19,18.72,44.41666667,20.08888889,50.78,18.2,49.79,8.2,756.1,95,5,23,7.5
180,0,21.79,49.83333333,21.2,46.09,22.39,46.09,20.79,47.32666667,19.5,56.38166667,8.69,99.12333333,18.72,44.33277778,20.02777778,50.66222222,18.2,49.73,8.08,756.1166667,94.33333333,5.166666667,23,7.27
50,0,21.79,49.22666667,21.2,46.66666667,22.39,46.09,20.73,47.46666667,19.5,56.21444444,8.66,99.15666667,18.72,44.245,20,50.545,18.23,50.1,7.97,756.1333333,93.66666667,5.333333333,23,7.03
60,10,21.79,48.79666667,21.2,47.52666667,22.39,46.09,20.7,47.56,19.46333333,55.91722222,8.6,99.09,18.7,44.12777778,20,50.43888889,18.29,50.83333333,7.85,756.15,93,5.5,23,6.8
150,0,21.79,48.46333333,21.2,46.83333333,22.32333333,46.09,20.7,47.5,19.40833333,55.76333333,8.36,99.09,18.72,43.98222222,20,50.33277778,18.39,51.32666667,7.73,756.1666667,92.33333333,5.666666667,23,6.57
130,0,21.79,48.22333333,21.2,46.56666667,22.29,46.09,20.66666667,47.46666667,19.42055556,55.55666667,8.226666667,99.09,18.7,43.88166667,20,50.38777778,18.46333333,51.46666667,7.62,756.1833333,91.66666667,5.833333333,23,6.33
60,10,21.79,47.96333333,21.2,46.16333333,22.29,46.09,20.6,47.4,19.48777778,54.85666667,8.033333333,99.15666667,18.7,43.745,20,50.30222222,18.5,51.4,7.5,756.2,91,6,23,6.1
50,10,21.79,47.6,21.2,46.03,22.29,46,20.6,47.26,19.56111111,54.25777778,7.833333333,99.03,18.7,43.59333333,19.97555556,50.235,18.5,51.4,7.5,756.2,90.66666667,6.166666667,25.83333333,6.05
50,0,21.79,47.66,21.1,46.5,22.29,45.93333333,20.53333333,47.12666667,19.6,54.34055556,7.745,98.9,18.7,43.45,19.945,50.145,18.5,51.29,7.5,756.2,90.33333333,6.333333333,28.66666667,6
40,0,21.79,49.56333333,21.1,46.83333333,22.32333333,46.03,20.5,46.96666667,19.61666667,54.91944444,7.69,98.9,18.7,43.32777778,19.89,50.02944444,18.5,51.15666667,7.5,756.2,90,6.5,31.5,5.95
90,0,21.79,50.49,21.1,47.12666667,22.39,46.69666667,20.5,46.9,19.7,55.30777778,7.69,98.9,18.7,43.21,19.89,49.88055556,18.5,50.93,7.5,756.2,89.66666667,6.666666667,34.33333333,5.9
70,0,21.79,50.06333333,21.1,47.2,22.39,47.22333333,20.39,46.63333333,19.7,54.93277778,7.69,98.9,18.7,43.09333333,19.89,49.785,18.42666667,50.59666667,7.5,756.2,89.33333333,6.833333333,37.16666667,5.85
60,10,21.73,49.65666667,21.1,47.02666667,22.315,47.09,20.39,46.5,19.7,54.45166667,7.623333333,98.83333333,18.7,42.98333333,19.89,49.69777778,18.39,50.26,7.5,756.2,89,7,40,5.8
70,0,21.7,49.05,21.1,46.82666667,22.29,47.09,20.39,46.46666667,19.7,53.87888889,7.59,98.8,18.7,42.91111111,19.89,49.59111111,18.39,50.06666667,7.47,756.2333333,89.5,6.666666667,40,5.83
70,0,21.7,48.66333333,21,46.43,22.29,46.93,20.39,46.4,19.7,53.41666667,7.59,98.8,18.7,42.845,19.89,49.48222222,18.39,49.76,7.43,756.2666667,90,6.333333333,40,5.87
60,0,21.7,48.66333333,21,46.23,22.23,46.65666667,20.29,46.2,19.7,52.87888889,7.59,98.8,18.7,42.755,19.88444444,49.39388889,18.39,49.56666667,7.4,756.3,90.5,6,40,5.9
70,0,21.7,48.46666667,21,45.93,22.2,46.5,20.29,46.2,19.7,52.46166667,7.59,98.8,18.7,42.7,19.84555556,49.35111111,18.39,49.33333333,7.37,756.3333333,91,5.666666667,40,5.93
60,0,21.63333333,48.19333333,21,45.65666667,22.2,46.5,20.29,46.2,19.7,51.95055556,7.623333333,98.83333333,18.7,42.66944444,19.79,49.235,18.315,49.095,7.33,756.3666667,91.5,5.333333333,40,5.97
40,0,21.66666667,47.89333333,21,45.545,22.1,46.4,20.26,46.16333333,19.745,51.40444444,7.69,98.9,18.7,42.60222222,19.79,49.145,18.29,48.93333333,7.3,756.4,92,5,40,6
40,0,21.6,47.36,21,45.22333333,22.1,46.32666667,20.2,46.03,19.79,51.01333333,7.656666667,98.86666667,18.67777778,42.565,19.79,49.09,18.29,48.76,7.3,756.4833333,91.66666667,5,40,5.97
50,10,21.6,47.06,21,45.03,22.06666667,46.22333333,20.2,46,19.79,50.60222222,7.53,98.8,18.68888889,42.51888889,19.79,49.065,18.29,48.62666667,7.3,756.5666667,91.33333333,5,40,5.93
90,10,21.6,46.93333333,21.03333333,44.9,22,46.09,20.2,46,19.79,50.31166667,7.33,98.52666667,18.66666667,42.46666667,19.79,49.04111111,18.29,48.46666667,7.3,756.65,91,5,40,5.9
90,30,21.6,47.06666667,21.1,44.82666667,22.06666667,46.02666667,20.2,46,19.81777778,50.05722222,7.123333333,98.33333333,18.67777778,42.42555556,19.84,49.28777778,18.29,48.32666667,7.3,756.7333333,90.66666667,5,40,5.87
90,20,21.6,46.92666667,21.1,44.63333333,22,45.9,20.2,45.86,19.89,49.74666667,6.933333333,98.26,18.66666667,42.36333333,19.98722222,49.44388889,18.29,48.26,7.3,756.8166667,90.33333333,5,40,5.83
100,30,21.63333333,46.59,21.16666667,44.43333333,22.1,46,20.23,46.15666667,19.945,49.39,7,98.4,18.61666667,42.24333333,20.11666667,49.635,18.29,48.12666667,7.3,756.9,90,5,40,5.8
100,30,21.7,46.46333333,21.2,44.26,22.1,46,20.35666667,46.36333333,20,49.09777778,6.9,98.33333333,18.6,42.15722222,20.255,49.66944444,18.26,48.02666667,7.27,757.0166667,88.83333333,5.166666667,40,5.57
90,30,21.7,46.16333333,21.26,44.2,22.1,45.9,20.39,46.4,20.01666667,48.84611111,6.9,98.2975,18.6,42.065,20.34,49.57722222,18.26,47.9,7.23,757.1333333,87.66666667,5.333333333,40,5.33
170,30,21.7,46.03,21.29,44.06,22.1,45.845,20.46333333,46.4,20.08888889,48.64722222,6.833333333,98.06333333,18.6,41.98333333,20.48722222,49.51444444,18.2,47.7,7.2,757.25,86.5,5.5,40,5.1
600,30,21.7,46.36666667,21.35666667,43.93333333,22.09444444,45.79,20.5,46.43,20.1,48.41944444,6.656666667,97.89666667,18.6,41.835,20.58888889,49.38055556,18.2,47.62666667,7.17,757.3666667,85.33333333,5.666666667,40,4.87
510,10,21.76,48.56666667,21.39,43.82666667,22.04285714,45.86071429,20.5,46.15666667,20.1,48.54277778,6.463333333,97.49666667,18.6,41.70666667,20.66111111,49.275,18.2,47.46666667,7.13,757.4833333,84.16666667,5.833333333,40,4.63
110,10,21.82333333,55.03333333,21.39,44.23333333,22,45.92909091,20.5,45.93,20.17222222,50.15777778,6.263333333,97.12666667,18.6,41.545,20.71,49.01722222,18.2,47.32666667,7.1,757.6,83,6,40,4.4
100,10,21.96333333,55.9,21.5,45.63333333,22.02142857,46.41071429,20.5,45.73,20.255,51.78222222,6.123333333,97,18.6,41.43277778,20.725,48.83833333,18.2,47.2,7.03,757.6333333,82.66666667,6,38.16666667,4.27
100,20,22,53.06666667,21.56666667,45.96666667,22.08,46.678,20.5,45.56,20.29,51.80055556,5.966666667,96.62666667,18.6,41.27722222,20.79,48.96666667,18.2,47.12666667,6.97,757.6666667,82.33333333,6,36.33333333,4.13
110,30,22.025,51.625,21.63333333,45.83333333,22.1,46.79,20.5,45.96666667,20.33444444,53.72944444,5.833333333,96.43333333,18.6,41.12777778,20.80111111,49.01,18.2,46.96666667,6.9,757.7,82,6,34.5,4
190,30,22.1,50.16666667,21.7,45.56666667,22.1,46.79,20.92666667,46.46666667,20.85555556,71.85,5.763333333,96.33,18.6,40.98222222,20.80111111,48.99888889,18.2,46.82666667,6.83,757.7333333,81.66666667,6,32.66666667,3.87
140,30,22.13333333,49.06333333,21.82333333,45.23,22.1,46.76,21.4,46.26666667,20.65388889,65.97777778,5.623333333,96.12333333,18.6,40.83277778,20.87333333,48.92166667,18.2,46.66333333,6.77,757.7666667,81.33333333,6,30.83333333,3.73
90,40,22.2,48.65666667,21.89,45.36333333,22.1,46.62666667,21.5,46.12666667,21.03111111,71.31333333,5.5,96.22666667,18.6,40.745,20.87888889,48.66611111,18.2,46.4975,6.7,757.8,81,6,29,3.6
90,30,22.23,48.29666667,21.92666667,45.19333333,22.1,46.554,21.4175,46,22.96777778,87.89111111,5.5,96.3,18.6,40.60833333,20.79555556,48.22166667,18.2,46.32666667,6.65,757.85,81.16666667,6,28.66666667,3.58
90,30,22.29,47.83,22.025,44.7925,22.1,46.46666667,21.39,46,22.52555556,89.06944444,5.5,96.5,18.6,40.565,20.80111111,48.69833333,18.1,46.2,6.6,757.9,81.33333333,6,28.33333333,3.57
90,30,22.39,47.19333333,22.1,44.53,22.1,46.356,21.39,45.93,21.94444444,91.75166667,5.433333333,96.36666667,18.6,40.41055556,20.88444444,49.08777778,18.1,46.12666667,6.55,757.95,81.5,6,28,3.55
120,30,22.39,46.8,22.1,44.4,22.1,46.09,21.39,45.73,21.66,92.93055556,5.366666667,96.22666667,18.6,40.28722222,20.89,49.12055556,18.1,46,6.5,758,81.66666667,6,27.66666667,3.53
110,20,22.39,46.43,22.1,44.4,22.1,46.09,21.39,45.36333333,21.41944444,93.22833333,5.366666667,96.3,18.6,40.20388889,20.98166667,49.06944444,18.1,45.93333333,6.45,758.05,81.83333333,6,27.33333333,3.52
120,30,22.39,46.23,22.1,44.26,22.07142857,46.06428571,21.32333333,45.15666667,21.27611111,92.81333333,5.366666667,96.23,18.6,40.10222222,21.07222222,48.95555556,18.1,45.76,6.4,758.1,82,6,27,3.5
110,20,22.39,45.96666667,22.03333333,44.06666667,22.075,45.975,21.35666667,44.96666667,21.09388889,91.98055556,5.1925,95.9225,18.6,40.00944444,21.16111111,48.83277778,18.1,45.7,6.27,758.15,82.83333333,5.666666667,26.83333333,3.5
100,30,22.39,45.76666667,22,43.86333333,22,45.9,21.35666667,44.82666667,20.87444444,90.85666667,5.156666667,95.99333333,18.55555556,39.91111111,21.245,48.81444444,18.1,45.56,6.13,758.2,83.66666667,5.333333333,26.66666667,3.5
90,20,22.39,45.56,21.92666667,43.65666667,22,45.83277778,21.35666667,44.72333333,20.735,88.52888889,5,95.76,18.6,39.85722222,21.30111111,48.79,18.1,45.43333333,6,758.25,84.5,5,26.5,3.5
90,20,22.39,45.43333333,21.89,43.52666667,22,45.79,21.29,44.53,20.67222222,84.71777778,4.933333333,95.83333333,18.57777778,39.79,21.30111111,48.745,18.06666667,45.33333333,5.87,758.3,85.33333333,4.666666667,26.33333333,3.5
80,20,22.35666667,45.36333333,21.89,43.4,21.97642857,45.77071429,21.39,44.69333333,20.6,80.26777778,4.9,95.9,18.55,39.755,21.30666667,48.58777778,18,45.2,5.73,758.35,86.16666667,4.333333333,26.16666667,3.5
100,20,22.29,45.23,21.79,43.2,21.89,45.624375,21.39,44.5,20.57222222,76.58833333,4.9,95.9,18.53333333,39.7,21.34,48.35611111,18,45.09,5.6,758.4,87,4,26,3.5
90,30,22.29,45,21.79,43.12666667,21.89,45.62666667,21.32333333,44.56,20.49388889,73.98944444,4.763333333,95.69,18.5,39.68166667,21.32888889,48.21666667,18,45.03,5.65,758.4166667,86.83333333,4.166666667,26.33333333,3.53
80,20,22.29,44.93333333,21.7,43.09,21.87333333,45.575,21.39,44.43333333,20.40222222,71.89111111,4.69,95.76333333,18.5,39.59,21.33444444,48.07,18.03333333,44.93333333,5.7,758.4333333,86.66666667,4.333333333,26.66666667,3.57
100,20,22.26,44.69333333,21.7,43.03,21.83285714,45.53857143,21.32333333,44.65666667,20.35111111,71.40388889,4.623333333,95.79333333,18.5,39.76055556,21.37888889,48.18388889,18.03333333,44.86,5.75,758.45,86.5,4.5,27,3.6
100,30,22.2,44.56,21.66666667,42.79,21.82333333,45.53,21.39,44.86333333,20.275,71.43333333,4.69,96,18.51666667,40.03388889,21.445,48.68,18,45.23,5.8,758.4666667,86.33333333,4.666666667,27.33333333,3.63
70,20,22.15,44.59,21.6,42.79,21.79,45.5,21.39,45.12666667,20.23,71.24666667,4.69,96.12333333,18.50555556,40.22277778,21.6,49.49333333,18,45.43,5.85,758.4833333,86.16666667,4.833333333,27.66666667,3.67
40,20,22.1,44.59,21.56666667,42.79,21.77,45.48888889,21.39,45.26,20.2,70.95222222,4.763333333,96.26333333,18.52222222,40.40444444,21.7,50.26666667,18,45.62666667,5.9,758.5,86,5,28,3.7
30,20,22.1,44.59,21.5,42.79,21.745,45.41666667,21.39,45.32666667,20.16111111,70.56722222,4.763333333,96.23,18.51111111,40.54388889,21.7,50.625,18.075,45.925,5.82,758.5,85.83333333,5.166666667,30,3.58
50,30,22,44.5,21.5,42.82666667,21.68571429,45.38428571,21.39,45.475,20.1,69.96,4.623333333,96.09,18.55,40.62055556,21.7,51.14888889,18.1,46.26,5.73,758.5,85.66666667,5.333333333,32,3.47
60,20,22,44.56,21.42666667,42.82666667,21.64545455,45.38727273,21.46333333,45.63333333,20.09444444,69.39722222,4.69,96.22666667,18.53333333,40.705,21.61666667,51.31388889,18.06666667,46.36333333,5.65,758.5,85.5,5.5,34,3.35
70,20,21.96333333,44.62666667,21.39,42.79,21.60625,45.40625,21.42666667,45.73,20.01111111,68.84611111,4.69,96.22666667,18.56111111,40.78,21.6,51.46666667,18.06666667,46.43,5.57,758.5,85.33333333,5.666666667,36,3.23
70,20,21.89,44.7,21.35666667,42.79,21.6,45.4,21.42666667,45.73,20,68.45333333,4.59,95.995,18.52222222,40.85722222,21.55,51.66333333,18.1,46.53,5.48,758.5,85.16666667,5.833333333,38,3.12
60,30,21.85666667,44.66333333,21.29,42.79,21.62777778,45.42777778,21.5,45.79,20,68.09944444,4.466666667,95.83,18.52777778,40.9,21.51111111,51.91555556,18.1,46.59,5.4,758.5,85,6,40,3
50,20,21.79,44.59,21.23,42.73,21.68888889,45.48888889,21.5,45.79,20,67.75222222,4.466666667,95.89666667,18.57777778,40.92777778,21.5,52.02111111,18.1,46.7,5.33,758.5,84.5,5.666666667,40,2.87
60,20,21.79,44.59,21.23,42.73,21.68888889,45.48888889,21.5,45.82666667,20,67.43222222,4.366666667,95.76333333,18.53888889,40.98888889,21.48777778,52.09833333,18.03333333,46.7,5.27,758.5,84,5.333333333,40,2.73
50,20,21.73,44.59,21.16666667,42.7,21.61666667,45.33722222,21.5,45.82666667,19.93277778,67.09,4.3,95.69,18.55555556,41.035,21.39611111,51.94388889,18.1,47.06666667,5.2,758.5,83.5,5,40,2.6
60,30,21.7,44.59,21.1,42.7,21.6,45.32666667,21.5,45.79,19.89,66.73944444,4.226666667,95.53,18.56111111,41.09,21.37333333,51.91666667,18.1,47.26,5.13,758.5,83,4.666666667,40,2.47
80,20,21.63333333,44.46333333,21.1,42.59,21.6,45.3725,21.5,45.79,19.89,66.48166667,4.226666667,95.32333333,18.51666667,41.09611111,21.34,51.91111111,18.1,47.4,5.07,758.5,82.5,4.333333333,40,2.33
70,10,21.6,44.5,21.1,42.59,21.6,45.4,21.5,45.79,19.89,66.25611111,4.156666667,94.93333333,18.55555556,41.10833333,21.34555556,51.96111111,18.1,47.4,5,758.5,82,4,40,2.2
70,0,21.6,44.43333333,21,42.5,21.6,45.4,21.5,45.73,19.84,66.02388889,4.09,94.66,18.52222222,41.09611111,21.32888889,51.80833333,18.1,47.4,4.88,758.5,82.5,4,40,2.15
60,0,21.6,44.4,21,42.5,21.63333333,45.43333333,21.46333333,45.66333333,19.80111111,65.91111111,3.9,94.06333333,18.53333333,41.16333333,21.29,51.79,18.1,47.4,4.77,758.5,83,4,40,2.1
70,0,21.53333333,44.4,21,42.56,21.63333333,45.43333333,21.39,45.59,19.79,65.73277778,3.9,94.26333333,18.53333333,41.13277778,21.29,51.69666667,18.1,47.5,4.65,758.5,83.5,4,40,2.05
50,0,21.5,44.29,20.92666667,42.5,21.66666667,45.43,21.35666667,45.59,19.79,65.51722222,3.76,93.93333333,18.5,41.07,21.245,51.545,18.1,47.56,4.53,758.5,84,4,40,2
70,0,21.5,44.29,20.89,42.5,21.6,45.29,21.29,45.59,19.79,65.29277778,3.7,94,18.5,41.09,21.2,51.41666667,18.1,47.73,4.42,758.5,84.5,4,40,1.95
60,0,21.5,44.2,20.89,42.43333333,21.6,45.2,21.2,45.5,19.79,65.07833333,3.59,93.89666667,18.5,41.09,21.12777778,51.42777778,18.1,47.79,4.3,758.5,85,4,40,1.9
60,0,21.42666667,44.03,20.89,42.4,21.6,45.23,21.13333333,45.5,19.775,64.83722222,3.59,94.23,18.52222222,41.09,21.1,51.515,18.1,47.845,4.33,758.45,85.66666667,4,38,2.05
70,0,21.42666667,43.96333333,20.82333333,42.32666667,21.6,45.29,21.1,45.59,19.72,64.64,3.59,94.43333333,18.5,41.09,21.1,51.62055556,18.1,48,4.37,758.4,86.33333333,4,36,2.2
60,0,21.39,43.9,20.79,42.29,21.7,45.4,21.1,45.59,19.7,64.47611111,3.53,94.36666667,18.5,41.08,21.06666667,51.725,18.1,48.06,4.4,758.35,87,4,34,2.35
80,0,21.39,43.9,20.79,42.29,21.76,45.4,21,45.5,19.7,64.35,3.4,94.245,18.5,41.055,21.03888889,51.78,18.1,48.23,4.43,758.3,87.66666667,4,32,2.5
60,0,21.39,43.9,20.7,42.29,21.79,45.5,21,45.59,19.7,64.16444444,3.433333333,94.72666667,18.5,41.055,21,52.12611111,18.1,48.36333333,4.47,758.25,88.33333333,4,30,2.65
50,0,21.32333333,43.9,20.7,42.4,21.85666667,45.56,20.92666667,45.59,19.66666667,63.92333333,3.5,95.06,18.5,41.09,21,52.50388889,18.1,48.5,4.5,758.2,89,4,28,2.8
40,0,21.29,43.9,20.7,42.32666667,21.89,45.59,20.89,45.59,19.62777778,63.74722222,3.766666667,95.69333333,18.5,41.09,21,52.64722222,18.1,48.56,4.5,758.15,89,4.166666667,30,2.82
40,0,21.29,43.9,20.7,42.32666667,21.89,45.59,20.89,45.59,19.6,63.545,3.9,95.9,18.5,41.09,21,52.725,18.1,48.7,4.5,758.1,89,4.333333333,32,2.83
40,0,21.29,43.9,20.7,42.4,21.85666667,45.56,20.89,45.59,19.62222222,63.43277778,3.966666667,95.8,18.5,41.06,21,52.98,18.1,48.76,4.5,758.05,89,4.5,34,2.85
60,0,21.29,43.9,20.6,42.29,21.79,45.5,20.82333333,45.53,19.6,63.29166667,3.9,95.72666667,18.5,41.08,20.98777778,53.045,18.1,48.82666667,4.5,758,89,4.666666667,36,2.87
60,0,21.2,43.79,20.6,42.29,21.79,45.59,20.79,45.5,19.6,63.11333333,3.79,95.59,18.5,41.09,20.95722222,52.98888889,18.1,48.9,4.5,757.95,89,4.833333333,38,2.88
70,0,21.2,43.79,20.6,42.29,21.79,45.59,20.79,45.5,19.6,62.97111111,3.73,95.59,18.5,41.07,20.95111111,52.97777778,18.1,49.03,4.5,757.9,89,5,40,2.9
60,0,21.16666667,43.79,20.6,42.29,21.89,45.79,20.7,45.5,19.57777778,62.89277778,3.663333333,95.4,18.5,41.085,20.93888889,52.90555556,18.1,49.16333333,4.55,757.8666667,89.16666667,4.833333333,38.16666667,2.97
60,0,21.16666667,43.79,20.5,42.4,21.89,45.79,20.7,45.5,19.55,62.775,3.663333333,95.66666667,18.5,41.03,20.89,52.845,18.1,49.2,4.6,757.8333333,89.33333333,4.666666667,36.33333333,3.03
50,0,21.16666667,43.79,20.5,42.4,21.89,45.9,20.7,45.5,19.52222222,62.66722222,3.79,95.93333333,18.5,41.01,20.89,52.715,18.1,49.26,4.65,757.8,89.5,4.5,34.5,3.1
60,0,21.1,43.79,20.5,42.4,21.96333333,45.9,20.63333333,45.43333333,19.5,62.545,3.863333333,96.06,18.5,41.02,20.89,52.645,18.2,49.29,4.7,757.7666667,89.66666667,4.333333333,32.66666667,3.17
60,0,21.1,43.79,20.5,42.4,21.92666667,45.9,20.6,45.4,19.5,62.43277778,3.826666667,95.96333333,18.5,41.055,20.89,52.535,18.2,49.29,4.75,757.7333333,89.83333333,4.166666667,30.83333333,3.23
50,0,21.1,43.79,20.5,42.4,21.92666667,45.9,20.6,45.4,19.5,62.32666667,3.9,96.09,18.5,41.035,20.89,52.48888889,18.2,49.43333333,4.8,757.7,90,4,29,3.3
60,0,21,43.7,20.42666667,42.4,22,45.9,20.56666667,45.4,19.48777778,62.20666667,3.933333333,96.19,18.5,41.07,20.89,52.39944444,18.2,49.5,4.75,757.6833333,89.83333333,4,30.83333333,3.22
70,0,21,43.7,20.39,42.4,21.92666667,45.93333333,20.5,45.4,19.47555556,62.09444444,4.045,96.27,18.5,41.03,20.89,52.30222222,18.2,49.545,4.7,757.6666667,89.66666667,4,32.66666667,3.13
60,0,21,43.7,20.39,42.4,22,45.93333333,20.5,45.36333333,19.39611111,61.90333333,4,96.09,18.5,41.04,20.87333333,52.21666667,18.2,49.59,4.65,757.65,89.5,4,34.5,3.05
60,0,21,43.7,20.35666667,42.4,22,45.9,20.5,45.29,19.39,61.81444444,3.833333333,95.52333333,18.5,41.035,20.85111111,52.08,18.2,49.66333333,4.6,757.6333333,89.33333333,4,36.33333333,2.97
50,0,21,43.7,20.29,42.4,22,45.9,20.5,45.4,19.41444444,61.735,3.626666667,95.26333333,18.5,41.005,20.81777778,52.00833333,18.2,49.73,4.55,757.6166667,89.16666667,4,38.16666667,2.88
50,0,20.96333333,43.7,20.32333333,42.4,22.1,45.9,20.5,45.36333333,19.39,61.7,3.656666667,95.66666667,18.5,41,20.79,51.9,18.2,49.79,4.5,757.6,89,4,40,2.8
60,0,20.89,43.7,20.315,42.4,22.03333333,45.9,20.42666667,45.29,19.39,61.56333333,3.93,96.12666667,18.47555556,40.97777778,20.79,51.82777778,18.2,49.79,4.5,757.6333333,89.33333333,3.833333333,40,2.85
50,0,20.89,43.7,20.29,42.4,22,45.9,20.39,45.29,19.39,61.49333333,4.226666667,96.46333333,18.5,41,20.78,51.71,18.2,49.79,4.5,757.6666667,89.66666667,3.666666667,40,2.9
60,0,20.89,43.7,20.26,42.36333333,22,45.9,20.39,45.29,19.36222222,61.43333333,4.366666667,96.59,18.43277778,40.93888889,20.705,51.7,18.2,49.9,4.5,757.7,90,3.5,40,2.95
60,0,20.89,43.7,20.2,42.29,22,45.98333333,20.39,45.29,19.37333333,61.4,4.53,96.69,18.42055556,40.92777778,20.715,51.7,18.2,49.9,4.5,757.7333333,90.33333333,3.333333333,40,3
60,0,20.82333333,43.62666667,20.2,42.29,22,46,20.32333333,45.29,19.34,61.30833333,4.53,96.62333333,18.46333333,40.96666667,20.705,51.76,18.2,49.93333333,4.5,757.7666667,90.66666667,3.166666667,40,3.05
60,10,20.79,43.59,20.2,42.29,22,46,20.39,45.29,19.32333333,61.22666667,4.5,96.59,18.43277778,40.93888889,20.7,51.745,18.2,50,4.5,757.8,91,3,40,3.1
60,10,20.79,43.59,20.2,42.43333333,22,46,20.32333333,45.29,19.29,61.025,4.5,96.65666667,18.43888889,40.94444444,20.7,51.92611111,18.23,50,4.42,757.8666667,91.16666667,3,38.16666667,3.05
60,10,20.79,43.96333333,20.2,42.5,22,46.045,20.29,45.16333333,19.29,61,4.5,96.65666667,18.41444444,40.92222222,20.7,51.82,18.29,49.93333333,4.33,757.9333333,91.33333333,3,36.33333333,3
60,10,20.79,44.16333333,20.2,42.5,22,46,20.29,45.29666667,19.29,60.89833333,4.5,96.53,18.43888889,40.93222222,20.63888889,51.53055556,18.29,49.86333333,4.25,758,91.5,3,34.5,2.95
60,10,20.79,44.29,20.2,42.56,22,45.93,20.39,45.65666667,19.29,60.81444444,4.366666667,96.3,18.39,40.88777778,20.6,51.30166667,18.29,49.79,4.17,758.0666667,91.66666667,3,32.66666667,2.9
100,10,20.79,44.36333333,20.1,42.62666667,21.92666667,45.73,20.39,45.79,19.29,60.77388889,4.3,96.3,18.39,40.85555556,20.59444444,51.07,18.29,49.76,4.08,758.1333333,91.83333333,3,30.83333333,2.85
70,0,20.79,44.56666667,20.1,42.76,21.84,45.406,20.42666667,45.79,19.29,60.32666667,4.263333333,96.2,18.39,40.38,20.53333333,50.56388889,18.29,49.7,4,758.2,92,3,29,2.8
70,0,20.79,44.83333333,20.1,42.79,21.79,45.09,20.42666667,45.45666667,19.27,59.60777778,4.245,96.15,18.38444444,39.93666667,20.5,50.04666667,18.29,49.46666667,3.98,758.3,91.33333333,3.166666667,29,2.68
90,10,20.79,44.93,20.1,42.73,21.745,44.895,20.39,44.86333333,19.255,59.03944444,4.123333333,95.86666667,18.31777778,39.65,20.445,49.46388889,18.29,49.26666667,3.97,758.4,90.66666667,3.333333333,29,2.57
190,20,20.79,44.73,20.1,42.59,21.68,44.612,20.39,44.46333333,19.21,58.54055556,3.966666667,95.39666667,18.29555556,39.42055556,20.39,49.01333333,18.29,48.8,3.95,758.5,90,3.5,29,2.45
310,20,20.79,44.545,20.1,42.53,21.6,44.67833333,20.42666667,44.62666667,19.2,58.08222222,3.826666667,95.12333333,18.29,39.23277778,20.37333333,48.63,18.2,48.33333333,3.93,758.6,89.33333333,3.666666667,29,2.33
230,30,20.79,44.5,20.2,42.36333333,21.6,44.772,20.5,44.7,19.2,57.73,3.663333333,94.73,18.29,39.07555556,20.32333333,48.26388889,18.2,48,3.92,758.7,88.66666667,3.833333333,29,2.22
170,20,20.85666667,44.63333333,20.2,42.15666667,21.6,44.7,20.645,44.7,19.2,57.42944444,3.53,94.46333333,18.29,38.85611111,20.29,47.98722222,18.2,47.66666667,3.9,758.8,88,4,29,2.1
320,20,21,44.43,20.32333333,41.9,21.6,44.585,21.19666667,44.49,19.17777778,57.20888889,3.4,94.26333333,18.29,38.69666667,20.285,47.71444444,18.26,48.52666667,3.97,758.9,87.16666667,4,29,2.02
300,0,21.06666667,44.23,20.5225,41.57,21.60555556,44.44944444,21.59666667,44.15666667,19.17777778,57.12666667,3.4,94.19,18.29,38.565,20.225,47.34611111,18.29,49.26666667,4.03,759,86.33333333,4,29,1.93
90,0,21.13333333,43.76,20.76,41.32666667,21.61666667,44.41666667,22.23333333,43.76666667,19.17777778,57.00944444,3.326666667,94.12333333,18.29,38.41055556,20.205,47.11722222,18.29,49.32666667,4.1,759.1,85.5,4,29,1.85
90,0,21.26,43.62666667,20.86,41.16333333,21.6,44.4,22.63333333,42.96666667,19.17222222,56.89888889,3.4,94.19,18.29,38.25722222,20.2,46.83111111,18.29,49.13333333,4.17,759.2,84.66666667,4,29,1.77
90,0,21.32333333,43.52666667,21.06666667,41.03,21.62222222,44.42222222,22.66666667,42.53,19.1,56.735,3.433333333,94.06,18.29,38.08777778,20.2,46.62777778,18.29,48.86,4.23,759.3,83.83333333,4,29,1.68
120,0,21.39,43.32666667,21.26333333,40.83333333,21.60555556,44.40555556,22.6,42.72333333,19.11666667,56.63888889,3.633333333,93.93333333,18.29,37.88055556,20.2,46.44777778,18.29,48.63333333,4.3,759.4,83,4,29,1.6
360,0,21.53333333,43.03333333,21.39,40.83333333,21.68888889,44.39833333,22.5,42.82666667,19.14444444,56.52166667,3.73,93.13333333,18.32888889,37.69166667,20.2,46.21777778,18.29,48.43333333,4.47,759.4666667,81.5,4.333333333,29,1.5
220,0,21.6,42.76,21.42666667,40.86,21.7,44.11357143,22.5,42.82666667,19.15,56.35611111,3.93,92.13333333,18.34555556,37.42944444,20.2,45.92944444,18.39,48.16333333,4.63,759.5333333,80,4.666666667,29,1.4
220,0,21.73,43,21.5,41,21.7,43.98222222,22.39,42.5,19.1,56.15722222,4.03,90.82666667,18.39,37.21666667,20.17777778,45.69166667,18.39,47.96333333,4.8,759.6,78.5,5,29,1.3
410,0,21.79,43.06,21.63333333,40.96333333,21.755,43.9,22.39,42.5,19.1,55.95,4.156666667,89.76666667,18.39,37.01722222,20.2,45.46,18.39,47.76,4.97,759.6666667,77,5.333333333,29,1.2
190,0,21.89,43.29,21.76,41.16333333,21.79,43.845,22.39,42.36333333,19.1,55.82777778,4.433333333,87.73,18.39611111,36.81777778,20.2,45.26722222,18.46333333,47.62666667,5.13,759.7333333,75.5,5.666666667,29,1.1
80,0,21.96333333,43.29,21.79,41.32666667,21.79,43.80222222,22.39,42.29,19.1,55.655,4.5925,85.3975,18.43888889,36.57555556,20.2,45.02944444,18.5,47.33333333,5.3,759.8,74,6,29,1
70,0,22.03333333,43.23,21.79,41.6,21.79,43.88166667,22.39,42.26,19.1,55.555,4.763333333,82.06,18.5,36.39333333,20.2,44.79333333,18.5,47.12666667,5.4,759.8333333,72.83333333,6.333333333,30.83333333,0.85
70,0,22.1,43.29,21.79,41.76666667,21.79555556,43.90555556,22.46333333,42.26,19.1,55.48333333,4.963333333,79.43,18.55,36.13,20.2,44.62,18.5,46.86333333,5.5,759.8666667,71.66666667,6.666666667,32.66666667,0.7
350,0,22.1,43.43333333,21.73,41.96666667,21.87888889,43.93888889,22.46333333,42.16333333,19.1,55.39277778,5.156666667,77.02333333,18.61666667,35.93277778,20.205,44.10777778,18.5,46.59666667,5.6,759.9,70.5,7,34.5,0.55
340,0,22.16666667,43.56,21.7,42.66333333,21.88444444,43.89388889,22.39,42.09,19.1,55.29,5.333333333,75.49666667,18.7,35.77722222,20.26,43.53777778,18.5,46.345,5.7,759.9333333,69.33333333,7.333333333,36.33333333,0.4
340,0,22.2,45.595,21.7,42.46333333,21.82333333,43.85722222,22.35666667,42.2,19.1,55.25,5.466666667,74.95666667,18.725,35.53666667,20.29,43.27,18.53333333,46.2,5.8,759.9666667,68.16666667,7.666666667,38.16666667,0.25
340,0,22.2,45,21.7,42.53,21.79,43.96611111,22.29,42.12666667,19.1,55.29,5.726666667,70.6,18.78,35.32,20.29,42.98222222,18.6,46.2,5.9,760,67,8,40,0.1
220,0,22.2,45.66666667,21.63333333,42.59,21.79,44.15944444,22.29,42,19.1,55.29,5.933333333,71.53333333,18.81277778,35.10833333,20.29,42.80666667,18.6,46.2,6.02,760.0333333,66.5,8,40,0.117
70,0,22.29,45.69333333,21.66666667,42.72333333,21.85111111,44.38111111,22.2225,41.7475,19.1,55.29,6.226666667,67.32333333,18.96333333,35.045,20.32333333,42.41666667,18.6,46.12666667,6.13,760.0666667,66,8,40,0.133
90,0,22.29,46.76666667,21.6,42.66333333,21.93277778,44.5,22.2,41.33,19.1,55.32055556,6.3,67.06333333,19.07777778,34.89333333,20.45166667,42.08777778,18.6,45.96666667,6.25,760.1,65.5,8,40,0.15
80,0,22.53333333,45.52666667,21.65,42.79,21.98777778,44.5,22.1,41.06,19.1,55.38777778,6.4,66.13,19.245,34.71,20.51111111,41.83111111,18.6,45.82666667,6.37,760.1333333,65,8,40,0.167
70,0,22.53333333,44.86,21.6,42.72333333,21.98777778,44.5,22.1,40.86,19.1,55.39388889,6.466666667,63.93,19.29,34.53666667,20.51666667,41.61222222,18.6,45.66333333,6.48,760.1666667,64.5,8,40,0.183
70,0,22.5,44.43,21.53333333,42.59,21.96333333,44.555,22,40.46666667,19.1,55.32666667,6.53,61.46333333,19.29,34.32,20.56666667,41.33111111,18.6,45.53,6.6,760.2,64,8,40,0.2
70,0,22.56666667,44.15666667,21.56666667,42.46666667,21.95722222,44.59,21.92666667,40.32666667,19.1,55.275,6.59,59.33,19.29,34.08777778,20.56111111,41.12777778,18.6,45.36333333,6.52,760.1666667,64.16666667,7.666666667,40,0.167
120,0,22.6,43.76666667,21.5,42.26666667,21.96944444,44.60833333,21.85666667,40.36333333,19.1,55.16944444,6.726666667,58.33,19.29,33.88055556,20.54444444,40.96,18.6,45.15666667,6.43,760.1333333,64.33333333,7.333333333,40,0.133
90,0,22.6,43.56,21.5,42.06,21.98166667,44.7,21.79,40.29,19.1,55.055,6.8,58.19666667,19.255,33.68722222,20.53888889,41.04444444,18.66666667,45.02666667,6.35,760.1,64.5,7,40,0.1
100,0,22.6,43.19333333,21.5,42,21.98777778,44.7,21.79,40.26,19.06666667,54.93777778,6.763333333,56.2,19.2,33.51,20.61666667,41.20277778,18.6,44.76666667,6.27,760.0666667,64.66666667,6.666666667,40,0.0667
100,10,22.6,42.86,21.39,41.7,21.90692308,44.7,21.73,40.2,19.07777778,54.81055556,6.69,59.07,19.18888889,33.48333333,20.69388889,41.33111111,18.6,44.59,6.18,760.0333333,64.83333333,6.333333333,40,0.0333
240,10,22.6,42.79,21.32333333,41.76,21.89,44.7,21.7,40.36,19.05555556,54.75,6.623333333,60.69333333,19.15555556,33.41111111,20.78,41.86555556,18.6,44.53,6.1,760,65,6,40,0
420,30,22.53333333,42.73,21.2,41.79,21.89,44.68166667,21.7,40.5,19.04444444,54.79222222,5.093333333,80.52333333,19.10555556,33.56777778,20.89166667,42.34555556,18.6,44.46666667,5.9,760.1333333,68.66666667,6,40,0.483
200,20,22.5,42.7,21.2,41.86333333,21.89,44.63714286,21.7,40.53,19.05,54.73888889,5.093333333,87.73,19.08333333,33.8,21,42.66,18.6,44.32666667,5.7,760.2666667,72.33333333,6,40,0.967
120,20,22.5,42.7,21.2,42.03,21.9725,44.59,21.7,40.66333333,19.01666667,54.645,5.33,90.19333333,19.03333333,34.02444444,21.08333333,42.94777778,18.6,44.29,5.5,760.4,76,6,40,1.45
120,20,22.39,42.62666667,21.13333333,42.09,21.945,44.59,21.7,40.82666667,19.04444444,54.62055556,5.263333333,89.8,19.01111111,34.245,21.15,43.08,18.6,44.29,5.3,760.5333333,79.66666667,6,40,1.93
120,20,22.39,42.76,21.1,42.09,21.97555556,44.59,21.76,40.9,19.03333333,54.535,5.4,90.23,19.09444444,34.53222222,21.26055556,43.21222222,18.6,44.29,5.1,760.6666667,83.33333333,6,40,2.42
220,10,22.39,42.82666667,21.1,42.09,22,44.59,21.79,41.03,19.01666667,54.45,5.4,90.42333333,19.08888889,34.58,21.34555556,43.36944444,18.6,44.2,4.9,760.8,87,6,40,2.9
160,20,22.39,43.0425,21.1,42.2,21.94,44.59,21.79,41.03,19,54.38166667,5.263333333,89.29333333,19.00555556,34.58,21.37888889,43.4,18.6,44.12666667,4.93,760.8666667,85.83333333,6,40,2.73
130,10,22.32333333,43.09,21.03333333,42.2,21.92055556,44.515,21.76,40.76,19,54.29,5.19,89.56,19,34.645,21.39,43.4,18.6,44.96666667,4.97,760.9333333,84.66666667,6,40,2.57
110,10,22.29,43.06,21,42.2,21.88375,44.51625,21.7,40.62666667,19.02222222,54.33888889,5.333333333,89.26333333,18.97555556,34.715,21.40833333,43.55666667,18.6,45.83333333,5,761,83.5,6,40,2.4
90,10,22.23,42.93333333,21,42.2,21.80428571,44.375,21.6,40.5,19,54.29,5.466666667,89.26333333,19,34.79,21.5,43.7,18.6,46.2,5.03,761.0666667,82.33333333,6,40,2.23
100,10,22.2,43.16333333,21,42.26,21.775,44.35722222,21.56666667,40.59,19,54.33277778,5.5,87.23333333,18.95722222,34.83277778,21.53888889,43.7,18.66666667,46.26,5.07,761.1333333,81.16666667,6,40,2.07
180,10,22.13333333,43.03,20.9725,42.2,21.7,44.4,21.5,40.66333333,19,54.36944444,5.56,86.09333333,18.89,34.92777778,21.6,43.745,18.6,45.96666667,5.1,761.2,80,6,40,1.9
510,10,22.1,43,20.96333333,42.46,21.7,44.44277778,21.5,40.82666667,19,54.33888889,5.763333333,84.9,18.89,35,21.66111111,43.94277778,18.6,45.82666667,5.13,761.3,80,6,40,1.93
350,10,22.1,43.06,20.89,42.36333333,21.795,45.18111111,21.5,40.9,19,54.31444444,5.763333333,80.96666667,18.89,34.95555556,21.725,44.05555556,18.6,45.56,5.17,761.4,80,6,40,1.97
310,10,22,43.15666667,20.82333333,42.23,22.13555556,46.49388889,21.5,41,19,54.35722222,5.9,78.16,18.89,34.95555556,21.79,44.275,18.66666667,45.5,5.2,761.5,80,6,40,2
300,10,22,43.43,20.79,42.56666667,22.50055556,47.33055556,21.42666667,40.93333333,19,54.4,5.9,77.75,18.89,35,21.79,44.29,18.6,45.13333333,5.23,761.6,80,6,40,2.03
270,30,22,43.62666667,20.79,42.83333333,22.86,47.68666667,21.46333333,41.06,19,54.46111111,5.9,77.56666667,18.87888889,34.98888889,21.79,44.29,18.6,44.93333333,5.27,761.7,80,6,40,2.07
270,40,21.92666667,43.9,20.7,43.06666667,23.11666667,47.65166667,21.39,41.06,19,54.53,5.866666667,77.03333333,18.82888889,34.93888889,21.79,44.20294118,18.6,44.76,5.3,761.8,80,6,40,2.1
250,40,21.89,44.23,20.7,43.26,23.28611111,47.105,21.42666667,41.06666667,19,54.565,5.8,76.49333333,18.79,34.98333333,21.75,44.11444444,18.6,44.56666667,5.32,761.9333333,80,5.666666667,40,2.1
230,30,21.89,44.36333333,20.7,43.32666667,23.37333333,46.40666667,21.5,41.2,18.96333333,54.60222222,5.763333333,76.9,18.79,35,21.79,43.98888889,18.5,44.36333333,5.33,762.0666667,80,5.333333333,40,2.1
120,30,21.79,44.43333333,20.7,43.46666667,23.39611111,45.77055556,21.5,41.2,18.95722222,54.645,5.623333333,76.96666667,18.79,35.035,21.81222222,43.80666667,18.5,44.23,5.35,762.2,80,5,40,2.1
190,30,21.79,44.56,20.7,43.53,23.40833333,45.14833333,21.5,41.26,18.90222222,54.7,5.656666667,76.9,18.725,35.09,21.88,43.62888889,18.5,43.96666667,5.37,762.3333333,80,4.666666667,40,2.1
170,30,21.79,44.59,20.7,43.66333333,23.32388889,44.55666667,21.5,40.96,18.91444444,54.61222222,5.59,76.63333333,18.7,35.09,21.95111111,43.43333333,18.5,43.82666667,5.38,762.4666667,80,4.333333333,40,2.1
120,30,21.85666667,44.66333333,20.79,43.5,23.18222222,44.26833333,21.5,40.56666667,18.89,54.33111111,5.59,76.03,18.7,35.09,22.01111111,43.26,18.5,43.645,5.4,762.6,80,4,40,2.1
120,40,21.89,44.66333333,20.85666667,43.5,23.03888889,43.96888889,21.5,40.36333333,18.89,54.08777778,5.59,75.09,18.7,35.09611111,22.07777778,43.12666667,18.46333333,43.43,5.38,762.7166667,80,4,40,2.1
460,30,21.89,44.53,20.92666667,43.33333333,22.92055556,43.655,21.5,40.23,18.89,53.85611111,5.5,74.93333333,18.7,35.16333333,22.1,43.08,18.39,43.23,5.37,762.8333333,80,4,40,2.1
600,30,22,44.45,21,43.06666667,22.89,43.59611111,21.5,40.23,18.89,53.67222222,5.5,75.2,18.7,35.2,22.16666667,43,18.39,43.09,5.35,762.95,80,4,40,2.1
280,10,22.13333333,47.86,21.13333333,42.86333333,22.89,43.66333333,21.5,40.29,18.89,53.62666667,5.59,75.6,18.64444444,35.17555556,22.2,42.87555556,18.39,43.03,5.33,763.0666667,80,4,40,2.1
100,0,22.26,52.19333333,21.2,43.06333333,22.89,44.15111111,21.445,40.35,18.89,53.74833333,5.59,76.06,18.66111111,35.23,22.15882353,42.62882353,18.39,42.9,5.32,763.1833333,80,4,40,2.1
110,20,22.32333333,51.16666667,21.32333333,44.19333333,22.89,44.56444444,21.39,40.06,18.89,54.06444444,5.59,76.02666667,18.61111111,35.22,22.10588235,42.71470588,18.39,42.9,5.3,763.3,80,4,40,2.1
130,20,22.39,50.1,21.4175,44.45,22.82888889,44.705,21.39,40.52666667,18.89,54.31777778,5.59,75.76,18.6,35.24,22.17058824,42.76352941,18.39,42.86333333,5.27,763.3833333,80.16666667,3.833333333,40,2.08
120,20,22.39,48.29333333,21.5,44.26666667,22.79,44.78,21.42666667,42.62333333,18.89,54.4,5.59,75.43333333,18.6,35.275,22.205,42.705,18.39,42.79,5.23,763.4666667,80.33333333,3.666666667,40,2.07
110,20,22.39,47.23333333,21.6,43.79666667,22.785,44.765,21.56666667,43.49,18.89,54.38166667,5.59,74.82,18.6,35.29,22.28,42.78,18.39,42.76,5.2,763.55,80.5,3.5,40,2.05
160,20,22.42666667,46.19666667,21.6,43.46333333,22.765,44.69944444,21.63333333,43.9,18.89,54.29,5.463333333,74.93333333,18.6,35.29,22.29,42.79,18.39,42.7,5.17,763.6333333,80.66666667,3.333333333,40,2.03
160,10,22.5,45.45666667,21.63333333,43.09,22.705,44.59,21.63333333,43.23333333,18.89,54.20888889,5.296666667,74.83333333,18.6,35.29,22.28,42.83277778,18.39,42.59,5.13,763.7166667,80.83333333,3.166666667,40,2.02
150,20,22.53333333,44.62333333,21.7,43.03,22.7,44.53388889,21.6,42.6,18.89,54.10222222,5.03,75.76,18.6,35.29,22.225,42.82055556,18.32333333,42.53,5.1,763.8,81,3,40,2
170,20,22.6,44.09666667,21.73,42.86333333,22.7,44.39944444,21.53333333,42.19333333,18.89,54.055,5.123333333,76.6,18.6,35.29,22.2,42.765,18.29,42.36333333,5.07,763.9166667,81.33333333,3,40,2.03
100,20,22.6,43.6,21.79,42.65666667,22.68888889,44.265,21.46333333,41.83333333,18.89,54,5.19,77.39333333,18.6,35.29,22.2,42.755,18.29,42.23,5.03,764.0333333,81.66666667,3,40,2.07
130,20,22.6,43.19333333,21.89,42.46666667,22.65,44.08555556,21.39,41.56666667,18.89,53.91055556,4.866666667,78.42333333,18.6,35.33277778,22.2,42.79,18.29,42.06,5,764.15,82,3,40,2.1
100,0,22.7,42.93,21.89,42.32666667,22.6,43.92777778,21.39,41.36333333,19.02888889,61.06833333,4.8,79.75666667,18.58888889,35.45,22.275,42.88166667,18.29,41.93333333,4.97,764.2666667,82.33333333,3,40,2.13
140,0,22.7,42.73,21.89,42.13333333,22.56111111,43.88166667,21.32333333,41.29,20.30388889,84.11,4.9,82.39666667,18.57777778,35.43277778,22.29,42.845,18.29,41.83333333,4.93,764.3833333,82.66666667,3,40,2.17
120,0,22.7,42.46666667,21.89,41.86,22.5,43.745,21.29,41.2,20.28111111,84.22666667,4.833333333,85.92333333,18.55555556,35.38166667,22.30666667,42.66611111,18.29,41.56666667,4.9,764.5,83,3,40,2.2
120,0,22.7,42.26666667,21.89,41.7,22.5,43.69388889,21.23,41.06666667,19.84722222,81.39388889,4.656666667,87.79,18.58333333,35.48333333,22.36777778,42.7,18.29,41.45,4.85,764.6,83.5,3.166666667,40,2.23
140,0,22.7,42.16333333,21.89,41.7,22.5,43.59222222,21.2,40.9,19.765,78.85055556,4.53,88.26333333,18.58333333,35.535,22.39,42.76111111,18.2,41.4,4.8,764.7,84,3.333333333,40,2.27
120,0,22.7,42.09,21.89,41.79,22.5,43.565,21.2,40.9,19.66111111,76.50555556,4.4,89.03333333,18.57777778,35.58,22.40833333,42.93055556,18.2,41.4,4.75,764.8,84.5,3.5,40,2.3
130,10,22.7,42,21.89,41.79,22.5,43.5,21.2,40.79,19.58888889,73.89111111,4.466666667,89.1,18.58888889,35.59,22.48777778,43.21111111,18.2,41.4,4.7,764.9,85,3.666666667,40,2.33
80,10,22.7,41.925,21.89,41.79,22.49388889,43.53,21.13333333,40.79,19.50555556,71.81,4.59,88.42666667,18.56666667,35.59611111,22.53888889,43.64888889,18.2,41.4,4.65,765,85.5,3.833333333,40,2.37
70,0,22.7,41.9,21.89,41.79,22.46944444,43.60777778,21.2,41.23333333,19.5,70.13777778,4.59,87.16666667,18.57777778,35.79111111,22.59444444,44.33444444,18.2,41.29,4.6,765.1,86,4,40,2.4
70,10,22.66666667,42.03,21.85666667,41.86333333,22.445,43.65833333,21.175,41.875,19.41444444,68.91888889,4.5,85.89,18.6,36.31055556,22.68888889,45.39611111,18.2,41.29,4.5,765.15,86,3.833333333,40,2.3
70,0,22.6,42.22333333,21.79,41.73,22.39,43.83833333,21.16666667,42.06,19.40833333,67.96333333,4.5,84.86666667,18.6,36.66,22.705,45.57333333,18.23,42.43333333,4.4,765.2,86,3.666666667,40,2.2
100,0,22.6,42.73,21.745,41.845,22.48166667,44.045,21.1,42.09,19.39,67.02333333,4.5,84.6,18.6,36.87388889,22.78,45.68777778,18.29,43.16,4.3,765.25,86,3.5,40,2.1
100,0,22.53333333,42.86333333,21.7,41.93333333,22.5,44.015,21.1,42.09,19.37888889,66.29666667,4.433333333,84.06,18.6,37.025,22.79555556,45.59611111,18.23,43.66666667,4.2,765.3,86,3.333333333,40,2
100,0,22.5,43.03,21.7,42.06,22.51666667,44,21.06666667,41.96666667,19.32333333,65.72333333,4.366666667,82.99333333,18.6,37.17555556,22.875,45.545,18.29,44.13333333,4.1,765.35,86,3.166666667,40,1.9
70,10,22.5,43.16333333,21.6,42.09,22.6,44,21,41.96666667,19.30666667,65.14777778,4.06,81.9,18.6,37.18222222,23.00444444,45.52111111,18.29,44.32666667,4,765.4,86,3,40,1.8
70,0,22.39,43.23,21.6,42.09,22.6,43.97777778,20.96333333,42.12666667,19.29,64.50888889,3.86,82.02666667,18.6,37.38722222,23.1,45.75111111,18.29,44.46666667,3.87,765.3833333,86.33333333,2.833333333,40,1.72
70,0,22.39,43.29,21.56666667,42.2,22.6,43.97222222,20.89,42.26,19.28,63.93555556,3.633333333,82.69666667,18.6,37.51388889,23.1,45.93777778,18.29,44.62666667,3.73,765.3666667,86.66666667,2.666666667,40,1.63
70,0,22.35666667,43.4,21.5,42.12666667,22.6,43.93888889,20.89,42.29,19.24,63.32,3.433333333,83.15666667,18.6,37.59,23.1,46.00388889,18.29,44.76,3.6,765.35,87,2.5,40,1.55
60,0,22.29,43.32666667,21.46333333,42.09,22.6,44,20.89,42.29,19.225,62.81944444,3.26,84.53,18.6,37.62055556,23.1,46.05,18.29,44.82666667,3.47,765.3333333,87.33333333,2.333333333,40,1.47
50,0,22.2,43.13333333,21.39,42.03,22.6,43.92222222,20.79,42.2,19.2,62.32611111,3.126666667,84.46333333,18.6,37.7,23.1,46.08,18.29,44.96666667,3.33,765.3166667,87.66666667,2.166666667,40,1.38
30,0,22.2,43.06,21.39,42.09,22.6,43.96666667,20.79,42.26,19.2,61.97166667,2.833333333,84.32666667,18.6,37.72,23.09444444,45.82444444,18.29,45.15666667,3.2,765.3,88,2,40,1.3
20,0,22.16666667,43.03,21.32333333,42.03,22.59444444,43.93333333,20.79,42.29,19.2,61.65277778,2.626666667,85.26666667,18.6,37.84222222,23.01111111,45.9,18.29,45.36333333,2.95,765.35,88.66666667,2.166666667,38.16666667,1.17
50,0,22.1,43.16333333,21.29,42,22.51111111,44,20.73,42.29,19.2,61.41944444,2.59,86.73,18.6,37.9,22.93277778,46.26555556,18.29,45.69,2.7,765.4,89.33333333,2.333333333,36.33333333,1.03
40,0,22.06666667,43.06,21.23,41.93333333,22.5,43.95555556,20.7,42.26,19.16111111,61.12722222,2.53,86.39666667,18.6,37.91666667,22.87888889,46.63888889,18.29,45.96333333,2.45,765.45,90,2.5,34.5,0.9
40,0,22,43,21.2,41.9,22.5,43.92777778,20.7,42.2,19.11666667,60.86333333,2.363333333,86.83333333,18.6,38,22.81777778,46.87722222,18.29,46.16333333,2.2,765.5,90.66666667,2.666666667,32.66666667,0.767
50,0,21.96333333,42.9,21.2,41.9,22.5,43.90555556,20.7,42.23,19.12777778,60.62222222,2.23,86.96,18.6,38,22.79,47.08944444,18.29,46.43333333,1.95,765.55,91.33333333,2.833333333,30.83333333,0.633
40,0,21.89,42.9,21.1,41.93333333,22.5,43.93888889,20.63333333,42.15666667,19.1,60.37777778,2.145,87.545,18.6,38.025,22.715,47.44777778,18.29,46.63333333,1.7,765.6,92,3,29,0.5
50,0,21.89,42.9,21.1,42,22.5,43.96111111,20.6,42.12666667,19.1,60.11222222,2.09,88.3,18.6,38.09,22.7,47.635,18.29,46.82666667,1.78,765.65,91.83333333,3,28.83333333,0.567
40,0,21.85666667,42.86333333,21.1,42.03,22.5,44,20.6,42.1175,19.1,59.915,1.963333333,87.82666667,18.6,38.09,22.7,47.705,18.29,46.96666667,1.87,765.7,91.66666667,3,28.66666667,0.633
50,0,21.79,42.79,21.03333333,41.96333333,22.51111111,43.96111111,20.6,42.09,19.09444444,59.70388889,1.633333333,86.83,18.6,38.09,22.65,47.715,18.29,47.12666667,1.95,765.75,91.5,3,28.5,0.7
50,0,21.76,42.79,21,42,22.55,43.86944444,20.5,42.09,19.08333333,59.53,1.36,86.43,18.6,38.09,22.6,47.775,18.29,47.2,2.03,765.8,91.33333333,3,28.33333333,0.767
40,0,21.7,42.73,20.9175,42,22.58888889,43.79,20.5,42.09,19.06111111,59.33888889,1.2,86.73333333,18.6,38.09,22.52777778,47.78,18.29,47.32666667,2.12,765.85,91.16666667,3,28.16666667,0.833
50,0,21.66666667,42.66333333,20.89,42,22.6,43.77,20.5,42.09,19,59.145,1.2,88.13333333,18.6,38.09,22.40277778,47.61333333,18.35666667,47.4,2.2,765.9,91,3,28,0.9
40,0,21.6,42.59,20.82333333,41.86,22.53888889,43.79,20.42666667,42.03,19,59.02944444,1.36,89.56,18.6,38.09,22.34555556,47.62055556,18.39,47.5,2.17,765.9,90.66666667,3,27.16666667,0.817
40,0,21.6,42.59,20.82333333,41.93333333,22.52222222,43.79,20.46333333,42.06,19,58.85611111,1.566666667,90.43333333,18.6,38.13277778,22.275,47.76111111,18.39,47.56,2.13,765.9,90.33333333,3,26.33333333,0.733
50,0,21.6,42.53,20.79,41.82666667,22.5,43.79,20.39,42,19,58.69666667,1.6,90.26333333,18.6,38.16333333,22.2,47.93833333,18.32333333,47.62666667,2.1,765.9,90,3,25.5,0.65
50,0,21.6,42.5,20.79,41.9,22.5,43.79,20.39,42,19,58.555,1.533333333,89.85666667,18.6,38.16333333,22.19444444,48.19666667,18.39,47.76,2.07,765.9,89.66666667,3,24.66666667,0.567
50,0,21.53333333,42.5,20.76,41.9,22.5,43.79,20.39,42,19,58.465,1.356666667,89.36,18.59444444,38.10222222,22.11111111,48.37277778,18.39,47.82666667,2.03,765.9,89.33333333,3,23.83333333,0.483
50,0,21.5,42.5,20.7,41.9,22.5,43.79,20.35666667,41.96666667,19,58.32666667,1.29,89.02666667,18.58333333,38.145,22.1,48.515,18.39,47.96666667,2,765.9,89,3,23,0.4
40,0,21.5,42.5,20.7,41.9,22.5,43.79,20.29,41.9,18.97555556,58.20888889,1.2,89.29333333,18.58333333,38.12666667,22.1,48.67,18.39,48,1.95,765.8666667,89,3,24,0.35
20,0,21.46333333,42.36333333,20.7,41.82666667,22.5,43.79,20.29,41.9,18.96333333,58.11166667,1.26,89.76666667,18.55,38.10222222,22.05,48.78666667,18.39,48,1.9,765.8333333,89,3,25,0.3
20,0,21.39,42.29,20.6,41.7,22.5,43.715,20.29,41.9,18.95722222,57.99333333,1.29,90.09333333,18.57777778,38.10222222,22.01111111,48.80222222,18.39,48.09,1.85,765.8,89,3,26,0.25
20,0,21.39,42.29,20.6,41.76,22.48166667,43.65444444,20.29,41.9,18.90222222,57.88166667,1.1725,89.3,18.55,38.09,21.98166667,48.88166667,18.39,48.09,1.8,765.7666667,89,3,27,0.2
40,0,21.39,42.29,20.6,41.76,22.40222222,43.44333333,20.29,41.9,18.89,57.78722222,0.866666667,88.16666667,18.57222222,38.09,21.89,48.9,18.39,48.09,1.75,765.7333333,89,3,28,0.15
50,0,21.35666667,42.29,20.53333333,41.7,22.34,43.525,20.2,41.7,18.89,57.7,0.566666667,87.62333333,18.53888889,38.09,21.88444444,48.97777778,18.39,48.09,1.7,765.7,89,3,29,0.1
60,0,21.29,42.29,20.5,41.7,22.29,43.68666667,20.2,41.7,18.89,57.60333333,0.433333333,87.69,18.52777778,38.09,21.86222222,48.89888889,18.39,48.09,1.78,765.6166667,89.33333333,3,30.83333333,0.217
40,0,21.29,42.29,20.5,41.7,22.245,43.735,20.2,41.7,18.89,57.49333333,0.3,88.13333333,18.51666667,38.09,21.81777778,48.81555556,18.39,48.09,1.87,765.5333333,89.66666667,3,32.66666667,0.333
50,0,21.29,42.29,20.5,41.7,22.2,43.755,20.2,41.7,18.89,57.36833333,0.3,88.52666667,18.5,38.09,21.79,48.71,18.39,48.09,1.95,765.45,90,3,34.5,0.45
40,0,21.23,42.23,20.5,41.7,22.2,43.79,20.13333333,41.7,18.89,57.29,0.433333333,89.59666667,18.5,38.09,21.785,48.7,18.39,48.12666667,2.03,765.3666667,90.33333333,3,36.33333333,0.567
40,0,21.2,42.09,20.46333333,41.76,22.19444444,43.85722222,20.1,41.62666667,18.86777778,57.18444444,0.566666667,90.52333333,18.5,38.09,21.71,48.66944444,18.39,48.2,2.12,765.2833333,90.66666667,3,38.16666667,0.683
50,0,21.2,42.09,20.39,41.6725,22.16111111,43.9,20.1,41.62666667,18.89,57.12666667,0.866666667,91.53333333,18.5,38.09,21.72,48.59,18.39,48.2,2.2,765.2,91,3,40,0.8
40,0,21.13333333,42.09,20.39,41.66333333,22.11666667,43.98333333,20.1,41.59,18.84555556,56.965,1.133333333,92.06,18.5,38.07,21.7,48.62055556,18.39,48.26,2.28,765.1333333,91,3.166666667,40,0.883
50,0,21.13333333,42.09,20.29,41.7,22.1,44,20.03333333,41.53,18.81777778,56.85611111,1.323333333,92.33333333,18.5,38.09,21.66666667,48.62722222,18.35666667,48.29,2.37,765.0666667,91,3.333333333,40,0.967
50,0,21.1,42.09,20.29,41.7,22.1,44,20.1,41.66333333,18.79,56.755,1.39,92.46666667,18.5,38.07,21.61666667,48.515,18.29,48.29,2.45,765,91,3.5,40,1.05
50,0,21.1,42.09,20.29,41.66333333,22.1,44.035,20.03333333,41.53,18.79,56.7,1.5,92.83333333,18.5,38.09,21.6,48.575,18.39,48.29,2.53,764.9333333,91,3.666666667,40,1.13
40,0,21.03333333,42.03,20.29,41.66333333,22.1,44.06,20,41.53,18.79,56.63277778,1.566666667,92.96666667,18.5,38.09,21.6,48.59,18.39,48.29,2.62,764.8666667,91,3.833333333,40,1.22
40,0,21.03333333,42.03,20.2,41.5,22.12222222,44.09,20,41.59,18.79,56.59,1.73,93.16,18.5,38.09,21.59444444,48.60833333,18.39,48.29,2.7,764.8,91,4,40,1.3
40,0,21,42,20.2,41.5,22.1,44.09,20,41.59,18.79,56.50944444,1.863333333,93.43333333,18.5,38.09,21.53333333,48.7,18.39,48.29,2.82,764.6666667,91.16666667,4,38.16666667,1.45
40,0,21,42,20.2,41.5,22.1,44.09,19.92666667,41.59,18.78,56.44444444,2,93.35,18.5,38.09,21.5,48.65722222,18.35666667,48.26,2.93,764.5333333,91.33333333,4,36.33333333,1.6
50,0,21,42,20.2,41.5,22.1,44.09,19.89,41.59,18.78,56.405,2.126666667,93.56333333,18.49388889,38.085,21.5,48.59,18.29,48.2,3.05,764.4,91.5,4,34.5,1.75
30,0,20.92666667,42,20.16666667,41.5,22.1,44.09,19.89,41.59,18.745,56.30222222,2.26,93.76333333,18.445,38.09333333,21.43888889,48.54,18.29,48.29,3.17,764.2666667,91.66666667,4,32.66666667,1.9
30,0,20.89,42,20.1,41.56,22.1,44.09,19.89,41.7,18.725,56.275,2.4,93.8,18.40222222,38.09611111,21.45111111,48.57444444,18.29,48.29,3.28,764.1333333,91.83333333,4,30.83333333,2.05
30,10,20.89,42,20.1,41.5,22.08888889,44.08,19.89,41.7,18.74,56.14,2.466666667,93.86666667,18.40833333,38.09,21.39611111,48.51,18.35666667,48.36333333,3.4,764,92,4,29,2.2
40,10,20.89,42.26666667,20.1,41.56,22.00555556,43.76888889,19.89,41.7,18.77,56,2.53,93.9,18.42055556,38.12055556,21.41444444,48.655,18.39,48.29,3.5,763.9,92,4.333333333,30.83333333,2.3
60,20,20.89,42.52666667,20.1,41.73,21.945,43.62666667,19.89,41.83333333,18.725,56,2.663333333,94.02666667,18.40833333,38.10833333,21.39,48.67666667,18.39,48.23,3.6,763.8,92,4.666666667,32.66666667,2.4
50,30,20.85666667,42.96333333,20.03333333,41.79,21.88444444,43.54944444,19.89,42,18.7,56,2.826666667,94.33333333,18.41444444,38.11444444,21.36222222,48.48222222,18.39,48.16333333,3.7,763.7,92,5,34.5,2.5
50,20,20.79,43.1725,20.1,42.03,21.80111111,43.41111111,19.9175,42.1175,18.7,56.045,2.966666667,94.46666667,18.40833333,38.12055556,21.29,48.28722222,18.39,48.03,3.8,763.6,92,5.333333333,36.33333333,2.6
70,20,20.79,43.26,20.03333333,42.03,21.79,43.38166667,20,42.43,18.7,56.055,3.156666667,94.72666667,18.39611111,38.18777778,21.275,48.06055556,18.39,47.96666667,3.9,763.5,92,5.666666667,38.16666667,2.7
60,20,20.79,43.23,20,42.12666667,21.79,43.29,20.1,42.46666667,18.7,56.02,3.29,94.8,18.39,38.18777778,21.23,47.83888889,18.39,47.82666667,4,763.4,92,6,40,2.8
60,10,20.79,43.36333333,20,42.26,21.79,43.29,20.1,42.32666667,18.7,56,3.5,95,18.39,38.205,21.2,47.67944444,18.32333333,47.79,4,763.2666667,92.5,6,43.83333333,2.88
80,0,20.79,43.46333333,20,42.345,21.745,43.27,20.1,42.29,18.7,56,3.56,95,18.39,38.28,21.16111111,47.535,18.32333333,47.73,4,763.1333333,93,6,47.66666667,2.97
60,10,20.79,43.72333333,20,42.5,21.74,43.18722222,20.1,42.43,18.7,56,3.79,95.09,18.39,38.29,21.1,47.45,18.39,47.66333333,4,763,93.5,6,51.5,3.05
60,20,20.79,43.66333333,20,42.63333333,21.67647059,42.82705882,20.1,42.53,18.7,55.95,3.863333333,95.23,18.39,38.345,21.1,47.32777778,18.39,47.59,4,762.8666667,94,6,55.33333333,3.13
50,20,20.79,43.72333333,19.89,42.7,21.64117647,42.99,20.22666667,42.79666667,18.7,55.76722222,4.03,95.36666667,18.38444444,38.11,21.07222222,47.09,18.39,47.43,4,762.7333333,94.5,6,59.16666667,3.22
50,20,20.79,43.72333333,19.96333333,42.56666667,21.60555556,43.005,20.66333333,42.96666667,18.7,55.52944444,4.165,95.5675,18.30111111,37.845,21,46.63333333,18.32333333,47.29,4,762.6,95,6,63,3.3
60,10,20.79,43.39,19.96333333,42.46666667,21.6,43,20.85666667,42.9,18.65555556,55.18555556,4.263333333,95.73,18.29,37.715,20.96944444,46.33111111,18.32333333,47.16333333,4.08,762.45,95.16666667,6.333333333,61.83333333,3.4
170,10,20.79,43.16333333,19.89,42.32666667,21.59444444,42.84833333,20.89,42.56333333,18.66666667,54.95166667,4.333333333,95.8,18.29,37.645,20.89,46.09333333,18.32333333,47.03,4.17,762.3,95.33333333,6.666666667,60.66666667,3.5
350,0,20.79,43.09,19.89,42.2,21.53333333,42.37833333,20.82333333,42.09666667,18.62777778,54.74888889,4.466666667,95.93333333,18.29,37.59,20.87888889,45.88722222,18.32333333,46.76,4.25,762.15,95.5,7,59.5,3.6
140,0,20.79,45.76333333,19.89,42.33333333,21.43277778,42.46111111,20.76,41.76,18.62222222,54.61166667,4.53,96.03,18.29,37.525,20.85666667,45.61277778,18.32333333,46.56666667,4.33,762,95.66666667,7.333333333,58.33333333,3.7
80,0,20.85666667,45.69666667,19.85666667,42.5,21.39,42.47222222,20.63333333,41.56666667,18.6,54.465,4.59,96.15666667,18.235,37.5,20.81777778,45.38277778,18.29,46.345,4.42,761.85,95.83333333,7.666666667,57.16666667,3.8
50,0,20.79,44.86333333,19.85666667,42.63333333,21.39,42.43333333,20.6,41.4,18.6,54.31166667,4.69,96.4,18.24,37.52,20.79,45.19666667,18.29,46.13333333,4.5,761.7,96,8,56,3.9
40,0,20.79,44.65666667,19.85666667,42.63333333,21.39,42.41111111,20.53333333,41.32666667,18.6,54.13777778,4.69,96.4,18.22,37.52,20.76,45.025,18.29,45.93333333,4.6,761.6666667,96,7.833333333,56.16666667,4
50,0,20.79,44.46666667,19.79,42.56,21.37333333,42.37555556,20.5,41.29,18.6,53.99333333,4.833333333,96.53,18.2,37.5,20.705,44.93277778,18.29,45.76,4.7,761.6333333,96,7.666666667,56.33333333,4.1
60,10,20.79,44.4,19.79,42.5,21.29,42.32055556,20.42666667,41.15666667,18.6,53.86833333,4.9,96.65666667,18.2,37.5,20.7,44.80222222,18.29,45.7,4.8,761.6,96,7.5,56.5,4.2
60,30,20.76,44.65666667,19.79,42.56,21.29,42.33277778,20.39,41.4,18.6,53.745,5.03,96.76,18.2,37.525,20.69444444,44.72888889,18.23,45.5,4.9,761.5666667,96,7.333333333,56.66666667,4.3
60,20,20.7,44.73,19.79,42.5,21.29,42.4,20.39,41.62,18.6,53.59333333,5.09,96.9,18.2,37.59,20.61111111,44.55722222,18.23,45.43333333,5,761.5333333,96,7.166666667,56.83333333,4.4
80,20,20.7,44.545,19.79,42.5,21.29,42.46111111,20.46333333,41.96666667,18.6,53.5,5.226666667,96.93333333,18.18888889,37.645,20.6,44.5,18.2,45.2,5.1,761.5,96,7,57,4.5
70,20,20.7,44.53,19.79,42.4,21.29,42.525,20.5,42.12666667,18.6,53.42055556,5.366666667,97.06,18.16666667,37.715,20.58333333,44.5,18.2,45.12666667,5.3,761.4833333,96,7,54.16666667,4.7
70,20,20.7,44.59,19.79,42.4,21.29555556,42.57,20.5,42.2,18.6,53.245,5.53,97.3,18.2,37.82473684,20.53333333,44.5,18.2,45.06,5.5,761.4666667,96,7,51.33333333,4.9
90,30,20.7,44.59,19.84,42.345,21.30666667,42.59,20.53333333,42.32666667,18.6,53.14222222,5.656666667,97.3,18.2,37.90526316,20.5,44.5,18.2,45,5.7,761.45,96,7,48.5,5.1
60,30,20.7,44.66333333,19.79,42.26,21.29,42.60222222,20.6,42.4,18.6,53,5.833333333,97.43333333,18.13684211,38,20.5,44.515,18.2,45,5.9,761.4333333,96,7,45.66666667,5.3
50,20,20.7,44.86333333,19.85666667,42.26,21.29,42.68166667,20.6,42.5,18.6,52.91055556,6.0225,97.5225,18.14444444,38.17555556,20.48166667,44.575,18.2,44.93333333,6.1,761.4166667,96,7,42.83333333,5.5
470,30,20.63333333,44.79,19.85666667,42.26,21.29,42.7,20.6,42.56,18.6,52.80222222,6.263333333,97.65666667,18.1,38.26,20.42666667,44.585,18.2,44.96666667,6.3,761.4,96,7,40,5.7
600,10,20.7,45.86333333,19.85666667,42.26,21.27,42.75111111,20.7,42.79,18.6,52.755,6.633333333,97.96333333,18.1,38.44333333,20.39,44.59,18.2,44.9,6.53,761.3833333,95.83333333,6.666666667,38,5.9
330,10,20.7,47.73,19.85666667,42.36,21.39722222,43.22555556,20.7,42.79,18.6,52.7,7.093333333,98.15666667,18.1,38.63888889,20.39,44.69666667,18.2,44.93333333,6.77,761.3666667,95.66666667,6.333333333,36,6.1
260,0,20.79,46.82666667,19.85666667,42.69333333,21.71166667,44.25,20.6,42.5,18.59444444,52.755,7.463333333,98.26,18.15555556,38.83777778,20.35111111,44.845,18.2,45,7,761.35,95.5,6,34,6.3
240,0,20.79,46.69333333,19.92666667,42.93333333,22.10222222,45.01,20.53333333,42.56,18.57222222,52.79,7.656666667,98.4,18.13333333,39.03777778,20.36222222,44.99833333,18.2,45,7.23,761.3333333,95.33333333,5.666666667,32,6.5
220,10,20.89,46.36333333,20.06666667,43.13333333,22.40944444,45.475,20.5,42.65666667,18.58888889,52.715,7.866666667,98.43333333,18.17777778,39.20555556,20.34555556,45.12055556,18.2,45.06,7.47,761.3166667,95.16666667,5.333333333,30,6.7
260,10,20.96333333,45.82333333,20.23,43.23,22.58888889,45.48944444,20.5,42.86333333,18.57777778,52.7,8.066666667,98.56,18.15555556,39.40777778,20.32888889,45.26111111,18.2,45.145,7.7,761.3,95,5,28,6.9
300,20,21.03333333,45.62333333,20.35666667,43.23,22.745,45.46,20.5,43.09666667,18.6,52.7,8.256666667,98.66,18.2,39.61666667,20.29,45.43777778,18.2,45.23,8,761.3333333,94.16666667,5.5,28.16666667,7.07
70,10,21.1,45.15666667,20.42666667,43.26,22.95722222,45.34388889,20.5,43.49,18.57777778,52.7,8.53,98.8,18.2,39.81888889,20.29,45.59833333,18.2,45.29,8.3,761.3666667,93.33333333,6,28.33333333,7.23
60,20,21.13333333,44.96,20.5,43,23.08888889,45.06666667,20.46333333,43.59,18.6,52.735,8.866666667,98.93333333,18.2,40.08222222,20.29,45.79055556,18.2,45.4,8.6,761.4,92.5,6.5,28.5,7.4
70,20,21.2,44.56666667,20.5,42.86333333,22.99833333,44.46388889,20.39,43.59,18.57222222,52.745,9.2,99.06,18.2,40.30888889,20.29,45.96611111,18.2,45.46666667,8.9,761.4333333,91.66666667,7,28.66666667,7.57
70,30,21.23,44.36333333,20.5,42.73,22.84,44.11,20.39,43.73,18.52222222,52.63277778,9.5,98.79666667,18.2,40.50777778,20.235,46.07222222,18.2,45.59,9.2,761.4666667,90.83333333,7.5,28.83333333,7.73
110,20,21.29,44.69666667,20.6,42.59,22.775,43.93777778,20.39,43.79,18.5,52.555,9.5,98.79666667,18.2,40.71368421,20.21,46.19888889,18.2,45.66333333,9.5,761.5,90,8,29,7.9
180,20,21.29,45.43333333,20.6,42.66333333,22.67222222,43.60222222,20.39,43.845,18.5,52.555,9.566666667,98.96333333,18.2,40.96105263,20.2,46.335,18.2,45.79,9.5,761.5333333,90.16666667,7.5,30.83333333,7.93
170,20,21.365,45.37,20.6,42.73,22.53888889,43.35111111,20.29,44.03,18.5,52.58,9.426666667,99.15666667,18.2,41.19105263,20.2,46.47611111,18.2,45.93,9.5,761.5666667,90.33333333,7,32.66666667,7.97
50,30,21.39,45.46666667,20.6,42.86333333,22.5,43.4,20.29,44.16333333,18.5,52.61333333,9.3,99.19,18.215,41.36166667,20.2,46.72833333,18.2,46.49666667,9.5,761.6,90.5,6.5,34.5,8
50,20,21.39,45.26,20.7,43.26666667,22.49388889,43.4,20.29,44.29,18.5,52.81055556,9.3,99.12333333,18.205,41.48166667,20.2,47.11777778,18.26,47.49666667,9.5,761.6333333,90.66666667,6,36.33333333,8.03
60,20,21.46333333,45.4,20.87,43.57,22.40222222,43.4,20.29,44.29,18.5,53.06166667,9.3,99.045,18.235,41.63277778,20.2,47.215,18.29,47.79,9.5,761.6666667,90.83333333,5.5,38.16666667,8.07
60,20,21.63333333,45.66333333,21.06666667,43.83333333,22.40222222,43.44888889,20.29,44.43333333,18.5,53.36277778,9.33,98.96666667,18.24,41.72888889,20.18888889,47.28,18.29,47.86333333,9.5,761.7,91,5,40,8.1
60,20,21.76,45.53,21.32333333,43.96666667,22.40222222,43.51,20.29,44.69333333,18.5,53.57833333,9.463333333,98.96666667,18.29,41.88777778,20.16666667,47.29,18.29,47.9,9.6,761.7666667,90.16666667,5.333333333,40,8.07
60,20,21.92666667,45.46666667,21.46333333,43.96666667,22.39,43.555,20.32333333,45.23,18.55,53.81055556,9.63,99.12333333,18.35111111,41.9,20.2,47.29,18.29,47.9,9.7,761.8333333,89.33333333,5.666666667,40,8.03
70,0,22,45.32666667,21.6,43.56333333,22.39,43.62666667,20.39,45.43,18.57222222,53.85722222,9.823333333,99.26333333,18.39,41.9,20.2,47.29,18.35666667,47.9,9.8,761.9,88.5,6,40,8
80,10,22.03333333,45.33,21.66666667,43.36333333,22.39,43.60833333,20.39,45.63333333,18.54444444,53.82055556,10,99.3,18.39,41.93888889,20.2,47.375,18.29,47.9,9.9,761.9666667,87.66666667,6.333333333,40,7.97
90,0,22.1,45.86333333,21.82333333,43.46333333,22.39,43.68833333,20.39,45.43333333,18.59444444,53.97611111,10,99.22666667,18.39,41.98888889,20.225,48.21333333,18.39,47.9,10,762.0333333,86.83333333,6.666666667,40,7.93
90,0,22.2,46.19333333,21.89,43.59,22.39,43.79,20.39,45.32666667,18.6,54.145,10,99.02666667,18.39,41.98888889,20.31277778,49.10388889,18.39,47.9,10.1,762.1,86,7,40,7.9
100,0,22.26,45.86,22,43.46666667,22.37888889,43.79,20.39,45.32666667,18.6,54.255,10.06666667,98.63333333,18.39,42,20.50444444,49.72722222,18.39,47.9,10.1,762.1666667,86.16666667,6.666666667,40,7.88
90,0,22.32333333,45.52666667,22.06666667,43.46666667,22.29555556,43.79,20.39,45.26,18.6,54.36944444,10.1,97.86666667,18.39,42,20.60555556,50.28611111,18.39,47.9,10,762.2333333,86.33333333,6.333333333,40,7.87
100,0,22.39,45.32666667,22.1,43.4,22.29,43.81444444,20.39,45.2,18.6,54.42222222,10.03333333,97.32666667,18.39,42,20.725,50.635,18.39,47.82666667,9.95,762.3,86.5,6,40,7.85
100,0,22.39,44.99,22.1,43.13333333,22.29,43.88166667,20.39,45.26666667,18.6,54.42222222,10,95.79333333,18.39,42,20.80666667,50.86388889,18.39,47.79,9.9,762.3666667,86.66666667,5.666666667,40,7.83
120,0,22.39,44.79,22.13333333,42.96666667,22.29,43.845,20.39,45.52666667,18.6,54.39388889,10,94.53333333,18.39,42,20.92055556,51.035,18.39,47.79,9.85,762.4333333,86.83333333,5.333333333,40,7.82
120,0,22.5,44.63333333,22.2,42.9,22.29555556,43.715,20.39,45.73,18.6,54.32666667,10,92.06333333,18.39,41.93888889,21.03888889,50.96111111,18.39,47.79,9.8,762.5,87,5,40,7.8
120,0,22.5,44.43333333,22.2,42.86333333,22.36777778,43.68166667,20.39,45.86333333,18.62222222,54.30944444,10,90.66333333,18.39,41.9,21.1,50.76333333,18.39,47.73,9.75,762.5833333,87.16666667,5,40,7.77
110,0,22.6,44.26,22.2,42.79,22.37888889,43.59722222,20.39,45.95,18.61666667,54.245,9.963333333,89.45666667,18.39,41.9,21.18833333,50.50444444,18.39,47.7,9.7,762.6666667,87.33333333,5,40,7.73
100,0,22.6,44.095,22.2,42.7,22.37888889,43.51,20.39,46.03,18.60555556,54.205,9.89,88.99666667,18.39,41.9,21.28,50.36944444,18.32333333,47.7,9.65,762.75,87.5,5,40,7.7
100,0,22.6,44,22.2,42.7,22.37888889,43.5,20.46333333,46.16333333,18.62777778,54.225,9.89,89.43,18.39,41.9,21.32888889,50.16722222,18.39,47.59,9.6,762.8333333,87.66666667,5,40,7.67
80,0,22.6,43.86333333,22.2,42.66333333,22.39,43.48888889,20.42666667,46.12666667,18.64444444,54.235,9.8225,89.165,18.39,41.9,21.39,50.01888889,18.39,47.59,9.55,762.9166667,87.83333333,5,40,7.63
110,0,22.66666667,43.79,22.2225,42.59,22.39,43.42777778,20.5,46.2,18.65555556,54.2,9.86,88.92333333,18.39,41.9,21.39,49.90555556,18.35666667,47.59,9.5,763,88,5,40,7.6
90,0,22.7,43.7,22.29,42.59,22.39,43.38777778,20.5,46.23,18.63333333,54.17555556,9.83,89.1,18.39,41.9,21.42055556,49.92777778,18.35666667,47.53,9.35,763.1166667,88,4.833333333,40,7.45
90,10,22.7,43.62666667,22.32333333,42.5,22.39,43.36944444,20.5,46.36333333,18.66666667,54.23,9.89,89.7,18.39,41.91111111,21.45722222,49.96111111,18.32333333,47.5,9.2,763.2333333,88,4.666666667,40,7.3
350,0,22.79,43.62666667,22.39,42.43333333,22.40833333,43.30833333,20.5,46.4,18.7,54.225,9.89,89.19,18.39,41.91111111,21.40222222,49.93333333,18.39,47.5,9.05,763.35,88,4.5,40,7.15
530,10,22.79,43.9,22.39,42.4,22.39611111,43.34944444,20.5,46.26666667,18.7,54.27,9.89,89.19,18.39,41.90555556,21.445,50.04777778,18.29,47.5,8.9,763.4666667,88,4.333333333,40,7
500,30,22.92666667,51.33,22.39,42.46666667,22.41444444,43.735,20.5,46.73333333,18.7,54.31388889,9.793333333,89.69,18.39,41.93888889,21.47555556,50.22055556,18.35666667,47.5,8.75,763.5833333,88,4.166666667,40,6.85
100,0,23.06666667,57.66333333,22.53333333,43.13,22.39,44.34055556,20.5,48.26,18.7,54.56444444,9.266666667,90.83,18.39,41.83277778,21.49388889,50.125,18.29,47.43333333,8.6,763.7,88,4,40,6.7
110,10,23.1,53.69666667,22.6,43.86333333,22.42666667,45.22277778,20.6,48.9,18.7,54.97388889,8.86,93.1,18.39,41.745,21.41444444,49.73222222,18.35666667,47.43333333,8.52,763.8166667,88.16666667,3.666666667,40,6.65
120,20,23.1,51.16333333,22.7,44.16333333,22.49388889,45.56444444,20.6,48.42666667,18.7,55.32277778,8.666666667,93.36666667,18.39,41.58777778,21.46944444,49.71,18.445,47.3,8.43,763.9333333,88.33333333,3.333333333,40,6.6
370,30,23.2,49.42666667,22.7,44.03,22.5,45.49888889,20.53333333,48.42666667,19.33055556,73.18777778,8.463333333,93.4,18.39,41.41111111,21.5,49.63277778,18.5,47,8.35,764.05,88.5,3,40,6.55
210,20,23.2,48.09333333,22.79,43.72333333,22.53888889,45.31722222,20.66666667,48.9,19.69888889,77.95722222,8.39,93.46666667,18.39611111,41.29833333,21.51111111,49.63777778,18.5,47.06,8.27,764.1666667,88.66666667,2.666666667,40,6.5
110,20,23.2,46.96,22.79,43.59,22.6,45.09222222,20.79,48.79,20.04166667,81.00444444,8.3,93.76333333,18.40833333,41.18444444,21.55555556,49.64277778,18.39,47,8.18,764.2833333,88.83333333,2.333333333,40,6.45
100,20,23.2,46.5,22.73,43.66333333,22.6,44.98222222,20.79,48.59666667,21.75777778,87.70166667,8.3,93.83,18.39,41.055,21.46944444,49.69111111,18.39,46.93333333,8.1,764.4,89,2,40,6.4
100,20,23.2,45.99,22.73,43.53,22.58888889,44.80222222,20.89,48.16333333,21.03888889,89.82444444,8.3,93.89666667,18.39,40.97222222,21.40222222,50.35888889,18.39,46.86333333,7.85,764.4666667,89.33333333,2,38,6.2
100,20,23.2,45.53,22.7,43.33333333,22.55,44.70888889,20.89,47.89,20.61,92.19333333,8.3,93.62333333,18.41444444,40.91611111,21.43888889,50.89833333,18.39,46.79,7.6,764.5333333,89.66666667,2,36,6
100,20,23.2,45.1,22.63333333,43.12666667,22.5,44.60222222,20.89,47.545,20.33222222,93.23055556,8.19,93.4,18.39,40.80222222,21.40222222,51.11055556,18.39,46.76,7.35,764.6,90,2,34,5.8
100,20,23.2,44.76666667,22.6,42.96666667,22.49388889,44.575,21,47.36333333,20.12222222,93.62277778,8.1675,93.325,18.39,40.735,21.42666667,51.22,18.39,46.7,7.1,764.6666667,90.33333333,2,32,5.6
100,20,23.1,44.545,22.53333333,42.9,22.42666667,44.48333333,21.06666667,47.29,19.99388889,93.01555556,8.033333333,93.36666667,18.39,40.7,21.43277778,51.28777778,18.39,46.66333333,6.85,764.7333333,90.66666667,2,30,5.4
110,20,23.06666667,44.33333333,22.46333333,42.72333333,22.39,44.41111111,21.1,47.16333333,19.90222222,91.45611111,7.866666667,93.5,18.40222222,40.735,21.46333333,51.28222222,18.39,46.59,6.6,764.8,91,2,28,5.2
110,30,23,44.2,22.39,42.59,22.39,44.38777778,21.1,47.09,19.87333333,89.87611111,7.66,93.36666667,18.40222222,40.77,21.47555556,51.34333333,18.39,46.5,6.48,764.8166667,92,2,27.83333333,5.23
80,10,23,44.16333333,22.34,42.545,22.39,44.31555556,21.2,46.96666667,19.81222222,88.49333333,7.466666667,93.46333333,18.39,40.79,21.47555556,51.37555556,18.39,46.5,6.37,764.8333333,93,2,27.66666667,5.27
230,0,23,44.03,22.26,42.52666667,22.34,44.21944444,21.2,46.82666667,19.735,87.31555556,7.4,93.86333333,18.39,40.775,21.5,51.4,18.39,46.5,6.25,764.85,94,2,27.5,5.3
420,10,22.89,43.76,22.13333333,42.26666667,22.255,44.055,21.16666667,46.06333333,19.7,86.17444444,7.433333333,94.6,18.39,40.73,21.40833333,51.29333333,18.32333333,46.43333333,6.13,764.8666667,95,2,27.33333333,5.33
240,0,22.89,43.62666667,22.1,42.32666667,22.2,44.025,21.03333333,45.59666667,19.61666667,84.48666667,7.5,94.93333333,18.39,40.7,21.39,51.135,18.35666667,46.4,6.02,764.8833333,96,2,27.16666667,5.37
70,0,22.79,43.5,22.1,42.4,22.16111111,44.09,20.96333333,45.26,19.52777778,82.38555556,7.59,94.96666667,18.39,40.68166667,21.39,51.01,18.29,46.4,5.9,764.9,97,2,27,5.4
70,0,22.79,43.5,22.1,42.5,22.1,44.12055556,20.89,45.06666667,19.48166667,79.97555556,7.59,94.9,18.39,40.565,21.39,51.04,18.29,46.29,6.05,764.95,96.5,2,27.33333333,5.48
70,20,22.79,43.5,22.03333333,42.43333333,22.1,44.2,20.79,44.76,19.39,77.51388889,7.623333333,94.99666667,18.39,40.5,21.39,51.02,18.29,46.23,6.2,765,96,2,27.66666667,5.57
60,20,22.79,43.69333333,22,42.43333333,22.1,44.2,20.79,44.83333333,19.39,76.91333333,7.69,95.26333333,18.39,40.545,21.40833333,51.15,18.29,46.145,6.35,765.05,95.5,2,28,5.65
60,20,22.7,43.82666667,22,42.5,22.1,44.225,20.79,45,19.36222222,76.995,7.8,95.09,18.39,40.59611111,21.39611111,51.30888889,18.29,46.23,6.5,765.1,95,2,28.33333333,5.73
60,30,22.7,43.9,21.89,42.59,22.07222222,44.23666667,20.85666667,45.4,19.29,76.77666667,7.8,95.03,18.43277778,40.72277778,21.39,51.60444444,18.29,46.29,6.65,765.15,94.5,2,28.66666667,5.82
50,20,22.7,44,21.89,42.66333333,22.02222222,44.145,20.89,45.62666667,19.29,76.40166667,7.8,95.06333333,18.41444444,40.72,21.39,51.87388889,18.29,46.43333333,6.8,765.2,94,2,29,5.9
60,20,22.63333333,43.93333333,21.79,42.62666667,22,44.17555556,20.96333333,45.7,19.29,76.03444444,7.8,95.26333333,18.45722222,40.82666667,21.39,52.065,18.29,46.56,6.88,765.2,93.83333333,2,28,5.97
50,20,22.6,44,21.79,42.7,22,44.15111111,21,45.79,19.225,74.88722222,7.8,95.5,18.445,40.86166667,21.39,52.24277778,18.29,46.62666667,6.97,765.2,93.66666667,2,27,6.03
50,20,22.53333333,44,21.7,42.79,22,44.2,21,45.86333333,19.2,73.89777778,7.866666667,95.7,18.45722222,40.96111111,21.39,52.41555556,18.29,46.76,7.05,765.2,93.5,2,26,6.1
60,30,22.5,44,21.7,42.86333333,22,44.2,21.1,46.09,19.18888889,73.27555556,7.9,95.995,18.46944444,41.00722222,21.39,52.59333333,18.29,46.79,7.13,765.2,93.33333333,2,25,6.17
70,20,22.5,44.06,21.6,42.93333333,21.98777778,44.2,21.2,46.2,19.18888889,72.57,7.9,96,18.46944444,41.065,21.39,52.7,18.29,46.86333333,7.22,765.2,93.16666667,2,24,6.23
60,20,22.39,44,21.6,43,21.98777778,44.2,21.13333333,46.26,19.18333333,71.925,7.9,96.06,18.48166667,41.08111111,21.35111111,52.77333333,18.29,46.9,7.3,765.2,93,2,23,6.3
60,20,22.39,44,21.6,43,22,44.23,21.2,46.29,19.11111111,71.425,7.866666667,96.12666667,18.47555556,41.16333333,21.29,52.975,18.29,46.96666667,7.25,765.2,93.66666667,1.833333333,27.16666667,6.35
40,10,22.39,44.06,21.53333333,43.06,22,44.21,21.2,46.29,19.11666667,70.96333333,7.726666667,95.72666667,18.5,41.2,21.29,53.28055556,18.29,47.09,7.2,765.2,94.33333333,1.666666667,31.33333333,6.4
20,0,22.29,44.23,21.5,43.23,21.96333333,44.2,21.2,46.16333333,19.10555556,70.53055556,7.5,95.39666667,18.5,41.23,21.29,53.54444444,18.29,47.16333333,7.15,765.2,95,1.5,35.5,6.45
20,0,22.29,44.29,21.4175,43.245,21.93277778,44.2,21.2,46.03,19.1,70.15166667,7.433333333,95.65666667,18.5,41.285,21.255,53.79777778,18.29,47.29,7.1,765.2,95.66666667,1.333333333,39.66666667,6.5
20,0,22.2,44.2,21.39,43.36333333,21.90222222,44.2,21.1,45.9,19.1,69.83166667,7.3,96.09,18.5,41.29,21.2,54.01722222,18.29,47.36333333,7.05,765.2,96.33333333,1.166666667,43.83333333,6.55
30,0,22.2,44.2,21.39,43.4,21.89,44.22,21.03333333,45.82666667,19.1,69.50611111,7.226666667,96.15666667,18.5,41.30222222,21.2,54.09611111,18.29,47.53,7,765.2,97,1,48,6.6
50,0,22.16666667,44.29,21.32333333,43.46666667,21.84,44.145,20.96333333,45.79,19.03888889,69.15666667,7.226666667,96.66666667,18.5,41.35722222,21.2,54.21277778,18.29,47.66333333,7.05,765.1333333,97.33333333,1.166666667,45,6.68
50,0,22.1,44.29,21.29,43.53,21.84555556,44.23166667,20.89,45.86333333,19,68.83166667,7.366666667,97.06,18.47555556,41.37555556,21.17222222,54.30833333,18.29,47.82666667,7.1,765.0666667,97.66666667,1.333333333,42,6.77
50,0,22.1,44.32666667,21.23,43.53,21.87333333,44.275,20.85666667,45.86333333,19,68.56722222,7.5,97.23,18.5,41.4,21.13333333,54.45,18.29,47.96666667,7.15,765,98,1.5,39,6.85
40,0,22.1,44.4,21.2,43.53,21.89,44.29,20.79,45.79,19,68.35,7.5,97.15666667,18.5,41.41666667,21.1,54.58111111,18.29,48.145,7.2,764.9333333,98.33333333,1.666666667,36,6.93
40,0,22,44.29,21.2,43.59,21.91444444,44.29,20.7,45.9,19,68.13222222,7.433333333,97.16,18.5,41.5,21.1,54.86277778,18.29,48.43333333,7.25,764.8666667,98.66666667,1.833333333,33,7.02
40,0,22,44.36333333,21.2,43.7,21.98166667,44.33277778,20.7,45.9,19,67.92222222,7.5,97.36666667,18.5,41.5,21.12222222,55.15722222,18.35666667,48.56,7.3,764.8,99,2,30,7.1
50,0,21.96333333,44.5,21.13333333,43.7,22.01666667,44.43166667,20.66666667,45.86333333,19,67.74055556,7.53,97.53,18.5,41.5,21.1,55.245,18.39,48.73,7.43,764.8,99,2.166666667,32.33333333,7.23
50,0,21.89,44.5,21.1,43.79,22.04444444,44.50666667,20.6,45.79,19,67.545,7.73,97.73,18.5,41.575,21.1,55.285,18.39,48.86333333,7.57,764.8,99,2.333333333,34.66666667,7.37
50,0,21.89,44.53,21.1,43.79,22.1,44.63277778,20.56666667,45.79,19,67.39388889,7.95,98,18.5,41.59,21.1,55.235,18.39,48.93333333,7.7,764.8,99,2.5,37,7.5
50,0,21.82333333,44.53,21.06666667,43.9,22.1,44.68777778,20.5,45.86333333,18.98166667,67.18555556,8.1,98.09,18.5,41.59,21.12222222,55.29,18.39,49.06,7.83,764.8,99,2.666666667,39.33333333,7.63
50,0,21.79,44.53,21,43.9,22.15,44.725,20.5,45.82666667,18.91444444,67.04944444,8.16,98.15666667,18.5,41.67,21.1,55.29,18.39,49.23,7.97,764.8,99,2.833333333,41.66666667,7.77
40,0,21.79,44.59,21,43.93333333,22.2,44.77,20.5,45.925,18.90222222,66.88333333,8.226666667,98.22666667,18.5,41.79,21.1,55.235,18.39,49.36333333,8.1,764.8,99,3,44,7.9
50,0,21.79,44.62666667,21,44,22.2,44.79,20.42666667,45.93333333,18.89,66.76277778,8.36,98.3,18.5,41.82055556,21.07222222,55.16944444,18.39,49.53,8.17,764.75,98.83333333,3.166666667,45.16666667,7.95
40,0,21.79,44.7,20.945,44.09,22.2,44.79,20.39,45.9,18.89,66.58611111,8.426666667,98.36666667,18.5,41.9,21.02777778,55.12055556,18.39,49.66333333,8.23,764.7,98.66666667,3.333333333,46.33333333,8
40,0,21.745,44.79,20.89,44.09,22.225,44.82055556,20.39,45.96666667,18.89,66.43222222,8.566666667,98.5,18.5,41.9,21.03888889,55.15277778,18.39,49.79,8.3,764.65,98.5,3.5,47.5,8.05
50,0,21.7,44.79,20.89,44.16333333,22.29,44.9,20.39,46,18.89,66.30388889,8.69,98.5,18.5,41.98333333,21,55.18166667,18.39,49.86333333,8.37,764.6,98.33333333,3.666666667,48.66666667,8.1
40,0,21.7,44.79,20.89,44.29,22.29,44.88166667,20.32333333,46,18.89,66.15833333,8.69,98.5,18.5,42.01,21,55.16333333,18.39,49.93333333,8.43,764.55,98.16666667,3.833333333,49.83333333,8.15
40,0,21.7,44.9,20.84,44.2725,22.29,44.89388889,20.29,46.09,18.89,66.03,8.8,98.5,18.5,42.085,21,55.10833333,18.46333333,50.06,8.5,764.5,98,4,51,8.2
30,0,21.7,44.9,20.82333333,44.32666667,22.30666667,44.9,20.29,46.16333333,18.89,65.95555556,8.8,98.5,18.5,42.09,21,55.12055556,18.5,50.2,8.55,764.4833333,97.83333333,4,52.66666667,8.22
20,0,21.6,44.9,20.79,44.32666667,22.37888889,44.9,20.29,46.2,18.85666667,65.72055556,8.89,98.59,18.5,42.18166667,21,55.13888889,18.5,50.2,8.6,764.4666667,97.66666667,4,54.33333333,8.23
40,0,21.6,44.96666667,20.79,44.4,22.39,44.9,20.23,46.12666667,18.85666667,65.59777778,8.89,98.59,18.5,42.2,21,55.145,18.5,50.23,8.65,764.45,97.5,4,56,8.25
40,0,21.6,45,20.79,44.43333333,22.39,44.85111111,20.2,46.09,18.85666667,65.525,8.926666667,98.59,18.5,42.2,21,55.09,18.5,50.29,8.7,764.4333333,97.33333333,4,57.66666667,8.27
40,0,21.6,45,20.73,44.5,22.39,44.845,20.2,46.09,18.80111111,65.33888889,9,98.59,18.5,42.245,21,55.045,18.5,50.345,8.75,764.4166667,97.16666667,4,59.33333333,8.28
40,0,21.6,45.09,20.7,44.5,22.41444444,44.84888889,20.2,46.09,18.80666667,65.26166667,9,98.59,18.5,42.29,20.97555556,55,18.5,50.4,8.8,764.4,97,4,61,8.3
50,0,21.53333333,45.09,20.7,44.56,22.39,44.80222222,20.2,46.16333333,18.79,65.17333333,9.066666667,98.65666667,18.5,42.29,21,54.95,18.5,50.4,8.8,764.3166667,97,4,58,8.3
50,0,21.5,45.12666667,20.7,44.62666667,22.39,44.79611111,20.1,46.23,18.79,65.045,9.1,98.69,18.5,42.35722222,20.98777778,54.83277778,18.5,50.4,8.8,764.2333333,97,4,55,8.3
50,0,21.5,45.2,20.7,44.7,22.39,44.83277778,20.16666667,46.29,18.79,64.96111111,9.1,98.665,18.5,42.4,20.98777778,54.79,18.5,50.46666667,8.8,764.15,97,4,52,8.3
50,0,21.5,45.23,20.7,44.7,22.39,44.83277778,20.1,46.29,18.79,64.9,9.1,98.59,18.5,42.4,20.98166667,54.715,18.5,50.5,8.8,764.0666667,97,4,49,8.3
40,0,21.42666667,45.23,20.63333333,44.62666667,22.39,44.92222222,20.1,46.29,18.79,64.84277778,9.19,98.59,18.5,42.43333333,20.89,54.7,18.5,50.5,8.8,763.9833333,97,4,46,8.3
50,0,21.46333333,45.26,20.6,44.7,22.39,44.9,20.1,46.29,18.79,64.71444444,9.13,98.59,18.5,42.46111111,20.89,54.68777778,18.5,50.59,8.8,763.9,97,4,43,8.3
40,0,21.39,45.26,20.6,44.7,22.43277778,44.93888889,20.075,46.345,18.785,64.67333333,9.19,98.59,18.5,42.48888889,20.89,54.71277778,18.5,50.59,8.78,763.85,97.33333333,4,40.83333333,8.33
40,0,21.39,45.29,20.6,44.79,22.40222222,44.91111111,20.06666667,46.36333333,18.76,64.575,9.19,98.59,18.5,42.5,20.89,54.72,18.6,50.59,8.77,763.8,97.66666667,4,38.66666667,8.37
40,0,21.39,45.29,20.6,44.79,22.42666667,44.97055556,20.06666667,46.4,18.715,64.49333333,9.1,98.59,18.5,42.525,20.89,54.78,18.6,50.59,8.75,763.75,98,4,36.5,8.4
50,0,21.39,45.32666667,20.6,44.79,22.445,44.87388889,20,46.4,18.735,64.42222222,9.1,98.59,18.5,42.55,20.85666667,54.83111111,18.53333333,50.62666667,8.73,763.7,98.33333333,4,34.33333333,8.43
50,0,21.315,45.4,20.53333333,44.79,22.39,44.93777778,20,46.4,18.75,64.31666667,9.1,98.59,18.5,42.56,20.85666667,55.06722222,18.6,50.7,8.72,763.65,98.66666667,4,32.16666667,8.47
50,0,21.29,45.4,20.53333333,44.9,22.36777778,45.055,20,46.4,18.71,64.3,9.1,98.59,18.5,42.58,20.86222222,55.17555556,18.6,50.73,8.7,763.6,99,4,30,8.5
40,10,21.29,45.56666667,20.525,44.925,22.34,45.11444444,20,46.43333333,18.7,64.29388889,9.1,98.62333333,18.5,42.59,20.82888889,55.2,18.6,50.79,8.72,763.6,99,4,30.33333333,8.52
50,20,21.29,45.7,20.5,45.06,22.255,45.02722222,20,46.5,18.7,64.26333333,9.1,98.62333333,18.5,42.65722222,20.81777778,54.96111111,18.6,50.7,8.73,763.6,99,4,30.66666667,8.53
30,10,21.29,45.9,20.5,45.12666667,22.15,44.59444444,19.96333333,46.5,18.7,64.18555556,9.1,98.65666667,18.5,42.7,20.80111111,54.64222222,18.6,50.62666667,8.75,763.6,99,4,31,8.55
20,0,21.29,45.96666667,20.42666667,45.12666667,22.01666667,44.12777778,19.96333333,46.56,18.7,64.09722222,9.1,98.59,18.5,42.72111111,20.79,54.32833333,18.6,50.5,8.77,763.6,99,4,31.33333333,8.57
50,0,21.29,46.26666667,20.46333333,45.2,21.98777778,44.21277778,19.92666667,46.7,18.7,63.76555556,9.1,98.59,18.5,42.89111111,20.775,54.01722222,18.6,50.43333333,8.78,763.6,99,4,31.66666667,8.58
20,0,21.29,46.52666667,20.39,45.2,21.93277778,44.33277778,19.92666667,46.7,18.7,63.06388889,9.1,98.65666667,18.5,43.09333333,20.71,53.65333333,18.6,50.345,8.8,763.6,99,4,32,8.6
60,10,21.29,46.59,20.39,45.29,21.90222222,44.4,19.89,46.79,18.7,62.46777778,9.1,98.59,18.48777778,43.235,20.7,53.33111111,18.6,50.26,8.8,763.6166667,98.83333333,4.166666667,34.16666667,8.58
50,0,21.29,46.59,20.39,45.29,21.89,44.46111111,19.89,46.86333333,18.7,61.97666667,9.1,98.65666667,18.39611111,43.26611111,20.69444444,53.02555556,18.6,50.2,8.8,763.6333333,98.66666667,4.333333333,36.33333333,8.57
60,0,21.29,46.46666667,20.39,45.4,21.90222222,44.5,19.89,46.9,18.7,61.61,9.1,98.69,18.42666667,43.42111111,20.65555556,52.73166667,18.6,50.09,8.8,763.65,98.5,4.5,38.5,8.55
60,0,21.29,46.32666667,20.39,45.4,21.945,44.5,19.89,46.9,18.7,61.22666667,9.1,98.59,18.40222222,43.47222222,20.63333333,52.52333333,18.6,50.03,8.8,763.6666667,98.33333333,4.666666667,40.66666667,8.53
60,0,21.2,46.2,20.39,45.4,21.96333333,44.5,19.89,46.9,18.67777778,60.95555556,9.16,98.59,18.39,43.545,20.61111111,52.30333333,18.6,49.9,8.8,763.6833333,98.16666667,4.833333333,42.83333333,8.52
50,0,21.2,46.2,20.39,45.4,21.92055556,44.5,19.89,46.9,18.7,60.69944444,9.19,98.59,18.39,43.59611111,20.59444444,52.18666667,18.6,49.9,8.8,763.7,98,5,45,8.5
40,0,21.2,46.2,20.39,45.4,21.89,44.46666667,19.89,46.9,18.68888889,60.43777778,9.19,98.59,18.39,43.68777778,20.55555556,52.02833333,18.6,49.76,8.83,763.7,98,4.833333333,44.33333333,8.53
50,0,21.2,46.12666667,20.32333333,45.4,21.80666667,44.30833333,19.865,46.9,18.62777778,60.13,9.19,98.59,18.39,43.755,20.5,51.89277778,18.6,49.62666667,8.87,763.7,98,4.666666667,43.66666667,8.57
40,0,21.2,46.23,20.39,45.4,21.79,44.28,19.79,46.82666667,18.62222222,59.92055556,9.263333333,98.65666667,18.39,43.80833333,20.5,51.78,18.6,49.59,8.9,763.7,98,4.5,43,8.6
60,0,21.2,46.29,20.39,45.46666667,21.73,44.28611111,19.79,46.82666667,18.61111111,59.78722222,9.3,98.65666667,18.39,43.86333333,20.5,51.69888889,18.6,49.53,8.93,763.7,98,4.333333333,42.33333333,8.63
50,0,21.2,46.26,20.39,45.4,21.745,44.33277778,19.79,46.82666667,18.6,59.63777778,9.3,98.59,18.39,43.9,20.5,51.60222222,18.6,49.5,8.97,763.7,98,4.166666667,41.66666667,8.67
50,0,21.2,46.2,20.46333333,45.46666667,21.7,44.29611111,19.79,46.79,18.62222222,59.53,9.39,98.59,18.39,43.96111111,20.45722222,51.53833333,18.6,49.43333333,9,763.7,98,4,41,8.7
40,0,21.2,46.2,20.5,45.4,21.7,44.35722222,19.79,46.79,18.62222222,59.43277778,9.463333333,98.59,18.39,44,20.39,51.38777778,18.53333333,49.4,9.08,763.6833333,97.33333333,4.166666667,38.33333333,8.68
40,0,21.2,46.2,20.5,45.32666667,21.69444444,44.31444444,19.79,46.93333333,18.6,59.32666667,9.6,98.65666667,18.39,44.015,20.39,51.29611111,18.53333333,49.32666667,9.17,763.6666667,96.66666667,4.333333333,35.66666667,8.67
50,0,21.2,46.2,20.5,45.29,21.61111111,44.29,19.79,47,18.6,59.17222222,9.66,98.73,18.39,44.09,20.39,51.29,18.53333333,49.29,9.25,763.65,96,4.5,33,8.65
20,0,21.23,46.66333333,20.53333333,45.2,21.6,44.38166667,19.79,47.09,18.6,59.045,9.726666667,98.72666667,18.39,44.13277778,20.37333333,51.235,18.6,49.23,9.33,763.6333333,95.33333333,4.666666667,30.33333333,8.63
20,10,21.29,46.46333333,20.6,45.12666667,21.6,44.4,19.79,47.16333333,18.6,58.91666667,9.8,98.72666667,18.39,44.2,20.29,51.2,18.5,49.2,9.42,763.6166667,94.66666667,4.833333333,27.66666667,8.62
40,10,21.29,46.36333333,20.63333333,45.09,21.6,44.4,19.79,47.29,18.6,58.845,9.83,98.72666667,18.39,44.2,20.30111111,51.15722222,18.5,49.2,9.5,763.6,94,5,25,8.6
40,0,21.29,46.23,20.7,45.09,21.6,44.4,19.79,47.29,18.6,58.775,9.963333333,98.8,18.39,44.2,20.30111111,51.09,18.5,49.09,9.55,763.55,93.66666667,5,27.5,8.58
60,0,21.32333333,46.16333333,20.73,45,21.6,44.43888889,19.79,47.43333333,18.6,58.66944444,10.145,98.9,18.39,44.255,20.29,51.10222222,18.56666667,49.09,9.6,763.5,93.33333333,5,30,8.57
70,0,21.39,46.03,20.79,45,21.6,44.5,19.79,47.5,18.6,58.575,10.53333333,99.09,18.39,44.32055556,20.29,51.10222222,18.5,49.09,9.65,763.45,93,5,32.5,8.55
60,0,21.39,46,20.89,45,21.60555556,44.505,19.79,47.53,18.62222222,58.48333333,10.73333333,99.09,18.39,44.40555556,20.285,51.085,18.5,49.09,9.7,763.4,92.66666667,5,35,8.53
150,0,21.39,45.93333333,20.89,44.93333333,21.66666667,44.545,19.79,47.59,18.6,58.39277778,10.8,98.93333333,18.39,44.48888889,20.25,51.05,18.56666667,49.09,9.75,763.35,92.33333333,5,37.5,8.52
70,0,21.42666667,46.06666667,21,44.86333333,21.7,44.585,19.85666667,47.66333333,18.6,58.29,10.8,98.8,18.39611111,44.505,20.22,51.02,18.53333333,49.09,9.8,763.3,92,5,40,8.5
60,10,21.5,46.06666667,21,44.79,21.7,44.59,19.85666667,47.72333333,18.6,58.275,10.76333333,98.23,18.42666667,44.48166667,20.2,50.95,18.6,49.09,9.8,763.2,91.66666667,5,38.16666667,8.47
80,0,21.5,46,21.1,44.86333333,21.7,44.59,19.89,47.82666667,18.6,58.2,10.76333333,98.09,18.39611111,44.40555556,20.2,50.88166667,18.56666667,49.09,9.8,763.1,91.33333333,5,36.33333333,8.43
70,0,21.5,45.93333333,21.16666667,44.73,21.715,44.59,19.89,47.845,18.6,58.15722222,10.89,97.92666667,18.41444444,44.42222222,20.2,50.79,18.56666667,49.09,9.8,763,91,5,34.5,8.4
70,0,21.53333333,45.86333333,21.2,44.66333333,21.76,44.59,19.89,47.9,18.62222222,58.09944444,10.83,96.92666667,18.40222222,44.41111111,20.2,50.79,18.6,49.09,9.8,762.9,90.66666667,5,32.66666667,8.37
70,0,21.6,45.79,21.2,44.59,21.79,44.56,19.89,47.9,18.6,58.00444444,10.8,96.12666667,18.48166667,44.48333333,20.18888889,50.79,18.6,49.03,9.8,762.8,90.33333333,5,30.83333333,8.33
60,0,21.6,45.79,21.29,44.56,21.79,44.545,19.89,47.9,18.6,57.91111111,10.8,95.86666667,18.45111111,44.45555556,20.18333333,50.785,18.6,49,9.8,762.7,90,5,29,8.3
60,0,21.66666667,45.79,21.29,44.5,21.80111111,44.51,19.89,47.9,18.6,57.85722222,10.73333333,94.92333333,18.48777778,44.48888889,20.11111111,50.71,18.6,49,9.8,762.6,90,5.166666667,30.83333333,8.28
70,0,21.745,45.645,21.39,44.36333333,21.88444444,44.57,19.89,47.9,18.63888889,57.83277778,10.6,94.53,18.48777778,44.48888889,20.13333333,50.7,18.6,49,9.8,762.5,90,5.333333333,32.66666667,8.27
40,0,21.79,45.5,21.46333333,44.29,21.89,44.5,19.89,47.93333333,18.63888889,57.82777778,10.69,94.45666667,18.47555556,44.47777778,20.11111111,50.68166667,18.6,49,9.8,762.4,90,5.5,34.5,8.25
40,0,21.85666667,47.76666667,21.53333333,44.26,21.89,44.52111111,19.89,48.06,18.61111111,57.72222222,10.69,93.66333333,18.5,44.43888889,20.1,50.65111111,18.6,48.96666667,9.8,762.3,90,5.666666667,36.33333333,8.23
50,0,22,47.1,21.6,44.095,21.89,44.68777778,20,48.62666667,18.60555556,57.68777778,10.56666667,92.63333333,18.5,44.4,20.1,50.59,18.6,48.9,9.8,762.2,90,5.833333333,38.16666667,8.22
50,0,22,46.16666667,21.6,44,21.90833333,44.7,20.06666667,48.7,18.67222222,57.61777778,10.5,92.22666667,18.5,44.38777778,20.1,50.58,18.6,48.82666667,9.8,762.1,90,6,40,8.2
50,0,22,45.72333333,21.7,44,22,44.7,20.13333333,48.56,18.63333333,57.43055556,10.5,92.29666667,18.5,44.33277778,20.1,50.515,18.6,48.96666667,9.8,762,89.83333333,6,40,8.18
40,10,22,45.46333333,21.7,43.93333333,22,44.63277778,20.2,48.5,18.6,57.27,10.5,92.03,18.5,44.29,20.1,50.5,18.7,49.245,9.8,761.9,89.66666667,6,40,8.17
30,0,22,45.26,21.7,43.79,22,44.59,20.2,48.4,18.62222222,57.255,10.5,91.9,18.5,44.29,20.07777778,50.46111111,18.7,49.29,9.8,761.8,89.5,6,40,8.15
30,0,22.06666667,45.2,21.7,43.73,22,44.575,20.2,48.32666667,18.64444444,57.25,10.53333333,92.02666667,18.5,44.29,20.08333333,50.415,18.7,49.29,9.8,761.7,89.33333333,6,40,8.13
20,0,22.1,45.09,21.73,43.7,22,44.5,20.29,48.4,18.67222222,57.275,10.6,91.63333333,18.5,44.28,20.02222222,50.31444444,18.66666667,49.26,9.8,761.6,89.16666667,6,40,8.12
30,0,22.1,45.09,21.79,43.62666667,21.99388889,44.5,20.29,48.32666667,18.68888889,57.28,10.6,90.66333333,18.5,44.205,20.02222222,50.29944444,18.66666667,49.2,9.8,761.5,89,6,40,8.1
50,0,22.1,44.96666667,21.79,43.59,21.90222222,44.46111111,20.29,48.26,18.67777778,57.215,10.6,90.26333333,18.5,44.2,20,50.22,18.6,49.06,9.8,761.4166667,89,5.833333333,40,8.1
60,0,22.1,44.82666667,21.79,43.53,21.90222222,44.49444444,20.29,48.2,18.7,57.2,10.6,90.26,18.5,44.18777778,20,50.2,18.6,49,9.8,761.3333333,89,5.666666667,40,8.1
60,0,22.1,44.79,21.7,43.5,21.92055556,44.5,20.35666667,48.16333333,18.7,57.10333333,10.6,90.19333333,18.5,44.16944444,20,50.15722222,18.6,48.96666667,9.8,761.25,89,5.5,40,8.1
50,0,22.1,44.73,21.7,43.5,21.96333333,44.45555556,20.29,47.9975,18.7,57.03,10.5,90.15666667,18.5,44.18166667,20,50.10222222,18.6,48.9,9.8,761.1666667,89,5.333333333,40,8.1
60,0,22.1,44.7,21.7,43.4,22,44.5,20.29,47.82666667,18.7,56.99444444,10.5,90.23,18.5,44.18777778,19.97555556,50.09,18.6,48.9,9.8,761.0833333,89,5.166666667,40,8.1
50,0,22.1,44.7,21.7,43.32666667,22,44.49444444,20.2,47.7,18.7,56.93333333,10.5,90.3,18.5,44.2,19.945,50.09,18.6,48.82666667,9.8,761,89,5,40,8.1
50,10,22.13333333,44.66333333,21.79,43.29,22,44.45555556,20.2,47.62666667,18.7,56.9,10.5,90.43333333,18.5,44.2,19.90222222,50.09,18.6,48.79,9.83,760.95,89.16666667,5,40,8.15
50,10,22.2,44.66333333,21.79,43.29,22,44.4,20.1,47.59,18.7,56.845,10.5,90.4,18.5,44.2,19.92055556,50.09,18.6,48.79,9.87,760.9,89.33333333,5,40,8.2
50,10,22.2,44.59,21.79,43.2,22,44.4,20.1,47.59,18.7,56.79,10.5,90.46666667,18.5,44.21,19.90833333,50.10833333,18.6,48.76,9.9,760.85,89.5,5,40,8.25
50,0,22.2,44.59,21.79,43.2,22,44.35111111,20.1,47.59,18.7,56.79,10.5,90.65666667,18.5,44.23,19.91444444,50.12055556,18.6,48.7,9.93,760.8,89.66666667,5,40,8.3
60,0,22.2,44.59,21.79,43.2,22,44.345,20.1,47.59,18.7,56.77888889,10.5,90.46333333,18.5,44.2,19.89,50.09,18.6,48.7,9.97,760.75,89.83333333,5,40,8.35
60,0,22.2,44.56,21.79,43.2,22,44.29,20,47.5,18.7,56.59722222,10.5,90.29666667,18.5,44.2,19.89,50.09,18.6,48.62666667,10,760.7,90,5,40,8.4
50,0,22.2,44.5,21.79,43.12666667,22.06666667,44.36333333,20,47.5,18.7,56.565,10.42666667,89.82333333,18.5,44.16944444,19.89,50.09,18.6,48.59,9.97,760.6333333,89.83333333,4.833333333,40,8.35
50,0,22.23,44.4,21.82333333,43.09,22,44.36333333,20.1,47.59,18.7,56.555,10.36,89.26333333,18.5,44.09,19.89,50.09,18.6,48.59,9.93,760.5666667,89.66666667,4.666666667,40,8.3
80,0,22.29,44.46666667,21.89,43.09,22,44.29,20.1,47.66333333,18.7,56.51,10.3,89.395,18.5,44.09,19.89,50.22833333,18.6,48.59,9.9,760.5,89.5,4.5,40,8.25
80,0,22.32333333,44.46666667,21.89,43,22.06666667,44.46666667,20.1,47.73,18.7,56.5,10.3,89.73,18.5,44.09,19.93833333,50.66888889,18.6,48.53,9.87,760.4333333,89.33333333,4.333333333,40,8.2
90,0,22.39,44.4,21.96333333,43,22.06666667,44.4,20.1,47.86333333,18.7,56.5,10.19,89.96333333,18.5,44.09,20.06666667,50.99944444,18.6,48.53,9.83,760.3666667,89.16666667,4.166666667,40,8.15
90,0,22.39,44.16333333,22,42.9,22.1,44.36333333,20.1,47.93333333,18.7,56.5,10.19,90.29666667,18.5,44.09,20.18833333,51.18666667,18.53333333,48.5,9.8,760.3,89,4,40,8.1
100,0,22.46333333,44.09,22.06666667,42.9,22.125,44.2225,20.1,48,18.7,56.49444444,10.16,90.72666667,18.5,44.09,20.28,51.34611111,18.6,48.43333333,9.77,760.25,89.33333333,4.166666667,37.83333333,8.12
150,0,22.53333333,44,22.1,42.9,22.13333333,44.12666667,20.1,48.09,18.7,56.46666667,10.1,91.26666667,18.5,44.15722222,20.35111111,51.48888889,18.6,48.4,9.73,760.2,89.66666667,4.333333333,35.66666667,8.13
540,0,22.6,44,22.16666667,42.9,22.2,44.09,20.16666667,48.16333333,18.7,56.41111111,10.06666667,91.72666667,18.5,44.2,20.445,51.46111111,18.6,48.46666667,9.7,760.15,90,4.5,33.5,8.15
370,0,22.7,46.13333333,22.29,42.9,22.2,44.16333333,20.13333333,48.23,18.7,56.42777778,10.06666667,91.99333333,18.5,44.2,20.58333333,51.5,18.6,48.5,9.67,760.1,90.33333333,4.666666667,31.33333333,8.17
180,0,22.7,51.26666667,22.35666667,43.16,22.29,45.53333333,20.2,48.8475,18.7,56.535,10.06666667,92.09,18.5,44.215,20.65,51.525,18.6,48.43333333,9.63,760.05,90.66666667,4.833333333,29.16666667,8.18
150,0,22.79,52.86333333,22.42666667,43.72666667,22.29,46.73333333,20.2,50.23333333,18.7,56.69444444,10,92.15666667,18.5,44.205,20.705,51.60833333,18.6,48.4,9.6,760,91,5,27,8.2
220,10,22.79,50.66333333,22.5,44.13333333,22.29,47.09,20.2,50.76,18.72,56.92555556,10,92.15666667,18.5,44.2,20.78,51.62,18.6,48.4,9.52,759.95,91.16666667,5.333333333,26.33333333,8.13
100,10,22.82333333,49.86,22.5,44.2,22.29,47.09,20.2,50.7,18.72,57.145,9.926666667,91.82333333,18.5,44.2,20.87333333,51.33944444,18.6,48.4,9.43,759.9,91.33333333,5.666666667,25.66666667,8.07
100,10,22.89,49.52666667,22.56666667,44.26,22.29,46.96666667,20.2,50.86,18.745,57.33333333,9.89,91.52666667,18.51666667,44.145,20.90222222,51.30444444,18.6,48.4,9.35,759.85,91.5,6,25,8
120,20,22.92666667,48.63333333,22.6,44.2,22.29,46.82666667,20.26,51,18.75,57.49888889,9.83,91.33333333,18.52222222,44.075,20.945,51.37888889,18.6,48.4,9.27,759.8,91.66666667,6.333333333,24.33333333,7.93
100,10,23,49.83333333,22.6,44.12666667,22.29,46.69333333,20.29,50.93,18.76,57.57,9.69,91.12666667,18.57777778,44,21.05,51.81,18.6,48.4,9.18,759.75,91.83333333,6.666666667,23.66666667,7.87
90,30,23,47.845,22.56666667,43.76666667,22.29,46.22666667,20.29,50.65666667,18.765,57.52,9.63,90.66666667,18.55,43.91055556,21.1,52.03,18.6,48.36333333,9.1,759.7,92,7,23,7.8
100,20,23,46.46,22.42666667,43.5,22.29,45.76,20.32333333,50.66333333,18.765,57.33444444,9.5,90.4,18.53333333,43.80222222,21.1,52.09,18.6,48.29,9.05,759.6166667,91.66666667,6.833333333,23,7.72
110,20,22.92666667,46,22.39,43.4,22.29,45.62666667,20.39,50.53,18.755,57.12,9.4725,90.425,18.5,43.775,21.12777778,52.015,18.6,48.26,9,759.5333333,91.33333333,6.666666667,23,7.63
100,10,22.89,45.63333333,22.35666667,43.46666667,22.29,45.5,20.53333333,50.19333333,18.75,56.91666667,9.39,90.36666667,18.53333333,43.68166667,21.18888889,51.97777778,18.6,48.2,8.95,759.45,91,6.5,23,7.55
70,0,22.89,45.36,22.29,43.46666667,22.29,45.5,20.6,49.72666667,18.775,56.80555556,9.263333333,90.49666667,18.53333333,43.60222222,21.25,51.97388889,18.6,48.16333333,8.9,759.3666667,90.66666667,6.333333333,23,7.47
80,10,22.89,45.2,22.29,43.53,22.29,45.36333333,20.6,49.33333333,18.79,56.66722222,9.19,90.89666667,18.5,43.565,21.21,51.50888889,18.6,48.09,8.85,759.2833333,90.33333333,6.166666667,23,7.38
80,0,22.82333333,45.06666667,22.29,43.59,22.29,45.29,20.6,48.8,18.745,56.545,9.1,91.16,18.55,43.5,21.11111111,51.11,18.6,48.03,8.8,759.2,90,6,23,7.3
80,0,22.79,44.96666667,22.29,43.62666667,22.29,45.29,20.5,48.43,18.755,56.46111111,9.1,91.22666667,18.52777778,43.45,21.03333333,50.70166667,18.6,48,8.77,759.0833333,90.16666667,6,22.66666667,7.28
70,0,22.79,44.9,22.29,43.7,22.29,45.29,20.5,48.23,18.79,56.345,9.066666667,90.89666667,18.51111111,43.38166667,20.96944444,50.33444444,18.6,47.93333333,8.73,758.9666667,90.33333333,6,22.33333333,7.27
80,0,22.79,44.9,22.26,43.63333333,22.29,45.245,20.39,47.86333333,18.79,56.21666667,9.066666667,90.69,18.53333333,43.29,20.90222222,50.13,18.6,47.9,8.7,758.85,90.5,6,22,7.25
60,0,22.73,44.9,22.2,43.5,22.29,45.2,20.39,47.73,18.79,56.075,9,90.96666667,18.52777778,43.29,20.88444444,49.96,18.6,47.82666667,8.67,758.7333333,90.66666667,6,21.66666667,7.23
80,0,22.7,44.79,22.2,43.56,22.29,45.2,20.39,47.56,18.79,55.99333333,9,91.56,18.56666667,43.29,20.82333333,49.71166667,18.6,47.79,8.63,758.6166667,90.83333333,6,21.33333333,7.22
70,0,22.7,44.79,22.13333333,43.5,22.29,45.2,20.32333333,47.43333333,18.79,55.86944444,9,91.69,18.52777778,43.255,20.81222222,49.56277778,18.53333333,47.73,8.6,758.5,91,6,21,7.2
60,10,22.7,44.79,22.1,43.5,22.29,45.2,20.29,47.245,18.79,55.775,9,91.56333333,18.5,43.2,20.77,49.36944444,18.6,47.7,8.67,758.4333333,90.33333333,6,24.16666667,7.17
60,20,22.63333333,44.73,22.1,43.43333333,22.29,45.2,20.29,47.26666667,18.79,55.7,9,90.99333333,18.5,43.17555556,20.73,49.365,18.6,47.7,8.73,758.3666667,89.66666667,6,27.33333333,7.13
50,0,22.6,44.62666667,22.06666667,43.29666667,22.29,45.26,20.35666667,47.73333333,18.79,55.7,9,90.6,18.5,43.2,20.79,49.88333333,18.6,47.72666667,8.8,758.3,89,6,30.5,7.1
50,0,22.6,44.76,21.92666667,43.09,22.39,45.2,20.39,47.9,18.78,55.765,9,90.26333333,18.57222222,43.215,20.87333333,50.64722222,18.66666667,48.26666667,8.87,758.2333333,88.33333333,6,33.66666667,7.07
50,0,22.5,45.5,21.89,43.12666667,22.39,45.2,20.39,47.9,18.735,55.85722222,9,90.19,18.58888889,43.26,20.90222222,51.26333333,18.7,48.65666667,8.93,758.1666667,87.66666667,6,36.83333333,7.03
30,0,22.5,45.56,21.89,43.2,22.5,45.29,20.32333333,47.9,18.71,55.95,9.033333333,89.93333333,18.6,43.22,20.96944444,51.89111111,18.7,48.86333333,9,758.1,87,6,40,7
20,0,22.5,45.36333333,21.85666667,43.26,22.5,45.29,20.32333333,47.9,18.7,56.025,9.1,89.72666667,18.6,43.255,21,52.39777778,18.7,49,9.05,757.9666667,86.66666667,5.833333333,40,6.97
20,0,22.4175,45.2225,21.79,43.26,22.5,45.26,20.29,47.9,18.7,56.08,9.1,89.4,18.6,43.23,21,52.84555556,18.7,49.06,9.1,757.8333333,86.33333333,5.666666667,40,6.93
30,0,22.39,45.12666667,21.76,43.32666667,22.5,45.2,20.23,47.82666667,18.7,56.12055556,9.16,89.15666667,18.6,43.224,21,53.11055556,18.7,49.12666667,9.15,757.7,86,5.5,40,6.9
40,0,22.39,45.16333333,21.7,43.425,22.5,45.32666667,20.2,47.79,18.7,56.19777778,9.16,88.96333333,18.6,43.26,21,53.34222222,18.7,49.2,9.2,757.5666667,85.66666667,5.333333333,40,6.87
50,0,22.32333333,45.09,21.7,43.5,22.5,45.46666667,20.2,47.79,18.71,56.245,9.19,88.9,18.6,43.215,20.945,53.42222222,18.7,49.23,9.25,757.4333333,85.33333333,5.166666667,40,6.83
60,0,22.29,45.06,21.66666667,43.5,22.6,45.29,20.2,47.79,18.71,56.29,9.19,88.9,18.6,43.25,20.89,53.48333333,18.7,49.29,9.3,757.3,85,5,40,6.8
50,0,22.29,45,21.6,43.56,22.6,45.23,20.13333333,47.79,18.7,56.29,9.3,88.73,18.6,43.265,20.87333333,53.55722222,18.76,49.36333333,9.35,757.25,84.83333333,5,40,6.83
40,0,22.2,45,21.6,43.62666667,22.6,45.16333333,20.1,47.7,18.7,56.29,9.36,88.39666667,18.6,43.28,20.80111111,53.755,18.76,49.4,9.4,757.2,84.66666667,5,40,6.87
50,0,22.2,44.93333333,21.53333333,43.7,22.6,45.09,20.1,47.7,18.7,56.29,9.5,87.99333333,18.6,43.29,20.79,53.93833333,18.76,49.46666667,9.45,757.15,84.5,5,40,6.9
40,0,22.16666667,45,21.5,43.7,22.6,45.09,20.03333333,47.59,18.7,56.29,9.5,87.66,18.6,43.26,20.79,54.23666667,18.79,49.5,9.5,757.1,84.33333333,5,40,6.93
50,0,22.1,45,21.5,43.76,22.63333333,45.26666667,20.03333333,47.53,18.7,56.29,9.6,87.23,18.6,43.28,20.79,54.31444444,18.79,49.56,9.55,757.05,84.16666667,5,40,6.97
40,0,22.1,45.03,21.5,43.79,22.63333333,45.26666667,20,47.5,18.7,56.29,9.66,86.75666667,18.6,43.265,20.79,54.325,18.79,49.62666667,9.6,757,84,5,40,7
50,0,22.03333333,44.96333333,21.42666667,43.73,22.66666667,45.26,20,47.5,18.7,56.29,9.69,86.69,18.6,43.255,20.79,54.6,18.79,49.7,9.47,756.8166667,84.5,5,40,6.97
50,0,22,45,21.39,43.79,22.6,45.12666667,20,47.5,18.7,56.29,9.69,86.56333333,18.6,43.235,20.79,54.88611111,18.79,49.73,9.33,756.6333333,85,5,40,6.93
50,0,22,45.06,21.39,43.79,22.6,45.09,19.96333333,47.43333333,18.7,56.29,9.66,86.3,18.6,43.2,20.79,55.135,18.79,49.79,9.2,756.45,85.5,5,40,6.9
50,0,21.96333333,45.12666667,21.32333333,43.82666667,22.6,45.09,19.89,47.43333333,18.7,56.29,9.533333333,85.23333333,18.6,43.2,20.79,55.29333333,18.79,49.9,9.07,756.2666667,86,5,40,6.87
40,0,21.89,45.26,21.32333333,43.9,22.6,45.2,19.89,47.4,18.7,56.27,9.126666667,85.32666667,18.6,43.2,20.78,55.42777778,18.79,49.96666667,8.93,756.0833333,86.5,5,40,6.83
40,0,21.89,45.4,21.29,43.9,22.66666667,45.33333333,19.89,47.4,18.7,56.245,8.926666667,86.2,18.6,43.2,20.77,55.62222222,18.79,50,8.8,755.9,87,5,40,6.8
40,0,21.82333333,45.46666667,21.23,43.82666667,22.7,45.22333333,19.89,47.4,18.7,56.22,8.8,87.13,18.6,43.2,20.77,55.7,18.79,50,8.85,755.8833333,86.66666667,4.833333333,40,6.78
40,0,21.79,45.53,21.2,43.82666667,22.63333333,45.09,19.89,47.4,18.7,56.2,8.895,88.07,18.6,43.145,20.76,55.69388889,18.79,50,8.9,755.8666667,86.33333333,4.666666667,40,6.77
50,0,21.79,45.59,21.2,43.9,22.56666667,45.09,19.89,47.4,18.7,56.18166667,9.066666667,87.82333333,18.6,43.10222222,20.77,55.60222222,18.79,50,8.95,755.85,86,4.5,40,6.75
50,0,21.745,45.645,21.2,43.9,22.5,45.22333333,19.82333333,47.32666667,18.7,56.11444444,9.1,87.42333333,18.6,43.09,20.72,55.60833333,18.82333333,50.12666667,9,755.8333333,85.66666667,4.333333333,40,6.73
50,0,21.76,45.7,21.13333333,43.9,22.5,45.29,19.79,47.29,18.7,56.085,9.1,86.89666667,18.6,43.09,20.735,55.725,18.82333333,50.12666667,9.05,755.8166667,85.33333333,4.166666667,40,6.72
50,0,21.7,45.76,21.1,43.9,22.56666667,45.23,19.79,47.23,18.7,56.075,9.1,86.43333333,18.6,43.085,20.71,55.785,18.79,50.09,9.1,755.8,85,4,40,6.7
40,0,21.66666667,45.86333333,21.1,44,22.6,45.29,19.79,47.2,18.7,56.055,9.033333333,86.1,18.6,43.035,20.71,55.73,18.815,50.1175,9.13,755.6833333,84.66666667,4.333333333,40,6.67
50,0,21.6,45.79,21.1,44,22.6,45.29,19.79,47.2,18.7,56.02,9.033333333,86.16,18.6,43.015,20.7,55.60333333,18.89,50.26,9.17,755.5666667,84.33333333,4.666666667,40,6.63
40,0,21.6,45.9,21.1,44,22.6,45.2,19.76,47.16333333,18.7,56,9.1,86.16,18.6,43,20.7,55.49888889,18.82333333,50.23,9.2,755.45,84,5,40,6.6
40,0,21.6,45.96666667,21.1,44,22.6,45.2,19.76,47.09,18.7,56,9.1,85.96666667,18.6,43,20.7,55.39944444,18.89,50.29,9.23,755.3333333,83.66666667,5.333333333,40,6.57
50,0,21.6,45.93333333,21,43.9,22.6,45.2,19.7,47.09,18.7,55.94444444,9.1,85.69333333,18.6,42.98333333,20.7,55.29222222,18.89,50.29,9.27,755.2166667,83.33333333,5.666666667,40,6.53
30,0,21.6,45.93333333,21,43.9,22.6,45.1175,19.7,47.09,18.7,55.93888889,9.1,85.3,18.6,42.93333333,20.7,55.20666667,18.89,50.29,9.3,755.1,83,6,40,6.5
30,0,21.5,45.9,20.96333333,43.9,22.6,45.09,19.7,47.09,18.7,55.9,9.033333333,85.36666667,18.6,42.9,20.7,55.08,18.89,50.36333333,9.22,755.0166667,83.16666667,6.166666667,40,6.47
30,0,21.5,45.9,20.96333333,43.9,22.6,45.09,19.7,47.09,18.7,55.9,8.963333333,85.5,18.6,42.9,20.7,54.98833333,18.89,50.36333333,9.13,754.9333333,83.33333333,6.333333333,40,6.43
40,0,21.5,46,20.89,43.93333333,22.6,45.09,19.7,47.09,18.7,55.9,8.83,85.5,18.6,42.86944444,20.7,54.9,18.89,50.4,9.05,754.85,83.5,6.5,40,6.4
50,0,21.5,46,20.89,44,22.56666667,45.09,19.7,47.06,18.7,55.85722222,8.8,85.83333333,18.6,42.79,20.7,54.85666667,18.89,50.4,8.97,754.7666667,83.66666667,6.666666667,40,6.37
40,0,21.46333333,45.96666667,20.89,44,22.56666667,45.09,19.63333333,47,18.7,55.80222222,8.726666667,85.96666667,18.6,42.79,20.7,54.96666667,18.89,50.4,8.88,754.6833333,83.83333333,6.833333333,40,6.33
40,0,21.39,45.9,20.89,44,22.5,45.09,19.63333333,47.03,18.7,55.79,8.6,86.12333333,18.6,42.79,20.7,54.96111111,18.89,50.4,8.8,754.6,84,7,40,6.3
50,0,21.39,45.9,20.79,43.9,22.5,45.09,19.63333333,46.96333333,18.69444444,55.775,8.533333333,86.39666667,18.6,42.765,20.7,54.9,18.89,50.43333333,8.77,754.55,84,6.833333333,40,6.27
40,0,21.39,45.9,20.79,43.9,22.39,45.09,19.6,46.9,18.68333333,55.73,8.5,86.85,18.6,42.72,20.7,54.85722222,18.89,50.5,8.73,754.5,84,6.666666667,40,6.23
50,0,21.39,45.9,20.79,43.9,22.39,45.16333333,19.6,46.9,18.7,55.71,8.5,86.93333333,18.6,42.7,20.7,54.745,18.89,50.5,8.7,754.45,84,6.5,40,6.2
50,0,21.39,45.9,20.79,43.9,22.39,45.29,19.6,46.9,18.65,55.645,8.5,87,18.6,42.7,20.7,54.7,18.89,50.5,8.67,754.4,84,6.333333333,40,6.17
50,0,21.39,45.9,20.79,43.93333333,22.39,45.29,19.6,46.9,18.65,55.645,8.463333333,86.96666667,18.6,42.7,20.7,54.62055556,18.89,50.5,8.63,754.35,84,6.166666667,40,6.13
50,0,21.365,45.9,20.79,44,22.35666667,45.32666667,19.6,46.9,18.63888889,55.59333333,8.39,86.9,18.6,42.68166667,20.7,54.515,18.89,50.5,8.6,754.3,84,6,40,6.1
50,0,21.29,45.9,20.745,44,22.35666667,45.4,19.6,46.9,18.6,55.51,8.39,86.83333333,18.6,42.62666667,20.7,54.48888889,18.96333333,50.5,8.58,754.2,84.33333333,6,40,6.13
40,0,21.29,45.86333333,20.7,44,22.39,45.4,19.6,46.79,18.6,55.5,8.39,86.9,18.6,42.62666667,20.7,54.39944444,18.9175,50.5225,8.57,754.1,84.66666667,6,40,6.17
40,0,21.29,45.79,20.7,44,22.39,45.32666667,19.53333333,46.79,18.64444444,55.53444444,8.39,87.06333333,18.6,42.59,20.7,54.30222222,19,50.59,8.55,754,85,6,40,6.2
50,0,21.29,45.82666667,20.7,44,22.29,45.29,19.5,46.79,18.62222222,55.46444444,8.39,87.33,18.6,42.59,20.7,54.22888889,18.92666667,50.59,8.53,753.9,85.33333333,6,40,6.23
40,0,21.29,45.82666667,20.7,44,22.29,45.29,19.5,46.79,18.63888889,55.45,8.3,87.53,18.6,42.59,20.67777778,54.08222222,18.92666667,50.53,8.52,753.8,85.66666667,6,40,6.27
50,0,21.26,45.76,20.7,44,22.2,45.09,19.5,46.79,18.62777778,55.42777778,8.226666667,87.39666667,18.6,42.555,20.65555556,53.99277778,18.89,50.59,8.5,753.7,86,6,40,6.3
50,0,21.2,45.7,20.63333333,43.93333333,22.2,45.1175,19.5,46.79,18.6,55.39388889,7.83,87.72666667,18.6,42.5,20.67222222,53.91944444,18.96333333,50.59,8.33,753.6666667,86.5,6,38.16666667,6.22
60,0,21.2,45.7,20.6,43.9,22.2,45.2,19.5,46.79,18.63888889,55.345,7.563333333,88.33333333,18.6,42.5,20.64444444,53.83888889,19,50.59,8.17,753.6333333,87,6,36.33333333,6.13
40,0,21.2,45.7,20.6,43.9,22.23,45.29,19.5,46.79,18.62777778,55.345,7.263333333,89.46,18.6,42.5,20.62222222,53.76944444,18.92666667,50.59,8,753.6,87.5,6,34.5,6.05
50,0,21.2,45.7,20.6,43.9,22.29,45.36333333,19.5,46.745,18.6,55.29,7.123333333,90.39333333,18.6,42.5,20.6,53.7,19,50.59,7.83,753.5666667,88,6,32.66666667,5.97
40,0,21.2,45.7,20.6,43.9,22.29,45.29,19.5,46.7,18.6,55.27,6.966666667,91.1,18.6,42.48888889,20.6,53.7,18.92666667,50.59,7.67,753.5333333,88.5,6,30.83333333,5.88
40,0,21.13333333,45.7,20.56666667,43.9,22.29,45.36333333,19.42666667,46.62666667,18.6,55.29,6.9,91.76666667,18.6,42.42777778,20.6,53.68777778,19,50.59,7.5,753.5,89,6,29,5.8
40,0,21.2,45.7,20.5,43.9,22.29,45.4,19.39,46.59,18.6,55.29,7,92.6,18.6,42.4,20.57222222,53.60833333,19,50.59,7.62,753.5,88.5,6,30.83333333,5.82
40,0,21.1,45.7,20.5,43.9,22.29,45.4,19.39,46.59,18.6,55.255,7.226666667,93.12333333,18.6,42.4,20.5,53.65722222,19,50.59,7.73,753.5,88,6,32.66666667,5.83
50,0,21.1,45.62666667,20.5,43.9,22.29,45.4,19.39,46.59,18.6,55.21,7.366666667,93.12333333,18.6,42.4,20.5,53.7,19,50.66333333,7.85,753.5,87.5,6,34.5,5.85
50,0,21.1,45.7,20.5,43.9,22.23,45.32666667,19.39,46.59,18.6,55.2,7.623333333,92.96666667,18.6,42.4,20.5,53.755,19,50.66333333,7.97,753.5,87,6,36.33333333,5.87
50,0,21.1,45.7,20.5,43.9,22.29,45.4,19.39,46.59,18.6,55.2,7.83,92.69333333,18.6,42.4,20.52777778,53.845,19,50.66333333,8.08,753.5,86.5,6,38.16666667,5.88
50,0,21,45.59,20.5,44,22.29,45.4,19.39,46.59,18.6,55.145,8.063333333,91.76666667,18.6,42.4,20.53333333,53.98222222,19,50.7,8.2,753.5,86,6,40,5.9
60,10,21,45.59,20.42666667,43.93333333,22.29,45.36333333,19.39,46.59,18.6,55.085,8.263333333,91.03333333,18.6,42.345,20.6,54.13277778,19,50.7,8.25,753.5166667,85.66666667,6.166666667,40,5.9
20,0,21,45.79,20.42666667,43.9,22.23,45.15666667,19.39,46.59,18.6,54.96,8.39,90.16666667,18.55,42.20888889,20.6,53.97277778,19,50.66333333,8.3,753.5333333,85.33333333,6.333333333,40,5.9
20,0,21.1,46,20.4175,43.8175,22.16666667,44.96666667,19.39,46.5,18.61111111,54.76722222,8.39,89.3,18.51111111,42.10222222,20.57777778,53.58222222,19,50.5675,8.35,753.55,85,6.5,40,5.9
30,0,21.03333333,46,20.39,43.86333333,22.1,44.82666667,19.39,46.43333333,18.61111111,54.62666667,8.5,88.32666667,18.5,42.00944444,20.51666667,53.23,19,50.43333333,8.4,753.5666667,84.66666667,6.666666667,40,5.9
40,10,21.1,45.9,20.39,43.79,22,44.56,19.39,46.29,18.6,54.47611111,8.5,87.39333333,18.5,41.91111111,20.5,52.96,19,50.06333333,8.45,753.5833333,84.33333333,6.833333333,40,5.9
50,20,21.1,45.76666667,20.39,43.79,21.92666667,44.5,19.39,46.36333333,18.6,54.36944444,8.6,86.1,18.5,41.80333333,20.5,52.82777778,19,49.59666667,8.5,753.6,84,7,40,5.9
60,0,21,45.73,20.39,43.79,21.89,44.59,19.35666667,46.5,18.61111111,54.21888889,8.66,85.36666667,18.5,41.73,20.5,52.67944444,19,49.46666667,8.55,753.4666667,83.83333333,6.833333333,40,5.92
60,0,21,45.73,20.39,43.73,21.89,44.59,19.29,46.43333333,18.61111111,54.09722222,8.726666667,84.66666667,18.5,41.60833333,20.5,52.49222222,19,49.26666667,8.6,753.3333333,83.66666667,6.666666667,40,5.93
60,0,21,45.49,20.39,43.7,21.945,44.5,19.39,46.92666667,18.6,53.99333333,8.8,84.06666667,18.5,41.575,20.5,52.27722222,18.96333333,48.96666667,8.65,753.2,83.5,6.5,40,5.95
60,10,21,45.23,20.39,43.76,21.89,44.4,19.39,47.26,18.6,53.86944444,8.926666667,83.59333333,18.5,41.53,20.5,52.18166667,18.89,48.82666667,8.7,753.0666667,83.33333333,6.333333333,40,5.97
40,0,21,45.36333333,20.29,43.7,21.89,44.4,19.8,47.45,18.62222222,53.79944444,9,83.4,18.5,41.5,20.5,52.065,18.89,48.56,8.75,752.9333333,83.16666667,6.166666667,40,5.98
50,0,21,45.23,20.29,43.7,21.79,43.9,20.2,46.83333333,18.61666667,53.66333333,9.166666667,83.09666667,18.5,41.43888889,20.5,52,18.89,48.5,8.8,752.8,83,6,40,6
40,0,21,45.16333333,20.29,43.66333333,21.79,43.82666667,20.13333333,46.36,18.60555556,53.52111111,9.395,81.4925,18.5,41.4,20.5,52.00888889,18.89,48.36333333,8.98,752.6833333,82.16666667,6.5,40,6.03
50,0,21,45.22333333,20.29,43.59,21.7,43.73,20.06666667,46.13333333,18.85388889,61.97388889,9.626666667,80.23333333,18.5,41.4,20.49388889,51.49666667,18.89,48.23,9.17,752.5666667,81.33333333,7,40,6.07
60,0,21,45.16333333,20.32333333,43.59,21.7,43.86333333,20,46,21.66111111,87.43722222,9.83,79.13,18.5,41.4,20.42666667,50.97166667,18.89,48.16333333,9.35,752.45,80.5,7.5,40,6.1
60,0,21,45.09,20.32333333,43.66333333,21.7,43.79,20,46.03,22.53277778,85.03111111,10.03,78.46333333,18.5,41.4,20.39,51.01833333,18.89,48.03,9.53,752.3333333,79.66666667,8,40,6.13
70,0,21,45.09,20.32333333,43.7,21.7,43.79,20,46.16333333,21.62444444,89.95888889,10.4,76.73333333,18.5,41.4,20.445,51.68,18.89,47.86333333,9.72,752.2166667,78.83333333,8.5,40,6.17
70,0,21,45.09,20.39,43.7,21.7,43.79,19.89,46.29,21.12,92.67666667,10.66,75.19333333,18.5,41.345,20.5,52.16222222,18.89,47.79,9.9,752.1,78,9,40,6.2
70,0,21,45.06,20.39,43.7,21.7,43.79,19.89,46.36333333,20.81444444,94.05055556,10.83,73.33333333,18.5,41.30222222,20.52777778,52.2,18.89,47.79,9.97,751.95,77.66666667,9.166666667,40,6.2
90,0,21,45,20.39,43.7,21.66666667,43.76,19.89,46.4,20.58333333,94.91333333,11.03,72.79333333,18.5,41.29,20.63888889,52.15722222,18.89,47.73,10,751.8,77.33333333,9.333333333,40,6.2
80,0,21,44.95,20.39,43.59,21.6,43.7,19.89,46.46666667,20.42722222,95.38833333,11.22666667,72.22666667,18.52777778,41.29,20.745,52.045,18.89,47.7,10.1,751.65,77,9.5,40,6.2
80,0,21,44.93333333,20.39,43.59,21.6,43.59,19.89,46.53,20.25611111,95.95388889,11.36,72.1,18.6,41.31444444,20.87944444,52.02,18.89,47.6725,10.2,751.5,76.66666667,9.666666667,40,6.2
70,0,21,45.26666667,20.39,43.66333333,21.6,43.59,19.89,46.59,20.04944444,96.32166667,11.3,71.72666667,18.6,41.29,20.98777778,51.95,18.89,47.53,10.2,751.35,76.33333333,9.833333333,40,6.2
60,0,21,45.4,20.39,43.7,21.6,43.62666667,19.89,46.62666667,19.85222222,95.60888889,11.22666667,71.86666667,18.6,41.29,21.08888889,51.98333333,18.89,47.46666667,10.3,751.2,76,10,40,6.2
70,10,21,45.46666667,20.39,43.7,21.6,43.7,19.89,46.83333333,19.715,92.87611111,11.19,71.36666667,18.6,41.29,21.19888889,52.025,18.89,47.32666667,10.4,751.0166667,75.5,10.16666667,40,6.18
70,0,21,45.59,20.39,43.7,21.5,43.7,19.82333333,46.86,19.67222222,88.11055556,11.13,70.76666667,18.6,41.29,21.285,52.17555556,18.89,47.4,10.5,750.8333333,75,10.33333333,40,6.17
70,0,21,45.53,20.39,43.7,21.5,43.5,19.82333333,46.8,19.6,83.23,11.13,70.53333333,18.6,41.29,21.29,51.415,18.89,47.32666667,10.6,750.65,74.5,10.5,40,6.15
50,0,21,45.36333333,20.39,43.76,21.39,43.545,19.79,46.72333333,19.56666667,80.485,11.19,70.46666667,18.6,41.29,21.29,50.68222222,18.89,47.29,10.6,750.4666667,74,10.66666667,40,6.13
50,0,20.92666667,45.29,20.39,43.7,21.39,43.62666667,19.79,46.53,19.53888889,77.95111111,11.25666667,69.8,18.6,41.245,21.265,50.25555556,18.89,47.29,10.7,750.2833333,73.5,10.83333333,40,6.12
50,0,20.89,45.26,20.35666667,43.56,21.46333333,43.76,19.79,46.345,19.48055556,72.135,11.53,68.66666667,18.6,41.19388889,21.2,49.76666667,18.89,47.2,10.8,750.1,73,11,40,6.1
50,10,20.89,45.12666667,20.29,43.5,21.5,43.79,19.76,46.06,19.35111111,67.58444444,11.745,67.65,18.6,41.10222222,21.15,49.42944444,18.89,47.2,10.8,749.95,73,10.83333333,40,6.08
60,0,20.89,45.06,20.32333333,43.4,21.5,43.86333333,19.7,45.93333333,19.29,64.275,11.76333333,66.19666667,18.6,41.09,21.1,49.12722222,18.89,47.2,10.7,749.8,73,10.66666667,40,6.07
60,0,20.89,45,20.32333333,43.4,21.5,43.93333333,19.7,45.9,19.26,61.735,11.63,66.53,18.6,41.045,21.08888889,48.84611111,18.89,47.2,10.7,749.65,73,10.5,40,6.05
80,0,20.89,44.93333333,20.29,43.36333333,21.5,44,19.7,45.9,19.24,59.84277778,11.69,66.86333333,18.68333333,41.075,21.06666667,48.61277778,18.89,47.09,10.7,749.5,73,10.33333333,40,6.03
70,0,20.89,44.93333333,20.35666667,43.29,21.5,44.06,19.7,45.9,19.285,58.63055556,11.69,66.19666667,18.7,41.065,21.1,48.46,18.89,47.09,10.6,749.35,73,10.16666667,40,6.02
70,0,20.89,44.9,20.32333333,43.29,21.5,44,19.7,45.9,19.26,57.51222222,11.6,66.2,18.7,40.99444444,21.01666667,48.215,18.89,47.09,10.6,749.2,73,10,40,6
70,0,20.89,44.9,20.39,43.29,21.5,44.09,19.7,45.9,19.285,56.64666667,11.6,66.72666667,18.7,40.93333333,21,48.065,18.89,47.03,10.7,749.0333333,72.83333333,9.666666667,40,6
60,0,20.82333333,44.79,20.32333333,43.26,21.42666667,44.03,19.7,45.9,19.29,55.89166667,11.56666667,67.09,18.715,40.91111111,21,47.92055556,18.89,46.96666667,10.7,748.8666667,72.66666667,9.333333333,40,6
190,0,20.89,44.86333333,20.39,43.2,21.39,44,19.7,45.86333333,19.29,55.235,11.56666667,66.89666667,18.79,40.91111111,21,47.79,18.89,46.96666667,10.8,748.7,72.5,9,40,6
340,0,20.89,45.03,20.39,43.2,21.39,43.93333333,19.7,45.79,19.30666667,54.575,11.69,66.49333333,18.79555556,40.83888889,21,47.64277778,18.89,47.03,10.9,748.5333333,72.33333333,8.666666667,40,6
360,0,20.9175,45.865,20.39,43.2,21.39,43.79,19.7,45.82666667,19.33444444,54.09777778,11.69,66.56,18.82333333,40.81666667,21,47.46,18.89,47.09,10.9,748.3666667,72.16666667,8.333333333,40,6
140,0,21,48.79,20.445,43.85,21.39,43.79,19.7,45.9,19.39,54.145,11.56666667,66.56333333,18.84555556,40.81055556,21,47.35111111,18.89,47.03,11,748.2,72,8,40,6
70,0,21.1,50.99,20.5,45.75666667,21.39,44.06666667,19.7,45.96333333,19.39,54.59333333,11.42666667,66.89666667,18.82333333,40.74,21,47.32,18.89,47,10.9,748.0833333,72.5,7.833333333,40,6.05
160,0,21.1,50.86333333,20.5,46.09,21.46333333,44.46,19.7,46.22333333,19.39,54.94444444,11.39,66.72666667,18.87888889,40.78,21,47.13277778,18.89,46.93333333,10.9,747.9666667,73,7.666666667,40,6.1
420,0,21.1,49.25666667,20.46333333,45.66,21.5,44.66333333,19.7,46.59,19.39,54.64833333,11.39,66.53333333,18.89,40.725,20.97555556,47.045,18.89,46.93333333,10.8,747.85,73.5,7.5,40,6.15
230,0,21.1,47.99666667,20.39,45.32666667,21.42666667,44.39,19.7,46.46333333,19.39,54.17388889,11.39,65.93333333,18.89,40.63277778,20.93277778,47,18.89,46.93333333,10.7,747.7333333,74,7.333333333,40,6.2
440,0,21.1,47.03333333,20.35666667,44.99,21.39,44.345,19.63333333,46.29,19.39,53.47555556,11.33,66,18.89,40.59,20.89,46.95,18.89,46.86333333,10.7,747.6166667,74.5,7.166666667,40,6.25
240,0,21.16666667,46.76,20.29,44.73,21.39,44.16333333,19.63333333,46.03,19.39,52.80277778,11.12666667,66.22666667,18.89,40.555,20.89,46.89388889,18.89,46.73,10.6,747.5,75,7,40,6.3
460,0,21.13333333,46.86333333,20.29,44.73,21.39,44.03,19.6,45.745,19.42055556,52.48055556,10.895,66.9225,18.89,40.45,20.92055556,47.345,18.89,46.7,10.6,747.3833333,74.83333333,7,40,6.27
90,0,21.26,46.53,20.29,44.79,21.42666667,44.09,19.6,45.79,19.40833333,52.94666667,10.6,68.32333333,18.80666667,40.4,21,47.24722222,18.82333333,46.62666667,10.6,747.2666667,74.66666667,7,40,6.23
240,0,21.5,45.83333333,20.39,44.79,21.5,44.09,19.6,45.79,19.39,53.92444444,10.32333333,69.86,18.82888889,40.38777778,21,47.05722222,18.89,46.66333333,10.6,747.15,74.5,7,40,6.2
250,0,21.5,45.7,20.39,44.79,21.5,44.09,19.6,45.82666667,19.35111111,54.61388889,10.19,70.92666667,18.85111111,40.38777778,20.91444444,46.91055556,18.82333333,46.53,10.5,747.0333333,74.33333333,7,40,6.17
90,0,21.39,45.56,20.42666667,44.73,21.5,44.16333333,19.6,45.9,19.30111111,55.14055556,9.963333333,72.26666667,18.82333333,40.4,20.90833333,46.80222222,18.89,46.56,10.5,746.9166667,74.16666667,7,40,6.13
80,0,21.46333333,45.5,20.5,44.73,21.5,44.2,19.6,46,19.29,55.46277778,9.89,72.86666667,18.79,40.4,20.89,46.70888889,18.82333333,46.43333333,10.5,746.8,74,7,40,6.1
90,0,21.39,45.53,20.53333333,44.7,21.5,44.2,19.6,46.06,19.285,55.69666667,9.69,73,18.79,40.4,20.86222222,46.57722222,18.79,46.26,10.4,746.7,73.66666667,6.833333333,40,5.95
80,0,21.46333333,45.86333333,20.6,44.56666667,21.5,44.2,19.5,46.09,19.23,55.845,9.63,72.79333333,18.79,40.30833333,20.79,46.41055556,18.79,46.12666667,10.4,746.6,73.33333333,6.666666667,40,5.8
370,10,21.53333333,45.6,20.73,44.46666667,21.5,44.2,19.5,46.16333333,19.2,55.96111111,9.566666667,72.23,18.79,40.29,20.79,46.30222222,18.79,46.06,10.3,746.5,73,6.5,40,5.65
270,10,21.66666667,45.06666667,20.79,44.13333333,21.46333333,44.02666667,19.5,46.06,19.2,56.02,9.5,71.96333333,18.79,40.235,20.79,46.22888889,18.79,45.93333333,10.2,746.4,72.66666667,6.333333333,40,5.5
70,10,21.79,44.19333333,20.82333333,43.66333333,21.39,43.76666667,19.5,45.93333333,19.2,55.98888889,9.463333333,71.76333333,18.79,40.2,20.775,46.10222222,18.79,45.86333333,10.2,746.3,72.33333333,6.166666667,40,5.35
90,0,21.85666667,44.06,20.96333333,43.53,21.5,43.7,19.5,45.79,19.18333333,55.93888889,9.33,71.69,18.79,40.12777778,20.785,46.17611111,18.79,45.7225,10.1,746.2,72,6,40,5.2
100,10,22.05,44.395,21.1,43.645,21.5,43.56666667,19.5,45.79,19.19444444,55.90555556,9.126666667,71.89666667,18.775,40.065,20.81222222,46.58888889,18.79,45.62666667,10.3,745.9833333,71,6.166666667,40,5.15
90,10,22.13333333,44.43333333,21.23,43.62666667,21.5,43.53,19.39,45.7,19.16666667,55.99888889,9,72.42333333,18.765,40.005,20.89166667,46.84333333,18.73,45.56,10.4,745.7666667,70,6.333333333,40,5.1
110,10,22.2,44.69333333,21.35666667,43.7,21.5,43.59,19.39,45.62666667,19.10555556,56.09111111,9,72.56,18.74,39.95,21,46.68555556,18.79,45.5,10.6,745.55,69,6.5,40,5.05
100,0,22.32333333,44.96666667,21.53333333,43.79,21.5,43.86,19.39,45.46666667,19.1,56.21277778,9.126666667,72.36666667,18.735,39.89388889,21.00555556,46.79166667,18.79,45.46666667,10.7,745.3333333,68,6.666666667,40,5
90,0,22.39,45.43333333,21.66666667,43.79,21.5,44.06,19.39,45.32666667,19.1,56.33277778,9.33,71.8,18.71,39.80222222,21.10555556,47.215,18.73,45.4,10.9,745.1166667,67,6.833333333,40,4.95
90,0,22.42666667,45.06,21.73,43.79,21.5,44.245,19.39,45.26,19.11666667,56.42777778,9.463333333,71,18.74,39.79,21.20388889,47.83166667,18.73,45.29,11,744.9,66,7,40,4.9
100,0,22.56666667,44.86,21.85666667,43.73,21.53333333,44.4,19.32333333,45.2,19.10555556,56.505,9.645,70.15,18.7,39.755,21.30666667,48.36055556,18.79,45.23,11.2,744.7166667,65.33333333,7.5,40,4.88
90,10,22.7,44.76,22.03333333,43.59,21.6,44.4,19.29,45.045,19.1,56.61055556,9.8,69.43333333,18.7,39.71,21.35666667,48.70444444,18.76,45.26,11.3,744.5333333,64.66666667,8,40,4.87
100,10,22.76,44.62666667,22.22666667,43.66333333,21.7,44.5,19.29,45,19.1,56.79777778,9.86,69.16,18.7,39.7,21.39,48.84055556,18.76,45.2,11.4,744.35,64,8.5,40,4.85
100,20,22.92666667,44.56,22.32333333,43.52666667,21.7,44.5,19.29,45,19.1,56.98222222,10.03333333,67.96,18.7,39.63277778,21.48722222,49.48777778,18.7,45.2,11.6,744.1666667,63.33333333,9,40,4.83
90,20,23,44.63333333,22.46333333,43.32666667,21.73,44.62666667,19.29,44.86333333,19.1,57.09111111,10.1,67.16666667,18.7,39.59,21.56666667,49.835,18.7,45.2,11.8,743.9833333,62.66666667,9.5,40,4.82
90,20,23.1,44.59,22.6,43.26,21.79,44.76,19.29,44.79,19.1,57.19777778,10.33,66.02333333,18.7,39.555,21.61666667,49.96111111,18.7,45.16333333,11.9,743.8,62,10,40,4.8
90,30,23.1,44.59,22.66666667,43.12666667,21.82333333,44.86,19.29,44.76,19.1,57.265,10.39,65.62333333,18.715,39.5,21.7,50,18.7,45.09,11.8,743.7333333,62.5,9.833333333,40,4.77
90,30,23.2,44.56,22.7,43.12666667,21.89,45,19.29,44.7,19.1,57.345,10.36,65.62333333,18.73,39.5,21.705,49.95555556,18.7,45.09,11.6,743.6666667,63,9.666666667,40,4.73
110,10,23.2,44.36,22.7,43.12666667,21.89,45.09,19.26,44.56,19.34222222,67.28166667,10.22666667,65.76333333,18.715,39.47222222,21.78,50.1,18.7,45.09,11.5,743.6,63.5,9.5,40,4.7
80,10,23.2,44.02666667,22.7,42.86333333,21.89,45.03,19.2,44.56,20.48888889,85.60277778,10.19,65.65666667,18.715,39.30333333,21.79,50.01333333,18.7,44.96666667,11.4,743.5333333,64,9.333333333,40,4.67
100,10,23.2,43.63333333,22.7,42.65666667,21.89,44.86333333,19.26,44.52666667,20.19222222,84.37777778,10.19,65.32333333,18.78,39.145,21.79,49.58222222,18.7,44.9,11.2,743.4666667,64.5,9.166666667,40,4.63
90,0,23.2,43.16333333,22.7,42.43,21.82333333,44.65666667,19.2,44.4,19.92833333,80.56777778,10.16,65.15666667,18.78,39.005,21.79555556,49.11611111,18.7,44.79,11.1,743.4,65,9,40,4.6
90,0,23.2,43.09,22.63333333,42.09666667,21.79,44.7,19.2,44.26,19.80111111,77.485,10.03333333,65.09,18.79,39,21.85666667,49.115,18.7675,45.145,11,743.3166667,65.16666667,9.166666667,40,4.58
80,0,23.2,42.86333333,22.6,41.86333333,21.79,44.7,19.2,44.2,19.71388889,74.54944444,9.963333333,65.22666667,18.79,39,21.89611111,49.17666667,18.85666667,46.19666667,11,743.2333333,65.33333333,9.333333333,40,4.57
70,10,23.2,42.79,22.575,41.745,21.7,44.79,19.2,44.09,19.60555556,71.94388889,9.89,65.16,18.77,39.00277778,21.96333333,48.92944444,18.89,46.83,10.9,743.15,65.5,9.5,40,4.55
70,0,23.13333333,42.86333333,22.5,41.79,21.7,44.79,19.2,44.09,19.6,70.305,9.86,65.15666667,18.785,39.21666667,22.01111111,48.80833333,18.96333333,47.09,10.8,743.0666667,65.66666667,9.666666667,40,4.53
70,0,23.1,42.93333333,22.5,41.96333333,21.7,44.79,19.2,44.09,19.53888889,69.17444444,9.86,64.96333333,18.765,39.32055556,22.08333333,48.95,19,47.23,10.8,742.9833333,65.83333333,9.833333333,40,4.52
70,0,23.1,43.06,22.42666667,42.09,21.7,44.86333333,19.2,44.09,19.5,68.19666667,9.8,65.02666667,18.78,39.49833333,22.1,49.06111111,19,47.43,10.7,742.9,66,10,40,4.5
80,0,23,43.09,22.39,42.23,21.7,44.845,19.2,44.2,19.5,67.38222222,9.895,64.7,18.79,39.62055556,22.17222222,49.26333333,19,47.59,10.7,742.85,66,9.833333333,40,4.5
80,0,23,43.09,22.32333333,42.36333333,21.7,44.9,19.2,44.2,19.42055556,66.66333333,10.06666667,63.96,18.77,39.735,22.215,49.66444444,19,47.66333333,10.7,742.8,66,9.666666667,40,4.5
80,0,22.96333333,43.12666667,22.29,42.53,21.7,44.96666667,19.2,44.245,19.39,66.035,10.19,63.42333333,18.79,39.79,22.29,50.08944444,19,47.79,10.7,742.75,66,9.5,40,4.5
60,0,22.89,43.2,22.23,42.59,21.7,44.9,19.2,44.4,19.39,65.50444444,10.26333333,62.83,18.79,39.85722222,22.37333333,50.29,19,47.86333333,10.6,742.7,66,9.333333333,40,4.5
30,0,22.79,43.09,22.2,42.62666667,21.7,44.9,19.2,44.4,19.39,64.95444444,10.39,62.16333333,18.79,39.9,22.45722222,50.40833333,18.92666667,47.93333333,10.6,742.65,66,9.166666667,40,4.5
20,0,22.79,43.16333333,22.13333333,42.76,21.66666667,44.76,19.16666667,44.4,19.37888889,64.52388889,10.46333333,61.83,18.79,39.96111111,22.39611111,50.58333333,19,48.06,10.6,742.6,66,9,40,4.5
20,0,22.76,43.2,22.06666667,42.79,21.6,44.7,19.16666667,44.4,19.29555556,64.16,10.53333333,61.46,18.79,40,22.39,50.96277778,19,48.23,10.7,742.5166667,65.66666667,8.833333333,40,4.47
40,0,22.7,43.2,22,42.79,21.6,44.7,19.1,44.43333333,19.29,63.83111111,10.6,60.86666667,18.79,40.005,22.30666667,51.17222222,19,48.36333333,10.7,742.4333333,65.33333333,8.666666667,40,4.43
50,0,22.7,43.29,22,42.8175,21.6,44.7,19.1,44.5,19.31222222,63.53666667,10.6,60.53,18.79,40.06,22.29,51.32055556,19,48.43333333,10.8,742.35,65,8.5,40,4.4
50,0,22.7,43.29,21.92666667,42.9,21.6,44.73,19.1,44.5,19.29,63.36944444,10.6,60.39,18.79,40.09,22.29,51.47611111,19,48.56,10.8,742.2666667,64.66666667,8.333333333,40,4.37
50,0,22.66666667,43.29,21.89,42.93333333,21.6,44.79,19.1,44.5,19.29,63.19666667,10.72666667,60.09333333,18.79,40.09,22.265,51.61444444,19,48.73,10.9,742.1833333,64.33333333,8.166666667,40,4.33
50,0,22.53333333,43.29,21.82333333,42.93333333,21.6,44.73,19.1,44.59,19.27,63.055,10.86,59.16666667,18.79,40.09,22.2,51.60833333,19,48.79,10.9,742.1,64,8,40,4.3
50,0,22.5,43.32666667,21.79,42.93333333,21.6,44.73,19.1,44.59,19.27,62.88388889,11.13,58.09333333,18.79,40.09,22.18888889,51.72,19,48.9,11.1,742.05,63,8.333333333,40,4.23
40,0,22.42666667,43.32666667,21.73,43,21.63333333,44.79,19.1,44.59,19.26,62.71277778,11.26333333,57.62666667,18.79,40.09,22.15,51.76,19.025,48.9975,11.3,742,62,8.666666667,40,4.17
40,0,22.39,43.29,21.7,43,21.7,44.79,19.1,44.53,19.245,62.49611111,11.39,56.96,18.79,40.09,22.1,51.7,19.03333333,49.09,11.4,741.95,61,9,40,4.1
40,0,22.39,43.36333333,21.63333333,43,21.7,44.79,19.1,44.59,19.2,62.32666667,11.39,56.62666667,18.79,40.09,22.1,51.63277778,19.1,49.2,11.6,741.9,60,9.333333333,40,4.03
40,0,22.34,43.4,21.6,43,21.7,44.73,19.1,44.59,19.2,62.17222222,11.39,56.79,18.79,40.09,22.08888889,51.58,19.1,49.26,11.8,741.85,59,9.666666667,40,3.97
40,0,22.29,43.43333333,21.56666667,43.09,21.79,44.7,19.1,44.56,19.2,62.065,11.39,57.19666667,18.79,40.09,22.00555556,51.52611111,19.1,49.29,12,741.8,58,10,40,3.9
50,0,22.29,43.5,21.5,43.09,21.79,44.7,19.1,44.56,19.2,61.89833333,11.245,59.095,18.79,40.09,22.05,51.76333333,19.1,49.36333333,11.8,741.6833333,60,9.666666667,40,4.13
40,0,22.2,43.43333333,21.5,43.2,21.82333333,44.73,19.1,44.59,19.2,61.745,10.93333333,61.46666667,18.79,40.09611111,22.1,51.87555556,19.1,49.4,11.5,741.5666667,62,9.333333333,40,4.37
50,0,22.13333333,43.5,21.42666667,43.2,21.89,44.79,19.1,44.59,19.2,61.61777778,10.72666667,63.06666667,18.79,40.18777778,22.06666667,51.86333333,19.1,49.46666667,11.3,741.45,64,9,40,4.6
50,0,22.1,43.59,21.39,43.23,21.96333333,44.79,19.1,44.59,19.18888889,61.47222222,10.66,64.36333333,18.79,40.2,22.00555556,51.81444444,19.1,49.5,11.1,741.3333333,66,8.666666667,40,4.83
40,0,22.1,43.59,21.39,43.36333333,22,44.9,19.1,44.59,19.16666667,61.33277778,10.66,64.03,18.79,40.2,21.97555556,51.975,19.1,49.5,10.8,741.2166667,68,8.333333333,40,5.07
40,0,22.06666667,43.66333333,21.29,43.4,22,44.9,19.1,44.59,19.16666667,61.245,10.69,64.36666667,18.79,40.255,21.98777778,52.17833333,19.1,49.5,10.6,741.1,70,8,40,5.3
40,0,22,43.66333333,21.29,43.46666667,22,44.9,19.06666667,44.66333333,19.15555556,61.09333333,10.69,64.56,18.79,40.29,21.93277778,52.53833333,19.1,49.56,10.4,741.05,71.83333333,8,38.16666667,5.48
40,0,22,43.73,21.29,43.59,22,44.9,19.06666667,44.66333333,19.15,60.98333333,10.69,64.35666667,18.79,40.29,21.89,53.02722222,19.1,49.62666667,10.2,741,73.66666667,8,36.33333333,5.67
40,0,21.92666667,43.86333333,21.23,43.53,22.1,44.96666667,19.06666667,44.7,19.11111111,60.86833333,10.56333333,66.35666667,18.79,40.29,21.89,53.50333333,19.1,49.7,10.1,740.95,75.5,8,34.5,5.85
50,0,21.89,43.93333333,21.2,43.62666667,22.1,44.9,19,44.7,19.1,60.775,10.09,71.33,18.79,40.38166667,21.83444444,53.79888889,19.1,49.73,9.87,740.9,77.33333333,8,32.66666667,6.03
50,0,21.89,44,21.2,43.7,22.1,44.9,19,44.73,19.1,60.69777778,9.83,73.93,18.79,40.45,21.80666667,53.99166667,19.1,49.79,9.68,740.85,79.16666667,8,30.83333333,6.22
50,0,21.79,44.03,21.13333333,43.79,22.16666667,44.9,19,44.79,19.1,60.63277778,9.66,75.62666667,18.79,40.555,21.79,54.34555556,19.2,49.9,9.5,740.8,81,8,29,6.4
50,0,21.79,44.16333333,21.13333333,43.79,22.2,44.9,19,44.82666667,19.1,60.555,9.533333333,77.36666667,18.79,40.62055556,21.79,54.61055556,19.2,49.96666667,9.32,740.8833333,83.16666667,8,27.66666667,6.57
40,0,21.79,44.23,21.1,43.93333333,22.26,44.9,19,44.9,19.1,60.45,9.323333333,80.66666667,18.81222222,40.735,21.79,54.775,19.2,50.03,9.13,740.9666667,85.33333333,8,26.33333333,6.73
50,0,21.79,44.29,21.1,44,22.29,44.9,19,44.93333333,19.1,60.4,9.13,83.39333333,18.79,40.82055556,21.79,54.79,19.15,50.1175,8.95,741.05,87.5,8,25,6.9
40,0,21.7,44.43333333,21.1,44.09,22.29,44.9,19,45,19.1,60.33,9,86.66,18.79,40.91666667,21.755,54.88166667,19.2,50.2,8.77,741.1333333,89.66666667,8,23.66666667,7.07
40,0,21.7,44.5,21.03333333,44.09,22.29,44.9,19,45.09,19.1,60.20388889,8.926666667,88.53333333,18.80666667,41.03333333,21.7,54.845,19.2,50.23,8.58,741.2166667,91.83333333,8,22.33333333,7.23
40,0,21.7,44.59,21,44.09,22.29,44.96666667,19,45.16333333,19.1,60.12666667,8.763333333,89.53,18.79555556,41.04611111,21.71,54.83277778,19.2,50.29,8.4,741.3,94,8,21,7.4
50,0,21.675,44.59,21,44.09,22.29,45,19,45.23,19.1,60.075,8.6675,89.9225,18.82888889,41.16,21.71,54.845,19.2,50.4,8.33,741.4333333,92.83333333,7.833333333,22,7.17
50,0,21.6,44.66333333,21,44.16333333,22.29,45,19,45.29,19.1,60.02,8.6,90.63333333,18.82333333,41.24,21.7,54.78,19.2,50.4,8.27,741.5666667,91.66666667,7.666666667,23,6.93
50,0,21.6,44.73,20.89,44.23,22.29,45,19,45.29,19.07222222,59.96611111,8.5,91.22666667,18.84555556,41.30833333,21.7,54.78,19.2,50.5,8.2,741.7,90.5,7.5,24,6.7
30,0,21.6,44.79,20.89,44.29,22.29,45,18.92666667,45.36333333,19.06666667,59.89666667,8.426666667,91.7,18.82333333,41.32666667,21.7,54.735,19.2,50.56,8.13,741.8333333,89.33333333,7.333333333,25,6.47
30,0,21.6,44.9,20.89,44.32666667,22.29,45,19,45.5,19.06666667,59.86333333,8.293333333,91.73333333,18.81777778,41.33888889,21.65,54.57555556,19.2,50.59,8.07,741.9666667,88.16666667,7.166666667,26,6.23
20,0,21.6,44.9,20.89,44.4,22.29,45,18.89,45.5,19.01111111,59.80222222,7.966666667,91.4,18.85666667,41.37555556,21.6,54.41666667,19.2,50.59,8,742.1,87,7,27,6
20,0,21.5,45,20.85666667,44.36333333,22.29,45,18.96333333,45.5,19,59.735,7.73,91.12666667,18.85111111,41.4,21.6,54.345,19.2,50.62666667,7.83,742.2333333,87.33333333,6.5,29.16666667,5.88
40,0,21.5,45,20.79,44.29,22.2,44.9,19,45.5,19,59.7,7.53,90.86666667,18.85666667,41.36333333,21.6,54.29611111,19.2,50.7,7.67,742.3666667,87.66666667,6,31.33333333,5.77
40,0,21.5,45.03,20.79,44.26,22.2,44.9,18.92666667,45.5,19.02222222,59.72,7.366666667,90.56,18.84555556,41.35111111,21.6,54.38777778,19.2,50.7,7.5,742.5,88,5.5,33.5,5.65
50,0,21.5,45.09,20.79,44.2,22.2,44.9,18.89,45.5,19,59.65722222,7.16,90.5,18.82888889,41.33277778,21.57222222,54.42222222,19.2,50.7,7.33,742.6333333,88.33333333,5,35.66666667,5.53
50,0,21.42666667,45.03,20.73,44.2,22.13333333,44.96666667,18.89,45.5,19,59.60222222,7.06,90.33,18.81777778,41.32055556,21.51111111,54.345,19.2,50.7,7.17,742.7666667,88.66666667,4.5,37.83333333,5.42
50,0,21.42666667,45.03,20.73,44.2,22.1,45.09,18.89,45.5,19,59.59,7,90.33,18.84,41.29555556,21.5,54.20888889,19.2,50.7,7,742.9,89,4,40,5.3
50,0,21.39,45,20.7,44.2,22.1,45.09,18.89,45.5,19,59.575,6.866666667,90.29333333,18.82888889,41.265,21.5,54.10222222,19.2,50.7,7,743,89.16666667,4.333333333,40,5.32
40,0,21.39,45,20.7,44.26,22.1,45.09,18.89,45.5,19,59.52,6.726666667,90.62666667,18.82333333,41.26,21.42055556,53.94277778,19.2,50.7,7,743.1,89.33333333,4.666666667,40,5.33
40,0,21.39,45.09,20.7,44.29,22.16666667,45.09,18.89,45.5,19,59.49444444,6.526666667,90.59333333,18.80666667,41.225,21.42666667,53.93666667,19.2,50.7,7,743.2,89.5,5,40,5.35
50,0,21.32333333,45.09,20.7,44.29,22.1,45.2,18.89,45.5,19,59.48333333,6.466666667,91.13333333,18.85111111,41.255,21.39,54,19.2,50.76,7,743.3,89.66666667,5.333333333,40,5.37
40,0,21.29,45.12666667,20.6,44.2,22.1,45.2,18.89,45.5,19,59.46111111,6.623333333,91.9,18.85111111,41.255,21.39,54,19.29,50.79,7,743.4,89.83333333,5.666666667,40,5.38
40,0,21.29,45.2,20.6,44.2,22.1,45.2,18.89,45.5,19,59.4,6.69,91.695,18.82333333,41.23,21.39,54,19.29,50.79,7,743.5,90,6,40,5.4
50,0,21.29,45.2,20.6,44.2,22.1,45.26,18.89,45.43333333,19,59.38777778,6.563333333,90.89333333,18.81222222,41.22,21.39,54.045,19.29,50.79,6.97,743.6166667,89,6.166666667,40,5.22
40,0,21.29,45.2,20.6,44.2,22.1,45.29,18.89,45.43333333,18.96333333,59.33277778,6.33,90.22666667,18.79,41.2,21.39,54.055,19.29,50.86,6.93,743.7333333,88,6.333333333,40,5.03
80,0,21.29,45.245,20.53333333,44,22.1,45.29,18.82333333,45.36,18.98777778,59.26888889,6.19,90.43333333,18.79,41.06,21.37888889,53.97222222,19.29,50.93333333,6.9,743.85,87,6.5,40,4.85
50,0,21.26,45.8,20.5,43.86333333,22,44.72333333,18.85666667,45.36333333,18.97555556,58.99888889,6.263333333,90.09666667,18.79,40.63333333,21.34,53.58333333,19.29,50.76,6.87,743.9666667,86,6.666666667,40,4.67
40,10,21.26,45.86,20.5,43.86333333,21.9175,44.5675,18.85666667,45.29,18.97555556,58.61,6.263333333,89.43,18.79,40.33111111,21.29,53.11444444,19.23,50.5,6.83,744.0833333,85,6.833333333,40,4.48
40,0,21.29,45.59,20.5,43.7,21.82333333,44.43333333,18.79,44.995,19,58.1,6.3,89.02666667,18.785,40.11777778,21.275,52.62333333,19.2,50.03333333,6.8,744.2,84,7,40,4.3
80,0,21.29,45.46333333,20.5,43.7,21.79,44.29,18.79,44.83333333,19.16611111,63.91277778,6.366666667,88.83333333,18.71,39.95,21.2,52.14222222,19.26,49.62666667,6.83,744.2833333,84.16666667,6.833333333,40,4.37
60,10,21.29,45.4,20.5,43.66333333,21.79,44.23,18.79,44.7,19.65722222,77.01333333,6.433333333,88.62333333,18.7,39.79333333,21.2,51.79111111,19.2,49.06,6.87,744.3666667,84.33333333,6.666666667,40,4.43
40,0,21.29,45.52666667,20.5,43.59,21.79,44.2,18.79,44.56,19.45722222,75.65833333,6.5,88.69,18.7,39.68166667,21.2,51.42944444,19.2,48.72666667,6.9,744.45,84.5,6.5,40,4.5
50,0,21.29,45.59,20.5,43.59,21.79,44.2,18.79,44.5,19.39,75.52277778,6.69,88.69,18.705,39.60222222,21.19444444,51.12722222,19.2,48.46666667,6.93,744.5333333,84.66666667,6.333333333,40,4.57
50,0,21.29,48.46333333,20.5,43.66333333,21.79,44.2,18.79,44.4,19.30666667,74.92444444,6.763333333,88.56333333,18.74,39.545,21.11111111,50.88055556,19.2,48.26666667,6.97,744.6166667,84.83333333,6.166666667,40,4.63
30,0,21.39,48.36666667,20.5,44.06,21.79,44.00875,18.79,44.32666667,19.28,74.17333333,6.963333333,88.06,18.715,39.49444444,21.16111111,50.82055556,19.2,48.09,7,744.7,85,6,40,4.7
30,10,21.32333333,47.16666667,20.5,44,21.79,43.8175,18.79,44.29,19.225,73.16444444,7.23,87.39333333,18.7,39.41111111,21.17222222,50.83277778,19.2,47.96333333,7.1,744.75,84.16666667,6.166666667,38.16666667,4.65
20,0,21.29,46.33333333,20.46333333,43.9,21.73,43.82666667,18.79,44.23,19.22,72.21888889,7.463333333,86.16333333,18.7,39.33277778,21.1,50.71166667,19.2,47.5,7.2,744.8,83.33333333,6.333333333,36.33333333,4.6
20,0,21.29,46.06666667,20.46333333,43.56666667,21.7,43.73,18.79,44.16333333,19.2,71.38055556,7.656666667,85.35666667,18.7,39.29,21.12222222,50.50222222,19.2,47.36,7.3,744.85,82.5,6.5,34.5,4.55
40,0,21.29,45.83333333,20.5,43.33333333,21.7,43.86333333,18.79,44.09,19.18888889,70.59833333,7.8,83.2,18.7,39.285,21.1,50.30833333,19.2,47.13333333,7.4,744.9,81.66666667,6.666666667,32.66666667,4.5
40,0,21.29,45.62666667,20.5,43.2,21.6,43.79,18.79,44.09,19.13333333,69.90444444,7.925,81.27,18.7,39.19166667,21.1,50.265,19.2,46.86,7.5,744.95,80.83333333,6.833333333,30.83333333,4.45
60,0,21.23,45.36333333,20.5,43.06,21.6,43.79,18.79,44.03,19.13888889,68.66888889,8.366666667,80.16666667,18.7,39.08722222,21.13333333,50.2,19.2,46.69,7.6,745,80,7,29,4.4
50,0,21.23,45.15666667,20.5,42.93333333,21.6,43.79,18.79,43.9,19.1,66.80833333,8.39,75.79666667,18.7,38.98888889,21.11111111,50.245,19.16666667,46.46666667,7.6,745.1166667,79,7.333333333,30.83333333,4.2
60,10,21.2,45.33333333,20.46333333,42.79,21.6,43.79,18.79,43.9,19.1,65.315,8.33,73.79666667,18.7,38.88722222,21.1,50.20611111,19.16666667,46.26666667,7.6,745.2333333,78,7.666666667,32.66666667,4
50,0,21.2,45.33333333,20.46333333,42.86333333,21.7,43.9,18.79,43.86333333,19.1,64.27777778,8.13,72.92666667,18.7,38.745,21.1,49.81055556,19.1,45.9,7.6,745.35,77,8,34.5,3.8
40,0,21.2,45.145,20.39,42.845,21.63333333,43.82666667,18.79,43.73,19.1,63.31888889,8.19,71.92666667,18.7,38.60333333,21.1,49.24,19.1,45.56666667,7.6,745.4666667,76,8.333333333,36.33333333,3.6
100,0,21.2,44.93,20.39,42.7,21.6,43.76,18.79,43.7,19.1,62.41444444,8.366666667,70.76,18.7,38.46,21.08888889,48.72777778,19.2,45.76,7.6,745.5833333,75,8.666666667,38.16666667,3.4
130,0,21.2,44.65666667,20.39,42.56666667,21.53333333,43.7,18.79,43.595,19.1,61.71333333,8.626666667,69.76,18.705,38.31777778,21.02777778,48.29833333,19.13333333,45.7,7.6,745.7,74,9,40,3.2
40,0,21.2,44.52666667,20.5,42.66333333,21.5,43.59,18.79,43.43333333,19.1,60.90833333,8.926666667,67.36666667,18.74,38.12,21,47.88,19.2,45.63333333,7.73,745.7666667,73.83333333,8.833333333,40,3.28
40,0,21.2,44.52666667,20.5,42.53,21.53333333,43.59,18.79,43.4,19.08333333,60.16166667,9,65.16,18.79,37.93277778,20.99388889,47.46888889,19.13333333,45.36,7.87,745.8333333,73.66666667,8.666666667,40,3.37
50,0,21.2,44.56,20.5,42.36333333,21.53333333,43.59,18.79,43.32666667,19.06111111,59.57555556,8.926666667,64.33333333,18.79,37.79222222,20.90222222,47.13,19.1,45.13333333,8,745.9,73.5,8.5,40,3.45
50,0,21.13333333,44.5,20.5,42.15666667,21.5,43.59,18.79,43.2,19.05555556,59.10222222,8.926666667,64.19333333,18.79,37.63777778,20.89,46.85055556,19.1,44.93333333,8.13,745.9666667,73.33333333,8.333333333,40,3.53
50,0,21.16666667,44.46666667,20.5,42.06,21.5,43.59,18.79,43.12666667,19.02777778,58.62333333,8.8,64.33333333,18.79,37.545,20.89,46.57722222,19.1,44.9,8.27,746.0333333,73.16666667,8.166666667,40,3.62
40,0,21.1,44.32666667,20.5,42,21.5,43.5,18.79,43.06,19.02222222,58.18666667,8.666666667,63.33333333,18.82888889,37.49444444,20.92055556,46.27111111,19.1,44.96666667,8.4,746.1,73,8,40,3.7
50,0,21.2,44.06333333,20.5,42.02666667,21.5,43.43333333,18.79,43,19,57.79111111,8.563333333,63.6,18.89,37.38055556,20.99888889,45.86166667,19.2,45,8.4,746.1666667,72,8,40,3.52
40,0,21.2,43.73,20.56666667,41.82666667,21.5,43.22333333,18.82333333,42.7,19,57.41444444,8.963333333,64.26,18.95722222,37.22888889,21.09444444,45.52444444,19.2,45.13333333,8.4,746.2333333,71,8,40,3.33
60,0,21.2,43.76666667,20.5,41.79,21.5,43.09,18.89,42.62666667,19,57.12222222,9.39,62.06333333,19,37.07722222,21.08333333,45.21166667,19.2,45.2,8.4,746.3,70,8,40,3.15
140,0,21.2,43.9,20.5,41.79,21.5,43.06,18.89,42.56,19,56.83111111,9.463333333,60.12333333,19,36.92055556,21.03333333,44.94888889,19.2,45.2,8.4,746.3666667,69,8,40,2.97
60,0,21.16666667,44.03,20.5,41.79,21.5,43.06,18.89,42.56,19,56.53055556,9.445,59.59,19,36.78,21,44.82,19.2,44.9,8.4,746.4333333,68,8,40,2.78
50,10,21.16666667,44.95666667,20.5,41.86333333,21.46333333,43.06,18.89,42.3525,19,56.30166667,9.426666667,59.92333333,19.00555556,36.705,21,44.53666667,19.2,44.7,8.4,746.5,67,8,40,2.6
50,0,21.2,45.29,20.5,42,21.39,43,18.89,42.145,19,56.07333333,9.626666667,59.99666667,19.08888889,36.7,21,44.4,19.2,44.79,8.35,746.5333333,67.5,7.833333333,40,2.65
30,0,21.2,45.43,20.56666667,42,21.39,43.03,18.89,42.2,19,55.91944444,9.763333333,59.75666667,19.05,36.56333333,20.91444444,44.4,19.2,44.7,8.3,746.5666667,68,7.666666667,40,2.7
50,0,21.2,45.06,20.6,42.26666667,21.39,43.09,18.89,42.23,19,55.755,9.563333333,59.29666667,19.01111111,36.48222222,20.90833333,44.32,19.2,44.56666667,8.25,746.6,68.5,7.5,40,2.75
40,0,21.2,44.93333333,20.6,42.46666667,21.39,43.23,18.82333333,42.23,19,55.645,9.36,59.4,19,36.38166667,20.89,44.145,19.2,44.33333333,8.2,746.6333333,69,7.333333333,40,2.8
40,10,21.2,44.96666667,20.6,42.6,21.39,43.29,18.79,42.2,19,55.515,9.226666667,59.8,19,36.29,20.87888889,44.09222222,19.2,44,8.15,746.6666667,69.5,7.166666667,40,2.85
70,10,21.125,45.0475,20.6,42.93333333,21.39,43.4,18.79,42.2,19,55.525,9.263333333,60.22666667,19.01666667,36.43333333,20.885,44.20833333,19.2,43.76,8.1,746.7,70,7,40,2.9
90,0,21.16666667,45.89666667,20.66666667,43.13333333,21.39,43.46666667,18.84,42.05,19,55.59,9.263333333,60.02666667,19.165,36.545,21.01555556,44.86111111,19.2,43.76,8.18,746.7166667,69.16666667,7.333333333,40,2.8
70,0,21.23,46.02666667,20.7,43.43333333,21.445,43.6,18.89,41.56,19,55.545,9.39,58.56666667,19.29666667,36.43277778,21.11666667,45.19222222,19.2,44.06666667,8.27,746.7333333,68.33333333,7.666666667,40,2.7
80,10,21.29,45.9,20.76,43.5,21.42666667,43.65666667,18.89,41.43333333,19,55.39333333,9.53,57.43333333,19.40222222,36.28722222,21.27277778,45.72777778,19.2,44.26,8.35,746.75,67.5,8,40,2.6
70,0,21.29,45.66333333,20.79,43.22333333,21.42666667,43.79,19,41.22333333,19,55.19944444,9.763333333,56.83,19.51055556,36.18666667,21.47388889,46.53777778,19.2,44.43333333,8.43,746.7666667,66.66666667,8.333333333,40,2.5
90,0,21.29,45.46333333,20.85666667,43.09,21.5,43.9,19,41.03,19,54.99833333,9.69,55.22333333,19.6,35.92944444,21.65,46.76333333,19.26,44.63333333,8.52,746.7833333,65.83333333,8.666666667,40,2.4
90,0,21.35666667,45.02666667,20.89,43.12666667,21.5,43.82666667,19,40.93333333,19,54.90388889,9.63,55.19333333,19.6,35.76888889,21.715,47.17555556,19.29,44.7,8.6,746.8,65,9,40,2.3
80,0,21.29,44.9,20.89,43.12666667,21.53333333,43.86333333,19,40.93333333,19,54.82666667,9.63,54.72666667,19.6,35.57722222,21.81777778,47.79444444,19.29,44.62666667,8.53,746.8833333,65.16666667,8.833333333,40,2.28
70,0,21.35666667,44.86333333,20.89,42.62333333,21.6,43.79,19,40.93333333,19,54.79,9.6,55.3,19.6,35.48333333,21.98166667,48.08722222,19.29,44.59,8.47,746.9666667,65.33333333,8.666666667,40,2.27
90,10,21.29,44.25666667,20.82333333,41.95666667,21.5,43.7,19,41,19,54.71666667,9.533333333,55.23333333,19.6,35.345,22.05,48.04944444,19.29,44.53,8.4,747.05,65.5,8.5,40,2.25
100,0,21.29,43.66333333,20.79,41.46666667,21.5,43.7,19,41.09,19,54.545,9.323333333,56.06666667,19.59444444,35.20888889,22.11666667,47.64333333,19.2,44.36333333,8.33,747.1333333,65.66666667,8.333333333,40,2.23
100,10,21.29,43.53,20.73,41.32666667,21.5,43.66333333,18.92666667,41.16333333,19,54.42055556,9.0975,56.525,19.51111111,35.10222222,22.2,47.13111111,19.2,44.23,8.27,747.2166667,65.83333333,8.166666667,40,2.22
100,20,21.29,43.36333333,20.7,41.2,21.5,43.59,18.89,41.29,18.97555556,54.245,8.926666667,57.3,19.49388889,35.085,22.205,46.73555556,19.2,44.13333333,8.2,747.3,66,8,40,2.2
110,10,21.29,43.29,20.7,41.2,21.5,43.59,18.89,41.36333333,19,54.12777778,8.8,57.39,19.48166667,35.075,22.28,46.42944444,19.2,43.93333333,8.1,747.25,66,8,40,2.1
120,20,21.26,43.29666667,20.7,41.2,21.5,43.53,18.89,41.43333333,18.95722222,54.01,8.666666667,57.72333333,19.40833333,34.95388889,22.29555556,46.09,19.2,43.69,8,747.2,66,8,40,2
250,10,21.2,43.16333333,20.7,41.26,21.5,43.5,18.89,41.43333333,18.95111111,53.91666667,8.323333333,58.45666667,19.39,34.9,22.35666667,45.65722222,19.2,43.43,7.9,747.15,66,8,40,1.9
160,10,21.2,43.59333333,20.6,41.09,21.42666667,43.43333333,18.85666667,41.36333333,18.89,53.9,8.063333333,58.99,19.38444444,34.86333333,22.40833333,45.34444444,19.2,43.23,7.8,747.1,66,8,40,1.8
80,10,21.2,45,20.6,41.22333333,21.39,43.26,18.79,41.29,18.89,53.9,7.73,59.89333333,19.32333333,34.82666667,22.5,45.15444444,19.2,43.06,7.7,747.05,66,8,40,1.7
60,10,21.2,44.93,20.6,41.56666667,21.39,43.26,18.79,41.29,18.89,53.9,7.463333333,60.83333333,19.29,34.88777778,22.50555556,44.84444444,19.2,42.93333333,7.6,747,66,8,40,1.6
60,10,21.2,44.59666667,20.625,41.7225,21.39,43.32666667,18.79,41.29,18.89,53.9,7.23,61.99666667,19.29,34.91666667,22.51666667,44.71,19.1,42.76,7.58,747.0333333,66,8,40,1.58
70,10,21.29,44.145,20.7,41.79,21.39,43.32666667,18.79,41.245,18.89,53.9,7.03,62.92333333,19.275,34.92777778,22.5,44.63277778,19.1,42.56666667,7.57,747.0666667,66,8,40,1.57
390,10,21.39,43.66333333,20.82333333,41.72333333,21.39,43.06,18.7,41.2,18.89,53.92777778,7.063333333,63.62666667,19.2,34.9,22.48166667,44.54833333,19.1,42.33333333,7.55,747.1,66,8,40,1.55
350,10,21.46333333,43.53,20.96333333,41.53,21.39,42.925,18.7,41.2,18.89,53.98888889,7.19,63.5,19.2,34.98333333,22.40222222,44.43333333,19.1,42.12666667,7.53,747.1333333,66,8,40,1.53
270,10,21.6,43.5,21.1,41.56,21.39,42.82666667,18.7,41.09,18.89,53.98888889,7.23,63.09333333,19.2,35,22.39,44.38166667,19.06666667,41.99,7.52,747.1666667,66,8,40,1.52
260,0,21.6,43.76666667,21.16666667,41.5,21.42666667,42.86,18.7,41.09,18.89,53.97222222,7.03,62.62666667,19.2,35,22.43277778,44.26111111,19,41.79,7.5,747.2,66,8,40,1.5
180,10,21.73,44,21.23,41.5,21.56666667,42.93333333,18.7,41.06,18.89,53.99444444,6.69,62.86,19.15,34.98333333,22.5,43.99888889,19.1,41.76,7.43,747.1166667,66.16666667,8,40,1.48
100,10,21.93,44.2,21.29,41.5,21.63333333,43.12666667,18.7,41,18.89,54,6.563333333,63.13333333,19.1,34.91111111,22.5,43.46444444,19.1,41.62666667,7.37,747.0333333,66.33333333,8,40,1.47
280,0,22.1,44.02666667,21.42666667,41.5,21.7,43.2,18.7,41,18.89,54,6.56,63.32666667,19.1,34.9,22.5,43.23277778,19.1,41.4,7.3,746.95,66.5,8,40,1.45
260,0,22.1,43.9,21.5,41.56,21.7,43.2,18.7,40.93333333,18.89,54,6.475,63.67,19.1,34.87555556,22.56111111,43.02444444,19.03333333,41.32666667,7.23,746.8666667,66.66666667,8,40,1.43
280,0,22.1,43.46666667,21.6,41.46666667,21.7,43.26,18.6,40.79,18.89,54,6.4,63.9,19.1,34.9,22.6,42.845,19,41.2,7.17,746.7833333,66.83333333,8,40,1.42
100,10,22.16666667,43.26666667,21.6,41.32666667,21.7,43.23,18.6,40.73,18.89,53.96111111,6.263333333,64.53333333,19.09444444,34.82055556,22.6,42.79,19,41.2,7.1,746.7,67,8,40,1.4
260,20,22.23,42.96666667,21.6,41.2,21.63333333,43.23,18.6,40.73,18.89,53.89277778,6.19,65.26666667,19.08333333,34.85722222,22.6,42.845,19,41.09,7.12,746.6166667,67.33333333,8.166666667,40,1.47
190,30,22.29,42.76666667,21.66666667,41.06666667,21.7,43.2,18.79333333,40.99,18.89,53.775,6.09,65.85666667,19.01666667,34.80833333,22.53888889,42.74722222,19,41.09,7.13,746.5333333,67.66666667,8.333333333,40,1.53
100,20,22.29,42.56,21.7,41.06,21.7,43.12666667,19.55666667,40.96666667,18.89,53.69166667,6.09,66.73,19,34.79,22.445,42.47666667,19,41.045,7.15,746.45,68,8.5,40,1.6
100,20,22.35666667,42.5,21.7,41,21.7,43.06,20.15666667,40.76666667,18.89,53.61444444,6.19,67.33,19,34.79,22.32888889,42.14277778,19,41,7.17,746.3666667,68.33333333,8.666666667,40,1.67
90,30,22.39,42.46666667,21.7,41.06,21.7,43,20.26,40.5,18.89,53.575,6.263333333,67.26333333,19,34.845,22.275,41.95166667,19,41,7.18,746.2833333,68.66666667,8.833333333,40,1.73
140,20,22.39,42.32666667,21.7,41,21.7,43,20.2,40.63333333,18.89,53.48333333,6.466666667,67.06,19,34.9,22.20444444,41.67222222,19,41,7.2,746.2,69,9,40,1.8
430,20,22.39,42.16333333,21.7,41.09,21.7,43,20.1,41.03,18.89,53.36833333,6.4,67.33333333,19,34.92777778,22.13333333,41.545,19,41,7.27,746.1166667,69.16666667,9.333333333,40,1.92
250,20,22.39,42.03,21.7,41.09,21.7,43,20.1,41.09,18.89,53.275,6.53,68.33333333,19,35,22.09444444,41.40555556,18.89,40.93333333,7.33,746.0333333,69.33333333,9.666666667,40,2.03
90,20,22.39,41.9,21.65,41.09,21.7,43,20.1,41.09,18.89,53.19166667,6.656666667,68.33333333,18.98777778,35.015,22.03333333,41.24222222,18.89,41,7.4,745.95,69.5,10,40,2.15
100,30,22.39,41.925,21.66666667,41.16333333,21.7,43,20.19666667,41.26,18.89,53.045,6.833333333,68.09,18.96333333,35.06,22,41.19388889,18.89,41,7.47,745.8666667,69.66666667,10.33333333,40,2.27
90,20,22.39,42,21.6,41.09,21.7,43,20.72333333,41.2,18.89,52.98333333,6.966666667,68.03,18.945,35.09,21.96944444,41.07722222,18.89,41,7.53,745.7833333,69.83333333,10.66666667,40,2.38
90,20,22.29,42.09,21.56666667,41.09,21.7,43.06,21.2,40.66,18.89,52.88166667,6.933333333,67.96666667,18.95111111,35.18166667,21.89,41.045,18.89,40.9,7.6,745.7,70,11,40,2.5
90,20,22.29,42.09,21.5,41.09,21.7,43.06,21.2,40.46666667,18.89,52.78722222,7.06,67.9,18.95722222,35.2,21.89,41.015,18.89,40.9,7.67,745.5333333,69.83333333,11.33333333,40,2.52
70,30,22.29,42,21.5,41.06,21.7,43.06,21.1,40.82666667,18.89,52.68166667,7.19,67.26666667,18.90833333,35.255,21.80666667,40.92722222,18.89,40.9,7.73,745.3666667,69.66666667,11.66666667,40,2.53
60,20,22.29,42,21.5,40.93333333,21.7,43.09,21.03333333,40.9,20.10333333,76.68055556,7.2175,67,18.91444444,35.45055556,21.79,41.23833333,18.89,40.9,7.8,745.2,69.5,12,40,2.55
60,20,22.29,41.9,21.39,41,21.7,43.09,20.96333333,41.26666667,21.57666667,85.63666667,7.366666667,67,18.92055556,35.92444444,21.85111111,43.16333333,18.89,40.96333333,7.87,745.0333333,69.33333333,12.33333333,40,2.57
60,30,22.23,41.82666667,21.39,41.13333333,21.7,43.12666667,20.89,41.52666667,20.96611111,88.585,7.433333333,66.76333333,18.90833333,36.26333333,21.89,45.14111111,18.89,41.16333333,7.93,744.8666667,69.16666667,12.66666667,40,2.58
60,20,22.2,41.79,21.35666667,41.32666667,21.7,43.2,20.89,41.73,20.54277778,90.38555556,7.5,66.56333333,18.90222222,36.50444444,21.92055556,46.24333333,18.89,41.46333333,8,744.7,69,13,40,2.6
70,20,22.2,41.79,21.29,41.46666667,21.66666667,43.29,20.82333333,41.79,20.33611111,90.99611111,7.59,66.23333333,18.96944444,36.66333333,21.98777778,47.12388889,18.89,41.66333333,7.88,744.5,70.66666667,13,37.5,2.8
80,20,22.2,41.79,21.26,41.5,21.6,43.29,20.89,42.06666667,20.18222222,90.91555556,7.59,65.96666667,18.95111111,36.85888889,21.95722222,48.07333333,18.89,41.86,7.77,744.3,72.33333333,13,35,3
90,30,22.13333333,41.79,21.2,41.5,21.6,43.29,21.09666667,42.2,20.03888889,90.65444444,7.623333333,66.1,18.95722222,37.025,21.96944444,48.86277778,18.89,42.06,7.65,744.1,74,13,32.5,3.2
90,20,22.1,41.79,21.2,41.46666667,21.6,43.36333333,21.73333333,42.02666667,19.945,90.52,7.623333333,66.3,18.93277778,37.10833333,22.01666667,49.25666667,18.89,42.245,7.53,743.9,75.66666667,13,30,3.4
90,20,22.1,41.86333333,21.13333333,41.4,21.6,43.4,22.19333333,41.76666667,19.80666667,90.23111111,7.59,67.59666667,18.97555556,37.225,22.12777778,49.5,18.89,42.4,7.42,743.7,77.33333333,13,27.5,3.6
80,20,22.06666667,41.86333333,21.1,41.43333333,21.6,43.46666667,22.8,41.66333333,19.77,90.01333333,7.53,70.12333333,18.92055556,37.35722222,22.235,49.535,18.89,42.46666667,7.3,743.5,79,13,25,3.8
50,10,22,41.79,21.1,41.5,21.6,43.5,23,41.39,19.765,89.58055556,7.433333333,71.12666667,18.93888889,37.42777778,22.31777778,49.53388889,18.89,42.62666667,7.42,743.3833333,78.33333333,13,27.5,3.78
20,0,22,42.12666667,21.06666667,41.56,21.53333333,43.5,22.72666667,41.23,19.71,89.21,7.5,70.72666667,18.96944444,37.535,22.39,49.29777778,18.82333333,42.7,7.53,743.2666667,77.66666667,13,30,3.77
40,0,21.92666667,42.26,21,41.5,21.5,43.5,22.53333333,41.43,19.66111111,88.82944444,7.59,70.46666667,18.93888889,37.645,22.39,49.53388889,18.89,43.03,7.65,743.15,77,13,32.5,3.75
40,0,21.96333333,42.29,21,41.73,21.42666667,43.43333333,22.26,41.53,19.6,88.11666667,7.656666667,70.4,18.91444444,37.705,22.35111111,49.68666667,18.89,43.22333333,7.77,743.0333333,76.33333333,13,35,3.73
50,0,21.89,42.29,20.9175,41.8975,21.39,43.43333333,22.0725,41.6725,19.57222222,87.03333333,7.726666667,70.23,18.945,37.735,22.29,49.78,18.89,43.53,7.88,742.9166667,75.66666667,13,37.5,3.72
50,0,21.84,42.245,20.89,42.0225,21.39,43.5225,21.82333333,41.7,19.51111111,85.34666667,7.8,70.09,18.89611111,37.715,22.255,49.83833333,18.89,43.72333333,8,742.8,75,13,40,3.7
50,0,21.79,42.2,20.89,42.16333333,21.39,43.53,21.66666667,41.79,19.49388889,83.75944444,7.9,70.89333333,18.90833333,37.80055556,22.22,50.05833333,18.89,43.93333333,7.95,742.5666667,76.33333333,12.83333333,40,3.92
40,0,21.79,42.2,20.85666667,42.2,21.39,43.53,21.53333333,41.86333333,19.42666667,82.38222222,7.9,72.975,18.92055556,37.87555556,22.22,50.13277778,18.89,44.13333333,7.9,742.3333333,77.66666667,12.66666667,40,4.13
50,0,21.79,42.23,20.79,42.26,21.39,43.59,21.35666667,41.93333333,19.39,81.05111111,7.9,73.72666667,18.92666667,37.92777778,22.2,50.13888889,18.89,44.32666667,7.85,742.1,79,12.5,40,4.35
40,0,21.73,42.29,20.79,42.29,21.39,43.59,21.29,42.06,19.39,79.75888889,7.866666667,75.92333333,18.93888889,38.01,22.2,50.19277778,18.89,44.46666667,7.8,741.8666667,80.33333333,12.33333333,40,4.57
50,0,21.7,42.32666667,20.73,42.36333333,21.39,43.59,21.16666667,42.12666667,19.39,78.47944444,7.8,77.13,18.945,38.055,22.18888889,50.29222222,18.89,44.73,7.75,741.6333333,81.66666667,12.16666667,40,4.78
50,0,21.7,42.4,20.7,42.43333333,21.39,43.62666667,21.1,42.26,19.31777778,77.27222222,7.763333333,77.79333333,18.90833333,38.09611111,22.10555556,50.39388889,18.89,44.86333333,7.7,741.4,83,12,40,5
50,0,21.66666667,42.4,20.7,42.5,21.39,43.62666667,20.96333333,42.32666667,19.29,76.51,7.69,78.2,18.92055556,38.16333333,22.1,50.43333333,18.89,45.12666667,7.77,741.2333333,83.16666667,12,40,5.1
50,0,21.6,42.4,20.7,42.59,21.39,43.59,20.89,42.4,19.28,75.58611111,7.833333333,78.26333333,18.92055556,38.275,22.05,50.465,18.89,45.26,7.83,741.0666667,83.33333333,12,40,5.2
40,0,21.6,42.43333333,20.7,42.66333333,21.39,43.53,20.79,42.43333333,19.205,74.47944444,7.9,78.19,18.90833333,38.345,22.01111111,50.62055556,18.89,45.46333333,7.9,740.9,83.5,12,40,5.3
40,0,21.6,42.5,20.66666667,42.7,21.39,43.53,20.73,42.5,19.2,73.59611111,8.033333333,78.1,18.91444444,38.4,21.99388889,50.885,18.96333333,45.66333333,7.97,740.7333333,83.66666667,12,40,5.4
40,0,21.56666667,42.59,20.6,42.7,21.46333333,43.59,20.66666667,42.59,19.2,72.67166667,8.16,78.43333333,18.93277778,38.45,21.945,51.39777778,18.945,45.895,8.03,740.5666667,83.83333333,12,40,5.5
40,0,21.5,42.66333333,20.6,42.79,21.42666667,43.53,20.6,42.59,19.15,71.80888889,8.226666667,78.59,18.92055556,38.5,21.89611111,51.73666667,19,46.12666667,8.1,740.4,84,12,40,5.6
50,0,21.5,42.73,20.6,42.79,21.5,43.59,20.5,42.73,19.1,71.08222222,8.36,78.53,18.90833333,38.53,21.89,51.84833333,19,46.26,8.1,740.1666667,85.5,11.83333333,42.83333333,5.83
50,0,21.42666667,42.73,20.56666667,42.9,21.46333333,43.56,20.5,42.79,19.1,70.36277778,8.463333333,79.93333333,18.93277778,38.585,21.89,52.07833333,19,46.43333333,8.1,739.9333333,87,11.66666667,45.66666667,6.07
50,0,21.39,42.79,20.56666667,42.9,21.46333333,43.56,20.39,42.79,19.1,69.48944444,8.256666667,84.12666667,18.92055556,38.62055556,21.89,52.335,19,46.56,8.1,739.7,88.5,11.5,48.5,6.3
50,0,21.39,42.86333333,20.5,42.9,21.53333333,43.62666667,20.39,42.86333333,19.1,68.61833333,8.1,88.13,18.89611111,38.705,21.85111111,52.48111111,19,46.73,8.1,739.4666667,90,11.33333333,51.33333333,6.53
40,0,21.35666667,42.93333333,20.5,42.96666667,21.6,43.7,20.29,42.93333333,19.08888889,67.87611111,8.033333333,90.39666667,18.95111111,38.79222222,21.79,52.57555556,19,46.86333333,8.1,739.2333333,91.5,11.16666667,54.16666667,6.77
40,0,21.29,43,20.5,43.09,21.6,43.7,20.2675,43.045,19.07222222,67.23666667,8.1,92.23,18.92666667,38.875,21.79,52.80388889,19,46.96333333,8.1,739,93,11,57,7
50,0,21.29,43.145,20.39,43.09,21.675,43.7675,20.2,43.06,19.06111111,66.63111111,8.1,93.02333333,18.89,38.98888889,21.78,53.12388889,19,47.09,8,739.0333333,92.66666667,10.5,51.16666667,6.85
40,0,21.29,43.32666667,20.39,43.16333333,21.7,43.73,20.16666667,43.23,19.01666667,66.09777778,8.19,93.7,18.89611111,39.055,21.755,53.275,19,47.26666667,7.9,739.0666667,92.33333333,10,45.33333333,6.7
40,0,21.23,43.32666667,20.39,43.29,21.7,43.79,20.1,43.29,19,65.58666667,8.263333333,94.35666667,18.95722222,39.145,21.73,53.29,19,47.46666667,7.8,739.1,92,9.5,39.5,6.55
50,0,21.2,43.46333333,20.39,43.36333333,21.7,43.79,20.1,43.4,19.02222222,65.25055556,7.663333333,94.23,18.95722222,39.2,21.72,53.215,19,47.65666667,7.7,739.1333333,91.66666667,9,33.66666667,6.4
50,0,21.2,43.59,20.39,43.29,21.7,43.82666667,20.1,43.46666667,19,64.86888889,7.463333333,95.22666667,18.92055556,39.265,21.7,53.225,19,47.79,7.6,739.1666667,91.33333333,8.5,27.83333333,6.25
50,0,21.16666667,43.7,20.32333333,43.36333333,21.7,43.9,20,43.43333333,19,64.52833333,7.73,95.62666667,18.91444444,39.30833333,21.7,53.29,19,47.9,7.5,739.2,91,8,22,6.1
50,0,21.16666667,43.7,20.29,43.4,21.7,44,20,43.5,19,64.29277778,7.8,95.69,18.89,39.4,21.7,53.29,19,47.96666667,7.57,739.1166667,91,7.833333333,25,6.17
40,0,21.2,43.79,20.29,43.46666667,21.7,44,20,43.53,19,64.02833333,7.866666667,95.76333333,18.90222222,39.4,21.66111111,53.27,19,48,7.63,739.0333333,91,7.666666667,28,6.23
20,0,21.2,43.79,20.29,43.53,21.73,44,19.92666667,43.59,19,63.76722222,7.966666667,95.86666667,18.91444444,39.47222222,21.62222222,53.32055556,19,48.06,7.7,738.95,91,7.5,31,6.3
30,0,21.1,43.9,20.29,43.59,21.79,44,19.89,43.7,19,63.52944444,7.833333333,95.72666667,18.93277778,39.51,21.62222222,53.50333333,19,48.2,7.77,738.8666667,91,7.333333333,34,6.37
20,0,21.1,43.9,20.26,43.59,21.7,44,19.89,43.76,19,63.31166667,7.56,95.59,18.90833333,39.575,21.6,53.5,19.06666667,48.33333333,7.83,738.7833333,91,7.166666667,37,6.43
40,0,21.1,43.93333333,20.26,43.66333333,21.7,44,19.89,43.79,19,63.10222222,7.56,95.59,18.89,39.59,21.6,53.59944444,19.1,48.5,7.9,738.7,91,7,40,6.5
40,0,21.1,44,20.26,43.7,21.7,44.09,19.89,43.79,19,62.97,7.56,95.59,18.89,39.62055556,21.6,53.59,19.03333333,48.46333333,8.13,738.6833333,88.83333333,7.5,37.33333333,6.35
50,0,21.1,44.03,20.2,43.7,21.7,44.16333333,19.79,43.82666667,19,62.72666667,7.433333333,95.46333333,18.89,39.7,21.6,53.555,19.1,48.59,8.37,738.6666667,86.66666667,8,34.66666667,6.2
50,0,21.03333333,44.03,20.2,43.7,21.7,44.2,19.79,43.9,18.90833333,62.56944444,7.53,95.5,18.89,39.7,21.57222222,53.45,19,48.53,8.6,738.65,84.5,8.5,32,6.05
60,0,21,44.03,20.2,43.7,21.7,44.2,19.79,43.9,18.95722222,62.38055556,7.59,95.5,18.89,39.755,21.52222222,53.24722222,19.06666667,48.66333333,8.83,738.6333333,82.33333333,9,29.33333333,5.9
50,0,21,44.09,20.2,43.7,21.7,44.2,19.79,43.96666667,18.90222222,62.215,7.833333333,95.66,18.91444444,39.79,21.5,53.10222222,19.06666667,48.7,9.07,738.6166667,80.16666667,9.5,26.66666667,5.75
40,0,21,44.09,20.2,43.76,21.7,44.2,19.7,43.93333333,18.90833333,62.17722222,7.9,95.8,18.89,39.79,21.5,53.085,19.06666667,48.76,9.3,738.6,78,10,24,5.6
40,0,21,44.16333333,20.16666667,43.82666667,21.7,44.23,19.7,44.045,18.89,62.11166667,8,95.8,18.89,39.79,21.5,53.055,19.1,48.9,9.18,738.5666667,78.5,9.833333333,24.66666667,5.58
40,0,21,44.2,20.1,43.845,21.7,44.29,19.7,44.06,18.89,61.95,7.83,95.73,18.89,39.79,21.5,53.09,19.1,48.9,9.07,738.5333333,79,9.666666667,25.33333333,5.57
50,0,20.9175,44.2,20.1,43.96666667,21.7,44.29,19.7,44.09,18.89,61.74722222,7.763333333,95.59,18.89,39.79,21.48166667,53.04833333,19.1,49,8.95,738.5,79.5,9.5,26,5.55
40,0,20.89,44.26,20.1,44,21.7,44.36333333,19.63333333,44.03,18.89,61.60222222,7.8,95.65666667,18.89,39.85722222,21.43277778,52.94388889,19.1,49,8.83,738.4666667,80,9.333333333,26.66666667,5.53
60,20,20.89,44.29,20.1,44,21.7,44.36333333,19.6,44.09,18.89,61.49222222,7.726666667,95.59,18.89,39.86944444,21.40833333,52.92333333,19.1,49.09,8.72,738.4333333,80.5,9.166666667,27.33333333,5.52
80,10,20.89,44.36333333,20.1,44,21.7,44.29,19.66666667,44.29666667,18.89,60.42888889,7.626666667,95.39666667,18.86222222,39.68166667,21.39,52.565,19.1,49.03,8.6,738.4,81,9,28,5.5
70,0,20.89,44.72666667,20.1,43.86,21.7,44.29,20.13,44.36333333,18.98166667,57.98388889,7.433333333,94.99666667,18.82888889,39.39666667,21.37333333,52.06388889,19.1,48.93,8.62,738.5,79.66666667,9.333333333,30,5.27
90,0,20.89,45.06,20.1,43.7,21.6,44.16333333,20.53,44.15666667,19.01666667,56.44666667,7.19,94.4,18.85111111,39.20555556,21.37888889,51.47777778,19.1,48.73,8.63,738.6,78.33333333,9.666666667,32,5.03
70,0,20.89,45.09666667,20.1,43.7,21.6,44.09,20.86,43.86333333,19.08888889,55.49333333,7.263333333,94.19333333,18.79,38.96,21.32333333,51.02722222,19.1,48.46666667,8.65,738.7,77,10,34,4.8
60,20,20.96333333,45.09666667,20.1,43.82666667,21.6,43.96666667,21.13333333,43.79,19.1,54.76555556,7.3,93.46666667,18.79,38.79333333,21.29,50.61333333,19.1,48.26666667,8.67,738.8,75.66666667,10.33333333,36,4.57
60,20,21,45.22333333,20.1,43.9,21.6,43.82666667,21.32333333,43.6,19.1,54.165,7.433333333,93.13333333,18.79,38.645,21.28,50.29055556,19.1,47.93,8.68,738.9,74.33333333,10.66666667,38,4.33
60,20,21,45.03,20.1,43.76,21.5,43.79,21.39,43.19333333,19.1,53.64944444,7.5,91.95666667,18.77,38.575,21.245,49.865,19.1,47.65666667,8.7,739,73,11,40,4.1
60,30,20.96333333,44.96666667,20.1,43.62666667,21.5,43.79,21.46333333,43.02666667,19.10555556,53.22,7.5,91.43,18.79,38.48333333,21.21,49.45277778,19,47.145,8.68,738.95,73.5,10.5,40,4.18
60,20,20.89,44.9,20.1,43.46666667,21.5,43.76,21.39,42.9,19.11666667,52.93166667,7.563333333,91.86666667,18.79,38.41111111,21.21,49.23833333,19,46.76666667,8.67,738.9,74,10,40,4.27
300,20,20.89,44.95666667,20.1,43.32666667,21.5,43.62666667,21.39,42.86333333,19.1,53.30277778,7.763333333,91.93333333,18.77,38.4,21.2,49.18166667,19,46.43333333,8.65,738.85,74.5,9.5,40,4.35
360,30,20.89,45.49,20.1,43.36,21.5,43.7,21.32333333,42.86333333,19.08888889,54.00333333,7.9,91.3,18.79,38.30833333,21.19444444,49.10222222,19,46.22333333,8.63,738.8,75,9,40,4.43
160,20,20.89,45.36333333,20.1,43.5,21.5,43.62666667,21.29,42.79,19.00555556,54.42444444,8.033333333,90.63333333,18.755,38.29,21.16666667,49.025,19,46.03,8.62,738.75,75.5,8.5,40,4.52
110,20,20.89,45.23,20.1,43.4,21.5,43.59,21.29,42.79,19,54.68777778,8.1,89.29333333,18.775,38.275,21.13333333,48.94444444,19,45.86333333,8.6,738.7,76,8,40,4.6
80,30,20.89,45.06,20.1,43.4,21.42666667,43.53,21.29,42.79,19,54.76111111,8.3,87.42,18.75,38.2,21.11111111,49.03388889,19,45.73,8.5,738.8,76.66666667,8.5,43.83333333,4.62
80,0,20.89,44.86,20.1,43.29,21.42666667,43.43333333,21.29,42.8175,19,54.845,8.566666667,86.26666667,18.735,38.19388889,21.17222222,49.17722222,19,45.52666667,8.4,738.9,77.33333333,9,47.66666667,4.63
70,0,20.89,44.79,20.1,43.195,21.42666667,43.43333333,21.23,42.63333333,19,54.92166667,8.666666667,81.06,18.71,38.12666667,21.18888889,49.2,19,45.32666667,8.3,739,78,9.5,51.5,4.65
80,0,20.89,44.73,20.1,43.03,21.39,43.4,21.2,42.26,18.945,54.95,8.86,77.72666667,18.71,38.055,21.11111111,49.12777778,19,45.16333333,8.2,739.1,78.66666667,10,55.33333333,4.67
100,0,20.89,44.545,20.1,42.86333333,21.39,43.5,21.13333333,42.12666667,18.89,54.89277778,8.89,75.96666667,18.71,37.95,21.13333333,48.92944444,19,45.03,8.1,739.2,79.33333333,10.5,59.16666667,4.68
160,20,20.79,44.26,20.03333333,42.65666667,21.39,43.5,21,41.79,18.89,54.775,8.756666667,76.63333333,18.72,37.97222222,21.12777778,48.79944444,18.92666667,44.83333333,8,739.3,80,11,63,4.7
710,20,20.79,44.12666667,20,42.62666667,21.29,43.4,21,41.86333333,18.89,54.75,7.523333333,80.8,18.73,37.96666667,21.1,48.7,19,44.56666667,7.88,739.3166667,80.33333333,10.5,59.16666667,4.65
660,0,20.79,44.09,20,42.62666667,21.35666667,43.52666667,20.92666667,42.03,18.89,54.65722222,7.123333333,85,18.765,37.93888889,21.13333333,48.76,18.92666667,44.43,7.77,739.3333333,80.66666667,10,55.33333333,4.6
300,0,20.79,44.09,20.1,42.73,21.69666667,44.76333333,21,42.43,18.89,54.58722222,7.226666667,86.26333333,18.79,37.9,21.15,48.645,18.92666667,44.15666667,7.65,739.35,81,9.5,51.5,4.55
300,0,20.89,44.42666667,20.16666667,42.73,22.03,45.43,21,42.73,18.89,54.52,7.3,85.26333333,18.85111111,37.9,21.19388889,48.68666667,18.92666667,43.96666667,7.53,739.3666667,81.33333333,9,47.66666667,4.5
290,0,20.89,44.76,20.2,42.79,22.46,45.66333333,21,42.79,18.89,54.48888889,7.226666667,84.99333333,18.89,37.845,21.26,48.76,19,43.96666667,7.42,739.3833333,81.66666667,8.5,43.83333333,4.45
250,0,20.96333333,44.82666667,20.2,42.86333333,22.72666667,45.39,21,42.82666667,18.89,54.48888889,7.366666667,85.99333333,18.89611111,37.79,21.32888889,48.92333333,19,43.9,7.3,739.4,82,8,40,4.4
300,0,20.96333333,44.9,20.2,42.93333333,22.92666667,45.19333333,21,42.96666667,18.89,54.5,7.856666667,85.45666667,18.93888889,37.765,21.39,49.02722222,19,43.96666667,7.63,739.3833333,79.66666667,9,40,4.27
370,0,21,45.32666667,20.2,43,23.06666667,44.8,21,43.15666667,18.89,54.51,8.523333333,77.26333333,19,37.53055556,21.40833333,48.75722222,19,44.09,7.97,739.3666667,77.33333333,10,40,4.13
190,10,21,45.4,20.23,43.03,23.2,44.26666667,21,43.29,18.87888889,54.575,8.83,68.69,19,37.22666667,21.52777778,48.53944444,19,43.72333333,8.3,739.35,75,11,40,4
110,0,21.1,45.62666667,20.29,43.16333333,23.26,43.8,21,43.26,18.85666667,54.56,8.89,67.95666667,19.00555556,36.95944444,21.58888889,48.08833333,19,43.53,8.63,739.3333333,72.66666667,12,40,3.87
80,0,21.1,45.29333333,20.29,43.2,23.29,43.19333333,21,43.12666667,18.86777778,54.555,9.033333333,66.96333333,19.04444444,36.91666667,21.63888889,47.80222222,19,43.36333333,8.97,739.3166667,70.33333333,13,40,3.73
90,0,21.13333333,44.93,20.35666667,43.06666667,23.23,42.8,21,43.09,18.89,54.55,9.1225,66.6725,19.1,36.79333333,21.755,47.63277778,19,43.43,9.3,739.3,68,14,40,3.6
90,0,21.13333333,44.79,20.29,42.86333333,23.06666667,42.59,21,42.96333333,18.88444444,54.465,9.263333333,67.66666667,19.1,36.66944444,21.79,47.45,19,43.56,9.02,739.35,68.5,13.5,40,3.43
350,0,21.1,44.56,20.29,42.73,23,42.59,21,43,18.81777778,54.27222222,9.19,69.1,19.1,36.565,21.85111111,47.53833333,19,43.3,8.73,739.4,69,13,40,3.27
750,20,21.1,44.69333333,20.29,42.59,22.89,42.56666667,21,43,18.85666667,54.225,9.13,67.82666667,19.1,36.51,21.92055556,47.645,19,43.02666667,8.45,739.45,69.5,12.5,40,3.1
520,20,21.1,44.83333333,20.29,42.66333333,22.82333333,42.7,21,42.995,18.87888889,54.18777778,8.463333333,70.22666667,19.1,36.47222222,22,47.44833333,19,42.82666667,8.17,739.5,70,12,40,2.93
350,30,21.16666667,44.9,20.29,42.845,22.945,43.045,21.03333333,43.12666667,18.87888889,54.18777778,8.13,71.36666667,19.1,36.38055556,21.97555556,46.67055556,19,42.76,7.88,739.55,70.5,11.5,40,2.77
290,20,21.2,45.045,20.29,43.03,23.2,42.93,21.1,43.2,18.84,54.145,7.7,73,19.1,36.30833333,21.90833333,46.10833333,19,42.62666667,7.6,739.6,71,11,40,2.6
260,20,21.2,45.03,20.29,43.09,23.26,42.73,21.1,43.23,18.85111111,54.15722222,7.433333333,77.59333333,19.1,36.45,21.89,45.72666667,19,42.59,7.68,739.6333333,70.66666667,10.83333333,37.66666667,2.6
230,30,21.2,44.75666667,20.29,43.16333333,23.49333333,42.63333333,21.16666667,43.43,18.85666667,54.16333333,7.5,79.33,19.11666667,36.515,21.84555556,45.38388889,19,42.59,7.77,739.6666667,70.33333333,10.66666667,35.33333333,2.6
200,20,21.23,44.62666667,20.29,43.09,23.82666667,43.1,21.2,43.46666667,18.85111111,54.07111111,7.56,78.45666667,19.29277778,36.575,21.89,45.10222222,19,42.73,7.85,739.7,70,10.5,33,2.6
80,20,21.29,44.56666667,20.39,42.9,24.03333333,43.36,21.26,43.4,18.86222222,54.03,7.76,74.23,19.45722222,36.47,21.97555556,44.77444444,19,42.86333333,7.93,739.7333333,69.66666667,10.33333333,30.66666667,2.6
120,20,21.29,44.22333333,20.39,42.76666667,24.1,43.43333333,21.32333333,43.19333333,18.85666667,54.01444444,8.033333333,71.23,19.5,36.17944444,21.95722222,44.46555556,19,42.86333333,8.02,739.7666667,69.33333333,10.16666667,28.33333333,2.6
220,30,21.29,44.42333333,20.29,42.4,23.96333333,43.06333333,21.39,42.93333333,18.82888889,53.86833333,8.226666667,70.13333333,19.5,36.00944444,21.97555556,44.59333333,19,42.79,8.1,739.8,69,10,26,2.6
700,20,21.29,44.26666667,20.29,42.46666667,23.76333333,42.39666667,21.39,42.76,18.88444444,53.88777778,8.36,68.86,19.445,35.84111111,22,44.67555556,19,42.56,8.08,739.85,68.83333333,10.16666667,28.33333333,2.57
610,20,21.29,44.13333333,20.29,42.46666667,23.6,42.22666667,21.39,42.62666667,18.82888889,53.72888889,8.46,66.69666667,19.39,35.70388889,22.08333333,44.72,19,42.36,8.07,739.9,68.66666667,10.33333333,30.66666667,2.53
370,30,21.29,44.06333333,20.35666667,42.32666667,23.66666667,42.69333333,21.39,42.59,18.84,53.64888889,8.46,65.89666667,19.42055556,35.63277778,22.15,44.62,19,42.2,8.05,739.95,68.5,10.5,33,2.5
280,20,21.29,43.73,20.5,42.16333333,23.96,43.33,21.39,42.59,18.87888889,53.61666667,8.16,65.93,19.56111111,35.56777778,22.235,44.52,19,42.23,8.03,740,68.33333333,10.66666667,35.33333333,2.47
280,20,21.32333333,43.66333333,20.56666667,42.03,24.22666667,43.72333333,21.5,42.56,18.84,53.50611111,8.1,65.39666667,19.62222222,35.37833333,22.29,44.5,19,42.36333333,8.02,740.05,68.16666667,10.83333333,37.66666667,2.43
280,20,21.39,43.46333333,20.6,41.79,24.53333333,44.09,21.5,42.5,18.80111111,53.35722222,8.245,64.795,19.6,35.255,22.35111111,44.43888889,19,42.4,8,740.1,68,11,40,2.4
260,30,21.39,43.13333333,20.6,41.73,24.66666667,44.16333333,21.5,42.46666667,18.84,53.24722222,8.563333333,64.3,19.6,35.18777778,22.445,44.50555556,19,42.26666667,7.98,740.25,69.16666667,11.16666667,44.16666667,2.62
140,20,21.39,43.33333333,20.73,41.66333333,24.79,43.86333333,21.5,42.4,18.86777778,53.12055556,8.763333333,63.56666667,19.6,35.09611111,22.56111111,44.89222222,19,42.2,7.97,740.4,70.33333333,11.33333333,48.33333333,2.83
140,20,21.5,43.13333333,20.79,41.46333333,24.79,43.53,21.5,42.36333333,18.88444444,53.04944444,8.926666667,62.49333333,19.6,35.09,22.6,45.3,19,42.12666667,7.95,740.55,71.5,11.5,52.5,3.05
100,20,21.5,42.86,20.92666667,41.36333333,24.72666667,43.16,21.5,42.29,18.86222222,52.99222222,8.926666667,62.76666667,19.59444444,35.09,22.62777778,45.50333333,19,42,7.93,740.7,72.66666667,11.66666667,56.66666667,3.27
120,0,21.6,42.66333333,21.06666667,41.29,24.53333333,42.76666667,21.5,42.145,18.85666667,52.96111111,8.69,62.39333333,19.51111111,35.035,22.66666667,45.47777778,19,41.93333333,7.92,740.85,73.83333333,11.83333333,60.83333333,3.48
120,0,21.66666667,42.59,21.15,41.1,24.35666667,42.46666667,21.5,42,18.85666667,52.89888889,8.43,66.79333333,19.5,35.10333333,22.705,45.34944444,19,41.76,7.9,741,75,12,65,3.7
100,10,21.79,42.36333333,21.32333333,40.86333333,24.1975,42.1675,21.42666667,42,18.82333333,52.80055556,7.7,72.06333333,19.5,35.245,22.74,45.25277778,19,41.7,7.92,741.0166667,74,11.83333333,58.5,3.52
150,0,21.8925,42.24,21.46333333,40.73,24.03333333,41.96333333,21.39,42.09,18.86333333,52.778,7.366666667,71.73,19.5,35.29,22.79,45.01555556,19,41.7,7.93,741.0333333,73,11.66666667,52,3.33
480,0,22.06666667,42.83,21.63333333,40.46666667,23.89,41.82666667,21.32333333,42.16333333,18.89,52.785,7.3,69.96,19.48777778,35.28,22.78,44.93333333,19,41.7,7.95,741.05,72,11.5,45.5,3.15
320,0,22.23,43.46333333,21.76,40.4,23.89,42.02666667,21.29,42.23,18.89,52.775,7.3,69.36666667,19.42055556,35.15777778,22.78,44.98333333,19,41.62666667,7.97,741.0666667,71,11.33333333,39,2.97
300,0,22.35666667,43.53,21.89,40.26,24.06666667,42.56666667,21.23,42.29,18.89,52.79,7.396666667,68.46333333,19.39,35.09,22.79,44.97777778,19,41.7,7.98,741.0833333,70,11.16666667,32.5,2.78
280,0,22.53333333,43.59,22.03,40.2,24.26,42.76,21.2,42.32666667,18.89,52.86944444,7.656666667,67.06333333,19.39,35.09,22.79,44.99722222,18.89,41.66333333,8,741.1,69,11,26,2.6
390,10,22.66666667,43.59,22.23,40,24.36,42.82666667,21.2,42.4,18.89,52.91666667,7.833333333,63.96333333,19.39,35.045,22.79,44.77722222,18.89,41.59,7.97,741.2333333,69.33333333,11.16666667,28.33333333,2.63
480,20,22.92666667,43.62333333,22.43,39.93333333,24.56666667,42.82666667,21.1,42.53,18.89,53,7.9,63.83,19.36222222,35,22.77,44.60833333,18.89,41.56,7.93,741.3666667,69.66666667,11.33333333,30.66666667,2.67
460,20,23.06666667,43.29,22.63333333,39.66333333,24.76333333,43.15666667,21.1,42.66333333,18.89,53.075,7.833333333,63.62666667,19.30111111,35,22.745,44.59,18.89,41.5,7.9,741.5,70,11.5,33,2.7
380,20,23.23,49.76666667,22.82666667,39.59,24.96333333,43.36333333,21.2,43.06666667,18.89,53.16944444,7.9,63.42666667,19.29,35,22.7,44.61944444,18.89,41.4,7.87,741.6333333,70.33333333,11.66666667,35.33333333,2.73
370,30,23.35666667,53.49333333,23.03333333,39.86,25.13333333,43.5,21.26,43.86,18.89611111,53.34777778,7.85,64.295,19.29,35,22.7,44.95277778,18.89,41.36333333,7.83,741.7666667,70.66666667,11.83333333,37.66666667,2.77
420,10,23.5,49.79666667,23.16666667,40,25.2,43.5,21.32333333,44.72666667,18.93277778,53.58444444,7.656666667,65.32333333,19.29,35.075,22.7,45.29166667,18.89,41.29,7.8,741.9,71,12,40,2.8
100,10,23.56666667,48.13,23.23,40.3,25.16666667,43.36333333,21.39,45.19333333,19.14055556,53.63611111,7.59,65.86333333,19.29,35.09,22.7,45.37,18.89,41.29,7.78,742.0166667,70.83333333,12,37.5,2.75
90,10,23.7,48.13,23.35666667,40.63333333,25.1,43.69666667,21.39,44.76333333,19.85111111,52.58611111,7.466666667,66.19,19.29,35.09,22.61111111,44.79444444,18.89,41.29,7.77,742.1333333,70.66666667,12,35,2.7
90,0,23.7,47.13,23.39,40.7,24.96333333,43.86333333,21.32333333,44.03,20.20388889,51.33333333,7.333333333,66.45666667,19.29,35.09,22.56111111,44.525,18.89,41.29,7.75,742.25,70.5,12,32.5,2.65
90,10,23.79,46.32666667,23.46333333,40.7,24.82333333,43.65666667,21.26,43.33333333,20.40944444,50.33888889,7.3,66.52333333,19.28,35.08,22.6,44.76277778,18.89,41.23,7.73,742.3666667,70.33333333,12,30,2.6
80,0,23.79,44.93333333,23.53333333,40.63333333,24.72666667,43.46666667,21.2,42.8,20.56666667,49.58666667,7.366666667,66.06333333,19.28,35.08,22.6,45.25333333,18.89,41.2,7.72,742.4833333,70.16666667,12,27.5,2.55
90,10,23.85666667,44.03333333,23.6,40.43333333,24.6,43.32666667,21.16666667,42.33333333,20.71388889,48.84666667,7.433333333,65.86666667,19.255,35.055,22.6,45.43222222,18.89,41.12666667,7.7,742.6,70,12,25,2.5
150,30,23.79,43.36666667,23.56666667,40.13333333,24.4725,43.24,21.125,42.5725,21.03444444,65.08666667,7.5,65.32666667,19.2,35,22.6,45.33888889,18.89,41.09,7.72,742.7166667,69.83333333,11.5,24.66666667,2.5
100,20,23.79,42.62333333,23.5,39.82,24.39,43.09,21.26,43.62333333,21.16,76.82722222,7.623333333,64.46,19.2,34.93888889,22.6,45.56055556,18.89,41.09,7.73,742.8333333,69.66666667,11,24.33333333,2.5
100,20,23.79,42.03,23.5,39.62666667,24.29,43,21.42666667,43.79,20.735,76.87444444,7.69,63.93333333,19.2,34.9,22.6,45.43722222,18.89,41,7.75,742.95,69.5,10.5,24,2.5
90,30,23.79,41.645,23.5,39.65666667,24.26,42.83333333,21.56666667,43.79,20.65,69.70222222,7.69,63.59,19.2,34.9,22.58333333,44.76666667,18.89,40.93333333,7.77,743.0666667,69.33333333,10,23.66666667,2.5
80,20,23.79,41.59,23.5,39.93,24.2,42.7,21.6,43.66333333,20.78055556,59.51722222,7.69,63.72333333,19.2,34.9,22.5,44.09444444,18.85666667,40.86333333,7.78,743.1833333,69.16666667,9.5,23.33333333,2.5
100,20,23.79,41.59,23.39,40,24.16666667,42.66333333,21.6,43.53,20.87888889,55.42388889,7.69,63.82666667,19.2,34.83277778,22.43277778,43.54277778,18.85666667,40.79,7.8,743.3,69,9,23,2.5
90,20,23.79,41.62666667,23.39,40,24.1,42.66333333,21.6,43.29,20.95722222,53.21833333,7.623333333,63.76666667,19.2,34.845,22.36647059,42.99823529,18.89,40.79,7.77,743.4166667,69,9.166666667,23.5,2.47
90,30,23.79,41.62666667,23.42666667,40.03,24,42.5,21.6,43.23,21,51.64166667,7.623333333,63.82666667,19.17222222,34.80833333,22.29,42.63058824,18.89,40.79,7.73,743.5333333,69,9.333333333,24,2.43
70,30,23.73,41.46666667,23.42666667,40.03,24,42.56,21.6,43,21.02222222,50.49833333,7.69,63.82666667,19.18333333,34.79,22.27941176,42.25411765,18.79,40.59,7.7,743.65,69,9.5,24.5,2.4
90,30,23.73,41.32666667,23.29,39.86333333,23.79,42.19333333,21.6,42.93333333,21.07222222,49.63166667,7.69,63.29,19.2,34.79,22.2,41.82,18.79,40.59,7.67,743.7666667,69,9.666666667,25,2.37
70,20,23.7,41.16333333,23.29,39.79,23.79,42.6,21.7,43,21.07722222,50.19388889,7.69,63.2975,19.15,34.775,22.2,41.54222222,18.79,40.545,7.63,743.8833333,69,9.833333333,25.5,2.33
90,0,23.7,41.03,23.2,39.7,23.79,42.93333333,21.7,42.93333333,21.54611111,72.74222222,7.563333333,63.89333333,19.15,34.87388889,22.2,42.00888889,18.79,40.5,7.6,744,69,10,26,2.3
70,30,23.6,40.86,23.2,39.62666667,23.79,43,21.6,42.79,21.97666667,81.78888889,7.366666667,64.99333333,19.18888889,35.16,22.25,43.30888889,18.79,40.56,7.5,744.0666667,69.83333333,10.16666667,26.5,2.37
60,20,23.6,41.06,23.1,39.83,23.82333333,43.03,21.6,42.93,21.57111111,73.58055556,7.366666667,66.06,19.18888889,35.43333333,22.29,44.26666667,18.82333333,41.03,7.4,744.1333333,70.66666667,10.33333333,27,2.43
70,20,23.5,41.32666667,23.1,40.36333333,23.89,43.03,21.6,43.46333333,21.39166667,63.87055556,7.4,66.43333333,19.15555556,35.67,22.32333333,45.17222222,18.89,41.43,7.3,744.2,71.5,10.5,27.5,2.5
60,20,23.5,41.52666667,22.96333333,40.89,23.89,43.03,21.6,43.72333333,21.27,58.29444444,7.333333333,66.5,19.16666667,35.90333333,22.34555556,45.70333333,18.89,41.76666667,7.2,744.2666667,72.33333333,10.66666667,28,2.57
60,20,23.39,41.69333333,22.89,41.16333333,23.89,43.09,21.6,44.03,21.235,55.60388889,7.3,66.43333333,19.18888889,36.06,22.29,45.94333333,18.89,41.96666667,7.1,744.3333333,73.16666667,10.83333333,28.5,2.63
60,20,23.39,42.02666667,22.79,41.09,23.79,43,21.66666667,44.22333333,21.17222222,53.79944444,7.226666667,67.83333333,19.16666667,36.23666667,22.29,46.13529412,18.89,42.23,7,744.4,74,11,29,2.7
50,30,23.29,42.2,22.73,41.16333333,23.79,43,21.7,44.29,21.1,52.58,6.523333333,73.03333333,19.17777778,36.345,22.21058824,46.40411765,18.89,42.36333333,6.9,744.45,75,11,27.83333333,2.78
60,20,23.29,42.26,22.66666667,41.2,23.7,43,21.7,44.3725,21.05,51.66277778,5.996666667,75.43333333,19.17222222,36.52444444,22.24235294,46.94411765,18.89,42.53,6.8,744.5,76,11,26.66666667,2.87
60,20,23.2,42.23,22.6,41.2,23.63333333,42.93333333,21.7,44.4,21,50.88166667,5.656666667,77.13,19.13333333,36.68777778,22.29,47.35333333,18.89,42.59,6.7,744.55,77,11,25.5,2.95
60,20,23.13333333,42.29,22.5,41.245,23.56666667,42.9,21.79,44.4,21,50.38,5.73,77.73,19.13888889,36.775,22.29,47.48611111,18.89,42.73,6.6,744.6,78,11,24.33333333,3.03
50,0,23.1,42.4,22.39,41.2,23.5,42.8725,21.79,44.4,20.92055556,49.91444444,6.063333333,76.75666667,19.18888889,36.845,22.285,47.755,18.89,42.79,6.5,744.65,79,11,23.16666667,3.12
50,0,23.025,42.475,22.39,41.26,23.5,42.79,21.7,44.09,20.90222222,49.58333333,6.123333333,75.49,19.13888889,36.96111111,22.255,48.02555556,18.89,43.03,6.4,744.7,80,11,22,3.2
50,0,23,42.7,22.29,41.29,23.445,42.7225,21.63333333,43.96333333,20.89,49.24111111,5.966666667,74.89666667,19.15,37.025,22.29,48.44888889,18.89,43.16333333,6.37,744.7166667,79.83333333,10.83333333,23,3.12
50,0,22.89,42.66333333,22.23,41.23,23.39,42.66333333,21.56666667,43.76,20.84,48.905,5.9,75.15666667,19.17777778,37.09611111,22.29,48.71277778,18.89,43.43333333,6.33,744.7333333,79.66666667,10.66666667,24,3.03
40,0,22.82333333,42.59,22.2,41.2,23.39,42.59,21.42666667,43.62666667,20.82333333,48.65722222,5.866666667,75.43333333,19.13888889,37.23277778,22.285,48.79,18.96333333,43.56,6.3,744.75,79.5,10.5,25,2.95
50,0,22.79,42.5,22.13333333,41.2,23.29,42.7,21.39,43.59,20.80111111,48.39055556,5.875,75.495,19.1,37.23,22.23,48.86722222,18.89,43.73,6.27,744.7666667,79.33333333,10.33333333,26,2.87
40,0,22.79,42.5,22.06666667,41.26,23.29,42.7,21.39,43.59,20.79,48.19666667,5.833333333,75.16,19.12222222,37.29,22.23,48.93333333,18.89,43.86333333,6.23,744.7833333,79.16666667,10.16666667,27,2.78
40,0,22.7,42.5,22,41.2,23.2,42.62666667,21.29,43.5,20.765,48.045,5.9,75.3,19.1,37.30833333,22.23,48.98111111,18.945,43.95,6.2,744.8,79,10,28,2.7
60,0,22.7,42.43333333,21.96333333,41.2,23.2,42.7,21.23,43.43333333,20.7,47.89833333,5.9,75.16,19.1,37.4,22.24,49.04,18.96333333,44.12666667,6.22,744.8,79,9.666666667,30,2.72
50,0,22.6,42.29,21.89,41.2,23.2,42.7,21.16666667,43.4,20.7,47.765,5.833333333,75.25666667,19.1,37.42222222,22.2,49.045,18.89,44.26,6.23,744.8,79,9.333333333,32,2.73
50,0,22.6,42.29,21.85666667,41.16333333,23.2,42.7,21.1,43.4,20.7,47.68166667,5.966666667,75.46333333,19.1,37.47222222,22.18333333,49.00944444,19,44.5,6.25,744.8,79,9,34,2.75
50,0,22.56666667,42.29,21.79,41.09,23.1,42.73,21.06666667,43.36333333,20.62777778,47.525,6.123333333,74.8,19.1,37.5,22.08888889,48.89888889,19,44.56,6.27,744.8,79,8.666666667,36,2.77
40,0,22.5,42.29,21.79,41.09,23.1,42.73,21,43.29,20.6,47.41055556,6.123333333,74.59333333,19.1,37.5,22.04444444,48.75611111,19,44.73,6.28,744.8,79,8.333333333,38,2.78
40,0,22.5,42.29,21.73,41.09,23.1,42.7,21,43.29,20.6,47.30222222,6.156666667,74.62666667,19.1,37.545,22.05,48.745,19,44.79,6.3,744.8,79,8,40,2.8
50,0,22.42666667,42.23,21.7,41.12666667,23.1,42.7,20.92666667,43.29,20.58888889,47.255,6.156666667,74.56,19.1,37.58,22,48.79333333,19,44.9,6.3,744.7666667,79.83333333,8.166666667,40,2.95
40,0,22.39,42.23,21.63333333,41.12666667,23.03333333,42.62666667,20.89,43.29,20.56666667,47.2,6.333333333,74.69,19.1,37.59611111,22,49.00555556,19,44.96666667,6.3,744.7333333,80.66666667,8.333333333,40,3.1
50,0,22.32333333,42.29,21.6,41.09,23.03333333,42.7,20.865,43.2675,20.51666667,47.15722222,6.4,74.69,19.1,37.66333333,22,49.255,19,45.09,6.3,744.7,81.5,8.5,40,3.25
40,0,22.29,42.29,21.6,41.09,23.03333333,42.62666667,20.79,43.2,20.5,47.09,6.4,75.43,19.1,37.7,21.96333333,49.29,19,45.16333333,6.3,744.6666667,82.33333333,8.666666667,40,3.4
30,0,22.29,42.36333333,21.56666667,41.09,23.1,42.7,20.79,43.2,20.5,47.09,6.466666667,75.95666667,19.1,37.7,21.92055556,49.29,19,45.32666667,6.3,744.6333333,83.16666667,8.833333333,40,3.55
30,0,22.2,42.29,21.5,41.09,23.1,42.66333333,20.73,43.2,20.46333333,47.06,6.4,77.03333333,19.1,37.7,21.89,49.33277778,19,45.46666667,6.3,744.6,84,9,40,3.7
30,0,22.13333333,42.29,21.5,41.16333333,23.1,42.59,20.7,43.2,20.48166667,47.075,6.4,77.3,19.1,37.745,21.89,49.29611111,19,45.73,6.3,744.4833333,83.5,9,38.16666667,3.63
30,0,22.1,42.29,21.39,41.09,23.1,42.66333333,20.7,43.2,20.42055556,47.025,6.366666667,77.09,19.1,37.79,21.89,49.29,19,45.79,6.3,744.3666667,83,9,36.33333333,3.57
50,0,22.1,42.4,21.39,41.09,23.1,42.7,20.66666667,43.16333333,20.39611111,46.98833333,6.375,76.8225,19.1,37.79,21.85111111,49.27944444,19,45.93333333,6.3,744.25,82.5,9,34.5,3.5
40,0,22.03333333,42.32666667,21.39,41.2,23.1,42.76,20.6,43.09,20.39,46.95,6.466666667,76.06666667,19.1,37.88166667,21.79,49.16944444,19,46.06,6.3,744.1333333,82,9,32.66666667,3.43
40,0,22,42.32666667,21.32333333,41.2,23.1,42.82666667,20.6,43,20.39,46.93888889,6.5,75.49333333,19.1,37.9,21.79,49.215,19.03333333,46.15666667,6.3,744.0166667,81.5,9,30.83333333,3.37
50,0,22,42.4,21.29,41.23,23.1,42.9,20.6,43,20.37333333,46.9,6.433333333,75.16,19.1,37.9,21.77,49.45,19.03333333,46.23,6.3,743.9,81,9,29,3.3
40,0,21.89,42.4,21.29,41.29,23.1,42.93333333,20.5,43,20.30111111,46.9,6.5,74.99,19.1,37.9,21.765,49.555,19.1,46.345,6.28,743.7833333,80.66666667,8.833333333,28.83333333,3.22
50,0,21.89,42.4,21.26,41.26,23.1,42.93333333,20.5,43,20.29,46.9,6.5,74.46333333,19.05,37.86222222,21.775,49.59,19.06666667,46.46666667,6.27,743.6666667,80.33333333,8.666666667,28.66666667,3.13
40,0,21.85666667,42.46666667,21.2,41.2,23.1,42.93333333,20.5,43,20.29,46.83277778,6.59,73.7,19.03333333,37.915,21.775,49.535,19.06666667,46.52666667,6.25,743.55,80,8.5,28.5,3.05
50,0,21.79,42.4,21.2,41.32666667,23.1,42.93333333,20.5,43,20.29,46.79,6.53,73.22666667,19.02222222,37.87333333,21.7,49.5,19.06666667,46.59,6.23,743.4333333,79.66666667,8.333333333,28.33333333,2.97
50,0,21.79,42.5,21.2,41.32666667,23.1,42.93333333,20.39,42.9,20.29,46.785,6.23,72.79,19.02222222,37.81444444,21.7,49.515,19,46.59,6.22,743.3166667,79.33333333,8.166666667,28.16666667,2.88
40,0,21.79,42.5,21.16666667,41.4,23.1,43,20.39,42.9,20.29,46.74,5.963333333,73.59666667,19.01111111,37.84388889,21.7,49.62055556,19.1,46.73,6.2,743.2,79,8,28,2.8
50,0,21.76,42.53,21.1,41.4,23.1,42.93333333,20.39,42.9,20.255,46.71166667,5.9,74.62666667,19.01111111,37.91111111,21.67777778,49.68666667,19.1,46.79,6.17,743.1,79.16666667,8,27.66666667,2.78
50,0,21.7,42.59,21.1,41.4,23.1,43,20.39,42.9,20.2,46.59,5.76,74.43333333,19.02222222,37.92222222,21.7,49.91666667,19.1,46.79,6.13,743,79.33333333,8,27.33333333,2.77
40,0,21.7,42.59,21.03333333,41.32666667,23.1,42.96666667,20.39,42.9,20.2,46.59,5.56,75.06666667,19,37.9,21.61666667,49.79888889,19.1,46.86333333,6.1,742.9,79.5,8,27,2.75
40,0,21.7,42.59,21.03333333,41.43333333,23.1,42.96666667,20.39,42.9,20.2,46.59,5.5,75.66666667,19,37.9,21.6,49.715,19.1,46.9,6.07,742.8,79.66666667,8,26.66666667,2.73
50,0,21.6,42.5,21.03333333,41.43333333,23.1,43,20.29,42.845,20.2,46.59,5.5,76.19333333,19,37.87555556,21.6,49.86888889,19.1,46.9,6.03,742.7,79.83333333,8,26.33333333,2.72
50,0,21.6,42.5,21,41.4,23.1,43,20.29,42.79,20.2,46.555,5.5,76.66666667,19,37.9,21.6,50.015,19.1,46.93333333,6,742.6,80,8,26,2.7
50,0,21.6,42.5,21,41.46666667,23.1,43.03,20.29,42.79,20.2,46.53,5.526666667,76.49666667,19,37.9,21.6,50.04,19.1,46.93333333,6.07,742.4166667,80,8,26.16666667,2.77
50,0,21.6,42.56,20.89,41.5,23.1,43.09,20.26,42.76,20.2,46.53,5.425,77.445,19,37.90555556,21.6,49.97222222,19.1,47,6.13,742.2333333,80,8,26.33333333,2.83
40,0,21.6,42.59,20.89,41.5,23.1,43.045,20.2,42.7,20.16111111,46.51,5.626666667,78.15666667,19,37.91666667,21.55,49.92166667,19.1,47.06,6.2,742.05,80,8,26.5,2.9
50,0,21.525,42.59,20.89,41.56,23.1,43.09,20.2,42.7,20.1,46.51,5.8,77.79666667,19,37.90555556,21.52222222,50.055,19.1,47.09,6.27,741.8666667,80,8,26.66666667,2.97
40,0,21.5,42.59,20.89,41.59,23.1,43.09,20.2,42.7,20.1,46.535,5.8,77.65666667,19,37.98666667,21.51111111,50.02,19.1,47.09,6.33,741.6833333,80,8,26.83333333,3.03
50,0,21.5,42.7,20.89,41.66333333,23.1,43.06,20.2,42.7,20.1,46.535,5.933333333,77.96666667,19,38,21.5,50,19.1,47.09,6.4,741.5,80,8,27,3.1
40,0,21.5,42.7,20.79,41.59,23.03333333,42.93333333,20.2,42.7,20.1,46.58555556,6,77.76,19,38,21.5,50.02,19.1,47.09,6.4,741.2333333,80.66666667,7.5,26.83333333,3.22
40,30,21.39,42.59,20.79,41.59,23,42.9,20.16666667,42.7,20.1,46.68777778,6.123333333,77.65666667,18.99388889,37.93333333,21.5,50.045,19.1,47.2,6.4,740.9666667,81.33333333,7,26.66666667,3.33
50,20,21.39,42.59,20.79,41.65666667,23,42.96666667,20.16666667,42.83333333,20.08333333,46.61777778,6.19,77.59,18.95111111,38,21.46944444,50.13277778,19.1,47.2,6.4,740.7,82,6.5,26.5,3.45
70,10,21.39,42.79,20.79,41.79,22.96333333,42.96666667,20.23,43.36,20.01666667,46.54333333,6.226666667,77.83333333,18.96333333,38,21.45722222,50.32333333,19.1,47.12666667,6.4,740.4333333,82.66666667,6,26.33333333,3.57
60,0,21.39,42.79,20.7,41.73,22.82333333,42.56666667,20.23,43.43333333,20.02777778,46.60055556,6.3,77.9,18.91444444,38,21.43888889,50.75666667,19.1,47.09,6.4,740.1666667,83.33333333,5.5,26.16666667,3.68
50,0,21.39,42.96333333,20.7,41.73,22.79,42.29,20.2,43.5,20,46.59,6.433333333,78.19333333,18.89,38.03,21.45722222,51.18666667,19.1,47.03,6.4,739.9,84,5,26,3.8
50,0,21.39,43.29666667,20.7,41.82666667,22.79,42.23,20.2,43.5,20,46.60833333,6.5,78.86,18.89,38.025,21.43888889,51.275,19.1,46.96666667,6.33,739.6166667,85.5,5,31.83333333,3.98
40,0,21.39,43.36333333,20.7,41.96666667,22.76,42.2,20.2,43.5,20,46.725,6.466666667,81.26333333,18.92055556,38.08,21.39,51.345,19.1,46.9,6.27,739.3333333,87,5,37.66666667,4.17
40,0,21.39,43.29,20.7,42.12666667,22.7,42.2,20.13333333,43.5,20,46.88166667,6.4,82.85666667,18.92666667,38.09,21.39,51.51833333,19.1,46.9,6.2,739.05,88.5,5,43.5,4.35
40,0,21.39,43.4,20.7,42.26,22.675,42.0675,20.13333333,43.53,20,46.92777778,6.3,84.36333333,18.92666667,38.13888889,21.39,51.60222222,19.1,46.9,6.13,738.7666667,90,5,49.33333333,4.53
70,0,21.39,43.46666667,20.63333333,42.36,22.6,42,20.13333333,43.59,20,47,6.3,85.36333333,18.95111111,38.16944444,21.39,51.70888889,19.1,46.86333333,6.07,738.4833333,91.5,5,55.16666667,4.72
70,0,21.39,43.56666667,20.7,42.56,22.5,41.96666667,20.1,43.645,20,47,6.226666667,86.29,18.92055556,38.09333333,21.39,51.81444444,19.1,46.73,6,738.2,93,5,61,4.9
360,0,21.39,43.96,20.7,42.56,22.42666667,41.76666667,20.1,43.59,20,46.98333333,6.2175,87.1425,18.89,38,21.38444444,51.62722222,19,46.43,5.92,737.8333333,93,4.833333333,61.33333333,4.83
190,0,21.39,43.76,20.63333333,42.43333333,22.46333333,41.79,20.1,43.53,20,46.88166667,6.19,87.7,18.87333333,37.98333333,21.31222222,51.28055556,19,46.15666667,5.83,737.4666667,93,4.666666667,61.66666667,4.77
150,0,21.39,43.62666667,20.6,42.29,22.39,41.73,20.06666667,43.43,20,46.76722222,6.156666667,87.76333333,18.79,37.82055556,21.30111111,50.92333333,19,45.83333333,5.75,737.1,93,4.5,62,4.7
120,0,21.39,43.56,20.6,42.2,22.35666667,41.7,20,43.29,20,46.645,6.09,87.89666667,18.83444444,37.80944444,21.29,50.77722222,19,45.56666667,5.67,736.7333333,93,4.333333333,62.33333333,4.63
80,0,21.39,43.5,20.6,42.2,22.29,41.7,20.03333333,43.32666667,20,46.50944444,6.06,88.22666667,18.79,37.71,21.29,50.57333333,19,45.22333333,5.58,736.3666667,93,4.166666667,62.66666667,4.57
60,0,21.29,43.45,20.6,42.12666667,22.29,41.62666667,20.1,43.32666667,20,46.43333333,6,88.36666667,18.79,37.7,21.28,50.43777778,19,44.96333333,5.5,736,93,4,63,4.5
180,10,21.29,43.26,20.6,42.12666667,22.26,41.56,20,43.09,19.97555556,46.33888889,6.06,88.26333333,18.79,37.62055556,21.21,50.14388889,19,44.72333333,5.42,735.5666667,93.66666667,3.666666667,63,4.52
180,0,21.29,43.12666667,20.6,42,22.2,41.5,20,43.09,20,46.31777778,6,88.19,18.79,37.59,21.215,49.965,19,44.59,5.33,735.1333333,94.33333333,3.333333333,63,4.53
480,0,21.29,42.96666667,20.6,42,22.2,41.4,20,43,19.93277778,46.21,5.9,88.43333333,18.79,37.59,21.2,49.95,19,45.16666667,5.25,734.7,95,3,63,4.55
530,0,21.29,43.02666667,20.5,41.9,22.2,41.4,20,43,19.89,46.22,5.966666667,88.36666667,18.79,37.59,21.245,50.03388889,19.05,46.1425,5.17,734.2666667,95.66666667,2.666666667,63,4.57
220,0,21.29,43.23,20.5,41.96666667,22.16666667,41.43333333,20,42.93333333,19.89,46.15111111,5.966666667,88.4,18.78,37.59,21.29,50.05,19.06666667,46.43,5.08,733.8333333,96.33333333,2.333333333,63,4.58
120,0,21.29,43.23,20.5,42,22.1,41.545,19.92666667,43.06,19.89,46.245,5.966666667,88.66666667,18.78,37.57,21.29,50.09,19,46.29,5,733.4,97,2,63,4.6
110,0,21.29,43.22333333,20.5,42,22.1,41.59,19.89,43.09,19.89,46.35111111,5.966666667,89.53333333,18.77,37.59,21.29,50.12666667,19,46.23,5,733,97.33333333,2.5,55.83333333,4.63
100,0,21.29,43.03,20.5,42,22.1,41.59,19.89,43.03,19.89,46.38166667,5.9,89.99333333,18.775,37.57,21.29,50.07722222,19,46.06,5,732.6,97.66666667,3,48.66666667,4.67
110,0,21.29,42.96666667,20.5,42,22.1,41.5,19.89,42.96666667,19.89,46.4,5.866666667,90.43,18.7,37.59,21.35111111,49.96055556,19,45.93333333,5,732.2,98,3.5,41.5,4.7
100,10,21.29,42.9,20.42142857,41.85,22.03333333,41.43333333,19.89,42.9,19.89,46.42777778,5.8,91.49666667,18.705,37.59,21.40833333,50.12555556,19,45.76,5,731.8,98.33333333,4,34.33333333,4.73
130,0,21.29,42.7,20.39,41.79,22,41.09,19.85666667,42.83333333,19.89,46.59444444,5.866666667,92.85666667,18.735,37.59,21.49333333,50.48777778,19,45.62666667,5,731.4,98.66666667,4.5,27.16666667,4.77
170,0,21.29,42.76,20.39,41.73,22,41.09,19.79,42.7,19.89,46.555,5.925,93.1675,18.71,37.59,21.58888889,50.545,19,45.46666667,5,731,99,5,20,4.8
560,0,21.29,44.26666667,20.39,41.86333333,21.89,41.2,19.79,42.645,19.86777778,46.70277778,5.966666667,93.43333333,18.71,37.59,21.6,49.87,19,45.4,5,730.7166667,98.83333333,4.833333333,21.5,4.78
430,0,21.43,44.86,20.39,42.09666667,21.96333333,41.4,19.79,42.59,19.89,46.98277778,6.19,93.69,18.7,37.63277778,21.62777778,49.17333333,19,45.26,5,730.4333333,98.66666667,4.666666667,23,4.77
360,0,21.5,44.22333333,20.39,42.43,22.16333333,42.32333333,19.79,42.53,19.89,47.09611111,6.19,93.76333333,18.7,37.7,21.76055556,48.77111111,19,45.2,5,730.15,98.5,4.5,24.5,4.75
350,0,21.5,44.03,20.39,42.65666667,22.4975,43.0425,19.79,42.5,19.89,47.19777778,6.366666667,94,18.7,37.71,21.85666667,48.39722222,19,45.09,5,729.8666667,98.33333333,4.333333333,26,4.73
330,0,21.6,43.83333333,20.4725,42.8975,22.7,43.2,19.79,42.5,19.89,47.30333333,6.3,94,18.7,37.775,21.95722222,48.11722222,19,45.09,5,729.5833333,98.16666667,4.166666667,27.5,4.72
280,0,21.66666667,43.7,20.5,43,22.945,43.145,19.73,42.5,19.89,47.4,6.126666667,93.72666667,18.7,37.775,22.05,47.88055556,19,45,5,729.3,98,4,29,4.7
220,0,21.79,43.545,20.5,43.12666667,23.1,42.97,19.79,42.5,19.89,47.40555556,5.933333333,93.86666667,18.7,37.7,22.10555556,47.66722222,19,45,4.93,729.3333333,98.16666667,4,28.83333333,4.65
150,0,21.82333333,44.5,20.5,43.2,23.13333333,42.59666667,19.79,42.46666667,19.89,47.48888889,5.656666667,94,18.73,37.69388889,22.18888889,47.46,19,44.9,4.87,729.3666667,98.33333333,4,28.66666667,4.6
120,0,21.89,46.09333333,20.5,43.32666667,23.16666667,42.4,19.73,42.4,19.89,47.68111111,5.59,94,18.71,37.60222222,22.255,47.30333333,19,44.82666667,4.8,729.4,98.5,4,28.5,4.55
120,0,21.89,45.06333333,20.5,43.46666667,23.1,42.32666667,19.7,42.36333333,19.89,48.14611111,5.623333333,94,18.7,37.59,22.34,47.155,19,44.79,4.73,729.4333333,98.66666667,4,28.33333333,4.5
140,0,21.89,44.59666667,20.5,43.36333333,22.89,41.93,19.7,42.29,19.80666667,48.41333333,5.623333333,93.93333333,18.7,37.59,22.39,47.035,19,44.695,4.67,729.4666667,98.83333333,4,28.16666667,4.45
120,0,21.89,44.13333333,20.5,43.23,22.82333333,41.79,19.7,42.29,19.79,48.635,5.59,93.8,18.7,37.545,22.445,47.045,19,44.59,4.6,729.5,99,4,28,4.4
130,0,21.89,43.86,20.6,43.09,22.66666667,41.72333333,19.7,42.23,19.79,48.78111111,5.59,93.72666667,18.7,37.51,22.50555556,47.015,19,44.5,4.55,729.7,98.5,4.666666667,33.5,4.28
130,0,21.89,43.63333333,20.6,43.03,22.6,41.59,19.7,42.2,19.79,48.88777778,5.59,93.62333333,18.7,37.5,22.58888889,46.91944444,19,44.5,4.5,729.9,98,5.333333333,39,4.17
130,0,21.82333333,43.36,20.6,42.86333333,22.56666667,41.59,19.63333333,42.12666667,19.79,48.96111111,5.59,93.69,18.7,37.545,22.63888889,46.83277778,19,44.4,4.45,730.1,97.5,6,44.5,4.05
130,0,21.82333333,43.23,20.6,42.73,22.5,41.59,19.63333333,42.12666667,19.745,49,5.56,93.56,18.7,37.515,22.7,46.9,19,44.4,4.4,730.3,97,6.666666667,50,3.93
120,0,21.89,43.23,20.73,42.79,22.46333333,41.56,19.7,42.2,19.7,49.055,5.3725,93.4,18.7,37.5,22.715,46.89388889,19,44.29,4.35,730.5,96.5,7.333333333,55.5,3.82
160,0,21.92666667,43.02666667,20.85666667,42.73,22.46333333,41.5,19.66666667,42.13333333,19.7,49.12055556,4.996666667,93.22666667,18.7,37.39833333,22.79,46.72666667,19,44.29,4.3,730.7,96,8,61,3.7
240,0,22,42.76666667,21.03333333,42.46666667,22.5,41.5,19.6,42,19.7,49.2,4.593333333,93.02666667,18.7,37.245,22.79,46.37555556,19,44.2,4.12,730.9833333,95.83333333,7.5,57.5,3.48
220,0,22.1,43.72666667,21.16666667,42.26666667,22.42666667,41.36,19.6,41.9,19.7,49.2,4.26,92.83333333,18.7,37.08777778,22.79,46.03944444,19,44.12666667,3.93,731.2666667,95.66666667,7,54,3.27
200,0,22.16666667,42.86,21.32333333,41.99,22.39,41.26,19.6,41.76,19.68888889,49.18777778,3.93,92.65666667,18.7,36.85611111,22.79555556,45.64555556,19,44,3.75,731.55,95.5,6.5,50.5,3.05
210,0,22.23,45.29333333,21.53,41.65666667,22.46333333,41.4,19.6,41.7,19.65,49.145,3.73,92.53,18.68888889,36.69666667,22.87888889,45.38055556,19,43.93333333,3.57,731.8333333,95.33333333,6,47,2.83
160,0,22.29,47.42666667,21.73,41.33333333,22.42666667,41.69333333,19.6,41.56,19.63333333,49.13277778,3.73,92.46666667,18.67222222,36.52833333,22.93277778,45.13722222,19,43.76,3.38,732.1166667,95.16666667,5.5,43.5,2.62
110,0,22.39,48.36333333,21.85666667,41.26,22.5,42.02666667,19.53333333,41.43333333,19.6,49.18777778,3.79,92.4,18.66111111,36.39055556,22.98777778,44.94333333,19,43.7,3.2,732.4,95,5,40,2.4
100,0,22.39,46.23,21.89,41.2,22.5,42.26,19.5,41.36333333,19.6,49.23,3.79,92.3,18.66666667,36.245,22.96333333,44.91055556,19,43.59,3.35,732.7166667,94.33333333,5.166666667,38,2.45
110,0,22.39,44.69666667,22,41.06,22.5,42.1725,19.5,41.29,19.6,49.275,3.863333333,92.36666667,18.67777778,36.17555556,22.945,45.14888889,19,43.53,3.5,733.0333333,93.66666667,5.333333333,36,2.5
110,0,22.39,43.92,22,40.86,22.5,42.09,19.5,41.09,19.6,49.255,3.933333333,92.36666667,18.67777778,36.17555556,22.89,45.16277778,19,43.46666667,3.65,733.35,93,5.5,34,2.55
120,0,22.39,43.46333333,21.89,40.76,22.5,42,19.5,41.09,19.6,49.2,4,92.22666667,18.67777778,36.17555556,22.90222222,44.92944444,19,43.4,3.8,733.6666667,92.33333333,5.666666667,32,2.6
120,0,22.35666667,43.13333333,21.89,40.7,22.5,41.93333333,19.5,41,19.6,49.2,4.09,92.3,18.64444444,36.13888889,22.99388889,44.62722222,19,43.36333333,3.95,733.9833333,91.66666667,5.833333333,30,2.65
120,0,22.29,42.8,21.89,40.66333333,22.5,41.96666667,19.5,41,19.6,49.2,4.09,92.3,18.68888889,36.15722222,23.05,44.41111111,19,43.29,4.1,734.3,91,6,28,2.7
130,0,22.29,42.43,21.89,40.53,22.42666667,41.9,19.5,40.96666667,19.6,49.19388889,4,92.19,18.67777778,36.10055556,23.1,44.33277778,19,43.23,4.13,734.4333333,91.33333333,5.666666667,30,2.8
140,0,22.29,42.09666667,21.89,40.46666667,22.39,41.76,19.5,40.96666667,19.6,49.12666667,4,92.19,18.7,36.135,23.15,44.29,19,43.2,4.17,734.5666667,91.66666667,5.333333333,32,2.9
130,10,22.29,41.86333333,21.89,40.32666667,22.46333333,41.76,19.46333333,40.86333333,19.6,49.085,4.03,92.19,18.725,37.365,23.17777778,44.42,19,43.2,4.2,734.7,92,5,34,3
120,30,22.35666667,41.65666667,21.89,40.09,22.39,41.62666667,19.39,40.79,19.58333333,48.96,4.165,92.2175,19.02888889,39.79777778,23.2,44.35722222,19,43.2,4.23,734.8333333,92.33333333,4.666666667,36,3.1
120,20,22.39,41.5,21.89,40.03,22.46333333,41.76,19.39,40.7,19.54444444,48.9,4.19,92.3,19.44055556,40.48111111,23.2,44.53833333,19,43.12666667,4.27,734.9666667,92.66666667,4.333333333,38,3.2
130,20,22.39,41.43333333,22,39.93333333,22.39,41.79,19.39,40.7,19.51111111,48.91111111,4.06,92.26333333,19.61055556,40.43166667,23.255,44.65722222,19,43.16333333,4.3,735.1,93,4,40,3.3
120,20,22.39,41.29,22,39.93333333,22.39,41.79,19.39,40.7,19.52222222,48.99444444,4.06,92.26333333,19.75,40.59,23.28,44.70777778,19,43.09,4.23,735.2666667,93,4,40,3.22
120,20,22.39,41.23,21.96333333,40,22.39,41.76,19.39,40.7,19.52222222,49,4,92.22666667,19.78,40.68166667,23.29,44.7,19,43.09,4.17,735.4333333,93,4,40,3.13
140,20,22.39,41.2,21.89,40,22.39,41.62666667,19.39,40.7,19.5,49.06111111,3.933333333,92.3,19.80666667,40.74333333,23.30666667,44.67555556,19,43.09,4.1,735.6,93,4,40,3.05
120,20,22.39,41.4,21.96333333,40,22.39,41.66333333,19.39,40.7,19.5,49.18777778,3.723333333,92.3,19.87888889,40.90444444,23.39,44.72,19,43.09,4.03,735.7666667,93,4,40,2.97
270,10,22.39,41.7,21.89,39.93333333,22.39,41.66333333,19.39,40.7,19.5,49.275,3.59,92.3,19.90833333,40.97777778,23.39,44.61222222,19.06666667,43.09,3.97,735.9333333,93,4,40,2.88
650,10,22.46333333,43.16666667,22,39.79,22.39,41.73,19.39,40.59,19.5,49.29,3.59,92.3,19.99333333,41.06111111,23.34,44.25611111,19,42.96666667,3.9,736.1,93,4,40,2.8
690,10,22.53333333,45.02666667,22.06666667,39.79,22.39,41.93,19.32333333,40.59,19.5,49.29611111,3.59,92.3,20.06666667,41.26666667,23.19833333,43.77611111,19.06666667,42.96666667,3.83,736.2166667,93,4.166666667,40,2.75
340,10,22.6,50.43333333,22.1,40.36666667,22.39,42.22666667,19.29,40.59,19.5,49.46277778,3.7,92.4,20.17611111,42.06111111,23.08888889,43.35777778,19.06666667,42.96666667,3.77,736.3333333,93,4.333333333,40,2.7
100,10,22.73,57.42333333,22.1975,41.7175,22.4725,43.375,19.29,40.59,19.46944444,49.80111111,3.566666667,92.33333333,20.29777778,43.76,23.00555556,42.95333333,19,42.9,3.7,736.45,93,4.5,40,2.65
120,10,22.79,56.09,22.29,42.86333333,22.56666667,44.79333333,19.29,40.5,19.48166667,50.28722222,3.26,92.4,20.39611111,44.63055556,22.92055556,43.13777778,19.06666667,42.96666667,3.63,736.5666667,93,4.666666667,40,2.6
140,20,22.89,53.545,22.39,42.96666667,22.6,45.32666667,19.29,40.5,19.5,50.71555556,3.066666667,92.33333333,20.48777778,44.70444444,22.89,43.91444444,19.06666667,42.96666667,3.57,736.6833333,93,4.833333333,40,2.55
150,20,23,51.25666667,22.39,42.82666667,22.6,45.32666667,19.29,41.03,19.5,50.99722222,2.76,92.3,20.53888889,44.40388889,22.96944444,44.35333333,19.1,42.96666667,3.5,736.8,93,5,40,2.5
150,10,23,49.86333333,22.39,42.19333333,22.6,45.13333333,19.35666667,42.42333333,19.5,51.09,2.626666667,92.3,20.6,43.79277778,23.06111111,44.45555556,19.1,42.845,3.45,736.9166667,93,5.166666667,40,2.43
160,20,23,48.6,22.39,41.8,22.6,44.86,19.39,42.79,19.47555556,51.07,2.45,92.3,20.66111111,43.23333333,23.12777778,44.35611111,19.1,42.9,3.4,737.0333333,93,5.333333333,40,2.37
140,10,23,47.66666667,22.5,41.66333333,22.6,44.52666667,19.39,42.65666667,19.46944444,51.035,2.29,92.3,20.62222222,42.09,23.205,44.13277778,19,42.66333333,3.35,737.15,93,5.5,40,2.3
150,10,23,46.4,22.42666667,41.39,22.6,44.32666667,19.39,42.43,19.48166667,51.02,2.363333333,92.3,20.55555556,41.79888889,23.28,43.95388889,19,42.46333333,3.3,737.2666667,93,5.666666667,40,2.23
150,10,23,45.79333333,22.42666667,41.2,22.6,44.06,19.39,42.15666667,19.47555556,50.97777778,2.4,92.3,20.49888889,40.90888889,23.27,43.74722222,19,42.13333333,3.25,737.3833333,93,5.833333333,40,2.17
140,10,23,45.1,22.42666667,41.06666667,22.6,43.93333333,19.29,41.83333333,19.46944444,50.95388889,2.4,92.3,20.39611111,40.18111111,23.30111111,43.62,19,41.86,3.2,737.5,93,6,40,2.1
150,10,23,44.69333333,22.39,41,22.6,43.76,19.29,41.62666667,19.40833333,50.86944444,2.53,92.3,20.39,39.73777778,23.36222222,43.36277778,18.92666667,41.52666667,3.28,737.55,92.66666667,6.333333333,40,2.13
130,20,23,44.36333333,22.39,40.93333333,22.6,43.7,19.29,41.36333333,19.43888889,50.86333333,2.59,92.22666667,20.39,39.43055556,23.39,43.11166667,19,41.32666667,3.37,737.6,92.33333333,6.666666667,40,2.17
130,10,23,44.03,22.39,40.86333333,22.6,43.59,19.29,41.23,19.43277778,50.83277778,2.73,92.3,20.37888889,39.10222222,23.39611111,42.90777778,18.89,41.06,3.45,737.65,92,7,40,2.2
130,0,22.92666667,43.66333333,22.32333333,40.79,22.6,43.53,19.29,40.995,19.445,50.82666667,2.863333333,92.3,20.29555556,38.80666667,23.40833333,42.87388889,18.89,40.86,3.53,737.7,91.66666667,7.333333333,40,2.23
130,0,22.92666667,43.33,22.29,40.73,22.5,43.46666667,19.29,40.86333333,19.42055556,50.72888889,3,92.19,20.29,38.53722222,23.35666667,42.79,18.89,40.66333333,3.62,737.75,91.33333333,7.666666667,40,2.27
140,0,22.89,42.93,22.29,40.79,22.5,43.4,19.29,40.73,19.39,50.62666667,3.06,92.26333333,20.29,38.43777778,23.31777778,42.765,18.89,40.53,3.7,737.8,91,8,40,2.3
130,0,22.89,42.73,22.29,40.7,22.53333333,43.36333333,19.2,40.56,19.39,50.50944444,3.2,92.19,20.29,38.25111111,23.30111111,42.84222222,18.82333333,40.26,3.65,737.9,90.5,7.666666667,40,2.18
130,0,22.82333333,42.4,22.23,40.62666667,22.53333333,43.29,19.2,40.5,19.39,50.38055556,3.2,92.19,20.29,38.08,23.29,42.845,18.89,40.2,3.6,738,90,7.333333333,40,2.07
100,10,22.82333333,42.26666667,22.16666667,40.4,22.56666667,43.29,19.2,40.4,19.39,50.235,3.06,92.26333333,20.29,37.99277778,23.31222222,42.75611111,18.85666667,39.96666667,3.55,738.1,89.5,7,40,1.95
90,10,22.79,42.09,22.1,40.3,22.5,43.29,19.2,40.32666667,19.39,50.245,2.86,92.12333333,20.29,38.17777778,23.36222222,42.88777778,18.79,39.82666667,3.5,738.2,89,6.666666667,40,1.83
80,0,22.79,42.09,22.1,40.4,22.5,43.29,19.2,40.4,19.39,50.32055556,2.76,92.19,20.29,38.52833333,23.40222222,43.06166667,18.79,40.03,3.45,738.3,88.5,6.333333333,40,1.72
70,0,22.7,42.53,22.06666667,40.5,22.5,43.32666667,19.2,40.46666667,19.39,50.38777778,2.626666667,92.19,20.235,38.90333333,23.40222222,43.45055556,18.79,40.29666667,3.4,738.4,88,6,40,1.6
60,0,22.7,42.97,22,40.5,22.5,43.4,19.2,40.5,19.39,50.46111111,2.5,92.19,20.2,39.145,23.39,44.12111111,18.79,40.83,3.33,738.45,88,6,40,1.53
70,0,22.63333333,43.03,21.96333333,40.59,22.53333333,43.4,19.2,40.56,19.39,50.5,2.4,92.15666667,20.2,39.36888889,23.37888889,44.56444444,18.84,41.4475,3.27,738.5,88,6,40,1.47
70,0,22.6,42.86333333,21.89,40.59,22.6,43.4,19.1,40.59,19.37888889,50.52,2.326666667,92.15666667,20.16666667,39.545,23.29055556,45.00111111,18.85666667,41.96,3.2,738.55,88,6,40,1.4
80,0,22.6,42.79,21.85666667,40.56,22.6,43.4,19.1,40.66333333,19.34555556,50.565,2.26,92.19,20.12777778,39.60111111,23.23,45.32,18.89,42.46333333,3.13,738.6,88,6,40,1.33
70,0,22.5,42.86333333,21.79,40.5,22.6,43.4,19.1,40.7,19.31777778,50.59,2.126666667,92.12333333,20.1,39.74777778,23.2,45.49833333,18.89,42.66333333,3.07,738.65,88,6,40,1.27
70,0,22.5,42.73,21.76,40.59,22.6,43.4,19.1,40.76,19.29,50.645,2.156666667,92.12333333,20.1,39.85722222,23.2,45.69,18.89,42.93333333,3,738.7,88,6,40,1.2
70,0,22.39,42.56,21.7,40.59,22.6,43.32666667,19.1,40.79,19.29,50.7,2.363333333,92.12333333,20.1,39.9,23.16111111,45.87388889,18.89,43.13333333,3.05,738.75,88,6.333333333,44,1.25
70,0,22.39,42.5,21.7,40.59,22.6,43.29,19.1,40.79,19.29,50.7,2.4,92.19,20.01666667,39.9,23.1,46.045,18.89,43.32666667,3.1,738.8,88,6.666666667,48,1.3
80,10,22.35666667,42.4,21.63333333,40.53,22.6,43.29,19.1,40.9,19.29,50.7,2.4,92.12333333,20,39.92777778,23.1,46.09,18.96333333,43.46666667,3.15,738.85,88,7,52,1.35
60,0,22.29,42.33333333,21.6,40.43333333,22.66666667,43.36333333,19.1,40.9,19.29,50.745,2.53,92.19,20,40,23.1,46.09,18.89,43.73,3.2,738.9,88,7.333333333,56,1.4
70,0,22.29,42.4,21.6,40.5,22.6,43.29,19.1,40.9,19.29,50.79,2.663333333,92.26333333,20,40,23.07222222,46.17222222,18.89,43.86333333,3.25,738.95,88,7.666666667,60,1.45
70,0,22.23,42.26666667,21.5,40.5,22.6,43.29,19.1,40.93333333,19.29,50.79,2.826666667,92.3,20,40.04111111,23.01111111,46.37277778,18.92666667,44.06666667,3.3,739,88,8,64,1.5
80,0,22.2,42.16333333,21.42666667,40.43333333,22.6,43.29,19.1,41,19.29,50.79,2.9,92.3,19.98777778,40.19777778,23,46.56111111,18.92666667,44.26,3.28,738.9833333,88.16666667,7.833333333,60,1.5
70,0,22.13333333,42.09,21.46333333,40.46666667,22.6,43.29,19.03333333,40.93333333,19.29,50.80222222,2.933333333,92.3,19.96333333,40.29111111,22.96944444,46.68777778,19,44.36,3.27,738.9666667,88.33333333,7.666666667,56,1.5
70,0,22.1,42,21.39,40.46666667,22.6,43.29,19.03333333,40.93333333,19.285,50.86333333,3,92.3,19.945,40.43777778,22.88444444,46.69388889,19,44.5,3.25,738.95,88.5,7.5,52,1.5
70,0,22.1,42,21.29,40.5,22.6,43.29,19,40.9,19.255,50.83888889,2.966666667,92.3,19.945,40.575,22.82333333,46.68166667,19,44.62666667,3.23,738.9333333,88.66666667,7.333333333,48,1.5
70,0,22,41.9,21.29,40.5,22.6,43.29,19,40.9,19.29,50.86944444,2.845,92.245,19.90833333,40.62055556,22.79,46.94277778,19,44.76,3.22,738.9166667,88.83333333,7.166666667,44,1.5
60,0,22,41.9,21.2,40.45,22.65,43.345,19,40.9,19.29,50.87555556,2.9,92.3,19.89,40.7,22.79,47.19,19,44.9,3.2,738.9,89,7,40,1.5
70,0,21.96333333,41.9,21.2,40.5,22.6,43.2,19,40.9,19.28,50.88777778,3.09,92.4,19.89,40.7,22.755,47.54944444,19,44.96666667,3.23,738.9,89,7.333333333,40,1.55
60,0,21.89,41.82666667,21.2,40.5,22.6,43.2,18.92666667,41,19.24,50.83888889,3.09,92.4,19.89,40.77333333,22.7,47.92777778,19,45.12666667,3.27,738.9,89,7.666666667,40,1.6
70,0,21.84,41.845,21.1,40.5,22.6,43.2,19,41,19.24,50.86333333,3.09,92.3,19.89,40.9,22.69444444,47.99444444,19,45.2675,3.3,738.9,89,8,40,1.65
80,0,21.79,41.79,21.1,40.5,22.6,43.2,18.96333333,41,19.215,50.845,3.09,92.36666667,19.89,40.90555556,22.68333333,48.02666667,19,45.36333333,3.33,738.9,89,8.333333333,40,1.7
60,0,21.79,41.79,21.1,40.5,22.6,43.2,18.89,41,19.2,50.80222222,3.2,92.3,19.89,40.98888889,22.61666667,48.24888889,19,45.43333333,3.37,738.9,89,8.666666667,40,1.75
80,0,21.76,41.79,21.1,40.5,22.6,43.2,18.89,41,19.2,50.82666667,3.26,92.36666667,19.89,41,22.6,48.48277778,19,45.56,3.4,738.9,89,9,40,1.8
70,0,21.7,41.73,21,40.36333333,22.6,43.2,18.89,41,19.2,50.80222222,3.29,92.33333333,19.89,41,22.6,48.68166667,19,45.62666667,3.27,738.9166667,89.5,9.166666667,40,1.73
60,0,21.7,41.7,21,40.29,22.6,43.2,18.89,41,19.2,50.82666667,3.23,92.33333333,19.89,41.055,22.54444444,48.7,19,45.76,3.13,738.9333333,90,9.333333333,40,1.67
70,0,21.63333333,41.62666667,20.89,40.26,22.6,43.16333333,18.89,41,19.2,50.85111111,3.06,92.26333333,19.89,41.09,22.50555556,48.69388889,19.1,46,3,738.95,90.5,9.5,40,1.6
60,0,21.6,41.59,20.89,40.2,22.6,43.03,18.89,41,19.2,50.86944444,2.933333333,92.19,19.89,41.09,22.5,48.63277778,19.1,46.06,2.87,738.9666667,91,9.666666667,40,1.53
70,0,21.6,41.59,20.85666667,40.06,22.5,43.12666667,18.89,41,19.2,50.9,2.79,92.09,19.89,41.025,22.43277778,48.66944444,19.1,46.09,2.73,738.9833333,91.5,9.833333333,40,1.47
60,0,21.5,41.7,20.85666667,40.06,22.5,43.12666667,18.89,41.06,19.2,50.9,2.73,92.15666667,19.89,40.92222222,22.39,48.60222222,19.1,46.16333333,2.6,739,92,10,40,1.4
70,0,21.5,41.7,20.79,40,22.5,43.09,18.89,41.03,19.2,50.9,2.663333333,92.15666667,19.86222222,40.98888889,22.39,48.59,19.06666667,46.16333333,2.58,739.0333333,92.16666667,9.666666667,40,1.42
70,0,21.46333333,41.56,20.79,40,22.5,43.09,18.82333333,40.96333333,19.16666667,50.92222222,2.59,92.09,19.86222222,41.065,22.36222222,48.59,19.06666667,46.16333333,2.57,739.0666667,92.33333333,9.333333333,40,1.43
70,0,21.39,41.56,20.76,39.96666667,22.5,43.09,18.79,40.9,19.11666667,50.96111111,2.59,92.03,19.87888889,41.08,22.29,48.60222222,19.1,46.2,2.55,739.1,92.5,9,40,1.45
70,0,21.39,41.59,20.7,39.96666667,22.5,43.16333333,18.79,40.96666667,19.13888889,50.97777778,2.6175,92.09,19.85666667,41.06,22.29,48.60222222,19.1,46.2,2.53,739.1333333,92.66666667,8.666666667,40,1.47
60,0,21.39,41.59,20.7,39.93333333,22.5,43.09,18.79,40.9,19.11666667,50.97777778,2.7,92.09,19.82333333,41.04833333,22.285,48.59,19.1,46.2,2.52,739.1666667,92.83333333,8.333333333,40,1.48
60,0,21.29,41.7,20.7,40,22.5,43.09,18.79,40.9,19.1,51,2.73,92.09,19.85111111,41.14722222,22.23,48.61444444,19.1,46.2,2.5,739.2,93,8,40,1.5
70,0,21.29,41.7,20.7,40,22.5,43.09,18.79,40.93333333,19.1,51,2.73,92.09,19.81222222,41.14277778,22.23,48.565,19.1,46.2,2.5,739.2333333,93.16666667,7.833333333,40,1.52
60,0,21.29,41.7,20.625,39.925,22.5,43.06,18.79,41,19.1,51,2.663333333,92.09,19.82888889,41.255,22.21,48.60555556,19.1,46.2,2.5,739.2666667,93.33333333,7.666666667,40,1.53
60,0,21.23,41.62666667,20.6,39.96666667,22.5,43,18.76,41,19.1,51.04,2.59,92.09,19.86777778,41.27,22.2,48.7,19.1,46.29,2.5,739.3,93.5,7.5,40,1.55
70,0,21.2,41.7,20.6,40,22.46333333,43,18.76,41,19.1,51.045,2.59,92.06,19.81777778,41.13777778,22.18888889,48.7,19.1,46.29,2.5,739.3333333,93.66666667,7.333333333,40,1.57
70,0,21.175,41.7,20.53333333,40,22.39,43,18.76,41,19.1,51.09,2.59,92.06,19.79,41.09,22.12777778,48.7,19.1,46.29,2.5,739.3666667,93.83333333,7.166666667,40,1.58
70,0,21.16666667,41.7,20.5,40,22.39,43.09,18.7,41,19.1,51.09,2.626666667,92.12333333,19.79,41.18166667,22.1,48.66944444,19.1,46.32666667,2.5,739.4,94,7,40,1.6
70,0,21.1,41.7,20.5,40,22.39,43.03,18.7,41,19.1,51.13277778,2.7,92.12333333,19.79,41.2,22.1,48.555,19.1,46.4,2.5,739.4166667,94,7,40,1.6
70,0,21.1,41.7,20.5,40,22.39,43.09,18.7,41,19.1,51.2,2.73,92.19,19.79,41.13277778,22.1,48.5,19.1,46.29,2.5,739.4333333,94,7,40,1.6
70,0,21.06666667,41.66333333,20.42666667,40,22.39,43.03,18.7,41,19.1,51.2,2.79,92.19,19.79,41.09,22.06666667,48.46666667,19.1,46.29,2.5,739.45,94,7,40,1.6
60,0,21,41.59,20.39,40,22.42666667,43.03,18.7,41,19.1,51.225,2.7,92.19,19.79,41.07,22.03888889,48.43888889,19.1,46.32666667,2.5,739.4666667,94,7,40,1.6
70,0,21,41.59,20.39,40,22.5,43.09,18.7,41,19.07222222,51.265,2.76,92.19,19.79,41.09,22.02777778,48.48833333,19.1,46.4,2.5,739.4833333,94,7,40,1.6
60,0,21,41.59,20.39,40,22.39,43,18.675,41.045,19.05,51.245,2.79,92.12333333,19.79,41.15722222,22.01666667,48.56,19.1,46.4,2.5,739.5,94,7,40,1.6
60,0,21,41.65666667,20.32333333,40,22.39,43,18.6,41,19.02777778,51.26,2.79,92.19,19.79,41.16944444,22,48.74277778,19.1,46.4,2.57,739.5666667,94,6.833333333,40,1.67
50,0,21,41.73,20.29,40.03,22.35666667,42.02666667,18.6,41,19.03888889,51.33277778,2.79,92.245,19.79,41.11444444,22,48.93777778,19.1,46.4,2.63,739.6333333,94,6.666666667,40,1.73
60,0,21,41.7,20.29,40.22333333,22.23,41.3,18.6,41,19.02777778,51.32055556,2.9,92.3,19.79,41.09,22,49,19.1,46.4,2.7,739.7,94,6.5,40,1.8
50,0,21,41.76,20.29,40.53,22.1,41.16333333,18.6,41,19,51.345,2.9,92.3,19.79,41.09611111,22,49,19.1,46.36333333,2.77,739.7666667,94,6.333333333,40,1.87
60,0,20.96333333,41.9,20.29,40.72333333,22.03333333,41.03,18.6,41.06,19,51.4,2.826666667,92.22666667,19.79,41.18777778,22,49,19.1,46.23,2.83,739.8333333,94,6.166666667,40,1.93
70,0,20.96333333,41.96666667,20.29,40.82666667,21.96333333,40.96666667,18.6,41.09,19,51.42777778,2.9,92.3,19.79,41.2,22,48.98888889,19.1,46.16333333,2.9,739.9,94,6,40,2
60,0,21,42.12666667,20.29,40.96666667,21.89,40.82666667,18.6,41.09,19,51.5,3,92.3,19.79,41.2,21.945,48.98333333,19.1,46.09,3.03,739.95,94,6,40,2.13
100,0,20.92666667,42.2,20.26,41.06,21.89,40.86333333,18.6,41.09,19,51.545,3.06,92.36666667,19.79,41.10111111,21.96944444,48.91111111,19.1,46.06,3.17,740,94,6,40,2.27
80,20,20.89,42.3,20.2,41.02,21.815,40.79,18.6,41.09,19,51.47,3.2,92.33333333,19.725,40.55277778,21.89611111,48.62833333,19.1,45.93333333,3.3,740.05,94,6,40,2.4
100,20,20.89,42.36,20.2,40.9,21.79,40.99,18.59666667,41.45666667,19,51.32666667,3.333333333,92.4,19.66666667,40.09611111,21.89,48.14944444,19.1,45.63333333,3.43,740.1,94,6,40,2.53
120,30,20.89,42.46666667,20.2,40.66333333,21.79,41.23,19.06333333,41.93,19,51.16722222,3.53,92.5,19.65555556,39.81055556,21.87333333,47.64333333,19.05,45.145,3.57,740.15,94,6,40,2.67
110,20,20.89,42.46666667,20.2,40.53,21.79,41.29,19.73333333,41.86333333,19,50.99333333,3.663333333,92.5,19.62777778,39.68222222,21.79,47.19166667,19.03333333,44.69333333,3.7,740.2,94,6,40,2.8
90,0,20.89,42.545,20.2,40.4,21.79,41.29,20.19333333,41.79,19,50.86833333,3.826666667,92.43333333,19.6,39.51722222,21.79,46.99222222,19,44.22333333,3.8,740.2833333,93.66666667,6,40,2.85
80,0,20.89,42.46666667,20.2,40.32666667,21.79,41.29,20.53333333,41.52666667,19,50.72666667,3.9,92.5,19.6,39.35722222,21.78,46.70222222,19,43.89,3.9,740.3666667,93.33333333,6,40,2.9
90,10,20.89,43.86,20.2,40.23,21.79,41.26,20.53333333,41.32666667,19,50.54166667,4.03,92.53,19.58888889,39.265,21.745,46.51833333,19,43.63333333,4,740.45,93,6,40,2.95
80,0,20.89,43.86333333,20.2,40.36333333,21.79,41.2,20.39,40.96666667,19,50.43333333,4.156666667,92.59,19.50555556,39.12777778,21.72,46.345,19,43.36,4.1,740.5333333,92.66666667,6,40,3
80,0,20.89,43.46333333,20.2,40.4,21.7,41.16333333,20.32333333,40.96666667,19,50.35722222,4.433333333,92.72666667,19.5,39.03,21.7,46.215,19,43.1,4.2,740.6166667,92.33333333,6,40,3.05
80,0,20.89,43.13333333,20.2,40.4,21.7,41.09,20.16666667,40.72333333,19,50.275,4.56,92.8,19.5,38.98333333,21.7,46.225,19,42.82666667,4.3,740.7,92,6,40,3.1
70,0,20.89,42.93333333,20.2,40.26,21.66666667,40.96666667,20.075,40.4975,19,50.19166667,4.695,92.745,19.5,38.92777778,21.67777778,46.28833333,19,42.56,4.47,740.7833333,91.66666667,5.833333333,40,3.2
80,0,20.89,42.76,20.2,40.2,21.6,40.9,20,40.32666667,19,50.09,4.963333333,92.86666667,19.5,38.99277778,21.7,46.4,19,42.43333333,4.63,740.8666667,91.33333333,5.666666667,40,3.3
90,0,20.89,42.62666667,20.16666667,40.2,21.6,40.93333333,19.96333333,40.26,19,50.00944444,5.156666667,92.86666667,19.5,39.145,21.65555556,46.36777778,19,42.2,4.8,740.95,91,5.5,40,3.4
90,0,20.79,42.36333333,20.16666667,40.2,21.6,40.93333333,19.82333333,40.2,19,49.94444444,5.366666667,92.93333333,19.5,39.22111111,21.64444444,46.44444444,19,42.06666667,4.97,741.0333333,90.66666667,5.333333333,40,3.5
150,10,20.79,42.23,20.1,40.2,21.6,40.9,19.79,40.23,19,49.86833333,5.56,93,19.52777778,39.41,21.62777778,46.36055556,19,41.96666667,5.13,741.1166667,90.33333333,5.166666667,40,3.6
150,0,20.79,42.23,20.1,40.2,21.6,40.96666667,19.79,40.29,18.95722222,49.81444444,5.833333333,93,19.56111111,39.23,21.62222222,46.345,19,41.82666667,5.3,741.2,90,5,40,3.7
80,0,20.79,42.36333333,20.1,40.2,21.56666667,40.9,19.7,40.43333333,18.92666667,49.775,5.9,93.06,19.5,39.08555556,21.60555556,46.46111111,19,42.96,5.33,741.3,89.66666667,4.833333333,40,3.68
70,10,20.79,42.63333333,20.1,40.2,21.5,40.82666667,19.7,40.56,18.91444444,49.72,6,93,19.58333333,39.2,21.67222222,46.47222222,19.06666667,44.09333333,5.37,741.4,89.33333333,4.666666667,40,3.67
110,10,20.79,42.5,20.1,40.26,21.5,40.76,19.66666667,40.36333333,18.89,49.7,6.06,93.06,19.63888889,39.18777778,21.69444444,46.37666667,19.13333333,44.56666667,5.4,741.5,89,4.5,40,3.65
110,0,20.79,42.53,20.1,40.46,21.32,40.925,19.6,40.29,18.93277778,49.7,6.09,93.12333333,19.60555556,39.03,21.765,46.21,19.2,44.7,5.43,741.6,88.66666667,4.333333333,40,3.63
90,0,20.79,42.86333333,20.05,40.645,21.2,41.26,19.5,40.6,18.89611111,49.7,6.156666667,93.12333333,19.6,38.96111111,21.80111111,46.185,19.2,44.7,5.47,741.7,88.33333333,4.166666667,40,3.62
80,0,20.7,42.82666667,20,40.59,21.2,41.23,19.5,41.26666667,18.89,49.71,6.19,93.19,19.56111111,38.73,21.80111111,45.67055556,19.2,44.595,5.5,741.8,88,4,40,3.6
80,0,20.76,42.96666667,20,40.59,21.26,41.36333333,19.56666667,41.43,18.89,49.75,6.33,93.19,19.5,38.50222222,21.755,45.18388889,19.2,44.5,5.38,741.8166667,88.83333333,4.5,38,3.63
80,0,20.7,42.895,20,40.46666667,21.29,41.4,19.5,41.29,18.93277778,49.72,6.726666667,93.3,19.5,38.32777778,21.7,44.81333333,19.2,44.46666667,5.27,741.8333333,89.66666667,5,36,3.67
70,10,20.7,42.59,20,40.46666667,21.29,41.32666667,19.5,41.06,18.90833333,49.63277778,6.66,93.36666667,19.445,38.13,21.7,44.57,19.2,44.32666667,5.15,741.85,90.5,5.5,34,3.7
140,0,20.7,42.19666667,19.96333333,39.93333333,21.26,40.76333333,19.42666667,40.86,18.90222222,49.545,6.156666667,93.3,19.39,37.93888889,21.68888889,44.21666667,19.2,44.26,5.03,741.8666667,91.33333333,6,32,3.73
70,0,20.66666667,41.06333333,19.76333333,39.26666667,21.13333333,40.03,19.39,40.76,18.89,49.46111111,6.09,93.3,19.39,37.845,21.65,43.89611111,19.2,44.2,4.92,741.8833333,92.16666667,6.5,30,3.77
50,0,20.6,40.99,19.73,39.32666667,21,39.86333333,19.39,40.62666667,18.89,49.345,5.9,93.245,19.39,37.735,21.6,43.67944444,19.16666667,44.09,4.8,741.9,93,7,28,3.8
70,0,20.6,41.09,19.79,39.46666667,21,39.86333333,19.35666667,40.5,18.89,49.19666667,5.833333333,93.3,19.35111111,37.7,21.6,43.49833333,19.1,44.03,4.88,741.9666667,93,6.833333333,28.16666667,3.87
60,0,20.6,41.09,19.79,39.5,21,39.9,19.29,40.5,18.89,49.09,5.966666667,93.3,19.34555556,37.60833333,21.6,43.345,19.16666667,43.96666667,4.97,742.0333333,93,6.666666667,28.33333333,3.93
70,0,20.6,41.16333333,19.79,39.56,21,39.96666667,19.29,40.43333333,18.89,49.00944444,6.123333333,93.36666667,19.29,37.59,21.53888889,43.275,19.1,43.9,5.05,742.1,93,6.5,28.5,4
70,0,20.6,41.16333333,19.79,39.79,21,40.03,19.29,40.4,18.89,48.88055556,6.396666667,93.43333333,19.29,37.535,21.5,43.145,19.1,43.79,5.13,742.1666667,93,6.333333333,28.66666667,4.07
60,0,20.6,41.23,19.79,39.79,21,40.16333333,19.29,40.4,18.89,48.775,6.66,93.4,19.29,37.52,21.5,43.085,19.1,43.79,5.22,742.2333333,93,6.166666667,28.83333333,4.13
80,10,20.53333333,41.29,19.85666667,40,21,40.09,19.26,40.5,18.89,48.645,6.8,93.46666667,19.29,37.5,21.5,43.055,19.16666667,43.79,5.3,742.3,93,6,29,4.2
70,0,20.5,41.92666667,19.79,40,21,40.16333333,19.2,40.56,18.89,48.59,6.4,93.5,19.29,37.5,21.50555556,43.34555556,19.16666667,43.73,5.4,742.4,92.16666667,5.833333333,30.83333333,4.17
60,0,20.56666667,42.26,19.79,40.09,21,40.32666667,19.2,40.86,18.89,48.555,6.4,93.5,19.29555556,37.52222222,21.56666667,43.635,19.1,43.59,5.5,742.5,91.33333333,5.666666667,32.66666667,4.13
70,0,20.6,42.4,19.85666667,40.22333333,21,40.32666667,19.2,41.19333333,18.89,48.51,6.53,93.5,19.45055556,37.95055556,21.69833333,43.98888889,19.1,43.66333333,5.6,742.6,90.5,5.5,34.5,4.1
80,0,20.6,42.4,19.89,40.53,21,40.43333333,19.29,41.4,18.89,48.5,6.796666667,93.5,19.655,38.11444444,21.81777778,44.28,19.2,43.62666667,5.7,742.7,89.66666667,5.333333333,36.33333333,4.07
120,0,20.6,42.36333333,19.96333333,40.66333333,21,40.5225,19.29,41.4,18.89,48.5,7.093333333,93.62333333,19.77,38.10222222,21.98166667,44.56722222,19.2,43.7,5.8,742.8,88.83333333,5.166666667,38.16666667,4.03
110,0,20.6,42.36333333,19.945,40.7,21,40.66333333,19.29,41.23,18.89,48.51,6.693333333,93.56333333,19.76,38.20888889,22.01666667,44.90611111,19.2,43.63333333,5.9,742.9,88,5,40,4
120,0,20.6,42.43333333,19.89,40.7,21,40.82666667,19.23,41.15666667,18.89,48.585,6.69,93.59,19.79,38.345,22.07222222,45.69611111,19.2,43.5,5.97,742.95,87.16666667,4.833333333,40,3.93
110,0,20.6,42.5,19.89,40.7,21,40.96666667,19.2,41.06,18.89,48.60222222,6.69,93.59,19.79,38.4,22.16666667,46.39777778,19.2,43.5,6.03,743,86.33333333,4.666666667,40,3.87
110,0,20.6,42.5,19.89,40.59,21,41,19.2,41,18.89,48.645,6.8,93.69,19.79,38.4,22.205,46.77666667,19.2,43.4,6.1,743.05,85.5,4.5,40,3.8
100,10,20.6,42.5675,19.89,40.59,21,41.06,19.2,40.93333333,18.89,48.725,6.866666667,93.69,19.79555556,38.46111111,22.26,47.20722222,19.2,43.4,6.17,743.1,84.66666667,4.333333333,40,3.73
110,0,20.6,42.53,20,40.5,21,41.09,19.2,40.93333333,18.89,48.79,7,93.69,19.87888889,38.5,22.32888889,47.46111111,19.2,43.4,6.23,743.15,83.83333333,4.166666667,40,3.67
90,0,20.6,42.46666667,20,40.56,21,41.16333333,19.2,41.03,18.89,48.86944444,7.06,93.76333333,19.89,38.5,22.42055556,47.14222222,19.2,43.46666667,6.3,743.2,83,4,40,3.6
100,0,20.6,42.46666667,20,40.59,21,41.2,19.2,41.09,18.89,48.9,6.866666667,93.69,19.96944444,38.5,22.56111111,46.68222222,19.2,43.46666667,6.2,743.3,84.33333333,4.166666667,40,3.72
110,0,20.6,42.5,20,40.59,21,41.2,19.1,41,18.89,48.97222222,6.8,93.72666667,20,38.51,22.65,46.31888889,19.2,43.4,6.1,743.4,85.66666667,4.333333333,40,3.83
110,0,20.6,42.43333333,20,40.56,21,41.2,19.175,41.0675,18.89,49,6.8,93.72666667,20.02777778,38.535,22.755,45.92055556,19.2,43.4,6,743.5,87,4.5,40,3.95
100,0,20.6,42.29,20,40.5,21,41.2,19.13333333,41.09,18.89,49.02,6.56,93.72666667,20.1,38.49222222,22.84,45.52944444,19.2,43.4,5.9,743.6,88.33333333,4.666666667,40,4.07
80,0,20.6,42.23,20.1,40.46666667,21,41.2,19.1,41.12666667,18.89,49,6.433333333,93.72666667,20.1,38.25722222,22.93277778,45.4,19.2,43.43333333,5.8,743.7,89.66666667,4.833333333,40,4.18
80,0,20.5,42.26,20.1,40.4,21,41.2,19.1,41.2,18.89,49,6.3,93.69,20.09444444,38.10333333,23,45.4,19.2,43.43333333,5.7,743.8,91,5,40,4.3
80,0,20.5,42.2,20.1,40.4,20.89,41.2,19.1,41.2,18.89,49,6.226666667,93.69,20.01111111,37.96,22.93277778,45.62222222,19.2,43.36333333,5.6,743.95,91,4.833333333,40,4.22
80,0,20.5,42.09,20.03333333,40.32666667,20.89,41.2,19.1,41.26,18.89,49,6.06,93.62666667,20,37.9,22.89,46.03388889,19.2,43.23,5.5,744.1,91,4.666666667,40,4.13
90,0,20.5,42.03,20,40.29,20.89,41.23,19.1,41.29,18.89,49,5.933333333,93.5,19.98777778,37.95,22.89611111,46.00944444,19.16666667,43.16333333,5.4,744.25,91,4.5,40,4.05
80,0,20.5,42.09,20,40.29,20.89,41.23,19.03333333,41.23,18.86777778,48.96111111,5.8,93.4,19.93277778,38.15722222,22.96333333,45.83111111,19.1,42.96333333,5.3,744.4,91,4.333333333,40,3.97
70,0,20.5,42.16333333,20,40.36333333,20.79,41.09,19,41.2,18.85666667,48.89888889,5.726666667,93.4,19.93888889,38.27,23,45.51666667,19.1,42.86333333,5.2,744.55,91,4.166666667,40,3.88
90,30,20.5,42.36666667,20,40.36333333,20.79,41.09,19,41.2,18.87888889,48.88777778,5.656666667,93.4,19.92055556,38.32611111,23,45.4,19.1,42.73,5.1,744.7,91,4,40,3.8
120,20,20.5,42.7,20,40.45,20.79,41.16333333,19,41.73,18.80666667,48.80833333,5.59,93.4,20,38.47666667,23,45.40555556,19.06666667,42.46666667,5.02,744.8,91.66666667,3.833333333,43.83333333,3.8
360,20,20.5,42.79,20.1,40.56666667,20.79,41.09,19,41.93,18.81222222,48.82666667,5.56,93.4,20,38.64333333,23,45.64444444,19,42.295,4.93,744.9,92.33333333,3.666666667,47.66666667,3.8
530,20,20.5,42.79,20.1,40.76,20.79,41.16333333,19,42.15666667,18.79,48.845,5.5,93.4,20,38.91,23.00555556,46.31111111,19,42.2,4.85,745,93,3.5,51.5,3.8
620,20,20.53333333,44.56666667,20.2,41.03,20.79,41.2,19,42.36333333,18.79,48.92777778,5.35,93.245,20.06111111,38.95555556,23.08888889,47.06111111,19,42.16333333,4.77,745.1,93.66666667,3.333333333,55.33333333,3.8
230,10,20.6,49.12,20.2,41.69666667,20.79,41.26,19.03333333,42.72666667,18.79,49.08444444,5.263333333,93.23,20.1,38.90277778,23.1,47.30666667,19,42.09,4.68,745.2,94.33333333,3.166666667,59.16666667,3.8
100,0,20.66666667,52.73333333,20.29,43.16666667,20.89,41.65666667,19.1,43.39333333,18.79,49.48333333,5.19,93.15666667,20.1,38.58555556,23.05,46.76444444,19,42.09,4.6,745.3,95,3,63,3.8
100,20,20.79,51.19333333,20.35666667,43.9,20.89,41.99,19.1,44.82333333,18.79,49.92444444,5.19,93.19,20.07222222,38.20166667,22.99388889,46.16555556,19,42.03,4.67,745.4,94.33333333,2.833333333,57.33333333,3.78
120,20,20.79,49.86,20.53333333,43.76,20.92666667,42.56666667,19.1,45.49,18.81777778,52.53777778,5.19,93.19,19.99388889,37.83444444,22.98166667,45.83111111,19,41.96666667,4.73,745.5,93.66666667,2.666666667,51.66666667,3.77
140,20,20.89,48.32333333,20.6,43.56666667,21,42.76,19.1,45.79,19.49055556,72.325,5.19,93.19,19.90222222,37.62,23,45.455,19,41.9,4.8,745.6,93,2.5,46,3.75
100,10,20.96333333,47.26333333,20.6,43.1,21,42.9,19.125,45.695,20.325,84.32944444,5.19,93.19,19.89,37.36722222,23,44.97388889,19,41.76,4.87,745.7,92.33333333,2.333333333,40.33333333,3.73
110,20,21,45.99666667,20.6,42.76666667,21,42.82666667,19.13333333,45.39,20.71722222,86.97,5.19,93.19,19.89,37.985,22.93277778,44.43,19,41.62666667,4.93,745.8,91.66666667,2.166666667,34.66666667,3.72
110,10,21,45.25666667,20.7,42.43,21,42.7,19.13333333,45.02666667,22.15722222,90.26111111,5.123333333,93.19,19.93277778,38.64666667,22.84,43.74111111,18.96333333,41.46666667,5,745.9,91,2,29,3.7
140,20,21.03333333,44.52666667,20.7,42.09666667,21,42.62666667,19.13333333,44.76666667,21.775,90.10111111,5.156666667,93.19,20,38.96277778,22.79,43.88333333,18.96333333,41.4,4.97,745.9666667,91.66666667,2,27.66666667,3.75
130,10,21.1,44.26666667,20.7,41.9,20.92666667,42.46666667,19.2,44.59,21.15111111,92.85666667,5.09,93.19,20,39.13277778,22.87444444,44.32,18.89,41.4,4.93,746.0333333,92.33333333,2,26.33333333,3.8
140,10,21.13333333,44.02666667,20.76,41.76666667,21,42.4,19.2,44.59,20.77222222,93.97666667,5,93.12333333,20,39.26333333,22.99944444,44.42777778,18.89,41.46666667,4.9,746.1,93,2,25,3.85
150,10,21.2,43.82666667,20.89,41.66333333,21,42.4,19.2,44.62666667,20.63166667,94.91388889,5,93.12333333,20.03333333,39.33277778,23.06666667,44.43888889,18.89,41.5,4.87,746.1666667,93.66666667,2,23.66666667,3.9
230,0,21.2,43.66333333,20.89,41.53,21,42.32666667,19.2,44.7,21.61666667,95.80222222,4.9,93.15666667,20.03333333,39.38166667,23.18333333,44.37666667,18.89,41.5,4.83,746.2333333,94.33333333,2,22.33333333,3.95
130,0,21.26,43.59,21,41.43,21,42.26,19.2,44.79,21.72944444,94.83611111,4.833333333,93.03,20.08333333,39.67166667,23.225,44.235,18.89,41.59,4.8,746.3,95,2,21,4
130,0,21.29,43.62666667,21.06666667,41.36333333,21.025,42.2225,19.2,44.86333333,21.34777778,94.98611111,4.69,93,20.07777778,39.36666667,23.29,44.27,18.89,41.59,4.8,746.3833333,95,2.166666667,21.33333333,4
120,0,21.35666667,43.7,21.1,41.4,21.1,42.29,19.2,45.03,21.16,94.45444444,4.69,93,20.07777778,39.41333333,23.29,44.28,18.89,41.62666667,4.8,746.4666667,95,2.333333333,21.66666667,4
130,0,21.39,43.46666667,21.125,41.3725,21,42.2,19.2,45.09,20.97388889,93.42333333,4.69,93,20.1,39.28722222,23.32888889,44.205,18.89,41.6175,4.8,746.55,95,2.5,22,4
110,20,21.39,43.32666667,21.2,41.29,21,42.2,19.2,45.09,20.81777778,91.69888889,4.69,93.03,20.13888889,39.225,23.39,44.17555556,18.89,41.59,4.8,746.6333333,95,2.666666667,22.33333333,4
130,20,21.39,43.16333333,21.1,41.23,21,42.16333333,19.2,45.09,20.72944444,89.41611111,4.69,93.09,20.2,39.29,23.45111111,44.42666667,18.89,41.62666667,4.8,746.7166667,95,2.833333333,22.66666667,4
140,20,21.39,43.09,21.16666667,41.29,20.92666667,42.09,19.32333333,45.73,20.59444444,87.06388889,4.69,93.09,20.215,39.31388889,23.45722222,44.92833333,18.82333333,41.7,4.8,746.8,95,3,23,4
150,20,21.39,43.045,21.1,41.4,20.79,42.09,19.39,45.73,20.505,85.12611111,4.69,93.09,20.29,39.49888889,23.5,45.47388889,18.82333333,41.82666667,4.75,746.85,94.83333333,3,22.83333333,3.93
120,30,21.39,43.09,21.1,41.46666667,20.79,42.16333333,19.42666667,45.73,20.38555556,83.38388889,4.69,93.03,20.29,39.65722222,23.5,45.81611111,18.89,41.96666667,4.7,746.9,94.66666667,3,22.66666667,3.87
70,20,21.39,43.09,21.1,41.59,20.79,42.26,19.5,45.79,20.29611111,81.82111111,4.69,93.09,20.31777778,39.81055556,23.48166667,46.20722222,18.85666667,42,4.65,746.95,94.5,3,22.5,3.8
80,20,21.39,43.2,21.1,41.66333333,20.79,42.2,19.63333333,45.82666667,20.21,80.42388889,4.69,93.03,20.39,39.96111111,23.39,46.79444444,18.79,42,4.6,747,94.33333333,3,22.33333333,3.73
80,30,21.39,43.26,21.06666667,41.66333333,20.79,42.2,19.7,45.7225,20.13888889,79.19444444,4.623333333,92.96333333,20.41444444,40.02888889,23.39,47.22611111,18.82333333,42.26666667,4.55,747.05,94.16666667,3,22.16666667,3.67
70,20,21.29,43.29,21,41.66333333,20.79,42.2,19.7,45.46333333,20.07222222,78.18833333,4.526666667,92.93333333,20.39,40.045,23.34,47.59944444,18.89,42.46666667,4.5,747.1,94,3,22,3.6
70,20,21.29,43.29,20.96333333,41.7,20.79,42.2,19.79,45.26,20,77.24333333,4.26,92.66,20.37333333,40.36277778,23.29,47.795,18.85666667,42.59,4.28,747.1333333,94.5,3,28.83333333,3.45
70,30,21.29,43.32666667,20.89,41.7,20.79,42.26,19.79,45.2,20,76.54611111,3.723333333,91.99333333,20.30111111,40.54,23.265,48.11666667,18.85666667,42.72333333,4.07,747.1666667,95,3,35.66666667,3.3
70,20,21.29,43.4,20.89,41.7,20.79,42.29,19.89,45.2,19.93277778,75.98166667,3.39,91.6,20.29,40.57555556,23.2,48.10222222,18.89,42.9,3.85,747.2,95.5,3,42.5,3.15
80,20,21.26,43.4,20.82333333,41.56666667,20.79,42.29,19.96333333,45.12666667,19.86222222,75.44222222,3.026666667,91.2,20.29,40.63277778,23.17222222,48.12055556,18.89,42.96666667,3.63,747.2333333,96,3,49.33333333,3
70,20,21.2,43.4,20.76,41.5,20.79,42.29,20,45.02666667,19.79,74.635,2.826666667,90.86666667,20.29,40.61444444,23.1,48.145,18.89,43,3.42,747.2666667,96.5,3,56.16666667,2.85
60,30,21.2,43.4,20.7,41.43333333,20.79,42.29,20,44.82666667,19.79,73.84944444,2.663333333,91.02666667,20.265,40.54944444,23.08333333,48.11166667,18.89,43.06,3.2,747.3,97,3,63,2.7
70,20,21.13333333,43.46666667,20.66666667,41.36333333,20.82333333,42.23,20.1,44.86333333,19.715,73.21055556,2.53,90.83333333,20.21,40.41111111,23.04444444,48.04,18.89,43.12666667,3.32,747.3666667,97.16666667,3,63.16666667,2.85
50,20,21.16666667,43.4,20.6,41.29,20.89,42.2675,20.1,44.73,19.7,72.57611111,2.545,91.15,20.2,40.38166667,23.05,48.03,18.89,43.2,3.43,747.4333333,97.33333333,3,63.33333333,3
30,0,21.1,43.32666667,20.6,41.26,20.82333333,42.2,20.1,44.66333333,19.66111111,71.85,2.86,91.79333333,20.2,40.30833333,23.00555556,48.015,18.89,43.2,3.55,747.5,97.5,3,63.5,3.15
40,0,21.06666667,43.36333333,20.53333333,41.26,20.89,42.29,20.1,44.59,19.6,71.04333333,3.133333333,92.06,20.2,40.38777778,23,48.20055556,18.89,43.295,3.67,747.5666667,97.66666667,3,63.66666667,3.3
20,0,21,43.36333333,20.5,41.29,20.82333333,42.23,20,44.36333333,19.56111111,70.48666667,3.326666667,92.22666667,20.15,40.45,23,48.49833333,18.89,43.46666667,3.78,747.6333333,97.83333333,3,63.83333333,3.45
60,0,21,43.43333333,20.46333333,41.26,20.79,42.12666667,20,44.23,19.5,70.02388889,3.4,92.3,20.12222222,40.58111111,22.98166667,48.645,18.89,43.59,3.9,747.7,98,3,64,3.6
60,0,21,43.56,20.39,41.2,20.79,42.2,19.89,44.06,19.5,69.595,3.433333333,92.33333333,20.1,40.68777778,22.92666667,48.92444444,18.89,43.66333333,3.92,747.75,97.83333333,3,56.83333333,3.58
50,0,20.89,43.7,20.39,41.2,20.79,42.2,19.82333333,43.93333333,19.46333333,69.09277778,3.56,92.46666667,20.1,40.76111111,22.89,49.23277778,18.89,43.73,3.93,747.8,97.66666667,3,49.66666667,3.57
50,0,20.89,43.7225,20.32333333,41.2,20.85666667,42.2,19.76,43.9,19.39611111,68.62666667,3.626666667,92.53,20.1,40.88777778,22.89,49.39611111,18.89,43.79,3.95,747.85,97.5,3,42.5,3.55
50,0,20.89,43.86333333,20.35666667,41.29,20.89,42.2,19.7,43.9,19.39,68.18111111,3.7,92.59,20.1,40.96111111,22.89,49.545,18.89,43.82666667,3.97,747.9,97.33333333,3,35.33333333,3.53
50,0,20.79,43.7,20.29,41.29,20.96333333,42.2,19.66666667,43.83333333,19.39,67.79333333,3.73,92.59,20.1,41,22.87333333,49.62888889,18.89,43.96666667,3.98,747.95,97.16666667,3,28.16666667,3.52
50,0,20.79,43.7,20.26,41.26,20.92666667,42.09,19.6,43.7,19.37888889,67.43222222,3.73,92.59,20.1,41.06111111,22.79,49.535,18.89,44.03,4,748,97,3,21,3.5
50,0,20.79,43.59,20.2,41.2,21,42.09,19.53333333,43.7,19.31777778,67.12666667,3.73,92.59,20.1,41.18777778,22.785,49.555,18.89,44.09,4,748.0333333,97,3,28.33333333,3.5
50,0,20.79,43.53,20.2,41.23,21,42.09,19.5,43.7,19.29,66.78944444,3.79,92.59,20.1,41.15611111,22.73,49.59,18.89,44.23,4,748.0666667,97,3,35.66666667,3.5
60,0,20.7,43.5,20.2,41.29,21,42.09,19.5,43.62666667,19.29,66.52388889,3.79,92.59,20.1,41.335,22.7,49.53,18.89,44.29,4,748.1,97,3,43,3.5
60,0,20.7,43.5,20.1,41.29,21,42.09,19.39,43.5,19.29,66.23944444,3.79,92.59,20.1,41.43888889,22.62777778,49.60555556,18.89,44.43333333,4,748.1333333,97,3,50.33333333,3.5
50,0,20.7,43.4,20.1,41.36333333,21,42.09,19.39,43.5,19.29,65.99277778,3.723333333,92.56,20.1,41.5,22.6,49.86277778,18.89,44.5,4,748.1666667,97,3,57.66666667,3.5
60,0,20.7,43.4,20.1,41.4,21.1,42.2,19.35666667,43.5,19.26,65.70944444,3.53,92.5,20.1,41.5,22.56666667,50.01388889,18.89,44.62666667,4,748.2,97,3,65,3.5
40,0,20.6,43.29,20.1,41.4,21.1,42.12666667,19.29,43.5,19.24,65.51277778,3.19,92.195,20.1,41.51,22.52777778,50.33166667,18.89,44.7,3.75,748.2666667,97,3,64.5,3.27
50,0,20.6,43.29,20,41.29,21.1,42.09,19.29,43.5,19.225,65.26722222,2.863333333,91.76333333,20.1,41.51,22.5,50.72277778,18.89,44.79,3.5,748.3333333,97,3,64,3.03
50,0,20.6,43.29,20,41.29,21.075,42.0675,19.29,43.43333333,19.22,65.10833333,2.73,91.62333333,20.1,41.5,22.5,50.94277778,18.89,44.86333333,3.25,748.4,97,3,63.5,2.8
30,0,20.53333333,43.29,20,41.29,21.06666667,42.06,19.29,43.4,19.2,64.93333333,2.333333333,91.02666667,20.1,41.43333333,22.48777778,51.08777778,18.89,44.9,3,748.4666667,97,3,63,2.57
30,0,20.5,43.26,19.92666667,41.29,21.06666667,41.96666667,19.23,43.32666667,19.2,64.73833333,2.126666667,90.69333333,20.1,41.46666667,22.43277778,51.07,18.89,44.975,2.75,748.5333333,97,3,62.5,2.33
40,0,20.5,43.2,19.89,41.29,21,41.82666667,19.2,43.2,19.2,64.53944444,1.863333333,90.4,20.1,41.48888889,22.40222222,50.89055556,18.89,45,2.5,748.6,97,3,62,2.1
40,0,20.5,43.2,19.89,41.29,20.96333333,41.79,19.2,43.2,19.17777778,64.36611111,1.79,90.33333333,20.1,41.5,22.39,50.715,18.89,45.12666667,2.4,748.6,97.16666667,3,62,2.02
50,0,20.42666667,43.12666667,19.82333333,41.23,20.89,41.79,19.16666667,43.2,19.16666667,64.21,1.666666667,90.23,20.1,41.46111111,22.37888889,50.745,18.89,45.2,2.3,748.6,97.33333333,3,62,1.93
50,0,20.39,43,19.79,41.16333333,20.89,41.79,19.1,43.2,19.10555556,64.06055556,1.533333333,90.09,20.1,41.38166667,22.31777778,50.79,18.89,45.23,2.2,748.6,97.5,3,62,1.85
50,0,20.39,43,19.79,41.09,20.89,41.79,19.1,43.09,19.1,63.91111111,1.39,90,20.08888889,41.29222222,22.29,50.81444444,18.89,45.29,2.1,748.6,97.66666667,3,62,1.77
50,0,20.39,43,19.79,41.09,20.89,41.76,19.1,43.09,19.1,63.74722222,1.323333333,90,20.06111111,41.24277778,22.29,50.82611111,18.89,45.32666667,2,748.6,97.83333333,3,62,1.68
40,0,20.29,42.9,19.79,41.09,20.89,41.7,19.1,43.06,19.1,63.57722222,1.2,89.76333333,20.04444444,41.22777778,22.28,51.01166667,18.89,45.4,1.9,748.6,98,3,62,1.6
50,0,20.29,42.9,19.7,41.09,20.89,41.7,19.025,42.925,19.1,63.43888889,1.066666667,89.56333333,20,41.2,22.205,51.075,18.89,45.5,1.87,748.6,98.16666667,3,62,1.58
50,0,20.29,42.9,19.7,41.09,20.89,41.7,19,42.9,19.1,63.345,0.9,89.43333333,20,41.19388889,22.2,51.03,18.89,45.5,1.83,748.6,98.33333333,3,62,1.57
50,0,20.23,42.82666667,19.7,41,20.89,41.59,18.96333333,42.79,19.03888889,63.13277778,0.833333333,89.43333333,20,41.10222222,22.2,50.93277778,18.89,45.59,1.8,748.6,98.5,3,62,1.55
60,0,20.2,42.7,19.7,41,20.89,41.66333333,18.89,42.79,19,62.95,0.7,89.33333333,20,41.09,22.12777778,50.77722222,18.89,45.59,1.77,748.6,98.66666667,3,62,1.53
50,0,20.2,42.7,19.66666667,40.96666667,20.92666667,41.7,18.96333333,42.79,19,62.82777778,0.625,89.4475,20,41.09,22.1,50.60333333,18.89,45.7,1.73,748.6,98.83333333,3,62,1.52
40,0,20.2,42.7,19.6,40.9,21,41.76,18.89,42.79,19,62.71166667,0.666666667,89.73,20,41.09,22.1,50.52222222,18.89,45.7,1.7,748.6,99,3,62,1.5
50,0,20.13333333,42.7,19.6,40.86333333,21,41.79,18.89,42.7,19,62.56722222,0.7,89.86666667,20,41.09,22.08888889,50.37166667,18.89,45.7,1.7,748.6333333,99,3.166666667,61.5,1.5
50,0,20.1,42.7,19.6,40.79,21,41.79,18.89,42.7,19,62.45,0.7,89.93333333,20,41.15722222,22.01666667,50.18444444,18.89,45.7,1.7,748.6666667,99,3.333333333,61,1.5
50,0,20.1,42.7,19.6,40.82666667,21,41.7,18.89,42.59,19,62.30333333,0.6,89.83333333,20,41.2,22.03333333,50.14277778,18.89,45.66333333,1.7,748.7,99,3.5,60.5,1.5
50,0,20.03333333,42.53,19.53333333,40.82666667,21,41.7675,18.82333333,42.53,19,62.17944444,0.533333333,89.83333333,20,41.22,22.01111111,50.21,18.89,45.66333333,1.7,748.7333333,99,3.666666667,60,1.5
40,0,20.1,42.59,19.56666667,40.79,21,41.86333333,18.85666667,42.46666667,18.98166667,62.035,0.466666667,89.73,20,41.245,22,50.13277778,18.89,45.7,1.7,748.7666667,99,3.833333333,59.5,1.5
30,0,20,42.46666667,19.5,40.79,21,41.86333333,18.79,42.4,18.89,61.95,0.333333333,89.53,20,41.36333333,22,50.045,18.89,45.7,1.7,748.8,99,4,59,1.5
40,0,20,42.4,19.5,40.79,21,41.79,18.79,42.29,18.89,61.85222222,0.2,89.26333333,20,41.29,22,49.93888889,18.89,45.7,1.63,748.8,98.83333333,3.833333333,59.33333333,1.42
40,10,20,42.4,19.39,40.7,21,41.79,18.79,42.29,18.89,61.73,0.2,89.39666667,20,41.235,21.96944444,49.9,18.89,45.7,1.57,748.8,98.66666667,3.666666667,59.66666667,1.33
60,10,20,42.4,19.39,40.7,21,41.79,18.79,42.26,18.89,61.65222222,0.166666667,89.36666667,20,41.145,21.95111111,49.99222222,18.89,45.7,1.5,748.8,98.5,3.5,60,1.25
50,0,19.96333333,42.26,19.39,40.62666667,20.89,41.9,18.79,42.33333333,18.89,61.53,0.033333333,89.16,19.98166667,41.09,21.90222222,49.93888889,18.89,45.56,1.43,748.8,98.33333333,3.333333333,60.33333333,1.17
50,0,19.96333333,42.12666667,19.39,40.7,20.89,41.9,18.79,42.53,18.88444444,61.40555556,0.1,89.56333333,19.90222222,41.09,21.89,49.92222222,18.89,45.5,1.37,748.8,98.16666667,3.166666667,60.66666667,1.08
50,0,19.89,42.09,19.35666667,40.7,20.85666667,41.9,18.79,42.53,18.85111111,61.28722222,0.166666667,89.69,19.92666667,41.015,21.89,49.845,18.85666667,45.46666667,1.3,748.8,98,3,61,1
70,0,19.89,42.12666667,19.29,40.62666667,20.79,41.9,18.79,42.5,18.86222222,61.19944444,0.1,89.72666667,19.89,41.045,21.88444444,49.70388889,18.79,45.32666667,1.5,748.8666667,97.83333333,3,61.33333333,1.18
60,0,19.89,42.4,19.32333333,40.59,20.82333333,41.9,18.79,42.5,18.80111111,61.05222222,0.1,89.8,19.89,41.18166667,21.82333333,49.54222222,18.89,45.36333333,1.7,748.9333333,97.66666667,3,61.66666667,1.37
60,0,19.89,42.7,19.32333333,40.72333333,20.82333333,41.76666667,18.73,42.5,18.79,60.99333333,0.15,90.045,19.89,41.2,21.79,49.43888889,18.82333333,45.23,1.9,749,97.5,3,62,1.55
60,0,19.89,42.96,19.29,40.96333333,20.79,41.56,18.7,42.4,18.79,60.9,0.5,90.6,19.89,41.16944444,21.79,49.345,18.85666667,45.13333333,2.1,749.0666667,97.33333333,3,62.33333333,1.73
410,0,19.89,43.06,19.29,41.16333333,20.73,41.56,18.7,42.32666667,18.79,60.83277778,0.766666667,90.8,19.89,41.09222222,21.78,49.17222222,18.79,44.93333333,2.3,749.1333333,97.16666667,3,62.66666667,1.92
70,0,19.89,43,19.32333333,41.29,20.76,41.59,18.7,42.29,18.79,60.775,1.066666667,91.03,19.89,41.09833333,21.78,49.09,18.79,44.76,2.5,749.2,97,3,63,2.1
70,0,19.89,43,19.32333333,41.29,20.7,41.53,18.7,42.23,18.79,60.69166667,1.4,91.29666667,19.89,41.2,21.76,49.09,18.79,44.7,2.67,749.2333333,96.83333333,3.166666667,63.16666667,2.23
60,10,19.89,43,19.29,41.5,20.7,41.56,18.7,42.29,18.79,60.59,1.766666667,91.56333333,19.89,41.205,21.76,49.065,18.79,44.5,2.83,749.2666667,96.66666667,3.333333333,63.33333333,2.37
100,0,20,45.53,19.29,41.56,20.7,41.5,18.7,42.23,18.785,60.535,2.1,91.83,19.89,41.24,21.735,49.025,18.79,44.43333333,3,749.3,96.5,3.5,63.5,2.5
70,0,20,44.05666667,19.29,41.16333333,20.66666667,41.29666667,18.7,42.2,18.73,60.5,2.596666667,92.12333333,19.89,41.26888889,21.7,49.07,18.79,44.29,3.17,749.3333333,96.33333333,3.666666667,63.66666667,2.63
70,0,19.89,43.56,19.29,41.16333333,20.6,41.1725,18.7,42.2,18.7,60.42666667,2.99,92.33,19.89,41.07722222,21.7,49.005,18.79,44.23,3.33,749.3666667,96.16666667,3.833333333,63.83333333,2.77
80,10,19.96333333,43.43333333,19.29,41.29,20.6,41.12666667,18.7,42.26666667,18.7,60.33277778,3.36,92.53,19.89,40.83833333,21.7,49.025,18.79,44.16333333,3.5,749.4,96,4,64,2.9
70,0,19.89,43.23,19.23,41.29,20.6,41.2,18.7,42.6,18.72,60.185,3.633333333,92.65666667,19.86777778,40.59222222,21.7,48.97277778,18.79,44.0675,3.58,749.4166667,95.66666667,4,64,2.93
60,0,19.89,43.23,19.23,41.32666667,20.6,41.12666667,18.7,42.26,18.7,59.62555556,3.996666667,92.83333333,19.86222222,40.52111111,21.7,48.65444444,18.79,43.86,3.67,749.4333333,95.33333333,4,64,2.97
50,0,19.89,43,19.29,41.3725,20.56666667,41.06,18.7,42.12666667,18.7,59.10833333,4.33,92.9,19.82333333,40.32277778,21.62222222,48.27,18.79,43.63333333,3.75,749.45,95,4,64,3
50,0,19.89,42.93333333,19.23,41.23,20.5,40.93333333,18.7,41.93,18.7,58.67722222,4.693333333,93.06333333,19.87333333,40.22388889,21.68888889,48.16944444,18.79,43.43333333,3.83,749.4666667,94.66666667,4,64,3.03
300,0,19.89,42.86333333,19.29,41.16333333,20.5,41,18.7,41.73,18.7,58.27111111,4.966666667,93.19,19.89,40.07722222,21.7,48.00944444,18.79,43.2,3.92,749.4833333,94.33333333,4,64,3.07
440,0,19.89,42.79,19.29,41.03,20.42666667,40.86,18.7,41.66333333,18.7,57.92944444,5.396666667,93.33333333,19.89,39.93888889,21.7,47.79055556,18.79,43.12666667,4,749.5,94,4,64,3.1
190,10,19.89,42.79,19.29,41.09,20.5,41.09,18.7,41.59,18.7,57.66722222,5.87,93.5225,19.89,39.845,21.7,47.42555556,18.79,42.96666667,4.27,749.4833333,93,4,56.66666667,3.22
100,0,19.89,43.15666667,19.23,41.09,20.5,41.16333333,18.7,41.645,18.7,57.42944444,6.09,93.69,19.95722222,39.735,21.715,47.21444444,18.79,42.82666667,4.53,749.4666667,92,4,49.33333333,3.33
90,0,19.89,43.36333333,19.29,41.23,20.5,41.29,18.7,41.82666667,18.67777778,57.14277778,6.19,93.69,19.96333333,39.59555556,21.78555556,47.27166667,18.79,42.79,4.8,749.45,91,4,42,3.45
100,0,19.89,43.26,19.29,41.29,20.5,41.36333333,18.7,41.9,18.7,56.96,6.19,93.69,19.92666667,39.5,21.83444444,47.64222222,18.73,42.73,5.07,749.4333333,90,4,34.66666667,3.57
100,0,19.89,43.2,19.29,41.29,20.5,41.43333333,18.7,42.03,18.67222222,56.72222222,6.496666667,93.86666667,19.98777778,39.47222222,21.95722222,47.46277778,18.7,42.59,5.33,749.4166667,89,4,27.33333333,3.68
90,10,19.89,43.06,19.29,41.23,20.5,41.5,18.7,42.03,18.64444444,56.55,6.623333333,93.93333333,20,39.39388889,22.05,47.03944444,18.7,42.53,5.6,749.4,88,4,20,3.8
100,0,19.89,42.93333333,19.26,41.16333333,20.42666667,41.43333333,18.7,42,18.61111111,56.33888889,6.5,93.9,20,39.27722222,22.13888889,46.62833333,18.7,42.36333333,5.5,749.3666667,88.16666667,4.166666667,20.83333333,3.72
110,0,19.89,42.76,19.26,41.16333333,20.42666667,41.43333333,18.7,42,18.6,56.155,6.56,93.9,20,39.19388889,22.225,46.22666667,18.7,42.29,5.4,749.3333333,88.33333333,4.333333333,21.66666667,3.63
160,0,19.96333333,44.56666667,19.29,41.12666667,20.39,41.4,18.7,42,18.62222222,55.99833333,6.8,94,20,39.13277778,22.31777778,45.91444444,18.7,42.16333333,5.3,749.3,88.5,4.5,22.5,3.55
160,0,20.2,43.92333333,19.29,41.33333333,20.39,41.32666667,18.7,42.33333333,18.6,55.845,6.8,94,20,39.18166667,22.37888889,45.52944444,18.7,42.09,5.2,749.2666667,88.66666667,4.666666667,23.33333333,3.47
110,0,20.2,43.66333333,19.29,41.5,20.46333333,41.43,18.79,42.7,18.6,55.69666667,7.16,94.22666667,20,38.98666667,22.43277778,45.35222222,18.7,42,5.1,749.2333333,88.83333333,4.833333333,24.16666667,3.38
90,0,20.2,44.05666667,19.29,41.56,20.4725,41.3725,18.79,42.7,18.6,55.545,7.433333333,94.3,20,38.71166667,22.51111111,45.21,18.7,41.93333333,5,749.2,89,5,25,3.3
80,0,20.26,44.19666667,19.29,41.73,20.5,41.46666667,18.76,42.73,18.6,55.39833333,7.833333333,94.4,20,38.42944444,22.59444444,45.18777778,18.7,41.9,5.02,749.15,88.16666667,5,27.5,3.18
60,0,20.39,43.92333333,19.29,41.86333333,20.5,41.43333333,18.76,42.79,18.6,55.265,7.9,94.46666667,19.95722222,38.12722222,22.6,45.18777778,18.7,41.8725,5.03,749.1,87.33333333,5,30,3.07
70,30,20.39,43.53,19.39,41.93333333,20.42666667,41.43333333,18.82333333,42.8,18.6,55.12777778,7.456666667,94.29666667,19.89,37.83111111,22.58333333,45.19388889,18.7,41.79,5.05,749.05,86.5,5,32.5,2.95
80,20,20.5,43.29,19.39,42.05,20.39,41.4,19.15666667,43.33333333,18.6,55.00222222,6.996666667,94.03,19.86222222,37.56388889,22.52222222,45.10222222,18.7,41.66333333,5.07,749,85.66666667,5,35,2.83
120,20,20.5,43.29,19.39,42.2,20.39,41.4,20.09333333,43.33333333,18.6,54.82777778,6.69,93.96666667,19.80111111,37.31333333,22.56111111,45.00944444,18.7,41.53,5.08,748.95,84.83333333,5,37.5,2.72
120,30,20.6,43.29,19.39,42.29,20.39,41.5,20.83333333,42.79333333,18.6,54.67944444,6.83,94.02666667,19.79,37.38722222,22.6,44.93333333,18.7,41.5,5.1,748.9,84,5,40,2.6
120,20,20.66666667,43.23,19.39,42.29,20.46333333,41.56,21,42.43333333,18.6,54.49222222,7.045,94.14,19.80111111,37.54611111,22.6,44.94444444,18.7,41.43333333,5.2,748.8666667,84.5,4.833333333,40,2.77
110,10,20.7,42.93,19.46333333,42.5,20.42666667,41.56666667,20.92666667,42.56,18.6,54.30166667,7.26,94.22666667,19.88444444,37.645,22.6,44.87555556,18.7,41.26,5.3,748.8333333,85,4.666666667,40,2.93
100,10,20.7675,42.7675,19.46333333,42.63333333,20.5,41.62666667,20.745,42.29,18.6,54.09333333,7.333333333,94.3,19.86222222,37.64444444,22.63888889,44.91611111,18.7,41.26,5.4,748.8,85.5,4.5,40,3.1
90,10,20.79,42.9,19.86,42.52666667,20.46333333,41.66333333,20.56666667,42.46333333,18.6,53.95,7.463333333,94.33333333,19.79,37.41555556,22.67777778,44.67388889,18.63333333,41.2,5.5,748.7666667,86,4.333333333,40,3.27
100,20,20.89,43.03,20.06666667,42.4,20.39,41.59,20.5,42.72333333,18.6,53.80333333,7.59,94.33333333,19.79,37.155,22.63888889,43.81111111,18.7,41.2,5.6,748.7333333,86.5,4.166666667,40,3.43
200,10,20.96333333,42.96333333,20.23,42.2,20.39,41.59,20.46333333,42.72333333,18.6,53.69944444,7.59,94.36666667,19.79,36.99833333,22.6,43.48222222,18.7,41.16333333,5.7,748.7,87,4,40,3.6
210,20,21.03333333,42.79,20.35666667,42.06666667,20.46333333,41.66333333,20.32333333,42.59,18.66611111,52.83,7.59,94.3,19.78,36.86944444,22.61666667,43.345,18.63333333,41.03,5.65,748.7,86.66666667,3.666666667,40,3.52
110,10,21.1,42.79,20.5,41.86333333,20.5,41.7,20.29,42.56,18.80777778,51.37833333,7.4,94.12333333,19.755,36.735,22.725,43.27722222,18.7,41.62333333,5.6,748.7,86.33333333,3.333333333,40,3.43
120,20,21.1,42.66333333,20.5,41.73,20.5,41.76,20.29,42.43333333,18.95722222,50.51666667,7.26,93.99666667,19.71,36.7,22.79,43.21388889,18.7,42.69666667,5.55,748.7,86,3,40,3.35
110,10,21.1,42.59,20.6,41.5,20.5,41.73,20.2,42.29,19.03333333,49.87388889,6.866666667,93.69,19.68333333,36.68166667,22.84,43.20666667,18.7,43.09,5.5,748.7,85.66666667,2.666666667,40,3.27
110,10,21.2,42.46666667,20.66666667,41.5,20.5,41.79,20.2,42.29,19.09444444,49.42666667,6.8,93.76333333,19.6,36.59,22.90222222,43.255,18.7,43.09,5.45,748.7,85.33333333,2.333333333,40,3.18
100,20,21.2,42.4,20.7,41.4,20.5,41.79,20.1,42.29,19.12777778,49.02944444,6.8,93.83333333,19.6,36.60833333,22.93277778,43.245,18.7,43.06,5.4,748.7,85,2,40,3.1
120,10,21.2,42.29,20.76,41.26666667,20.5,41.73,20.1,42.36333333,19.2,48.75333333,6.933333333,93.96666667,19.6,36.67555556,23,43.275,18.7,42.93333333,5.35,748.6833333,86.16666667,1.833333333,44.16666667,3.23
110,20,21.26,42.29,20.79,41.2,20.5,41.79,20,42.43333333,19.245,48.68166667,6.866666667,93.93333333,19.6,36.7,23.05,43.245,18.7,42.76,5.3,748.6666667,87.33333333,1.666666667,48.33333333,3.37
110,0,21.29,42.4,20.85666667,41.26,20.6,41.79,20,42.56,19.29555556,48.54166667,6.726666667,93.86666667,19.6,36.89444444,23.1,43.29,18.7,42.6725,5.25,748.65,88.5,1.5,52.5,3.5
110,0,21.35666667,42.4,20.96,41.2,20.53333333,41.79,19.89,42.76666667,19.37888889,48.39277778,6.8,93.9,19.60555556,37.47222222,23.15,43.265,18.7,42.53,5.2,748.6333333,89.66666667,1.333333333,56.66666667,3.63
100,0,21.53333333,42.4,21.125,40.72,20.56666667,41.86333333,19.89,43.1,19.46277778,48.03444444,6.726666667,93.9,19.61666667,37.36166667,23.2,43.2,18.7,42.4,5.15,748.6166667,90.83333333,1.166666667,60.83333333,3.77
130,0,21.6,42.06666667,21.26,40.5,20.56666667,41.79,19.89,43.13333333,19.58888889,47.48666667,6.45,93.64,19.6,37.215,23.2,43.2,18.7,42.32666667,5.1,748.6,92,1,65,3.9
120,10,21.73,41.96666667,21.42666667,40.4,20.56666667,41.79,19.89,42.93333333,19.68333333,47.21666667,6.06,93.2,19.55,37.135,23.255,43.16944444,18.7,42.29,4.83,748.6,92.5,1.166666667,60.83333333,3.72
110,0,21.79,41.9,21.56666667,40.4,20.56666667,41.86333333,19.79,42.72333333,19.715,47.01722222,5.6,92.66,19.5,36.93777778,23.29,43.05722222,18.63333333,42.15666667,4.57,748.6,93,1.333333333,56.66666667,3.53
100,0,21.79,41.76,21.6,40.26,20.6,41.93333333,19.79,42.46333333,19.78,46.78722222,5.23,92.56,19.5,36.80222222,23.29555556,42.91055556,18.66666667,42.06,4.3,748.6,93.5,1.5,52.5,3.35
100,0,21.85666667,41.76,21.675,40.2675,20.66666667,42.13333333,19.7,42.45,19.79,46.55722222,5.09,92.56,19.5,36.735,23.33444444,42.885,18.6,41.93333333,4.03,748.6,94,1.666666667,48.33333333,3.17
380,0,21.89,41.645,21.7,40.06,20.79,42.2,19.7,42.62666667,19.81777778,46.40444444,5.06,92.56,19.5,36.645,23.37888889,43.07833333,18.6,41.86333333,3.77,748.6,94.5,1.833333333,44.16666667,2.98
350,0,21.92666667,41.53,21.76,39.93333333,20.85666667,42.2,19.7,42.7,19.87888889,46.33277778,4.866666667,92.36666667,19.5,36.575,23.32888889,43.36277778,18.6,41.79,3.5,748.6,95,2,40,2.8
290,30,22,41.66333333,21.79,39.9,20.92666667,42.2,19.7,42.82666667,19.89611111,46.285,4.656666667,92.3,19.47555556,36.645,23.35111111,43.72611111,18.6,41.7,3.58,748.6166667,95,2.166666667,40,2.88
390,20,22,41.7,21.79,39.9,21,42.2,19.76,43.3,20.01555556,46.05166667,4.53,92.3,19.50555556,36.88722222,23.36777778,44.14888889,18.6,41.7,3.67,748.6333333,95,2.333333333,40,2.97
690,10,22.06666667,41.7,21.79,39.9,21.1,42.23,19.82333333,43.89,20.18833333,45.60166667,4.5,92.4,19.6,37.01166667,23.39,44.70833333,18.6,41.66333333,3.75,748.65,95,2.5,40,3.05
270,0,22.23,42.2,21.85666667,39.9,21.16666667,42.29,19.89,44.03,20.30777778,45.65277778,4.56,92.46666667,19.67222222,37.10222222,23.39,45.30611111,18.6,41.59,3.83,748.6666667,95,2.666666667,40,3.13
750,30,22.43,43,21.92666667,40.13333333,21.23,42.59666667,19.89,43.73,20.46277778,46.19833333,4.5,92.59,19.745,37.37611111,23.41444444,45.74277778,18.6,41.56,3.92,748.6833333,95,2.833333333,40,3.22
130,10,22.66333333,47.62666667,22,40.4,21.35666667,43.12333333,19.89,44.79,20.58888889,46.79722222,4.433333333,92.46333333,19.96277778,39.54888889,23.34,45.30444444,18.6,41.5,4,748.7,95,3,40,3.3
120,10,22.85666667,50.03333333,22.13333333,41.26333333,21.55,45.35,20,47.16666667,20.68833333,48.34888889,3.99,91.69666667,20.26166667,41.90444444,23.275,44.63277778,18.6,41.5,3.78,748.7,95.16666667,2.666666667,36.83333333,3.1
120,10,23,46.76333333,22.26,42.06333333,21.7,45.9,20.06666667,47.63333333,20.78,48.48666667,3.53,90.69666667,20.52055556,42.595,23.22,44.265,18.6,41.5,3.57,748.7,95.33333333,2.333333333,33.66666667,2.9
130,30,23,46.23,22.29,42.16333333,21.76,45.82666667,20.1,47.66333333,20.85111111,48,2.963333333,90.09,20.67222222,42.43944444,23.24,44.08111111,18.6,41.46666667,3.35,748.7,95.5,2,30.5,2.7
130,10,23,45.09333333,22.35666667,42.03,21.79,45.49,20.1,47.53,20.89,47.43722222,2.723333333,89.93333333,20.7,41.87277778,23.24,43.82,18.575,41.4,3.13,748.7,95.66666667,1.666666667,27.33333333,2.5
130,0,23.06666667,44.36666667,22.39,41.72333333,21.79,45.15666667,20.2,46.99,20.91222222,51.09666667,2.5225,89.85,20.7,41.78,23.255,43.60777778,18.56666667,41.32666667,2.92,748.7,95.83333333,1.333333333,24.16666667,2.3
120,10,23.1,43.76666667,22.39,41.53,21.79,44.72333333,20.13333333,46.59666667,21.22055556,72.40166667,2.433333333,89.86666667,20.75,41.50166667,23.29,43.46,18.53333333,41.26,2.7,748.7,96,1,21,2.1
120,0,23.1,43.22666667,22.39,41.245,21.79,44.39,20.1,46.22333333,20.96611111,72.54833333,2.433333333,90.19666667,20.64333333,40.215,23.29,43.30833333,18.53333333,41.2,2.67,748.7166667,96.16666667,1.166666667,28.33333333,2.1
130,30,23.2,42.72333333,22.39,41,21.79,44.02666667,20.1,45.96333333,20.79277778,69.87555556,2.5,90.73,20.46833333,39.54166667,23.29,43.30055556,18.5,41.09,2.63,748.7333333,96.33333333,1.333333333,35.66666667,2.1
120,30,23.13333333,42.46333333,22.39,40.86,21.79,43.82666667,20.13333333,45.63333333,20.6,67.51666667,2.59,91.03,20.39,39.33,23.29,43.57166667,18.5,41.03,2.6,748.75,96.5,1.5,43,2.1
130,20,23.1,42.02666667,22.39,40.7,21.79,43.56,20.26,45.43333333,20.46944444,65.42277778,2.53,91.09,20.30666667,39.13777778,23.29,43.89777778,18.5,40.96666667,2.57,748.7666667,96.66666667,1.666666667,50.33333333,2.1
130,30,23.1,41.82666667,22.39,40.62666667,21.79,43.43333333,20.9,44.895,20.32888889,63.68166667,2.4,90.83333333,20.29,39.01,23.29,44.23666667,18.5,40.9,2.53,748.7833333,96.83333333,1.833333333,57.66666667,2.1
140,20,23.06666667,41.6,22.29,40.5,21.79,43.16333333,21.56666667,44.05666667,20.245,62.14444444,2.466666667,91.16666667,20.29,38.75888889,23.29,44.36944444,18.5,40.86333333,2.5,748.8,97,2,65,2.1
130,20,23,41.3175,22.29,40.43333333,21.79,43.03,21.76,43.33,20.13888889,60.91222222,2.626666667,91.49666667,20.225,38.29444444,23.29,44.4,18.5,40.79,2.7,748.7666667,96.83333333,2,57.83333333,2.27
140,20,23,41.23,22.2,40.29,21.79,42.86333333,21.73,43.33333333,20.07222222,59.79277778,2.76,91.69,20.16111111,37.78222222,23.29,44.36944444,18.5,40.7,2.9,748.7333333,96.66666667,2,50.66666667,2.43
120,30,22.89,41.16333333,22.2,40.23,21.79,42.73,21.73,43.12666667,20,58.96277778,2.826666667,91.86666667,20.1,37.73277778,23.29,44.285,18.5,40.7,3.1,748.7,96.5,2,43.5,2.6
120,20,22.89,41.09,22.1,40.2,21.79,42.59,21.66666667,43.02666667,19.945,58.38,2.966666667,92,20.11666667,37.80222222,23.29,44.17944444,18.5,40.59,3.3,748.6666667,96.33333333,2,36.33333333,2.77
140,20,22.79,40.96666667,22.03333333,40.06666667,21.73,42.53,21.6,42.76666667,19.85111111,57.89111111,3.06,92.06,20.2,37.85722222,23.29,44.01222222,18.5,40.59,3.5,748.6333333,96.16666667,2,29.16666667,2.93
130,20,22.79,40.9,22,40,21.7,42.4,21.56666667,42.56,19.78,57.46,3,92,20.2,37.92222222,23.29,43.73888889,18.5,40.56,3.7,748.6,96,2,22,3.1
120,20,22.7,40.9,21.92666667,40,21.7,42.32666667,21.5,42.5,19.765,57.17,2.9,92,20.2,37.9,23.29555556,43.51944444,18.5,40.5,3.5,748.5333333,96,2.166666667,22.66666667,2.9
90,20,22.7,40.82666667,21.85666667,39.86333333,21.7,42.16333333,21.5,42.36333333,19.7,56.78055556,2.9,92,20.2,37.77333333,23.37888889,43.14222222,18.5,40.5,3.3,748.4666667,96,2.333333333,23.33333333,2.7
40,10,22.66666667,40.76,21.79,39.79,21.625,41.92,21.42666667,42.23,19.62777778,56.40833333,2.9,92,20.16111111,37.80333333,23.39,43.18111111,18.5,40.5,3.1,748.4,96,2.5,24,2.5
70,0,22.6,40.83333333,21.76,39.76,21.6,41.93,21.39,42.26,19.61111111,56.18555556,2.933333333,92,20.16111111,38.24555556,23.39,43.64444444,18.5,40.6,2.9,748.3333333,96,2.666666667,24.66666667,2.3
60,0,22.56666667,41.16333333,21.7,39.7,21.5,42.15666667,21.39,42.06666667,19.55,56.10833333,3.06,92.12666667,20.16666667,38.56444444,23.30666667,44.20944444,18.5,41.545,2.7,748.2666667,96,2.833333333,25.33333333,2.1
60,0,22.5,41.09,21.6,39.82666667,21.5,42.29,21.26,41.86333333,19.51111111,56.13055556,3.126666667,92.19,20.17777778,38.91055556,23.29,44.64888889,18.56666667,42.13333333,2.5,748.2,96,3,26,1.9
50,0,22.46333333,41.06,21.6,39.96666667,21.5,42.43333333,21.13333333,41.79,19.49388889,56.27722222,3.2,92.19,20.2,39.11055556,23.235,44.90333333,18.6,42.43333333,2.58,748.1833333,95.83333333,3,25.83333333,1.95
60,0,22.39,41,21.56666667,40.03,21.5,42.5,21.06666667,41.7,19.42666667,56.35722222,3.06,92.06,20.2,39.36388889,23.2,45.19055556,18.53333333,42.63333333,2.67,748.1666667,95.66666667,3,25.66666667,2
60,0,22.39,41.12666667,21.5,40.195,21.5,42.59,21,41.7,19.39,56.4,2.933333333,92,20.2,39.61055556,23.17777778,45.33444444,18.6,42.79,2.75,748.15,95.5,3,25.5,2.05
60,0,22.32333333,41.2,21.42666667,40.29,21.5,42.59,20.85666667,41.7,19.39,56.41111111,2.826666667,91.86666667,20.2,39.63277778,23.17777778,45.80555556,18.6,42.86333333,2.83,748.1333333,95.33333333,3,25.33333333,2.1
60,0,22.26,41.29,21.39,40.4,21.5,42.7,20.79,41.7,19.35111111,56.47777778,2.9,92,20.14444444,39.59,23.2,47.08888889,18.6,43.03,2.92,748.1166667,95.16666667,3,25.16666667,2.15
70,0,22.2,41.29,21.32333333,40.46666667,21.5,42.7,20.7,41.73,19.31222222,56.43333333,2.9,92,20.10555556,39.63888889,23.2,47.63222222,18.6,43.09,3,748.1,95,3,25,2.2
90,0,22.16666667,41.32666667,21.29,40.5,21.5,42.59,20.7,41.79,19.29,56.45,2.9,92,20.1,39.645,23.2,48.04333333,18.6,43.23,3,748.05,95,2.833333333,24.33333333,2.22
80,0,22.1,41.4,21.23,40.5,21.5,42.59,20.63333333,41.79,19.29,56.46111111,2.76,91.86666667,20.1,39.7,23.2,47.91944444,18.6,43.29,3,748,95,2.666666667,23.66666667,2.23
60,0,22.1,41.5,21.2,40.59,21.5,42.59,20.5,41.9,19.275,56.415,2.7,91.8,20.1,39.715,23.2,47.65888889,18.6,43.43333333,3,747.95,95,2.5,23,2.25
60,0,22,41.43333333,21.2,40.59,21.56666667,42.59,20.5,41.96666667,19.2,56.29,2.7,91.9,20.1,39.82277778,23.22,47.86166667,18.6,43.56,3,747.9,95,2.333333333,22.33333333,2.27
40,0,22,41.5,21.16666667,40.59,21.53333333,42.59,20.39,42,19.2,56.285,2.7,91.9,20.1,39.92777778,23.2,48.06222222,18.6,43.7,3,747.85,95,2.166666667,21.66666667,2.28
50,0,21.89,41.5,21.1,40.59,21.53333333,42.59,20.39,42,19.2,56.255,2.7,91.9,20.1,40.035,23.12777778,48.12055556,18.6,43.76,3,747.8,95,2,21,2.3
50,0,21.89,41.56,21.1,40.59,21.5,42.59,20.35666667,42.03,19.16111111,56.215,2.76,91.9,20.1,40.10222222,23.1,48.015,18.6,43.9,2.92,747.7166667,94.83333333,2,21.66666667,2.18
50,0,21.85666667,41.56,21.03333333,40.53,21.5,42.59,20.29,42.16333333,19.1,56.2,2.69,91.745,20.1,40.19388889,23.04444444,47.86666667,18.6,43.96666667,2.83,747.6333333,94.66666667,2,22.33333333,2.07
40,0,21.79,41.5,20.96333333,40.53,21.5,42.59,20.2,42.03,19.1,56.18166667,2.333333333,91.16666667,20.1,40.2,23.00555556,47.79111111,18.6,44.03,2.75,747.55,94.5,2,23,1.95
40,0,21.79,41.5,20.89,40.59,21.5,42.5225,20.2,42.09,19.1,56.11444444,2.126666667,90.83333333,20.1,40.13277778,22.98166667,47.71,18.6,44.16333333,2.67,747.4666667,94.33333333,2,23.66666667,1.83
30,0,21.73,41.5,20.89,40.5,21.5,42.5,20.16666667,42.09,19.1,56.09,1.966666667,90.72666667,20.1,40.10055556,22.90222222,47.67555556,18.66666667,44.26,2.58,747.3833333,94.16666667,2,24.33333333,1.72
50,0,21.7,41.5,20.89,40.5,21.5,42.5,20.1,42.09,19.07222222,56.02833333,1.966666667,90.93333333,20.1,40.255,22.89,47.82333333,18.6,44.295,2.5,747.3,94,2,25,1.6
50,0,21.63333333,41.43333333,20.85666667,40.5,21.5,42.5,20.1,42.06,19.02222222,55.93333333,2.09,91.22666667,20.1,40.345,22.80666667,48.14888889,18.6,44.4,2.48,747.2333333,93.83333333,2.166666667,24.5,1.57
60,0,21.6,41.4,20.79,40.5,21.39,42.53,20.03333333,41.93333333,19,55.9,2.163333333,91.36666667,20.1,40.4,22.79,48.47944444,18.6,44.5,2.47,747.1666667,93.66666667,2.333333333,24,1.53
50,0,21.6,41.4,20.76,40.5,21.39,42.53,20,41.9,19,55.88166667,2.163333333,91.46666667,20.1,40.4,22.79,48.76555556,18.66666667,44.63333333,2.45,747.1,93.5,2.5,23.5,1.5
50,0,21.56666667,41.32666667,20.7,40.56,21.39,42.5,20,41.9,19,55.81444444,1.963333333,91.19333333,20.1,40.33277778,22.79,49.12388889,18.6,44.59,2.43,747.0333333,93.33333333,2.666666667,23,1.47
70,0,21.5,41.4,20.7,40.59,21.39,42.5,20,41.9,19,55.79,1.726666667,90.56,20.1,40.29,22.715,49.34222222,18.6,44.66333333,2.42,746.9666667,93.16666667,2.833333333,22.5,1.43
50,0,21.39,41.26,20.6,40.5,21.39,42.56,19.92666667,41.9,18.97555556,55.775,1.46,90.1,20.1,40.29,22.7,49.475,18.66666667,44.76,2.4,746.9,93,3,22,1.4
60,0,21.39,41.2,20.6,40.5,21.39,42.5,19.89,41.9,18.90833333,55.71,1.26,89.96666667,20.08333333,40.275,22.67222222,49.60222222,18.66666667,44.76,2.18,746.8666667,93.33333333,2.833333333,28.66666667,1.23
60,0,21.39,41.2,20.6,40.5,21.39,42.5,19.865,41.8725,18.89,55.7,1.066666667,89.56666667,20.09444444,40.30333333,22.61111111,49.65722222,18.7,44.79,1.97,746.8333333,93.66666667,2.666666667,35.33333333,1.07
50,0,21.39,41.26,20.6,40.5,21.46333333,42.63333333,19.85666667,41.86333333,18.89,55.68166667,0.766666667,89.12333333,20.08888889,40.38777778,22.58333333,49.715,18.7,44.79,1.75,746.8,94,2.5,42,0.9
60,0,21.29,41.2,20.5,40.5,21.39,42.5,19.79,41.79,18.89,55.61444444,0.7,89.19,20.07222222,40.42611111,22.5,49.84833333,18.66666667,44.79,1.53,746.7666667,94.33333333,2.333333333,48.66666667,0.733
50,0,21.29,41.2,20.5,40.5,21.39,42.5,19.79,41.73,18.88444444,55.585,0.6,89.19333333,20.06111111,40.36944444,22.5,49.99444444,18.6,44.73,1.32,746.7333333,94.66666667,2.166666667,55.33333333,0.567
50,0,21.29,41.2,20.46333333,40.46666667,21.39,42.53,19.76,41.79,18.85666667,55.54333333,0.8,89.925,20.00555556,40.31444444,22.5,49.91111111,18.6,44.79,1.1,746.7,95,2,62,0.4
60,0,21.2,41.09,20.46333333,40.46666667,21.39,42.53,19.7,41.79,18.87888889,55.49888889,1.066666667,90.49333333,20.02222222,40.42222222,22.5,49.88166667,18.66666667,44.86333333,1.28,746.65,95,2.166666667,62.33333333,0.583
60,0,21.2,41.09,20.39,40.4,21.29,42.46666667,19.7,41.79,18.80111111,55.41111111,1.323333333,90.83333333,20,40.4,22.42055556,49.67,18.7,44.9,1.47,746.6,95,2.333333333,62.66666667,0.767
60,0,21.16666667,41.06,20.32333333,40.4,21.29,42.4,19.7,41.79,18.79,55.35722222,1.463333333,91.02666667,20,40.4,22.39,49.555,18.7,44.9,1.65,746.55,95,2.5,63,0.95
60,0,21.1,41,20.29,40.32666667,21.2,42.26,19.7,41.86333333,18.79,55.29,1.633333333,91.3,20,40.46611111,22.36777778,49.48888889,18.7,45,1.83,746.5,95,2.666666667,63.33333333,1.13
50,0,21.1,41,20.29,40.4,21.2,42.1175,19.7,41.79,18.79,55.275,1.76,91.36666667,20,40.58,22.32888889,49.40555556,18.7,45,2.02,746.45,95,2.833333333,63.66666667,1.32
30,0,21.1,41,20.29,40.4,21.2,42.03,19.6,41.7,18.79,55.21,1.933333333,91.59,20,40.52,22.29,49.4,18.7,45,2.2,746.4,95,3,64,1.5
30,0,21,41,20.23,40.32666667,21.1,42,19.6,41.7,18.79,55.19166667,2.06,91.65666667,20,40.61055556,22.29,49.30833333,18.675,44.975,2.28,746.3166667,95,3,63.66666667,1.58
20,0,21,41,20.2,40.23,21.1,42,19.6,41.73,18.745,55.12666667,2.23,91.83333333,20,40.78111111,22.29,49.275,18.66666667,44.96666667,2.37,746.2333333,95,3,63.33333333,1.67
40,0,20.96333333,41,20.2,40.29,21,41.86333333,19.6,41.73,18.72,55.10222222,2.363333333,91.9,20,40.88777778,22.235,49.23,18.7,45.09,2.45,746.15,95,3,63,1.75
60,0,20.89,41,20.1,40.29,21,41.79,19.56666667,41.79,18.72,55.09,2.5,92.03,20,40.80833333,22.2,49.13888889,18.7,45.09,2.53,746.0666667,95,3,62.66666667,1.83
60,0,20.89,41,20.1,40.29,20.96333333,41.79,19.5,41.79,18.7,55.015,2.56,92.09,20,40.79,22.2,49.25277778,18.63333333,45.03,2.62,745.9833333,95,3,62.33333333,1.92
60,0,20.89,41,20.1,40.29,20.89,41.79,19.5,41.79,18.7,55,2.626666667,92.12333333,20,40.80833333,22.18888889,49.28,18.7,45.09,2.7,745.9,95,3,62,2
50,0,20.79,40.93333333,20.1,40.29,20.89,41.79,19.5,41.79,18.7,54.96111111,2.76,92.19,20,40.9,22.16666667,49.29,18.66666667,45.06,2.67,745.7833333,95,3.166666667,62.16666667,1.95
50,0,20.79,41,20.1,40.29,20.89,41.79,19.5,41.9,18.7,54.87555556,2.826666667,92.22666667,20,40.96611111,22.15,49.29,18.6,45.06,2.63,745.6666667,95,3.333333333,62.33333333,1.9
60,0,20.79,41,20,40.2,20.89,41.79,19.5,41.9,18.7,54.80333333,2.9,92.3,20,41.06,22.12222222,49.26888889,18.7,45.2,2.6,745.55,95,3.5,62.5,1.85
50,0,20.73,41,20,40.2,20.89,41.79,19.42666667,41.82666667,18.7,54.74,2.9,92.3,20,41.09,22.1,49.10222222,18.7,45.26,2.57,745.4333333,95,3.666666667,62.66666667,1.8
50,0,20.7,41.09,20,40.2,20.89,41.79,19.46333333,41.86333333,18.65,54.67944444,2.9,92.3,20,41.145,22.03888889,48.95388889,18.66666667,45.26,2.53,745.3166667,95,3.833333333,62.83333333,1.75
50,0,20.675,41.0675,19.92666667,40.2,20.89,41.86333333,19.39,41.79,18.63333333,54.62666667,2.826666667,92.16,20,41.17555556,22,48.9,18.66666667,45.26,2.5,745.2,95,4,63,1.7
70,0,20.6,41,19.89,40.2,20.89,41.93333333,19.39,41.79,18.6,54.59,2.79,92.12333333,20,41.34777778,22,48.83277778,18.7,45.32666667,2.48,745.15,94.66666667,4.166666667,56,1.65
90,10,20.6,41,19.89,40.2,20.89,42,19.39,41.79,18.6,54.57,2.79,92.19,20,41.90444444,22,48.79,18.7,45.4,2.47,745.1,94.33333333,4.333333333,49,1.6
60,0,20.6,41.26666667,19.89,40.2,20.89,42,19.39,41.76,18.6,54.56,2.79,92.19,20,41.92944444,21.98777778,48.79,18.7,45.36333333,2.45,745.05,94,4.5,42,1.55
60,0,20.6,41.46333333,19.89,40.26,20.89,42.06,19.39,41.76,18.6,54.545,2.73,92.12333333,20,41.54055556,21.93277778,48.79,18.7,45.29,2.43,745,93.66666667,4.666666667,35,1.5
70,10,20.6,41.59,19.79,40.32666667,20.96333333,42.06,19.39,41.83333333,18.6,54.44277778,2.7,92.19,19.945,40.98611111,21.89,48.64722222,18.7,45.26,2.42,744.95,93.33333333,4.833333333,28,1.45
50,0,20.6,41.56666667,19.79,40.32666667,20.89,41.82,19.32333333,41.42666667,18.6,54.28222222,2.7,92.19,19.82888889,40.06722222,21.89,48.25555556,18.7,45.12666667,2.4,744.9,93,5,21,1.4
50,0,20.6,41.9,19.79,40.26,20.82333333,41.62666667,19.29,40.99,18.6,54.14277778,2.7,92.19,19.725,39.42666667,21.80666667,47.66222222,18.65,44.745,2.45,744.8333333,92.66666667,4.833333333,22,1.4
50,0,20.6,41.79,19.79,40.2,20.79,41.46666667,19.29,40.73,18.6,53.96,2.7,92.12333333,19.66111111,38.89111111,21.79,47.33111111,18.7,44.36333333,2.5,744.7666667,92.33333333,4.666666667,23,1.4
40,0,20.6,41.73,19.79,40.2,20.79,41.4,19.29,40.36333333,18.6,53.78722222,2.79,92.19,19.6,38.41944444,21.79,46.98111111,18.7,44.36333333,2.55,744.7,92,4.5,24,1.4
60,0,20.6,41.56,19.73,40.12666667,20.79,41.29,19.29,40.15666667,18.6,53.55722222,2.79,92.12333333,19.6,38.09722222,21.78,46.69166667,18.7,44.36333333,2.6,744.6333333,91.66666667,4.333333333,25,1.4
40,10,20.53333333,41.5,19.7,40.06,20.73,41.23,19.26,39.93,18.53888889,53.455,2.9,92.19,19.55,37.83111111,21.725,46.42055556,18.7,44.23,2.65,744.5666667,91.33333333,4.166666667,26,1.4
40,0,20.5,41.33333333,19.7,40,20.76,41.2,19.2,39.73,18.5,53.21166667,2.966666667,92.19,19.5,37.53055556,21.7,46.12,18.7,44.09,2.7,744.5,91,4,27,1.4
80,0,20.5,41.2,19.7,39.9,20.7,41.06666667,19.2,39.56,18.5,52.90833333,3,92.19,19.5,37.27722222,21.67777778,45.92,18.7,43.83,2.75,744.4333333,90.16666667,4,29.16666667,1.32
330,0,20.5,40.96666667,19.7,39.76,20.7,40.86333333,19.2,39.43333333,18.5,52.765,3,92.19,19.45722222,37.08111111,21.68888889,46.00888889,18.7,43.52666667,2.8,744.3666667,89.33333333,4,31.33333333,1.23
260,0,20.5,40.9,19.63333333,39.62666667,20.63333333,40.65666667,19.1,39.4,18.5,52.59333333,3.09,92.3,19.39,36.845,21.62777778,45.79333333,18.7,43.26666667,2.85,744.3,88.5,4,33.5,1.15
100,0,20.39,40.76,19.7,39.7,20.6,40.59,19.1,39.295,18.5,52.49222222,3.156666667,92.33333333,19.39,36.64277778,21.6,45.34944444,18.6,42.79666667,2.9,744.2333333,87.66666667,4,35.66666667,1.07
70,0,20.39,40.62666667,19.63333333,39.62666667,20.6,40.59,19.1,39.2,18.5,52.41611111,3.29,92.4,19.39,36.46,21.6,44.82555556,18.6,42.39,2.95,744.1666667,86.83333333,4,37.83333333,0.983
70,0,20.39,40.56,19.6,39.5,20.6,40.59,19.1,39.09,18.5,52.27722222,3.433333333,92.43333333,19.35111111,36.30333333,21.6,44.43166667,18.6,42.13333333,3,744.1,86,4,40,0.9
70,0,20.39,40.43333333,19.6,39.5,20.6,40.59,19.1,39.03,18.5,52.12777778,3.56,92.5,19.31222222,36.17944444,21.57222222,43.96888889,18.6,41.86,3.15,744.0166667,84.83333333,4.333333333,40,0.833
80,0,20.39,40.29,19.6,39.4,20.6,40.59,19.1,38.96666667,18.5,52.01,3.59,92.4,19.29,36.00944444,21.53333333,43.55777778,18.6,41.63333333,3.3,743.9333333,83.66666667,4.666666667,40,0.767
80,0,20.35666667,40.16333333,19.6,39.32666667,20.6,40.59,19.1,38.82666667,18.5,51.89333333,3.59,92.4,19.29,35.85611111,21.5,43.23,18.6,41.43333333,3.45,743.85,82.5,5,40,0.7
50,0,20.35666667,40.09,19.5,39.26,20.6,40.56,19,38.59,18.5,51.69944444,3.766666667,92.56333333,19.285,35.71666667,21.5,42.90722222,18.56666667,41.16333333,3.6,743.7666667,81.33333333,5.333333333,40,0.633
60,0,20.29,39.96666667,19.5,39.2,20.6,40.43333333,19,38.59,18.5,51.575,4.093333333,92.76333333,19.255,35.545,21.47555556,42.61277778,18.5,41.03,3.75,743.6833333,80.16666667,5.666666667,40,0.567
50,0,20.29,39.9,19.5,39.06,20.6,40.36333333,19,38.56,18.5,51.5,4.226666667,92.76,19.248,35.382,21.48777778,42.40944444,18.5,40.86333333,3.9,743.6,79,6,40,0.5
50,0,20.29,39.86333333,19.5,38.93333333,20.525,40.2675,19,38.5,18.46333333,51.38611111,4.433333333,92.9,19.2,35.265,21.40222222,42.09833333,18.5,40.73,4.05,743.5,78.33333333,5.833333333,40,0.533
60,0,20.29,39.73,19.56666667,38.86333333,20.5,40.2,19,38.5,18.48777778,51.255,4.623333333,92.9,19.2,35.11777778,21.45111111,41.88722222,18.5,40.45,4.2,743.4,77.66666667,5.666666667,40,0.567
70,0,20.29,39.7,19.56666667,38.73,20.5,40.2,19.06666667,38.56,18.5,51.11777778,4.69,92.9,19.2,34.95,21.39611111,41.61722222,18.53333333,40.22333333,4.35,743.3,77,5.5,40,0.6
650,10,20.29,39.62666667,19.6,38.63333333,20.5,40.2,19.1,38.59,18.43888889,50.92777778,4.833333333,92.8,19.2,34.79333333,21.39,41.46111111,18.6,39.96333333,4.5,743.2,76.33333333,5.333333333,40,0.633
680,0,20.29,39.33333333,19.6,38.36,20.53333333,40.32666667,19.1,38.59,18.48777778,50.88166667,4.966666667,92.6,19.2,34.645,21.48166667,41.51444444,18.5,39.9,4.65,743.1,75.66666667,5.166666667,40,0.667
390,0,20.29,39.2,19.6,38.29,20.72666667,40.73333333,19.1,38.59,18.43888889,50.74,4.796666667,91.83,19.205,34.57,21.52777778,41.41111111,18.5,39.9,4.8,743,75,5,40,0.7
310,0,20.29,39.66666667,19.6,38.29,21.03333333,41.15666667,19.1,38.66333333,18.42055556,50.65722222,4.463333333,90.35666667,19.28,34.51722222,21.66111111,41.49444444,18.5,39.9,4.72,742.8333333,74.66666667,5.166666667,40,0.55
300,0,20.29,40.26666667,19.6,38.29,21.22666667,41.29,19.1,38.82666667,18.39,50.53,4.19,90.445,19.32888889,34.32777778,21.725,41.82833333,18.5,39.9,4.63,742.6666667,74.33333333,5.333333333,40,0.4
140,0,20.39,40.8,19.675,38.4475,21.42666667,41.2,19.16666667,38.9,18.39,50.5,4.226666667,90.66666667,19.39,34.155,21.85722222,42.21555556,18.53333333,39.83333333,4.55,742.5,74,5.5,40,0.25
280,0,20.39,41.06,19.7,38.76,21.56666667,41.12666667,19.2,38.9,18.40222222,50.51,4.493333333,91.06,19.40833333,34.045,21.93888889,42.02944444,18.6,39.7,4.47,742.3333333,73.66666667,5.666666667,40,0.1
140,0,20.5,41.36,19.7,39.06666667,21.6,41.06,19.2,38.9,18.40222222,50.48222222,4.69,90.83,19.5,33.98222222,22,41.79333333,18.6,39.59,4.38,742.1666667,73.33333333,5.833333333,40,-0.05
400,0,20.56666667,41.43333333,19.7,39.2,21.6,40.8,19.2,38.9,18.39,50.43333333,4.69,90.35666667,19.5,33.79333333,22.05,41.72,18.6,39.66333333,4.3,742,73,6,40,-0.2
190,0,20.6,41.69333333,19.56666667,39.46333333,21.5,40.46666667,19.2,38.9,18.39611111,50.39333333,4.59,89.02666667,19.51666667,33.645,22.16611111,41.53666667,18.6,39.7,4.55,741.8833333,71.83333333,5.833333333,40,-0.2
220,0,20.6,42.1,19.42666667,39.66333333,21.42666667,40.32666667,19.2,38.82666667,18.40833333,50.34944444,4.656666667,89.09333333,19.58888889,33.575,22.34833333,41.335,18.6,39.7,4.8,741.7666667,70.66666667,5.666666667,40,-0.2
390,0,20.63333333,41.83333333,19.39,39.46666667,21.39,40.16333333,19.2,38.79,18.39,50.275,5.1,89.79333333,19.6,33.48888889,22.50444444,41.13777778,18.6,39.82666667,5.05,741.65,69.5,5.5,40,-0.2
190,0,20.7,41.3425,19.39,39.4,21.39,39.96333333,19.26,38.79,18.39,50.16944444,5.433333333,89.53333333,19.68833333,33.42166667,22.65,41.025,18.66666667,40.1,5.3,741.5333333,68.33333333,5.333333333,40,-0.2
480,0,20.7,40.96333333,19.42666667,39.32666667,21.29,39.79,19.29,38.82666667,18.39,50.075,5.66,88.36666667,19.78,33.27722222,22.78055556,40.92055556,18.7,40.43333333,5.55,741.4166667,67.16666667,5.166666667,40,-0.2
350,0,20.73,40.49,19.42666667,39.4,21.35666667,40.06333333,19.29,38.9,18.39,49.95,5.866666667,86.7,19.89166667,33.26,22.90944444,40.71444444,18.76,40.63333333,5.8,741.3,66,5,40,-0.2
340,0,20.79,40.23,19.5,39.5,21.59666667,41.59333333,19.29,38.82666667,18.39,49.85722222,6.06,85.66,20,33.12,23.01666667,40.38666667,18.79,40.9,5.83,741.2,66,5,40,-0.167
530,0,20.82333333,40.36,19.5,39.56,21.9425,42.625,19.29,38.82666667,18.39,49.79,5.866666667,83.32666667,20.07222222,32.98333333,23.1,40.225,18.79,40.9,5.87,741.1,66,5,40,-0.133
510,0,20.89,40.56,19.5,39.59,22.26,42.9,19.29,38.79,18.39,49.715,5.933333333,83.86666667,20.08888889,32.835,23.19833333,40.03333333,18.79,40.745,5.9,741,66,5,40,-0.1
230,0,21,40.59,19.5,39.66333333,22.53333333,42.6,19.29,38.79,18.39,49.7,6,82.72666667,20.13888889,32.69888889,23.30666667,39.97222222,18.79,40.66333333,5.93,740.9,66,5,40,-0.0667
110,0,21,40.66333333,19.56666667,39.73,22.66666667,42.26666667,19.39,38.76,18.39,49.65722222,6.123333333,82.3,20.245,32.60222222,23.37888889,39.735,18.79,40.59,5.97,740.8,66,5,40,-0.0333
80,0,21.03333333,40.36333333,19.56666667,39.65666667,22.7,41.49666667,19.39,38.7,18.39,49.61444444,6.19,82.36,20.285,32.50944444,23.39,39.51722222,18.79,40.59,6,740.7,66,5,40,0
80,0,21.1,39.96333333,19.6,39.5,22.56666667,40.75666667,19.39,38.66333333,18.39,49.585,6.14,80.25,20.275,32.35611111,23.39611111,39.25333333,18.79,40.53,5.98,740.6666667,66,5,40,-0.0167
80,0,21.13333333,39.86,19.6,39.5,22.35666667,40.33333333,19.39,38.59,18.39,49.56,6.09,78.86,20.30666667,32.22888889,23.48777778,39.16944444,18.79,40.5,5.97,740.6333333,66,5,40,-0.0333
100,0,21.2,40.13333333,19.63333333,39.4,22.29,40.26,19.39,38.59,18.39,49.50444444,6.09,77.59333333,20.46166667,32.15722222,23.6,39.045,18.85666667,41.16666667,5.95,740.6,66,5,40,-0.05
110,0,21.23,39.99,19.7,39.3175,22.2,40,19.39,38.53,18.39,49.43333333,6.026666667,79.79666667,20.58333333,32.13277778,23.745,38.96,18.89,42.02666667,5.93,740.5666667,66,5,40,-0.0667
120,0,21.29,39.65666667,19.7,39.36333333,22.13333333,39.93333333,19.39,38.5,18.39,49.35722222,5.693333333,78.86333333,20.51111111,32.01444444,23.79,38.83277778,18.89,41.76666667,5.92,740.5333333,66,5,40,-0.0833
110,0,21.29,39.33333333,19.7,39.36333333,21.96333333,39.76,19.39,38.4,18.39,49.245,5.263333333,80.65666667,20.50555556,31.82888889,23.80666667,38.80833333,18.89,41.65666667,5.9,740.5,66,5,40,-0.1
110,0,21.29,39.12666667,19.76,39.23,21.96333333,39.62666667,19.39,38.32666667,18.39,49.10833333,5.19,81.46333333,20.56666667,31.69722222,23.94611111,38.735,18.89,41.79,5.75,740.5,66.5,4.833333333,40,-0.133
100,0,21.32333333,39.06,19.79,39.09,21.89,39.56,19.39,38.26,18.39,49.045,5.333333333,82.15666667,20.62777778,31.53888889,24.07222222,38.65111111,18.96333333,41.86333333,5.6,740.5,67,4.666666667,40,-0.167
90,0,21.39,40.26666667,19.85666667,39.03,21.89,39.56,19.39,38.2,18.39,48.98333333,5.4,81.36333333,20.68888889,31.46944444,24.19833333,38.545,18.96333333,41.79,5.45,740.5,67.5,4.5,40,-0.2
70,0,21.6,38.56,19.72666667,36.72333333,21.76,39.4,19.39,38.09,18.39,48.9,5.4,80.76666667,20.76,31.32388889,24.29,38.42944444,18.92666667,41.79,5.3,740.5,68,4.333333333,40,-0.233
70,0,21.6,37.5,19.6,36.66333333,21.7,39,19.39,38.16333333,18.39,48.81777778,5.333333333,80.49333333,20.7,31.21,24.235,38.31444444,18.92666667,41.65666667,5.15,740.5,68.5,4.166666667,40,-0.267
200,0,21.53333333,37.63333333,19.6,37.06666667,21.6,38.59,19.39,37.96666667,18.39,48.63,5.06,79.66333333,20.66111111,31.16111111,24.2,38.37277778,18.89,41.56,5,740.5,69,4,40,-0.3
280,0,21.46333333,37.73,19.6,37.26,21.53333333,38.53,19.39,37.76666667,18.39,48.48722222,4.793333333,80.52333333,20.58333333,31.1,24.15,38.66111111,18.89,41.5,4.75,740.55,70.5,4,40,-0.25
180,0,21.39,37.99,19.56666667,37.59666667,21.5,38.59,19.29,37.59,18.39,48.31166667,4.526666667,80.52333333,20.55555556,31.10555556,24.11111111,39.08944444,18.89,41.33333333,4.5,740.6,72,4,40,-0.2
180,0,21.39,43.42333333,19.5,38.39666667,21.4175,38.4725,19.29,37.53,18.39,48.255,4.333333333,80.99666667,20.5,31.18888889,24.1,39.435625,18.89,41.12666667,4.25,740.65,73.5,4,40,-0.15
90,0,21.39,43.75666667,19.5,39.39666667,21.32333333,38.56,19.26,37.29666667,18.37888889,48.31055556,4.026666667,81.43,20.40833333,31.15555556,24.08823529,39.48823529,18.89,40.9,4,740.7,75,4,40,-0.1
90,0,21.39,42.16666667,19.5,39.93,21.26,38.59,19.2,37.09,18.37888889,48.45,3.826666667,82.16333333,20.39,31.2,24.04444444,39.44444444,18.85666667,40.72333333,3.75,740.75,76.5,4,40,-0.05
100,0,21.39,41.1,19.5,39.83333333,21.2,38.72333333,19.2,36.96666667,18.39,48.48888889,3.6,82.345,20.32888889,31.13888889,24.02222222,39.67333333,18.79,40.59,3.5,740.8,78,4,40,0
100,0,21.29,40.4,19.5,39.7,21.2,38.82666667,19.2,36.9,18.39,48.5,3.333333333,82.59,20.28,31.08888889,24.02222222,39.98666667,18.79,40.36333333,3.42,740.8666667,78.33333333,3.833333333,40,-0.0333
130,0,21.29,40,19.5,39.59,21.2,38.9,19.1,36.9,18.39,48.5,3.2,83.53,20.205,31.09444444,24,40.16555556,18.79,40.15666667,3.33,740.9333333,78.66666667,3.666666667,40,-0.0667
430,0,21.32333333,39.79666667,19.5,39.59,21.2,38.93333333,19.1,36.9,18.37333333,48.49444444,3.23,85,20.18888889,31.18888889,24,40.29,18.79,39.96666667,3.25,741,79,3.5,40,-0.1
110,20,21.39,40.66333333,19.6,39.5,21.2,39,19.1,36.96333333,18.31222222,48.43333333,3.29,85.66666667,20.10555556,31.275,24,40.26352941,18.79,39.82666667,3.17,741.0666667,79.33333333,3.333333333,40,-0.133
110,10,21.53333333,40.26666667,19.6975,39.4475,21.23,39.03,19.1,37.03,18.37333333,48.4,3.29,85.96333333,20.1,31.34,24,40.2,18.76,39.7,3.08,741.1333333,79.66666667,3.166666667,40,-0.167
120,10,21.66666667,39.8,19.79,39.09666667,21.29,39.09,19.05,36.95,18.34,48.4,3.29,86.15666667,20.03888889,31.39,24,40.17666667,18.7,39.56666667,3,741.2,80,3,40,-0.2
110,10,21.73,39.03,19.92666667,38.86333333,21.29,38.9,19,36.9,18.33444444,48.33277778,3.29,86.36666667,20,31.40833333,24,40.01,18.7,39.46666667,2.92,741.2166667,80.5,3,40,-0.183
110,30,21.79,38.96333333,20,38.73,21.29,38.96666667,19,36.9,18.32333333,48.29,3.29,86.7,20,31.49333333,24,39.89833333,18.7,39.32666667,2.83,741.2333333,81,3,40,-0.167
120,30,21.82333333,38.72333333,20.13333333,38.63333333,21.29,38.96666667,19.03333333,37.96,18.36777778,48.255,3.29,86.96333333,19.92055556,31.57777778,24,39.71444444,18.7,39.16333333,2.75,741.25,81.5,3,40,-0.15
90,10,21.89,38.46333333,20.2,38.43333333,21.35666667,38.82666667,19.16666667,39.03333333,18.31222222,48.2,3.363333333,87.09,19.89,31.55333333,23.96944444,39.51222222,18.7,39.03,2.67,741.2666667,82,3,40,-0.133
100,10,22.03333333,38.63333333,20.23,38.29,21.39,38.7,19.29,39.29,18.35666667,48.2,3.4,86.49333333,19.86222222,31.57222222,23.90222222,39.15722222,18.7,38.9,2.58,741.2833333,82.5,3,40,-0.117
100,10,22.1,38.82666667,20.35666667,38.36333333,21.39,38.76,19.29,39.36333333,18.32888889,48.17555556,3.4,86.36666667,19.79,31.5,23.81222222,38.92222222,18.7,38.9,2.5,741.3,83,3,40,-0.1
100,0,22.1,38.745,20.42666667,38.4,21.5,38.9,19.29,39.43333333,18.34555556,48.17555556,3.363333333,86.12666667,19.78,31.5,23.82888889,38.93888889,18.66666667,38.79666667,2.45,741.3,83,2.833333333,40,-0.15
100,0,22.1,38.56,20.5,38.4,21.5,38.9,19.29,39.22666667,18.34,48.2,3.23,85.79333333,19.725,31.5,23.79,38.96111111,18.6,38.53,2.4,741.3,83,2.666666667,40,-0.2
100,0,22.16666667,38.43333333,20.6,38.4,21.5,38.86333333,19.26,38.79666667,18.34555556,48.2,3.09,85.89666667,19.7,31.5,23.79,39.025,18.6,38.43,2.35,741.3,83,2.5,40,-0.25
110,0,22.2,38.2,20.6,38.4,21.5,38.79,19.2,38.46333333,18.32888889,48.17555556,3.03,86.03,19.67222222,31.46944444,23.79,39.19055556,18.6,38.29,2.3,741.3,83,2.333333333,40,-0.3
100,10,22.2,38.2,20.6,38.4,21.5,38.79,19.2,38.22333333,18.57444444,58.27722222,3,86.35,19.61111111,31.40222222,23.79,39.475,18.6,38.19,2.25,741.3,83,2.166666667,40,-0.35
180,0,22.2,38.13333333,20.6,38.32666667,21.5,38.79,19.13333333,38.16333333,20.56277778,86.93777778,3,86.33333333,19.59444444,31.15388889,23.79,39.55833333,18.6,38.2,2.2,741.3,83,2,40,-0.4
110,30,22.2,37.86,20.5,38.13333333,21.5,38.73,19.1,38.06,20.60777778,86.39111111,3,86.4,19.53333333,30.95111111,23.765,39.345,18.6,38.06666667,2.2,741.3,83.5,1.833333333,40,-0.333
90,20,22.1,37.59,20.5,37.93333333,21.5,38.56,19.1,38.06,20.235,86.05722222,3,86.43333333,19.50555556,31.06111111,23.77,39.26888889,18.6,38.09,2.2,741.3,84,1.666666667,40,-0.267
80,20,22.1,37.59,20.46333333,37.9,21.42666667,38.36,19.2,38.5,20.39166667,81.72277778,2.933333333,86.5,19.51666667,31.12777778,23.69888889,38.98888889,18.6,38.09,2.2,741.3,84.5,1.5,40,-0.2
80,20,22.1,37.59,20.39,37.96666667,21.39,38.26,19.26,38.9,20.55,75.405,3,86.5,19.5,31.2,23.58888889,38.61722222,18.56666667,38.06,2.2,741.3,85,1.333333333,40,-0.133
80,20,22.1,37.59,20.35666667,38.09,21.39,38.12666667,19.39,39.26666667,20.68333333,70.71555556,3,86.5,19.5,31.245,23.445,38.28055556,18.5,38,2.2,741.3,85.5,1.166666667,40,-0.0667
60,30,22,37.5,20.29,38.09,21.39,38.09,19.46333333,39.52666667,20.67222222,67.16666667,2.863333333,86.09333333,19.5,31.32388889,23.37333333,38.02388889,18.5,37.96666667,2.2,741.3,86,1,40,0
80,20,22,37.5,20.23,38.09,21.32333333,38.42333333,19.5,39.8,21.53722222,83.68777778,2.73,85.96666667,19.5,31.84055556,23.265,38.01888889,18.5,37.9,2.03,741.3166667,86.83333333,1.166666667,37.66666667,-0.0333
70,30,21.96333333,37.73,20.16666667,38.23,21.29,38.76666667,19.6,39.93333333,22.18222222,89.42944444,2.59,86.29333333,19.5,32.30944444,23.22,38.68888889,18.5,38.15666667,1.87,741.3333333,87.66666667,1.333333333,35.33333333,-0.0667
70,20,21.89,37.86333333,20.1,38.43,21.29,38.9,19.6,40.06,21.48166667,91.81055556,2.663333333,86.5,19.5,32.56444444,23.225,39.77055556,18.5,38.36333333,1.7,741.35,88.5,1.5,33,-0.1
40,20,21.89,38,20.06666667,38.5,21.26,39.06,19.7,40.23,21.16,92.3,2.59,86.26666667,19.50555556,32.85888889,23.215,40.54277778,18.5,38.65666667,1.53,741.3666667,89.33333333,1.666666667,30.66666667,-0.133
50,20,21.89,38.06,20,38.5,21.2,39,19.76,40.29,21.06111111,90.71055556,2.53,85.72666667,19.53888889,33.045,23.2,41.03,18.5,38.79,1.37,741.3833333,90.16666667,1.833333333,28.33333333,-0.167
50,30,21.79,38.09,19.89,38.59,21.2,39.03,19.73,40.36333333,20.92055556,88.19555556,2.333333333,85.02333333,19.5,33.24277778,23.2,41.46611111,18.5,38.79,1.2,741.4,91,2,26,-0.2
50,20,21.79,38.09,19.89,38.66333333,21.2,39.16333333,19.79,40.36333333,20.80166667,85.84722222,2.126666667,84.56333333,19.5,33.39888889,23.2,41.91,18.5,38.86333333,1.23,741.4333333,90.66666667,2,26,-0.2
60,20,21.7,38.09,19.85666667,38.7,21.1,39.2,19.89,40.46666667,20.68222222,83.88111111,1.966666667,84.4,19.5,33.55555556,23.13888889,42.32555556,18.5,39.03,1.27,741.4666667,90.33333333,2,26,-0.2
60,20,21.7,38.195,19.79,38.7,21.03333333,39.2,19.89,40.46666667,20.56111111,82.07722222,1.8725,84.375,19.5,33.68777778,23.1,42.69055556,18.5,39.22333333,1.3,741.5,90,2,26,-0.2
60,20,21.63333333,38.29,19.7,38.73,21,39.2,19.89,40.5,20.46944444,80.935,1.79,84.3,19.5,33.755,23.1,43.00444444,18.5,39.32666667,1.33,741.5333333,89.66666667,2,26,-0.2
60,20,21.6,38.4,19.7,38.79,21,39.2675,19.89,40.5,20.35111111,80.60833333,1.76,84.26,19.5,33.80833333,23.05,43.15111111,18.5,39.46666667,1.37,741.5666667,89.33333333,2,26,-0.2
50,0,21.6,38.4,19.66666667,38.76,21,39.36333333,20,40.5,20.265,80.57611111,1.7,84.4,19.5,33.86333333,23,43.34166667,18.5,39.59,1.4,741.6,89,2,26,-0.2
50,0,21.5,38.4,19.6,38.7,21,39.4,20,40.36,20.2,80.25611111,1.666666667,84.4,19.5,33.92777778,23,43.645,18.5,39.73,1.33,741.5833333,89.16666667,1.833333333,25.66666667,-0.233
60,0,21.5,38.4,19.5,38.7,21,39.4,19.89,39.9,20.12777778,79.32722222,1.6,84.4,19.5,34.005,22.97555556,43.78111111,18.5,39.86333333,1.27,741.5666667,89.33333333,1.666666667,25.33333333,-0.267
60,0,21.39,38.29,19.5,38.7,21,39.4,19.82333333,39.5,20.07222222,78.16888889,1.566666667,84.3,19.5,34.06,22.92055556,43.88777778,18.5,40.12666667,1.2,741.55,89.5,1.5,25,-0.3
60,0,21.39,38.23,19.39,38.62666667,21,39.4,19.79,39.29,20.01111111,77.07944444,1.426666667,84.22666667,19.5,34.09,22.89,44.06166667,18.5,40.26,1.13,741.5333333,89.66666667,1.333333333,24.66666667,-0.333
100,0,21.39,38.29,19.39,38.7,21,39.5,19.73,39.29,19.93277778,76.05222222,1.39,84.53,19.46333333,34.10833333,22.92055556,44.335,18.5,40.32666667,1.07,741.5166667,89.83333333,1.166666667,24.33333333,-0.367
70,0,21.32333333,38.29,19.35666667,38.7,20.92666667,39.5,19.66666667,39.29,19.86222222,74.975,1.323333333,84.59,19.47555556,34.17555556,22.97555556,44.31166667,18.5,40.46666667,1,741.5,90,1,24,-0.4
50,0,21.29,38.26,19.29,38.7,21,39.43333333,19.6,39.43,19.79,73.81722222,1.166666667,84.56333333,19.40833333,34.10833333,23.02777778,44.11277778,18.5,40.62666667,0.883,741.4,90.16666667,1.166666667,23.83333333,-0.5
50,0,21.29,38.26,19.245,38.745,20.92666667,39.5,19.55,39.59,19.725,73.04666667,0.966666667,84.62333333,19.39,34.16944444,23.06111111,44.33444444,18.5,40.7,0.767,741.3,90.33333333,1.333333333,23.66666667,-0.6
40,0,21.26,38.2,19.2,38.7,20.89,39.5,19.5,39.59,19.68888889,72.36055556,0.766666667,84.49666667,19.39,34.20277778,23,44.5,18.5,40.82666667,0.65,741.2,90.5,1.5,23.5,-0.7
50,0,21.2,38.12666667,19.13333333,38.76,20.89,39.5,19.42666667,39.59,19.63888889,71.63888889,0.7,85.02333333,19.39,34.255,22.93277778,44.5,18.5,40.96666667,0.533,741.1,90.66666667,1.666666667,23.33333333,-0.8
60,0,21.2,38.09,19.16666667,38.79,20.89,39.53,19.39,39.59,19.58888889,70.75055556,0.7,85.53333333,19.39,34.275,22.89,44.5,18.5,41.09,0.417,741,90.83333333,1.833333333,23.16666667,-0.9
50,0,21.13333333,38.09,19.1,38.86333333,20.89,39.59,19.39,39.53,19.51666667,69.89611111,0.7,86.06,19.39,34.29,22.82888889,44.44444444,18.5,41.16333333,0.3,740.9,91,2,23,-1
30,0,21.1,38.09,19.1,38.9,20.89,39.7,19.35666667,39.5,19.5,69.06,0.75,86.245,19.39,34.29,22.79,44.53388889,18.5,41.29,0.2,740.8333333,91.16666667,2,22.83333333,-1.07
40,0,21.1,38.09,19.03333333,38.9,20.89,39.62666667,19.29,39.5,19.445,68.17666667,0.7,86.46333333,19.38444444,34.31444444,22.79,44.63277778,18.5,41.36333333,0.1,740.7666667,91.33333333,2,22.66666667,-1.13
20,0,21.03333333,38.03,19,38.9,20.89,39.59,19.26,39.43,19.39,67.38222222,0.566666667,86.25666667,19.35666667,34.345,22.745,44.745,18.5,41.43333333,0,740.7,91.5,2,22.5,-1.2
50,0,21.03333333,38.09,18.92666667,38.96666667,20.89,39.59,19.2,39.36333333,19.39,66.78555556,0.5,86.36666667,19.32333333,34.4,22.7,44.93944444,18.5,41.5,-0.1,740.6333333,91.66666667,2,22.33333333,-1.27
50,0,21,38.09,18.89,38.93333333,20.89,39.59,19.2,39.4,19.32888889,66.08611111,0.433333333,86.22666667,19.30111111,34.4,22.7,45.23277778,18.5,41.62666667,-0.2,740.5666667,91.83333333,2,22.16666667,-1.33
40,0,20.96333333,38.09,18.89,39,20.84,39.695,19.2,39.32666667,19.29,65.57944444,0.233333333,85.66666667,19.30111111,34.4,22.66111111,45.42055556,18.5,41.7,-0.3,740.5,92,2,22,-1.4
50,0,20.89,38.09,18.89,39,20.82333333,39.73,19.16666667,39.29,19.26,65.00722222,0.1,85.46666667,19.29,34.4,22.6,45.525,18.5,41.79,-0.167,740.4333333,92,2,22.16666667,-1.28
50,0,20.89,38.09,18.82333333,38.93333333,20.79,39.73,19.1,39.29,19.215,64.44,0,85.96666667,19.29,34.4,22.6,45.61333333,18.53333333,41.82666667,-0.0333,740.3666667,92,2,22.33333333,-1.17
60,0,20.82333333,38.03,18.79,38.9,20.79,39.73,19.1,39.29,19.2,63.99555556,0.066666667,86.82666667,19.29,34.4,22.52777778,45.77,18.53333333,41.9,0.1,740.3,92,2,22.5,-1.05
50,0,20.79,38.06,18.79,38.96666667,20.79,39.73,19.1,39.29,19.2,63.58388889,0.166666667,87.69333333,19.29,34.4,22.5,45.725,18.56666667,42.03,0.233,740.2333333,92,2,22.66666667,-0.933
60,0,20.79,38.06,18.7,39,20.85666667,39.86333333,19,39.09,19.15,63.19555556,0.433333333,88.16666667,19.29,34.4,22.48777778,45.68777778,18.5,42.09,0.367,740.1666667,92,2,22.83333333,-0.817
50,0,20.76,38.09,18.7,39,20.79,39.86333333,19,39.09,19.11111111,62.895,0.7,88.6,19.29,34.46111111,22.42055556,45.72277778,18.5,42.12666667,0.5,740.1,92,2,23,-0.7
50,0,20.7,38.09,18.7,39.09,20.85666667,39.86333333,19,39.09,19.1,62.61611111,0.966666667,88.86666667,19.255,34.46111111,22.41444444,45.81444444,18.5,42.2,0.633,740.05,91.16666667,2.166666667,23.16666667,-0.7
50,0,20.7,38.09,18.63333333,39.09,20.92666667,39.79,18.92666667,39.09,19.1,62.32,1.263333333,89,19.23,34.43333333,22.39,45.79,18.5,42.29,0.767,740,90.33333333,2.333333333,23.33333333,-0.7
50,0,20.7,38.09,18.6,39.09,20.92666667,39.79,18.89,39.09,19.03888889,61.97388889,1.463333333,89,19.2,34.42777778,22.39,45.78,18.5,42.36333333,0.9,739.95,89.5,2.5,23.5,-0.7
40,0,20.66666667,38.06,18.6,39.2,20.92666667,39.9,18.89,39.09,19,61.745,1.6,88.86666667,19.22,34.53,22.37333333,45.76,18.5,42.4,1.03,739.9,88.66666667,2.666666667,23.66666667,-0.7
50,0,20.6,38.06,18.53333333,39.2,21,39.9,18.89,39.09,19,61.55666667,1.6,88.525,19.2,34.555,22.29,45.77,18.5,42.46666667,1.17,739.85,87.83333333,2.833333333,23.83333333,-0.7
50,0,20.6,38.09,18.5,39.29,21,39.9,18.89,39.09,18.98166667,61.345,1.6,88.16,19.2,34.59,22.29,45.79,18.56666667,42.5,1.3,739.8,87,3,24,-0.7
60,0,20.6,38.09,18.5,39.29,21,39.9,18.89,39.09,18.97555556,61.17222222,1.633333333,88.16,19.2,34.57,22.28,45.73277778,18.5,42.56,1.27,739.7333333,87.16666667,2.833333333,23.83333333,-0.7
50,0,20.56666667,38.09,18.46333333,39.29,21.03333333,39.93333333,18.85666667,39.09,18.93888889,61.02833333,1.76,88.1,19.2,34.59,22.225,45.60055556,18.5,42.73,1.23,739.6666667,87.33333333,2.666666667,23.66666667,-0.7
50,0,20.5,38.16333333,18.39,39.36333333,21.1,40.06,18.79,39.09,18.89,60.83888889,1.79,87.96666667,19.2,34.59,22.2,45.58,18.56666667,42.79,1.2,739.6,87.5,2.5,23.5,-0.7
50,0,20.5,38.2,18.39,39.4,21.1,40.09,18.79,39.09,18.89,60.67944444,1.79,87.83333333,19.2,34.59,22.2,45.525,18.56666667,42.82666667,1.17,739.5333333,87.66666667,2.333333333,23.33333333,-0.7
50,0,20.5,38.2,18.39,39.4,21.1,40.09,18.79,39.09,18.88444444,60.48722222,1.9,87.86666667,19.16666667,34.59,22.2,45.5,18.56666667,42.9,1.13,739.4666667,87.83333333,2.166666667,23.16666667,-0.7
20,0,20.445,38.145,18.39,39.43333333,21.1,40.12666667,18.79,39.09,18.84555556,60.28666667,1.9,87.66,19.10555556,34.59,22.17222222,45.49444444,18.6,42.9,1.1,739.4,88,2,23,-0.7
30,0,20.39,38.2,18.32333333,39.5,21.1,40.1725,18.79,39.09,18.83444444,60.14222222,1.9,87.62333333,19.1,34.59,22.11111111,45.43333333,18.53333333,42.9,1.2,739.2833333,87.83333333,2,23.16666667,-0.633
20,0,20.39,38.2,18.32333333,39.5,21.1,40.09,18.79,39.09,18.83444444,60.06444444,1.966666667,87.69,19.1,34.59,22.1,45.4,18.55,42.95,1.3,739.1666667,87.66666667,2,23.33333333,-0.567
40,0,20.35666667,38.23,18.32333333,39.56,21,40,18.73,39.09,18.79,59.84444444,2.09,87.8,19.1,34.59,22.03888889,45.26555556,18.53333333,43,1.4,739.05,87.5,2,23.5,-0.5
50,0,20.29,38.29,18.29,39.59,21,40.06,18.7,39.09,18.79,59.73,2.09,87.72666667,19.1,34.59,22.04444444,45.25222222,18.6,43,1.5,738.9333333,87.33333333,2,23.66666667,-0.433
60,0,20.29,38.29,18.29,39.59,21,40.09,18.7,39.09,18.785,59.60333333,2.09,87.69,19.1,34.59,22.01111111,45.26722222,18.56666667,43.09,1.6,738.8166667,87.16666667,2,23.83333333,-0.367
50,0,20.29,38.29,18.26,39.66333333,21,40.16333333,18.7,39.09,18.71,59.53,2.163333333,87.69,19.1,34.65722222,22,45.29,18.5,43.09,1.7,738.7,87,2,24,-0.3
50,0,20.2,38.29,18.26,39.66333333,21,40.2,18.7,39.09,18.7,59.37388889,2.163333333,87.59333333,19.1,34.7,22,45.29,18.6,43.09,1.52,738.5833333,88,2,30.66666667,-0.317
50,0,20.2,38.29,18.26,39.7,21,40.2,18.7,39.09,18.7,59.29,1.963333333,86.46666667,19.1,34.7,21.99388889,45.235,18.53333333,43.16333333,1.33,738.4666667,89,2,37.33333333,-0.333
50,0,20.2,38.29,18.2,39.7,21,40.2,18.63333333,39.09,18.7,59.235,1.566666667,85.63,19.07222222,34.66944444,21.90222222,45.22,18.56666667,43.2,1.15,738.35,90,2,44,-0.35
50,0,20.13333333,38.36333333,18.2,39.7,21,40.26,18.6,39.09,18.7,59.145,1.575,86.8475,19.04444444,34.72166667,21.89,45.255,18.56666667,43.2,0.967,738.2333333,91,2,50.66666667,-0.367
40,0,20.16666667,38.4,18.2,39.79,21,40.29,18.6,39.03,18.7,59.035,1.6,87.3,19,34.67555556,21.89,45.29,18.56666667,43.23,0.783,738.1166667,92,2,57.33333333,-0.383
50,0,20.1,38.4,18.13333333,39.79,21,40.36333333,18.6,39.09,18.67777778,58.95,1.6,87.33,19,34.7,21.86222222,45.30944444,18.5,43.29,0.6,738,93,2,64,-0.4
40,0,20.1,38.43333333,18.1,39.9,21,40.4,18.6,39.09,18.61666667,58.80333333,1.533333333,87.26333333,19,34.7,21.80111111,45.23,18.5,43.29,0.717,737.9166667,92.66666667,2,56.66666667,-0.333
50,0,20.03333333,38.43333333,18.1,39.9,21,40.4,18.6,39.09,18.6,58.75,1.5,87.49666667,19,34.7,21.79,45.2,18.5,43.29,0.833,737.8333333,92.33333333,2,49.33333333,-0.267
90,0,20.06666667,38.46666667,18.1,39.9,21,40.43333333,18.56666667,39.09,18.6,58.69388889,1.633333333,88.02333333,19,34.7,21.79,45.245,18.5,43.32666667,0.95,737.75,92,2,42,-0.2
70,0,20,38.4,18.1,39.9,21,40.5,18.56666667,39.09,18.6,58.60222222,1.826666667,88.36666667,19,34.7,21.785,45.245,18.5,43.46666667,1.07,737.6666667,91.66666667,2,34.66666667,-0.133
60,0,20,39,18.1,40.19333333,20.96333333,40.29666667,18.6,39.09,18.6,58.50944444,1.966666667,88.43333333,19,34.745,21.745,45.25,18.6,43.56,1.18,737.5833333,91.33333333,2,27.33333333,-0.0667
70,0,20.06666667,39.53333333,18.1,40.6,20.89,39.89,18.53333333,39.22333333,18.6,58.29444444,2.2,88.36666667,19,34.77,21.725,45.2,18.53333333,43.5,1.3,737.5,91,2,20,0
60,10,20.03333333,39.53,18.1,40.9,20.79,39.7,18.6,39.53,18.6,56.03055556,2.26,88.22666667,18.96333333,34.78,21.7,45.225,18.6,43.36333333,1.5,737.3166667,90.16666667,2.166666667,20.83333333,0.05
130,0,20.025,39.695,18.1,40.96666667,20.79,39.678,18.6,39.72333333,18.6,55.44055556,2.433333333,88.03,18.945,34.78,21.7,45.35722222,18.6,43.15666667,1.7,737.1333333,89.33333333,2.333333333,21.66666667,0.1
340,0,20.06666667,39.86333333,18.1,41.15666667,20.79,39.66333333,18.6,39.93333333,18.59444444,55.95777778,2.56,88.03,18.91444444,34.70944444,21.7,45.36944444,18.5,43.045,1.9,736.95,88.5,2.5,22.5,0.15
230,0,20.03333333,39.79,18.1,41.23,20.79,39.63333333,18.6,39.72666667,18.56111111,55.34333333,2.766666667,88.06,18.89,34.24666667,21.68333333,45.04277778,18.5,42.72333333,2.1,736.7666667,87.66666667,2.666666667,23.33333333,0.2
80,0,20.1,39.73,18.16666667,41.06,20.73,39.5,18.6,39.33333333,18.6,53.49888889,2.966666667,87.86666667,18.81777778,33.90722222,21.62222222,44.59222222,18.5,42.39,2.3,736.5833333,86.83333333,2.833333333,24.16666667,0.25
40,10,20.03333333,39.4,18.16666667,40.86,20.7,39.26,18.6,39.12666667,18.6,52.33888889,3.23,87.49333333,18.79,33.69666667,21.6,44.22444444,18.5,41.79666667,2.5,736.4,86,3,25,0.3
50,0,20.03333333,39.26666667,18.16666667,40.66333333,20.63333333,39.12666667,18.6,38.86333333,18.6,51.66,3.363333333,86.89333333,18.78,33.525,21.56111111,43.86333333,18.5,41.39,2.58,736.2833333,85.66666667,3.166666667,25.16666667,0.35
70,0,20,39.06,18.16666667,40.53,20.6,39.06,18.53333333,38.73,18.61666667,51.09444444,3.45,85.9,18.74,33.41666667,21.53888889,43.50833333,18.46333333,40.86333333,2.67,736.1666667,85.33333333,3.333333333,25.33333333,0.4
70,0,20,38.93333333,18.13333333,40.36333333,20.6,38.93333333,18.6,38.56,18.62777778,50.68388889,3.59,85.49333333,18.755,33.32055556,21.51666667,43.27722222,18.46333333,40.46333333,2.75,736.05,85,3.5,25.5,0.45
80,0,20,38.79,18.2,40.29,20.6,38.9,18.53333333,38.5,18.6,50.23777778,3.663333333,85.1,18.71,33.255,21.49388889,43.08777778,18.39,39.93,2.83,735.9333333,84.66666667,3.666666667,25.66666667,0.5
60,0,20,38.73,18.1,40.145,20.53333333,38.82666667,18.5,38.4,18.6,49.89222222,3.79,84.39666667,18.7,33.2,21.48166667,42.88055556,18.39,39.73,2.92,735.8166667,84.33333333,3.833333333,25.83333333,0.55
50,0,19.96333333,38.26666667,18.1,39.83333333,20.5,38.56,18.5,38.29,18.6,49.56,3.79,84.65666667,18.67777778,33.17555556,21.46944444,42.765,18.32333333,39.46666667,3,735.7,84,4,26,0.6
320,0,19.89,38,18.1,39.62666667,20.5,38.43333333,18.5,38.43,18.6,49.32277778,3.933333333,85.53333333,18.65,33.145,21.42055556,42.72888889,18.32333333,39.32666667,2.98,735.55,85.16666667,4.166666667,32.5,0.767
390,10,19.89,38.15666667,18.13333333,39.66333333,20.42666667,38.39,18.5,38.53,18.6,48.77555556,4.126666667,86.2,18.62777778,33.20666667,21.39611111,42.86888889,18.29,39.09,2.97,735.4,86.33333333,4.333333333,39,0.933
300,0,19.89,38.36333333,18.2,39.86333333,20.56666667,38.86333333,18.5,38.66333333,18.6,48.33333333,4.333333333,86.22666667,18.61666667,33.26,21.39,43.03388889,18.29,38.96333333,2.95,735.25,87.5,4.5,45.5,1.1
310,0,19.89,38.73,18.26,40.2,20.86,39.59666667,18.5,38.9,18.6,48.05555556,4.333333333,86.1,18.66111111,33.76111111,21.39,43.20277778,18.29,38.86333333,2.93,735.1,88.66666667,4.666666667,52,1.27
250,10,19.89,38.79,18.2,40.26,21.13333333,39.79,18.5,38.76666667,18.6,48.93944444,4.463333333,86.63333333,18.7,34.09,21.445,43.43777778,18.29,38.73,2.92,734.95,89.83333333,4.833333333,58.5,1.43
250,10,19.89,39.19333333,18.2,40.59666667,21.32333333,39.7,18.5,38.82666667,18.58888889,50.01833333,4.656666667,86.83333333,18.7,34.085,21.5,43.5,18.29,39.23,2.9,734.8,91,5,65,1.6
130,0,19.96333333,40.26666667,18.26,40.99,21.46333333,39.7,18.5,38.96666667,18.50555556,50.72055556,4.656666667,85.89333333,18.68333333,33.99333333,21.55,43.45,18.29,39.29,2.92,734.65,91.5,5,64.5,1.68
100,10,20.03333333,44.06333333,18.29,41.95666667,21.63333333,39.63333333,18.5,39.06666667,18.5,51.24611111,4.53,85.63333333,18.65,33.95,21.61666667,43.45388889,18.29,39.2,2.93,734.5,92,5,64,1.77
100,10,20.1,43.2225,18.29,42.43,21.625,39.1925,18.5,39.33333333,18.5,51.67555556,4.623333333,86.46333333,18.66666667,33.96666667,21.7,43.72055556,18.29,39.12666667,2.95,734.35,92.5,5,63.5,1.85
220,0,20.1,42.36666667,18.29,42.5,21.53333333,39.09,18.5,39.73,18.5,52.06444444,4.623333333,85.73,18.67777778,34.07333333,21.755,44.00555556,18.29,38.95,2.97,734.2,93,5,63,1.93
240,10,20.1,42.29,18.29,42.43333333,21.39,39.09,18.5,39.73,18.46333333,52.24111111,4.56,86.13333333,18.68888889,34.37777778,21.79,44.24222222,18.29,38.83333333,2.98,734.05,93.5,5,62.5,2.02
150,0,20.1,42.56333333,18.32333333,42.63333333,21.39,39.09,18.5,39.56,18.45722222,52.38777778,4.56,86.4,18.7,34.36944444,21.785,43.43388889,18.23,38.62666667,3,733.9,94,5,62,2.1
100,0,20.2,42.46333333,18.32333333,42.96666667,21.39,39.09,18.5,39.43333333,18.39,52.48833333,4.545,86.4,18.7,34.27722222,21.74,43.05722222,18.23,38.62666667,3.03,733.7333333,94.16666667,4.833333333,62.33333333,2.15
110,0,20.2,42.46333333,18.32333333,43,21.39,39.16333333,18.5,39.36333333,18.39,52.58,4.623333333,87.16666667,18.7,34.37,21.71,42.87388889,18.23,38.62666667,3.07,733.5666667,94.33333333,4.666666667,62.66666667,2.2
100,10,20.23,42.16333333,18.39,42.93333333,21.29,39.23,18.5,39.29,18.39,52.63888889,4.69,87.22666667,18.7,34.72277778,21.715,42.765,18.2,38.59,3.1,733.4,94.5,4.5,63,2.25
90,0,20.29,41.89,18.53333333,42.96666667,21.29,39.29,18.5,39.2,18.39,52.59944444,4.59,87.19333333,18.755,34.88722222,21.755,42.62777778,18.2,38.59,3.13,733.2333333,94.66666667,4.333333333,63.33333333,2.3
100,0,20.32333333,41.66333333,18.72666667,42.9,21.29,39.32666667,18.5,39.1175,18.39,52.42055556,4.656666667,87.8,18.77,35.03388889,21.755,42.51,18.2,38.59,3.17,733.0666667,94.83333333,4.166666667,63.66666667,2.35
90,0,20.39,41.53,18.995,42.69,21.23,39.32666667,18.5,39.09,18.39,52.30222222,4.833333333,87.93333333,18.79,35.24277778,21.79,42.43277778,18.2,38.59,3.2,732.9,95,4,64,2.4
100,0,20.53333333,41.46666667,19.23,42.36333333,21.2,39.4,18.56666667,39.42666667,18.39,52.245,4.833333333,87.6,18.79,35.36333333,21.79,42.34944444,18.2,38.59,3.28,732.75,95,4.166666667,63.83333333,2.48
100,10,20.6,41.26666667,19.35666667,42.09666667,21.2,39.46666667,18.96666667,40.09333333,18.39,52.23,4.933333333,88.02666667,18.79,35.38166667,21.80666667,42.68444444,18.2,38.59,3.37,732.6,95,4.333333333,63.66666667,2.57
100,10,20.7,41.02666667,19.5,41.69333333,21.2,39.5,19.63,40.7,18.39,52.15722222,5.126666667,88.3,18.87055556,36.04166667,21.89,42.92777778,18.2,38.73,3.45,732.45,95,4.5,63.5,2.65
100,10,20.76,40.82666667,19.56666667,41.36,21.13333333,39.5,20.09666667,40.62666667,18.39,52.09,5.3,88.15666667,19.14944444,37.28444444,21.95722222,43.035,18.2,38.79,3.53,732.3,95,4.666666667,63.33333333,2.73
100,10,20.79,40.56,19.6,41.06,21.1,39.59,20.49333333,40.5,18.39,52.075,5.226666667,87.82333333,19.33,37.53388889,22,43.17,18.2,38.79,3.62,732.15,95,4.833333333,63.16666667,2.82
100,0,20.85666667,40.56,19.66666667,41.06,21.1,39.53,20.9,40.36,18.36222222,52.02,5.26,88.13333333,19.48166667,37.775,22.08333333,43.55833333,18.2,38.79,3.7,732,95,5,63,2.9
80,0,20.89,40.53,19.7,41,21.1,39.59,21.3,40.26,18.32333333,52,5.4,88.4,19.52222222,37.86666667,22.1,43.53722222,18.2,38.79,3.72,731.9166667,95,5,56,2.92
80,0,20.96333333,40.72333333,19.76,41.06,21.1,39.66333333,21.56666667,40.12666667,18.30111111,52,5.366666667,88.26333333,19.45722222,37.34666667,22.06111111,43.00944444,18.2,38.79,3.73,731.8333333,95,5,49,2.93
70,0,21.03333333,40.7,19.82333333,41.06,21.1,39.7,21.43,39.99,18.29,52,5.3,88.39666667,19.34,36.92944444,22,42.38166667,18.2,38.79,3.75,731.75,95,5,42,2.95
60,0,21.1,40.7,19.96333333,41,21.1,39.7675,21.29,39.65666667,18.29,52,5.366666667,88.43,19.235,36.49111111,21.98166667,41.86055556,18.2,38.86333333,3.77,731.6666667,95,5,35,2.97
70,0,21.15,40.59,20.06666667,40.96666667,21.1,39.79,21.06666667,39.33333333,18.29,51.93888889,5.5,88.62333333,19.17222222,36.19444444,21.89,41.44166667,18.2,38.9,3.78,731.5833333,95,5,28,2.98
70,0,21.29,40.19666667,20.2,40.56666667,21.1,39.76,20.92666667,39.12666667,18.29,51.90388889,5.4,88.295,19.1,36.03111111,21.89,41.20277778,18.2,38.9,3.8,731.5,95,5,21,3
80,0,21.29,39.73,20.1,39.79666667,21.1,39.56666667,20.76,38.86333333,18.29,51.76722222,5.333333333,88.59,19.12777778,36.38777778,21.89,41.26333333,18.2,38.96666667,3.78,731.4333333,95,5,20.83333333,2.98
80,0,21.32333333,39.83333333,20.16666667,39.53,21.1,39.26,20.63333333,38.73,18.29,51.645,5.333333333,88.39666667,19.2,36.67555556,21.89,41.52222222,18.2,38.96666667,3.77,731.3666667,95,5,20.66666667,2.97
100,0,21.39,39.62666667,20.23,39.62666667,21.1,39.2,20.46333333,38.66333333,18.29,51.555,5.156666667,87.9,19.17222222,36.51111111,21.945,41.68777778,18.2,38.9,3.75,731.3,95,5,20.5,2.95
100,0,21.5,39.66333333,20.35666667,39.62666667,21.1,39.29,20.32333333,38.53,18.29,51.5,4.963333333,87.96666667,19.1,36.22888889,22.01666667,41.65111111,18.2,38.9,3.73,731.2333333,95,5,20.33333333,2.93
90,0,21.5,39.53,20.39,39.5,21.1,39.29,20.26,38.46666667,18.29,51.46111111,4.8,88.29333333,19.08333333,35.97888889,22.13333333,41.66944444,18.2,38.9,3.72,731.1666667,95,5,20.16666667,2.92
100,0,21.5,39.5,20.39,39.43333333,21.13333333,39.4,20.175,38.4,18.29,51.42222222,4.8,88.7,19.03333333,35.74111111,22.19944444,41.535,18.16666667,38.76,3.7,731.1,95,5,20,2.9
90,0,21.56666667,39.43333333,20.445,39.45,21.2,39.4,20.03333333,38.32666667,18.29,51.4,4.69,89.22666667,19,35.58722222,22.26,41.47777778,18.1,38.7,3.67,731.0666667,95.16666667,5,24,2.9
60,0,21.6,39.36333333,20.39,39.4,21.2,39.43333333,19.89,38.4,18.29,51.35722222,4.69,89.62666667,18.99388889,35.50444444,22.32888889,41.48888889,18.1,38.59,3.63,731.0333333,95.33333333,5,28,2.9
90,0,21.6,39.29,20.39,39.4,21.2,39.5,19.82333333,38.32666667,18.29,51.30222222,4.59,89.83333333,18.92666667,35.41111111,22.36222222,41.46666667,18.1,38.59,3.6,731,95.5,5,32,2.9
60,0,21.5,39.29,20.29,39.4,21.13333333,39.43333333,19.73,38.32666667,18.29,51.29,4.59,89.96666667,18.89,35.33277778,22.29,41.575,18.1,38.59,3.57,730.9666667,95.66666667,5,36,2.9
80,0,21.5,39.23,20.29,39.4,21.13333333,39.5,19.73,38.4,18.29,51.218,4.5,90.22666667,18.89,35.29,22.31222222,41.59,18.1,38.59,3.53,730.9333333,95.83333333,5,40,2.9
90,20,21.5,39.2,20.26,39.4,21.1,39.5,19.6,38.32666667,18.29,51.145,4.5,90.36666667,18.89,35.275,22.32888889,41.59,18.1,38.59,3.5,730.9,96,5,44,2.9
100,30,21.42666667,39.12666667,20.2,39.4,21.1,39.43333333,19.6,38.6,18.27,51.07,4.366666667,90.49666667,18.89,35.225,22.42055556,41.57,18.1,38.59,3.5,730.9166667,96,5,47.5,2.9
160,10,21.39,39.09,20.2,39.36333333,21,39.29,19.6,39.06666667,18.265,51.065,4.3,90.83,18.90222222,35.52611111,22.51666667,41.60222222,18.03333333,38.53,3.5,730.9333333,96,5,51,2.9
410,20,21.39,39.09,20.2,39.29,21.06666667,39.43,19.6,39.2,18.235,50.97777778,4.263333333,91,18.95722222,35.68777778,22.6,41.60222222,18.03333333,38.53,3.5,730.95,96,5,54.5,2.9
550,20,21.39,39.12666667,20.2,39.29,21.13333333,39.5,19.6,39.29,18.26,50.96666667,4.263333333,91.12666667,19.01666667,35.78111111,22.63888889,41.55611111,18,38.5,3.5,730.9666667,96,5,58,2.9
500,20,21.46333333,39.26,20.2,39.36333333,21.2,39.5225,19.6,39.43,18.255,50.94388889,4.19,91.14,19.1,35.86333333,22.65,41.71277778,18,38.5,3.5,730.9833333,96,5,61.5,2.9
550,10,21.5,40.745,20.2,39.46333333,21.26,39.72333333,19.6,39.65666667,18.21,50.88166667,4.19,91.19,19.11111111,35.9,22.6,41.96888889,18,38.5,3.5,731,96,5,65,2.9
140,10,21.63333333,44.13333333,20.26,39.92333333,21.32333333,40.13333333,19.6,40.06333333,18.235,50.98,4.19,91.19,19.12777778,35.93888889,22.6,42.37277778,18,38.5,3.5,731.0333333,96,4.833333333,64.83333333,2.9
80,10,21.9,45.13333333,20.39,41.19666667,21.46333333,40.86,19.53333333,41.19666667,18.28,51.28,4.19,91.26,19.10555556,35.82333333,22.6,42.29444444,18,38.5,3.5,731.0666667,96,4.666666667,64.66666667,2.9
90,10,22.13333333,43.99666667,20.39,41.99,21.46333333,41.02666667,19.6,42.32333333,18.24,51.56722222,4.19,91.33333333,19.1,35.645,22.6,42.225,18,38.5,3.5,731.1,96,4.5,64.5,2.9
120,30,22.2,43.53,20.5,42.06,21.39,40.9,19.6,43,18.26,51.79833333,4.19,91.3,19.1,35.49833333,22.6,42.51611111,18,38.5,3.5,731.1333333,96,4.333333333,64.33333333,2.9
120,10,22.16666667,42.62333333,20.5,42,21.39,41.2,19.6,43.46,18.255,51.89888889,4.19,91.3,19.05,35.345,22.6,42.66944444,17.92666667,38.5,3.5,731.1666667,96,4.166666667,64.16666667,2.9
90,10,22.1,42.03,20.5,41.66333333,21.39,41.2,19.7,43.49666667,18.255,51.96111111,4.156666667,91.4,19,35.255,22.62222222,42.50722222,17.92666667,38.5,3.5,731.2,96,4,64,2.9
80,0,22.1,41.63333333,20.5,41.53,21.5,41.22333333,19.675,42.6175,18.265,51.97222222,4.09,91.4,19,35.2,22.57222222,42.16222222,17.89,38.5,3.47,731.25,96.16666667,4,62.33333333,2.9
80,0,22.1,41.36,20.6,41.79,21.5,41.03,19.6,41.92666667,18.23,51.93333333,4.09,91.4,18.98777778,35.13277778,22.45722222,41.73111111,17.89,38.5,3.43,731.3,96.33333333,4,60.66666667,2.9
80,0,22.2,41.13333333,20.675,41.74,21.5,41,19.6,41.43,18.27,51.97777778,4.09,91.46666667,18.96944444,35.045,22.36222222,41.35555556,17.89,38.5,3.4,731.35,96.5,4,59,2.9
70,0,22.2,40.93333333,20.7,41.59,21.5,40.93333333,19.53333333,41.09666667,18.265,51.94333333,4.06,91.46666667,18.90222222,35,22.285,41.155,17.89,38.5,3.37,731.4,96.66666667,4,57.33333333,2.9
80,0,22.29,40.76,20.73,41.4,21.5,40.9,19.5,40.76,18.26,51.88777778,4,91.4,18.89,35,22.21,40.76833333,17.89,38.5,3.33,731.45,96.83333333,4,55.66666667,2.9
70,0,22.29,40.62666667,20.79,41.4,21.5,40.9,19.5,40.56666667,18.27,51.9,4,91.5,18.89,34.99444444,22.13888889,40.59333333,17.89,38.5,3.3,731.5,97,4,54,2.9
60,0,22.29,40.56,20.82333333,41.23,21.5,40.79,19.46333333,40.33333333,18.215,51.80333333,4,91.5,18.89,34.93333333,22.08888889,40.46,17.89,38.5,3.27,731.55,97.16666667,3.833333333,53,2.88
80,0,22.35666667,40.36,20.89,41.29,21.5,40.79,19.39,40.12666667,18.235,51.765,4,91.56,18.89,34.92222222,22.02777778,40.31555556,17.89,38.5,3.23,731.6,97.33333333,3.666666667,52,2.87
80,0,22.39,40.2,20.89,41.23,21.5,40.7,19.39,39.96666667,18.24,51.705,3.975,91.5675,18.89,34.9,21.98777778,40.17944444,17.82333333,38.5,3.2,731.65,97.5,3.5,51,2.85
80,0,22.39,40.2,20.82333333,41.23,21.5,40.62666667,19.39,39.9,18.24,51.7,3.9,91.59,18.82888889,34.83277778,21.89611111,40.035,17.82333333,38.5,3.17,731.7,97.66666667,3.333333333,50,2.83
70,0,22.35666667,40.09,20.79,41.2,21.5,40.56,19.35666667,39.76,18.23,51.63277778,3.9,91.69,18.80111111,34.775,21.84,39.95,17.79,38.5,3.13,731.75,97.83333333,3.166666667,49,2.82
80,0,22.29,40.03,20.79,41.2,21.5,40.5,19.29,39.62666667,18.25,51.59,3.9,91.62333333,18.82333333,34.73,21.79,39.80833333,17.79,38.5,3.1,731.8,98,3,48,2.8
70,0,22.29,40,20.76,41.16333333,21.5,40.43333333,19.29,39.56,18.275,51.585,3.79,91.59,18.80666667,34.715,21.79,39.79,17.84,38.5,3.08,731.8666667,98,2.833333333,46.16666667,2.78
60,20,22.2675,39.8975,20.7,41.03,21.39,40.26,19.29,39.5,18.235,51.51,3.79,91.59,18.79555556,34.71,21.775,39.76,17.82333333,38.5,3.07,731.9333333,98,2.666666667,44.33333333,2.77
30,10,22.2,39.79,20.7,40.96666667,21.39,40.2,19.29,39.76333333,18.235,51.535,3.76,91.69,18.80666667,35.045,21.7,39.89833333,17.82333333,38.5,3.05,732,98,2.5,42.5,2.75
40,10,22.16666667,39.93333333,20.63333333,40.63333333,21.39,40.29,19.29,40.36333333,18.2,51.62055556,3.7,91.69,18.94611111,35.95888889,21.71,40.92333333,17.89,39.3,3.03,732.0666667,98,2.333333333,40.66666667,2.73
30,10,22.1,40.06,20.5,40.29,21.39,40.36333333,19.29,40.56666667,18.2,51.67555556,3.7,91.69,19,36.23277778,21.775,41.89722222,17.89,40.16,3.02,732.1333333,98,2.166666667,38.83333333,2.72
40,0,22.1,40.06,20.5,40.36333333,21.39,40.53,19.29,40.7,18.2,51.71,3.7,91.69,19.06111111,36.51833333,21.79,42.68222222,18,40.76666667,3,732.2,98,2,37,2.7
70,10,22.03333333,39.93333333,20.39,40.43333333,21.39,40.59,19.29,40.82666667,18.2,51.785,3.7,91.72666667,19.07777778,36.745,21.79,43.23833333,18,41.02666667,2.98,732.3166667,98,2,36,2.68
60,0,21.96333333,39.9,20.32333333,40.56,21.39,40.59,19.2675,40.8725,18.2,51.82055556,3.7,91.8,19.1,36.79,21.79,43.72111111,18,41.32666667,2.97,732.4333333,98,2,35,2.67
70,10,21.89,39.9,20.26,40.59,21.39,40.59,19.2,40.86333333,18.2,51.9,3.59,91.69,19.1,36.81444444,21.79,44.08888889,18,41.52666667,2.95,732.55,98,2,34,2.65
40,10,21.85666667,39.9,20.175,40.6725,21.39,40.59,19.2,40.9,18.2,51.95,3.663333333,91.76333333,19.07777778,36.77611111,21.79,44.35888889,18,41.7,2.93,732.6666667,98,2,33,2.63
60,0,21.79,39.9,20.1,40.7,21.39,40.59,19.2,40.96666667,18.17777778,51.97777778,3.59,91.72666667,19.1,36.91555556,21.79,44.545,18,41.83333333,2.92,732.7833333,98,2,32,2.62
50,10,21.79,39.9,20.1,40.79,21.39,40.59,19.2,41,18.2,52,3.53,91.93333333,19.1,37.07333333,21.79,44.71666667,18,41.93333333,2.9,732.9,98,2,31,2.6
50,0,21.79,39.9,20.03333333,40.73,21.39,40.59,19.2,41.06,18.2,52.015,3.466666667,92.15666667,19.1,37.27555556,21.79,44.79,18,42.13333333,2.87,732.95,98.16666667,2.166666667,28.5,2.6
60,10,21.7,39.93333333,19.89,40.79,21.39,40.53,19.2,41.09,18.2,52.09,3.4,92.165,19.1,37.46111111,21.735,44.87388889,18,42.36,2.83,733,98.33333333,2.333333333,26,2.6
40,0,21.63333333,39.86,19.89,40.79,21.39,40.59,19.2,41.09,18.18888889,52.09,3.4,92.19,19.1,37.545,21.7,45.045,18,42.63333333,2.8,733.05,98.5,2.5,23.5,2.6
60,10,21.6,39.9,19.79,40.79,21.39,40.59,19.1,41.09,18.16111111,52.09,3.4,92.19,19.1,37.65722222,21.74,45.17222222,18,42.86,2.77,733.1,98.66666667,2.666666667,21,2.6
60,10,21.6,39.9,19.79,40.79,21.39,40.53,19.1,41.09,18.11111111,52.09,3.4,92.19,19.1,37.715,21.7,45.32055556,18,43.06,2.73,733.15,98.83333333,2.833333333,18.5,2.6
60,0,21.5,39.9,19.7,40.9,21.42666667,40.53,19.1,41.09,18.12777778,52.09,3.326666667,92.3,19.1,37.79833333,21.755,45.53833333,18,43.23,2.7,733.2,99,3,16,2.6
50,0,21.5,39.9,19.7,40.82666667,21.445,40.5725,19.1,41.16333333,18.10555556,52.11444444,3.4,92.3,19.1,37.95,21.725,45.67,18,43.36333333,2.7,733.2166667,99,2.833333333,16.5,2.6
50,0,21.39,39.79,19.66666667,40.86333333,21.5,40.7,19,41.09,18.1,52.12666667,3.29,92.33333333,19.1,38.04,21.73,46.04277778,18.05,43.645,2.7,733.2333333,99,2.666666667,17,2.6
60,0,21.39,39.79,19.6,40.86333333,21.5,40.7,19,41.16333333,18.1,52.10222222,3.29,92.4,19.1,38,21.71,46.57722222,18.1,43.93333333,2.7,733.25,99,2.5,17.5,2.6
50,0,21.39,39.79,19.56666667,40.93333333,21.5,40.7,19,41.2,18.1,52.09,3.29,92.43333333,19.1,38.015,21.71,47.08388889,18.1,44.06,2.7,733.2666667,99,2.333333333,18,2.6
50,0,21.29,39.79,19.5,41,21.5,40.79,19,41.2,18.1,52.11444444,3.23,92.43333333,19.1,38.09,21.735,47.38777778,18.1,44.23,2.7,733.2833333,99,2.166666667,18.5,2.6
50,0,21.29,39.79,19.5,41.03,21.42666667,40.73,19,41.2,18.1,52.10222222,3.2,92.4,19.12777778,38.20277778,21.765,47.30833333,18.1,44.36333333,2.7,733.3,99,2,19,2.6
60,0,21.26,39.79,19.42666667,41.03,21.42666667,40.73,19,41.2,18.1,52.10222222,3.2,92.4,19.15555556,38.36333333,21.73,47.30222222,18.1,44.5,2.7,733.3666667,98.83333333,2,22.16666667,2.57
50,0,21.2,39.79,19.39,41.03,21.42666667,40.73,18.96333333,41.2,18.1,52.09,3.2,92.4,19.18888889,38.4,21.72,47.38055556,18.1,44.56,2.7,733.4333333,98.66666667,2,25.33333333,2.53
60,0,21.2,39.79,19.39,41.09,21.5,40.73,18.945,41.2,18.1,52.11444444,3.2,92.46666667,19.17777778,38.4,21.7,47.38055556,18.1,44.73,2.7,733.5,98.5,2,28.5,2.5
70,0,21.13333333,39.86333333,19.35666667,41.2,21.5,40.79,18.89,41.2,18.08888889,52.08,3.2,92.5,19.2,38.48833333,21.61666667,47.19666667,18.1,44.79,2.7,733.5666667,98.33333333,2,31.66666667,2.47
40,0,21.1,39.9,19.29,41.26,21.5,40.7,18.89,41.2,18.08888889,52.08,3.2,92.5,19.2,38.61055556,21.6,47.09,18.1,44.9,2.7,733.6333333,98.16666667,2,34.83333333,2.43
30,0,21.1,39.9,19.29,41.245,21.5,40.76,18.89,41.2,18.08333333,52.075,3.2,92.4,19.2,38.715,21.59444444,47.14166667,18.16666667,44.96666667,2.7,733.7,98,2,38,2.4
30,0,21.06666667,39.9,19.2,41.23,21.39,40.73,18.89,41.2,18.09444444,52.085,3.2,92.475,19.2,38.79,21.53333333,47.42777778,18.13333333,45,2.7,733.7833333,97.83333333,2,37.83333333,2.38
40,0,21,39.9,19.2,41.29,21.39,40.79,18.89,41.2,18.1,52.045,3.2,92.43333333,19.2,38.79611111,21.55555556,47.45555556,18.13333333,45,2.7,733.8666667,97.66666667,2,37.66666667,2.37
60,0,21,39.93333333,19.1,41.32666667,21.39,40.82666667,18.89,41.29,18.06666667,51.98666667,3.2,92.4,19.2,38.88777778,21.53333333,47.525,18.1,45,2.7,733.95,97.5,2,37.5,2.35
60,0,21,40,19.1,41.4,21.32333333,40.9,18.89,41.29,18.08888889,52.00888889,3.2,92.46666667,19.2,38.98333333,21.5,47.76277778,18.16666667,45.06,2.7,734.0333333,97.33333333,2,37.33333333,2.33
60,0,20.89,40,19.06666667,41.4,21.39,40.9,18.85666667,41.26,18.06111111,51.96111111,3.29,92.53,19.2,39,21.5,47.80833333,18.16666667,45.09,2.7,734.1166667,97.16666667,2,37.16666667,2.32
70,0,20.89,40,19.06666667,41.46666667,21.39,40.9,18.79,41.2,18,51.9,3.23,92.46333333,19.2,39,21.5,47.79611111,18.16666667,45.16333333,2.7,734.2,97,2,37,2.3
60,0,20.85666667,40.06,19,41.43333333,21.39,40.79,18.85666667,41.26,18.02222222,51.92222222,3.26,92.46666667,19.2,39,21.48777778,47.79833333,18.2,45.2,2.67,734.2333333,96.66666667,2,40.16666667,2.22
60,0,20.79,40,19,41.5,21.39,40.8725,18.79,41.2,18,51.9,3.2,92.4,19.2,39.02,21.41444444,47.72,18.2,45.26,2.63,734.2666667,96.33333333,2,43.33333333,2.13
60,0,20.79,40.09,19,41.53,21.39,40.82666667,18.79,41.2,18,51.9,3.163333333,92.4,19.2,39,21.445,47.745,18.2,45.29,2.6,734.3,96,2,46.5,2.05
50,0,20.79,40.09,19,41.59,21.39,40.79,18.79,41.2,18,51.9,3.09,92.46666667,19.2,38.98333333,21.39,47.755,18.2,45.32666667,2.57,734.3333333,95.66666667,2,49.66666667,1.97
50,0,20.76,40.09,18.96333333,41.59,21.39,40.86333333,18.79,41.2,18,51.9,3.09,92.46666667,19.2,38.845,21.39,47.78,18.2,45.4,2.53,734.3666667,95.33333333,2,52.83333333,1.88
50,0,20.7,40.1725,18.89,41.66333333,21.39,40.82666667,18.79,41.2,18,51.9,3.09,92.4,19.2,38.83833333,21.37333333,47.71,18.2,45.4,2.5,734.4,95,2,56,1.8
60,0,20.7,40.2,18.89,41.62666667,21.39,40.9,18.79,41.16333333,18,51.845,3,92.3,19.2,38.98888889,21.32333333,47.78,18.2,45.4,2.5,734.45,95.16666667,2.166666667,54.83333333,1.82
60,0,20.66666667,40.16333333,18.82333333,41.56666667,21.39,40.9,18.79,41.16333333,18,51.85722222,2.933333333,92.3,19.2,39.015,21.32333333,47.70888889,18.2,45.4,2.5,734.5,95.33333333,2.333333333,53.66666667,1.83
60,0,20.6,40.09,18.79,41.53,21.39,40.82666667,18.79,41.2,18,51.85722222,2.9,92.3,19.2,39.09,21.29,47.60222222,18.2,45.4,2.5,734.55,95.5,2.5,52.5,1.85
60,0,20.6,40.2,18.79,41.53,21.39,40.86333333,18.79,41.1175,18,51.81444444,2.9,92.3,19.2,39.15722222,21.29,47.555,18.2,45.4,2.5,734.6,95.66666667,2.666666667,51.33333333,1.87
50,0,20.6,40.2,18.79,41.5,21.39,40.79,18.73,41.09,17.98777778,51.81444444,2.9,92.3,19.2,39.2,21.29,47.45,18.2,45.4,2.5,734.65,95.83333333,2.833333333,50.16666667,1.88
60,0,20.56666667,40.2,18.79,41.5,21.39,40.79,18.7,41.09,17.95722222,51.80222222,2.9,92.26333333,19.2,39.19388889,21.29,47.38166667,18.2,45.4,2.5,734.7,96,3,49,1.9
40,0,20.5,40.2,18.7,41.5,21.39,40.79,18.7,41.09,17.91444444,51.82666667,2.9,92.19,19.2,39.10222222,21.29,47.245,18.2,45.4,2.48,734.75,96.16666667,2.833333333,47.83333333,1.92
50,0,20.5,40.23,18.7,41.5,21.42666667,40.82666667,18.7,41.09,17.91444444,51.79,2.79,92.12333333,19.2,39.09,21.26,47.10277778,18.2,45.4,2.47,734.8,96.33333333,2.666666667,46.66666667,1.93
50,0,20.5,40.29,18.7,41.5,21.5,40.9,18.7,41.09,17.945,51.79,2.79,92.12333333,19.2,39.09,21.25,46.99666667,18.2,45.46666667,2.45,734.85,96.5,2.5,45.5,1.95
50,0,20.5,40.29,18.63333333,41.53,21.5,40.86333333,18.7,41.03,17.97555556,51.79,2.76,92.09,19.2,39.09611111,21.225,46.93277778,18.2,45.5,2.43,734.9,96.66666667,2.333333333,44.33333333,1.97
70,0,20.42666667,40.23,18.7,41.53,21.42666667,40.73,18.7,41.03,17.98777778,51.79,2.7,92.09,19.2,39.16333333,21.2,46.9,18.2,45.5,2.42,734.95,96.83333333,2.166666667,43.16666667,1.98
50,0,20.39,40.23,18.6,41.5,21.39,40.76,18.66666667,41,17.92055556,51.79,2.59,92,19.2,39.2,21.2,46.88777778,18.2,45.5,2.4,735,97,2,42,2
40,0,20.39,40.29,18.6,41.5,21.46333333,40.83333333,18.66666667,41.06,17.95111111,51.79,2.59,92,19.2,39.2,21.15,46.85722222,18.2,45.56,2.4,735.0666667,97,1.833333333,41.33333333,2
40,0,20.29,40.29,18.6,41.46666667,21.39,40.7,18.6,41,17.90222222,51.79,2.59,92.06,19.2,39.2,21.16111111,46.79,18.2,45.5,2.4,735.1333333,97,1.666666667,40.66666667,2
30,0,20.29,40.29,18.6,41.4,21.39,40.745,18.6,41,17.89,51.79,2.59,92,19.2,39.245,21.14444444,46.765,18.2,45.5,2.4,735.2,97,1.5,40,2
60,0,20.29,40.29,18.5,41.5,21.32333333,40.76,18.6,41,17.89,51.79,2.59,92,19.2,39.29611111,21.10555556,46.68166667,18.2,45.5,2.4,735.2666667,97,1.333333333,39.33333333,2
50,20,20.29,40.29,18.5,41.5,21.29,40.82666667,18.6,41,17.91444444,51.765,2.59,92,19.2,39.30833333,21.1,46.59,18.2,45.66333333,2.4,735.3333333,97,1.166666667,38.66666667,2
60,0,20.29,40.43333333,18.46333333,41.7,21.23,40.76666667,18.6,40.96333333,17.89,51.71166667,2.626666667,92.03,19.2,39.19,21.09444444,46.55833333,18.2,45.53,2.4,735.4,97,1,38,2
140,0,20.2225,40.4725,18.46333333,41.76,21.16666667,40.56,18.66666667,40.89,17.89,51.52444444,2.7,92.09,19.12777778,38.73777778,21.08333333,46.19777778,18.2,45.19333333,2.42,735.4666667,97,1,37.5,2
60,0,20.2,40.72333333,18.46333333,41.66333333,21.1,40.36,18.6,40.43,17.89,51.25722222,2.73,92.19,19.1,38.44777778,21.01666667,45.70666667,18.2,44.86,2.43,735.5333333,97,1,37,2
60,0,20.2,40.9,18.46333333,41.59,21.1,40.26,18.6,40.23,17.89,51.03666667,2.79,92.19,19.07222222,38.21166667,21,45.30055556,18.2,44.49,2.45,735.6,97,1,36.5,2
60,10,20.2,41.02666667,18.46333333,41.66333333,21.1,40.12666667,18.6,40.145,17.89,50.845,2.9,92.3,19,37.93055556,21,44.99,18.2,44.15666667,2.47,735.6666667,97,1,36,2
100,20,20.2,40.9,18.46333333,41.59,21.06666667,40.09,18.6,40.22666667,17.90222222,50.66722222,3,92.22666667,19,37.745,20.92055556,44.75722222,18.2,43.79666667,2.48,735.7333333,97,1,35.5,2
430,30,20.2,40.9,18.39,41.46666667,21.06666667,40.09,18.79333333,40.76666667,17.90222222,50.53,3,92.22666667,19,37.69388889,20.89,44.53666667,18.2,43.53,2.5,735.8,97,1,35,2
90,20,20.2,40.9,18.39,41.4,21,39.96666667,19.42666667,40.96666667,17.89,50.39833333,3.09,92.3,19,37.59222222,20.87888889,44.38777778,18.2,43.19333333,2.53,735.8833333,96.66666667,1.166666667,35.16666667,2
80,20,20.2,40.9,18.39,41.4,21,39.9,20.03333333,40.82666667,17.89,50.265,3.09,92.3,18.95111111,37.58611111,20.85111111,44.265,18.2,42.93333333,2.57,735.9666667,96.33333333,1.333333333,35.33333333,2
100,30,20.2,40.72333333,18.39,41.2,21,39.79,20.69666667,40.56,17.89,50.16944444,3.09,92.3,18.97555556,37.76333333,20.81777778,44.13055556,18.16666667,42.66333333,2.6,736.05,96,1.5,35.5,2
110,40,20.2,40.53,18.39,41.12666667,21,39.73,20.96333333,40.02666667,17.89,50.10222222,3.163333333,92.36666667,19,37.83388889,20.79555556,44.06111111,18.16666667,42.59,2.63,736.1333333,95.66666667,1.666666667,35.66666667,2
100,30,20.2,40.46666667,18.39,41.23,21,39.7,20.96333333,39.63333333,17.89,50.035,3.23,92.43333333,18.96944444,37.52944444,20.79,44,18.2,42.63333333,2.67,736.2166667,95.33333333,1.833333333,35.83333333,2
110,40,20.2,40.52666667,18.39,41.36333333,21,39.7,20.82333333,39.5,17.87888889,49.98888889,3.363333333,92.5,18.89,37.23,20.79,43.98333333,18.13333333,42.43333333,2.7,736.3,95,2,36,2
100,40,20.16666667,40.59,18.39,41.4,20.89,39.59,20.79,39.79,17.87888889,49.89944444,3.433333333,92.53,18.89,36.98222222,20.79,43.86944444,18.13333333,42.22333333,2.7,736.4,95,2.166666667,37,1.98
90,30,20.16666667,40.59,18.39,41.46666667,20.89,39.66333333,20.73,39.73,17.89,49.82666667,3.56,92.59,18.89,36.79333333,20.77,43.735,18.2,42.03,2.7,736.5,95,2.333333333,38,1.97
70,40,20.1,40.59,18.39,41.5,20.89,39.66333333,20.6,39.56,17.89,49.735,3.663333333,92.65666667,18.86222222,36.62,20.77,43.68777778,18.1,41.83333333,2.7,736.6,95,2.5,39,1.95
40,30,20.16666667,40.66333333,18.39,41.56,20.89,39.545,20.6,39.43333333,17.81777778,49.62055556,3.53,92.59,18.87333333,36.66666667,20.72,43.66333333,18.1,41.57,2.7,736.7,95,2.666666667,40,1.93
60,40,20.2,40.7,18.39,41.5,20.82333333,39.53,20.56666667,39.5,17.82888889,49.59,3.5,92.59,18.945,36.745,20.735,43.745,18.1,41.32666667,2.7,736.8,95,2.833333333,41,1.92
320,20,20.13333333,40.7,18.39,41.56,20.79,39.5,20.5,39.43333333,17.82888889,49.535,3.633333333,92.59,19,36.80833333,20.73,43.77611111,18.1,41.16333333,2.7,736.9,95,3,42,1.9
400,20,20.1,40.66333333,18.39,41.5,20.73,39.5,20.46333333,39.29,17.82888889,49.49888889,3.663333333,92.56,19.02777778,36.99722222,20.745,43.88777778,18.1,41.03,2.75,737,95,2.833333333,43.16666667,1.97
200,20,20.1,40.59,18.39,41.5,20.66666667,39.33333333,20.39,39.23,17.80666667,49.41666667,3.53,92.43333333,19.1,37.09,20.76,44.03333333,18.03333333,40.82666667,2.8,737.1,95,2.666666667,44.33333333,2.03
100,10,20.1,40.72333333,18.39,41.4,20.6,39.26,20.29,39.02666667,17.79,49.4,3.45,92.295,19.1,37.045,20.745,43.86777778,18.1,40.82666667,2.85,737.2,95,2.5,45.5,2.1
120,10,20.2,40.86333333,18.46333333,41.46666667,20.66666667,39.4,20.23,38.82666667,17.79,49.38166667,3.433333333,92.29333333,19.1,37.10888889,20.705,43.51555556,18.03333333,40.53,2.9,737.3,95,2.333333333,46.66666667,2.17
120,10,20.2,40.86333333,18.5,41.36333333,20.66666667,39.52666667,20.1,38.845,17.79555556,49.29222222,3.633333333,92.56,19.1,37.18666667,20.76,43.38055556,18.03333333,40.46333333,2.95,737.4,95,2.166666667,47.83333333,2.23
70,0,20.23,40.93333333,18.56666667,41.29,20.7,39.59,20,38.83333333,17.80666667,49.215,3.663333333,92.43333333,19.11666667,37.79055556,20.87333333,42.90166667,18.03333333,40.29,3,737.5,95,2,49,2.3
100,10,20.29,41,18.7,41.53,20.63333333,39.39,19.92666667,38.62666667,17.81777778,49.225,3.53,92.3,19.225,38.17,20.81777778,42.38277778,18.03333333,40.23,3.05,737.55,94,2.166666667,51.66666667,2.2
90,10,20.29,41.09,18.76,41.59,20.5,39.53,19.85666667,38.52666667,17.81777778,49.19666667,3.56,92.3,19.29,38.20888889,20.79555556,42.50611111,18,40.06,3.1,737.6,93,2.333333333,54.33333333,2.1
100,10,20.29,41.22333333,18.79,41.45,20.5,39.66333333,19.79,38.52666667,17.82888889,49.16944444,3.5,92.3,19.28,38.04611111,20.85666667,42.70833333,18,40,3.15,737.65,92,2.5,57,2
120,10,20.32333333,41.26,18.89,41.4,20.5,39.82666667,19.7,38.46666667,17.80666667,49.145,3.626666667,92.33333333,19.225,37.77722222,20.95722222,42.85722222,18,39.9,3.2,737.7,91,2.666666667,59.66666667,1.9
270,10,20.46333333,43.33333333,18.96333333,41.46666667,20.5,40.02666667,19.7,38.46666667,17.82888889,49.13777778,3.7,92.33333333,19.2,37.57722222,21.07222222,42.9,18,39.82666667,3.25,737.75,90,2.833333333,62.33333333,1.8
210,10,20.66666667,43.36333333,19.03333333,41.92666667,20.5,40.29,19.66666667,38.36333333,17.83444444,49.23,3.9,92.33,19.2,37.43277778,21.1,42.9,18,39.7,3.3,737.8,89,3,65,1.7
240,0,20.66666667,45.09666667,19.1,42.2,20.5,40.36333333,19.6,38.23,17.81777778,49.23,3.9,91.99666667,19.2,37.27722222,21.1,42.9,18,39.7,3.32,737.9333333,88.83333333,3,64.83333333,1.68
90,0,20.73,45.69333333,19.13333333,42.23,20.6,41.23,19.56666667,38.2,17.79,49.335,3.9,91.63333333,19.22,36.96888889,21.17611111,42.83277778,18,39.73,3.33,738.0666667,88.66666667,3,64.66666667,1.67
100,10,20.85666667,45.82666667,19.26,42.43,20.6,41.36333333,19.5,38.2,17.79,49.48333333,4.026666667,91.63333333,19.2,36.63,21.31777778,42.71444444,18,39.79,3.35,738.2,88.5,3,64.5,1.65
100,10,21.03333333,45.13333333,19.32333333,42.46666667,20.6,41.5,19.5,38.09,17.80666667,49.545,4.3,91.46,19.13888889,36.32833333,21.40833333,42.55,18,39.79,3.37,738.3333333,88.33333333,3,64.33333333,1.63
80,20,21.1,44.66666667,19.39,42.32666667,20.625,41.6175,19.5,38.03,17.81777778,49.59,4.3,90.72666667,19.1,36.04611111,21.5,42.645,18,39.7225,3.38,738.4666667,88.16666667,3,64.16666667,1.62
110,20,21.23,43.66,19.5,42.16333333,20.7,41.79,19.39,37.9,17.81222222,49.61444444,4.19,89.83333333,19.1,36.06947368,21.5,42.83611111,17.92666667,39.62666667,3.4,738.6,88,3,64,1.6
100,20,21.29,43.19333333,19.56666667,42.03,20.73,41.86,19.39,37.9,17.86222222,49.66333333,4.115,89.025,19.1,36.2,21.55,42.80166667,17.89,39.46666667,3.38,738.6833333,88.16666667,3,64,1.6
100,20,21.32333333,42.72333333,19.63333333,41.9,20.85666667,42,19.39,37.9,17.85111111,49.63888889,4.156666667,89,19.17368421,36.26631579,21.6,42.77333333,17.89,39.4,3.37,738.7666667,88.33333333,3,64,1.6
100,20,21.39,42.33,19.7,41.82666667,20.85666667,41.69333333,19.32333333,37.82666667,17.80111111,49.565,4.19,88.29333333,19.2,36.29,21.67222222,43.04777778,17.89,39.26,3.35,738.85,88.5,3,64,1.6
100,20,21.39,41.85,19.73,41.56,20.79,41.43333333,19.29,37.79,17.86222222,49.565,4.263333333,88.7,19.2,36.29,21.7,43.22111111,17.89,39.2,3.33,738.9333333,88.66666667,3,64,1.6
100,20,21.42666667,41.4,19.79,41.36,20.82333333,41.29,19.29,37.79,17.86222222,49.545,4.263333333,87.96333333,19.2,36.29,21.715,43.48277778,17.89,39.09,3.32,739.0166667,88.83333333,3,64,1.6
100,20,21.5,41,19.79,41.02666667,20.82333333,41.15666667,19.29,37.79,17.80111111,49.48333333,4.263333333,88.09,19.2,36.17333333,21.77,43.67222222,17.82333333,38.96333333,3.3,739.1,89,3,64,1.6
100,20,21.5,40.66333333,19.85666667,40.9,20.79,41.15666667,19.29,37.82666667,17.82333333,49.43333333,4.156666667,87.56,19.2,35.97777778,21.78,43.73444444,17.89,38.9,3.28,739.2333333,89.33333333,3.166666667,64,1.65
110,10,21.5,40.59,19.89,41.09,20.85666667,41.29,19.29,38.1,17.85111111,49.43888889,4.09,87.56,19.14444444,35.77222222,21.79,43.43166667,17.89,38.82666667,3.27,739.3666667,89.66666667,3.333333333,64,1.7
110,20,21.5,40.9,19.96333333,41.03,20.89,41.16333333,19.29,38.59666667,17.84555556,49.45,4.156666667,87.12333333,19.1,35.55,21.79,43.33,17.79,38.56,3.25,739.5,90,3.5,64,1.75
110,20,21.5,41.1,20,40.69,20.89,41.03,19.29,39.12333333,17.85666667,49.37555556,3.963333333,87.33,19.1,35.46555556,21.85111111,43.42611111,17.79,38.5,3.23,739.6333333,90.33333333,3.666666667,64,1.8
110,10,21.5,40.9,20,40.5,20.89,40.93333333,19.29,39.8,17.86777778,49.37555556,3.76,88.32666667,19.14444444,36.15222222,21.89,43.065,17.79,38.5,3.22,739.7666667,90.66666667,3.833333333,64,1.85
120,20,21.5,40.62666667,20,40.5,20.89,41,19.29,40.13333333,17.86777778,49.37555556,3.7,89.26666667,19.2,36.70888889,21.88444444,42.43777778,17.79,38.5,3.2,739.9,91,4,64,1.9
110,20,21.5,40.46666667,20,40.59,20.89,41,19.32333333,40.43333333,17.89,49.40555556,3.7,89.93,19.26,37.68444444,21.80111111,42.08777778,17.79,38.5,3.12,740.05,91.33333333,4,63.83333333,1.85
110,10,21.5,40.4,20,40.59,20.89,41.26666667,19.39,40.56,17.87888889,49.43888889,3.7,90.45666667,19.35666667,37.9,21.79,42.35888889,17.79,38.5,3.03,740.2,91.66666667,4,63.66666667,1.8
100,10,21.39,40.66333333,20,40.76666667,20.96333333,41.46666667,19.39,40.7,17.87888889,49.42222222,3.56,90.49666667,19.29,37.29555556,21.79,42.57555556,17.79,38.5,2.95,740.35,92,4,63.5,1.75
80,0,21.39,40.53,20,40.96666667,20.89,41.4,19.39,40.76,17.89,49.42222222,3.433333333,90.62333333,19.2,36.69777778,21.87333333,42.72,17.79,38.43333333,2.87,740.5,92.33333333,4,63.33333333,1.7
110,10,21.39,40.5,19.89,40.96666667,20.79,41.43333333,19.39,40.79,17.89,49.4,3.4,90.86666667,19.17777778,36.40888889,21.89,42.725,17.79,38.29,2.78,740.65,92.66666667,4,63.16666667,1.65
100,10,21.39,40.5,19.89,40.76666667,20.79,41.475,19.39,40.86333333,17.89,49.36944444,3.4,91.195,19.2,36.5,21.89611111,42.98722222,17.79,38.29,2.7,740.8,93,4,63,1.6
110,10,21.35666667,40.5,19.85666667,40.49,20.79,41.4,19.35666667,40.86,17.87888889,49.28,3.4,91.4,19.2,36.45263158,21.98777778,43.47111111,17.79,38.23,2.73,740.9333333,93,4,63,1.65
100,20,21.29,40.5,19.79,40.29,20.85666667,41.52666667,19.35666667,40.86,17.85111111,49.255,3.326666667,91.5,19.2,36.4,22,43.70888889,17.76,38.2,2.77,741.0666667,93,4,63,1.7
90,10,21.26,40.26,19.76,40.29,20.79,41.46666667,19.29,40.66333333,17.86222222,49.18777778,3.326666667,91.56,19.2,36.4,22,43.90444444,17.7,38.12666667,2.8,741.2,93,4,63,1.75
160,20,21.2,40.26,19.63333333,40.23,20.89,41.9,19.29,40.53,17.84555556,49.15111111,3.29,91.56,19.2,36.4,22.08333333,44.07611111,17.7,38.09,2.83,741.3333333,93,4,63,1.8
120,20,21.16666667,40.52666667,19.56666667,40.29,20.82333333,41.63333333,19.29,40.33333333,17.82333333,49.04611111,3.156666667,91.36666667,19.235,36.43888889,22.1,44.09222222,17.7,38.09,2.87,741.4666667,93,4,63,1.85
100,20,21.1,40.35,19.56666667,40.43,20.76,41.43333333,19.29,40.06666667,17.80666667,49.015,3,91.09,19.29,36.535,22.12222222,43.89611111,17.7,38,2.9,741.6,93,4,63,1.9
90,30,21.1,40.53333333,19.46333333,40.43,20.63333333,41.43333333,19.29,39.745,17.79,48.93888889,2.933333333,91.23,19.255,36.44277778,22.15,43.655,17.7,38,2.92,741.75,92.66666667,3.833333333,56.16666667,1.87
80,30,21.06666667,40.7,19.39,40.36333333,20.7,41.53,19.2,39.53,17.79,48.92222222,3,91.33333333,19.2,36.13,22.19444444,43.47611111,17.7,38,2.93,741.9,92.33333333,3.666666667,49.33333333,1.83
170,40,21,40.62666667,19.35666667,40.5,20.7,41.53,19.2,39.59,18.00866667,58.07333333,3,91.46666667,19.2,35.88333333,22.16666667,43.31055556,17.7,38,2.95,742.05,92,3.5,42.5,1.8
320,20,21,40.63333333,19.29,40.43333333,20.7,41.5,19.23,39.99333333,18.265,68.71277778,3.09,91.59,19.15555556,35.645,22.19444444,43.18166667,17.7,38.32666667,2.97,742.2,91.66666667,3.333333333,35.66666667,1.77
400,20,20.92666667,40.9,19.2,40.45,20.7,41.43333333,19.29,40.32666667,18.2,69.66611111,3.03,91.39666667,19.205,35.58,22.2,42.98222222,17.7,38.4,2.98,742.35,91.33333333,3.166666667,28.83333333,1.73
400,10,20.89,40.99333333,19.1,40.53,20.63333333,41.52666667,19.29,39.83333333,18.15,69.73166667,2.9,91,19.28,35.535,22.2,42.76722222,17.7,38.4,3,742.5,91,3,22,1.7
340,30,20.89,41.8,19.1,40.72333333,20.76,42.06,19.29,39.56666667,18.1,68.49166667,2.9,91,19.32888889,35.49444444,22.2,42.60222222,17.6,38.2,2.95,742.6666667,90.33333333,3.5,23.16666667,1.53
120,10,20.89,45.06666667,19.06666667,42,20.66666667,41.76,19.26,39.56,18.08888889,66.99833333,2.933333333,90.7,19.39,35.31277778,22.21444444,42.45388889,17.6,38.13333333,2.9,742.8333333,89.66666667,4,24.33333333,1.37
120,10,20.89,46.73333333,19.06666667,43.39333333,20.6,41.62666667,19.2,39.56,18.08333333,64.98111111,3,90.29333333,19.37888889,35.02444444,22.11111111,41.94166667,17.6,38,2.85,743,89,4.5,25.5,1.2
120,10,20.89,45.63333333,19.03333333,43.56,20.6,41.79,19.2,39.73,18.03333333,62.44166667,3,89.9,19.30666667,34.75722222,22.1,41.81388889,17.6,37.96666667,2.8,743.1666667,88.33333333,5,26.66666667,1.03
120,20,20.89,45.02666667,19.1,43.43333333,20.6,41.93,19.2,39.93,18,60.68777778,3.0225,89.7975,19.31777778,34.53666667,22.12777778,42.10888889,17.6,37.9,2.75,743.3333333,87.66666667,5.5,27.83333333,0.867
110,10,20.96333333,43.86,19.13333333,43.22333333,20.6,42.06666667,19.2,39.86333333,18,59.47222222,3.09,89.49666667,19.30666667,34.335,22.2,42.11777778,17.6,37.79,2.7,743.5,87,6,29,0.7
120,10,20.89,43.06666667,19.2,42.96333333,20.6,42.095,19.2,39.73,18,58.55888889,3.126666667,88.93333333,19.32888889,34.28611111,22.21,41.93166667,17.6,37.7225,2.62,743.6666667,87,6,28.83333333,0.617
130,10,21,42.43,19.2,42.66333333,20.6,42,19.2,39.46666667,18,57.77777778,3.126666667,88.6,19.39,34.38777778,22.235,41.72888889,17.6,37.7,2.53,743.8333333,87,6,28.66666667,0.533
130,20,21,42.09666667,19.2,42.53,20.5,42,19.13333333,39.26666667,18.15444444,60.52388889,3.09,88.43333333,19.39,34.30333333,22.28,41.58,17.5,37.7,2.45,744,87,6,28.5,0.45
290,20,21,41.79,19.2,42.5,20.5,42,19.1,39.06,19.53777778,84.475,3.09,88.29333333,19.39,34.29388889,22.29,41.43777778,17.56666667,37.62666667,2.37,744.1666667,87,6,28.33333333,0.367
120,40,21,41.86333333,19.2,42.56,20.5,42.09,19.1,39,20.24222222,88.70666667,3.09,87.53333333,19.39,34.54111111,22.29,41.25722222,17.5,37.59,2.28,744.3333333,87,6,28.16666667,0.283
120,40,21,41.72333333,19.23,42.53,20.5,42.09,19.13333333,39.73333333,20.55833333,85.31944444,3.09,85.86666667,19.445,34.91777778,22.29,41.11777778,17.5,37.59,2.2,744.5,87,6,28,0.2
110,10,21,41.3975,19.29,42.46333333,20.46333333,41.96666667,19.2,40.86666667,20.07444444,83.03833333,3.09,85,19.51666667,35.15722222,22.29,40.91944444,17.5,37.56,2.2,744.6333333,87.66666667,5.666666667,26.66666667,0.3
160,20,21,41.12666667,19.29,42.16333333,20.39,41.96666667,19.29,41.34,20.19,85.87222222,3.03,84.4,19.6,35.16944444,22.30111111,40.78,17.5,37.5,2.2,744.7666667,88.33333333,5.333333333,25.33333333,0.4
150,0,21,40.96666667,19.29,41.96333333,20.39,42.09,19.29,40.56333333,20.71222222,90.57,3,84.99666667,19.6,35.23666667,22.35111111,40.86277778,17.5,37.53,2.2,744.9,89,5,24,0.5
130,0,21,40.96666667,19.29,41.79,20.39,42.03,19.29,40.23,20.19055556,91.43111111,3,84.99666667,19.61666667,35.42722222,22.39,41.27055556,17.56666667,37.66333333,2.2,745.0333333,89.66666667,4.666666667,22.66666667,0.6
130,10,21,40.86333333,19.29,41.79,20.32333333,42,19.29,39.79666667,19.92722222,90.68388889,2.933333333,85.36666667,19.68888889,36.00555556,22.39,41.265,17.5,37.66333333,2.2,745.1666667,90.33333333,4.333333333,21.33333333,0.7
150,0,21,40.73,19.35666667,41.66333333,20.32333333,41.86,19.23,39.39,19.77611111,88.72222222,2.933333333,85.5,19.7,35.90277778,22.43277778,41.07333333,17.5,37.59,2.2,745.3,91,4,20,0.8
110,0,21,40.59,19.29,41.4975,20.39,41.79,19.2,39.06,19.63333333,86.60666667,2.9,85.79333333,19.7,35.64277778,22.5,40.89722222,17.5,37.56,2.23,745.4166667,91.33333333,4,20.16666667,0.9
100,20,21,40.53,19.29,41.32666667,20.39,41.79,19.2,38.86,19.51111111,84.62277778,2.9,85.93333333,19.67222222,35.48777778,22.5,40.70166667,17.5,37.5,2.27,745.5333333,91.66666667,4,20.33333333,1
100,30,20.92666667,40.46666667,19.29,41.26,20.39,41.7,19.2,39.06666667,19.40277778,82.55388889,2.9,85.95,19.6,35.82666667,22.57222222,40.63,17.5,37.36333333,2.3,745.65,92,4,20.5,1.1
70,20,20.92666667,40.6,19.23,41,20.39,41.76,19.26,39.8,19.29111111,80.875,2.863333333,86.53333333,19.6,36.23277778,22.63333333,40.94888889,17.5,38.03,2.33,745.7666667,92.33333333,4,20.66666667,1.2
70,10,20.89,40.66333333,19.13333333,40.76,20.29,41.76,19.32333333,40.43333333,19.205,79.47944444,2.79,87.46666667,19.6,36.38166667,22.61111111,41.27555556,17.6,39.19666667,2.37,745.8833333,92.66666667,4,20.83333333,1.3
50,0,20.82333333,40.59,19.13333333,40.83333333,20.29,41.7,19.39,40.5,19.12777778,78.34388889,2.7,88.75666667,19.6,36.47222222,22.58333333,41.78555556,17.6,39.72333333,2.4,746,93,4,21,1.4
50,10,20.79,40.93333333,19.06666667,41.06,20.29,41.745,19.35666667,40.46666667,19.08333333,77.29,2.7,89.29666667,19.53888889,36.515,22.5,42.31555556,17.7,40.06666667,2.43,746.15,92.83333333,4.166666667,21.5,1.4
50,10,20.79,41.06,19,41,20.29,41.79,19.29,40.4,19,76.17277778,2.7,89.76,19.5,36.57,22.49388889,42.49388889,17.625,40.295,2.47,746.3,92.66666667,4.333333333,22,1.4
30,0,20.79,41,19,41.16333333,20.29,41.79,19.29,40.5,18.95722222,74.77944444,2.626666667,89.96666667,19.5,36.65722222,22.40222222,42.14277778,17.6,40.52666667,2.5,746.45,92.5,4.5,22.5,1.4
50,10,20.79,41.13333333,18.92666667,41.22333333,20.2,41.66333333,19.29,40.5,18.89,73.48222222,2.626666667,90.19333333,19.5,36.725,22.30666667,42.36388889,17.6,40.73,2.53,746.6,92.33333333,4.666666667,23,1.4
60,10,20.7,41.09,19,41.29,20.2,41.59,19.26,40.5,18.85111111,72.27,2.7,90.46666667,19.5,36.79611111,22.265,42.56,17.66666667,40.93,2.57,746.75,92.16666667,4.833333333,23.5,1.4
60,0,20.7,41.16333333,18.92666667,41.29,20.2,41.7,19.2,40.5,18.79,71.12944444,2.7,90.56333333,19.47555556,36.89111111,22.22,42.78055556,17.7,41.12666667,2.6,746.9,92,5,24,1.4
60,10,20.66666667,41.2,18.89,41.23,20.2,41.7,19.16666667,40.5,18.775,70.18166667,2.76,90.76333333,19.45722222,37.02,22.2,43.06444444,17.7,41.26,2.58,747.05,92.16666667,5.166666667,30.66666667,1.42
50,0,20.6,41.2,18.82333333,41.15666667,20.23,41.76666667,19.15,40.5,18.7,69.39388889,2.79,91,19.40833333,37.09555556,22.18888889,43.29888889,17.7,41.43333333,2.57,747.2,92.33333333,5.333333333,37.33333333,1.43
60,10,20.6,41.2,18.79,41.2,20.23,41.82666667,19.1,40.5,18.67777778,68.65111111,2.863333333,91.59333333,19.39611111,37.27888889,22.13888889,43.53388889,17.7,41.56,2.55,747.35,92.5,5.5,44,1.45
60,0,20.56666667,41.12666667,18.79,41.2,20.2,41.7,19.1,40.5,18.68888889,67.9,2.79,91.62333333,19.39,37.51388889,22.1,43.76555556,17.7,41.65666667,2.53,747.5,92.66666667,5.666666667,50.66666667,1.47
60,10,20.5,41.2,18.7,41.29,20.26,41.76,19.1,40.5,18.60555556,67.13,2.79,91.69,19.41444444,37.735,22.11666667,44.14888889,17.7,41.86333333,2.52,747.65,92.83333333,5.833333333,57.33333333,1.48
70,10,20.5,41.12666667,18.7,41.36333333,20.29,41.79,19.1,40.5,18.6,66.535,2.79,91.83333333,19.39,37.92777778,22.11666667,44.46388889,17.7,42.03,2.5,747.8,93,6,64,1.5
50,0,20.5,41.2,18.63333333,41.36,20.29,41.79,19.03333333,40.43333333,18.57777778,66.00277778,2.73,91.9,19.39,38.015,22.11111111,44.68833333,17.7,42.16333333,2.48,747.9333333,93,6,64,1.47
60,10,20.39,41.09,18.625,41.5,20.32333333,41.66333333,19,40.4,18.56111111,65.535,2.645,91.85,19.39,38.12055556,22.1,44.94277778,17.7,42.32666667,2.47,748.0666667,93,6,64,1.43
60,0,20.39,41.09,18.6,41.56,20.39,41.59,19,40.4,18.51111111,65.09,2.59,91.9,19.39,38.255,22.1,45,17.7,42.46666667,2.45,748.2,93,6,64,1.4
30,10,20.39,41.09,18.56666667,41.7,20.35666667,41.5,18.89,40.4,18.5,64.70333333,2.59,91.9,19.39,38.345,22.07777778,45.05111111,17.7,42.62666667,2.43,748.3333333,93,6,64,1.37
40,10,20.32333333,41.09,18.5,41.76,20.29,41.5,18.89,40.4,18.47555556,64.26666667,2.59,91.9,19.39611111,38.41055556,22.02777778,45.15111111,17.7,42.76,2.42,748.4666667,93,6,64,1.33
40,0,20.29,41.09,18.5,41.82666667,20.29,41.4,18.89,40.4,18.48777778,63.90722222,2.53,91.9,19.43277778,38.53888889,21.96944444,45.36388889,17.7,42.82666667,2.4,748.6,93,6,64,1.3
50,10,20.29,41.16333333,18.5,41.9,20.29,41.32666667,18.89,40.4,18.39611111,63.44166667,2.5,91.9,19.39,38.51944444,21.90222222,45.66,17.7,42.96666667,2.42,748.7833333,93,6,60,1.32
70,0,20.29,41.2,18.39,41.82666667,20.2,41.245,18.89,40.4,18.39,63.13,2.5,91.96666667,19.39,38.38055556,21.87333333,45.94277778,17.745,43.09,2.43,748.9666667,93,6,56,1.33
60,10,20.29,41.2,18.39,41.9,20.2,41.2,18.82333333,40.32666667,18.37333333,62.80388889,2.5,91.93333333,19.39,38.29611111,21.79,46.05722222,17.7,43.23,2.45,749.15,93,6,52,1.35
50,10,20.2,41.12666667,18.39,41.93333333,20.2,41.2,18.85666667,40.36333333,18.31222222,62.50722222,2.5,92,19.39,38.44777778,21.79,46.20388889,17.7,43.29,2.47,749.3333333,93,6,48,1.37
70,0,20.2,41.2,18.32333333,42,20.2,41.16333333,18.79,40.36333333,18.29,62.21444444,2.5,91.93333333,19.39,38.59111111,21.78,46.265,17.7,43.4,2.48,749.5166667,93,6,44,1.38
50,10,20.16666667,41.16333333,18.29,42,20.2,41.09,18.85666667,40.43,18.29,61.90277778,2.5,91.93333333,19.39,38.68777778,21.73,46.205,17.76,43.46666667,2.5,749.7,93,6,40,1.4
50,0,20.16666667,41.16333333,18.29,42.06,20.2,41.09,18.79,40.29,18.29,61.65722222,2.5,91.9,19.39,38.76111111,21.715,46.215,17.79,43.59,2.48,749.85,93,6,38.16666667,1.38
70,10,20.1,41.2,18.29,42.03,20.2,41.03,18.79,40.32666667,18.27,61.395,2.5,91.9,19.39,38.88777778,21.7,46.27833333,17.79,43.66333333,2.47,750,93,6,36.33333333,1.37
50,0,20.1,41.2,18.29,42.03,20.2,41,18.79,40.4,18.265,61.16166667,2.5,91.86666667,19.39,38.88166667,21.7,46.4,17.79,43.73,2.45,750.15,93,6,34.5,1.35
70,10,20.05,41.1,18.2,41.93333333,20.2,41,18.73,40.4,18.21,60.91277778,2.5,91.8,19.39,38.845,21.66111111,46.36333333,17.79,43.79,2.43,750.3,93,6,32.66666667,1.33
60,10,20.06666667,41.16333333,18.2,41.93333333,20.29,41.09,18.79,40.4,18.22,60.76888889,2.4,91.69,19.39,38.9,21.6,46.43777778,17.79,43.9,2.42,750.45,93,6,30.83333333,1.32
50,0,20,41.09,18.2,41.96666667,20.29,41.09,18.73,40.4,18.2,60.55722222,2.4,91.69,19.39,38.87555556,21.6,46.555,17.79,43.96666667,2.4,750.6,93,6,29,1.3
40,10,20,41.09,18.13333333,41.9,20.29,41.06,18.7,40.32666667,18.2,60.39333333,2.4,91.76333333,19.39,38.78333333,21.58888889,46.61444444,17.79,44,2.38,750.8,92.33333333,6.166666667,28,1.2
30,0,20,41.16333333,18.1,41.9,20.23,40.93333333,18.7,40.4,18.2,60.23,2.29,91.76333333,19.39,38.745,21.52777778,46.59,17.79,44.06,2.37,751,91.66666667,6.333333333,27,1.1
40,10,19.96333333,41.2,18.1,41.975,20.26,40.83333333,18.7,40.32666667,18.2,60.07333333,2.29,91.76333333,19.39,38.74611111,21.5,46.59,17.79,44.09,2.35,751.2,91,6.5,26,1
50,10,19.89,41.2,18.1,42,20.2,40.7,18.7,40.32666667,18.17222222,59.95,2.2,91.65666667,19.39,38.88777778,21.5,46.57,17.79,44.16333333,2.33,751.4,90.33333333,6.666666667,25,0.9
60,0,19.89,41.2,18.1,41.96666667,20.2,40.7,18.7,40.29,18.1,59.82777778,2.2,91.65666667,19.39,38.96111111,21.46944444,46.53722222,17.79,44.2,2.32,751.6,89.66666667,6.833333333,24,0.8
70,10,19.89,41.2,18.03333333,41.82666667,20.2,40.76,18.7,40.29,18.1,59.71,2.2,91.59,19.39,39,21.42055556,46.43277778,17.79,44.2,2.3,751.8,89,7,23,0.7
60,0,19.79,41.03,18,41.9,20.2,40.73,18.63333333,40.29,18.1,59.62777778,2.2,91.59,19.39,39,21.43277778,46.47611111,17.79,44.2,2.33,751.9833333,88.66666667,6.833333333,25.83333333,0.667
60,10,19.79,41.03,18,41.9,20.2,40.73,18.7,40.29,18.1,59.51,2.29,91.69,19.39,39,21.39,46.38166667,17.85666667,44.26,2.37,752.1666667,88.33333333,6.666666667,28.66666667,0.633
50,10,19.79,41,18,41.9,20.245,40.7,18.66666667,40.26,18.07777778,59.43888889,2.29,91.69,19.39,39,21.39,46.29,17.84,44.3,2.4,752.35,88,6.5,31.5,0.6
60,0,19.79,41.06,17.92666667,41.9,20.29,40.7,18.6,40.2,18.05,59.32,2.326666667,91.69,19.39,39,21.38444444,46.38166667,17.79,44.29,2.43,752.5333333,87.66666667,6.333333333,34.33333333,0.567
50,10,19.7,41.06,17.89,41.9,20.29,40.7,18.6,40.23,18.03333333,59.21388889,2.4,91.69,19.37333333,39.005,21.34,46.4,17.79,44.29,2.47,752.7166667,87.33333333,6.166666667,37.16666667,0.533
60,0,19.7,41.06,17.89,41.9,20.29,40.7,18.6,40.29,18.01111111,59.08722222,2.4,91.69,19.32888889,39.015,21.31777778,46.4,17.79,44.29,2.5,752.9,87,6,40,0.5
50,10,19.7,41.06,17.89,41.9,20.35666667,40.7,18.6,40.23,18,59.00444444,2.4,91.62333333,19.35666667,39.035,21.30666667,46.4,17.79,44.29,2.47,753.0833333,86,6.166666667,40,0.317
70,0,19.7,41,17.89,41.9,20.29,40.62666667,18.6,40.23,18,58.91111111,2.29,91.4,19.36777778,39.12666667,21.29555556,46.30833333,17.79,44.29,2.43,753.2666667,85,6.333333333,40,0.133
40,10,19.66666667,40.96666667,17.85666667,41.86333333,20.29,40.62666667,18.6,40.2,18,58.80833333,2.29,91.33333333,19.36777778,39.12666667,21.29,46.245,17.79,44.29,2.4,753.45,84,6.5,40,-0.05
50,10,19.66666667,40.96666667,17.79,41.79,20.35666667,40.59,18.575,40.2,17.98166667,58.745,2.26,91.12666667,19.33444444,39.145,21.29,46.19388889,17.79,44.29,2.37,753.6333333,83,6.666666667,40,-0.233
30,10,19.6,40.9,17.79,41.79,20.35666667,40.59,18.5,40.2,17.90833333,58.60833333,2.2,90.975,19.33444444,39.21944444,21.245,46.08222222,17.79,44.29,2.33,753.8166667,82,6.833333333,40,-0.417
70,20,19.6,40.9,17.79,41.86333333,20.32333333,40.62666667,18.5,40.2,17.90833333,58.565,2.26,90.83333333,19.39,39.56888889,21.265,46.18666667,17.89,44.7,2.3,754,81,7,40,-0.6
50,10,19.6,41.02666667,17.79,41.96333333,20.32333333,40.7,18.5,40.2,17.91444444,58.49444444,2.163333333,89.99,19.39,39.45055556,21.235,46.17444444,17.89,44.62666667,2.13,754.2,80.66666667,6.833333333,40,-0.817
40,10,19.6,41.26666667,17.79,42.16333333,20.26,40.7,18.53333333,40.29,17.89,58.43333333,1.963333333,88.86333333,19.32888889,39.13,21.2,45.92555556,17.89,44.56,1.97,754.4,80.33333333,6.666666667,40,-1.03
50,0,19.6,41.32666667,17.79,42.2,20.2,40.62666667,18.53333333,40.23,17.89,58.35722222,1.76,87.13,19.30111111,38.82833333,21.12777778,45.71444444,17.89,44.43333333,1.8,754.6,80,6.5,40,-1.25
50,0,19.6,41.13333333,17.7225,42.2,20.2,40.56,18.5,40.2,17.89,58.29,1.633333333,85.92333333,19.29,38.57722222,21.1,45.46777778,17.89,44.36333333,1.63,754.8,79.66666667,6.333333333,40,-1.47
80,0,19.53333333,40.93333333,17.7,42.06666667,20.2,40.56,18.5,40.2,17.89,58.215,1.463333333,84.76666667,19.285,38.25666667,21.1,45.22666667,17.82333333,44.15666667,1.47,755,79.33333333,6.166666667,40,-1.68
50,10,19.5,41,17.7,41.83333333,20.2,40.63333333,18.5,39.66,17.87333333,58.05388889,1.323333333,83.76666667,19.21,37.24777778,21.03888889,44.65333333,17.85666667,44.13333333,1.3,755.2,79,6,40,-1.9
40,0,19.5,41,17.76,41.56666667,20.2,40.5,18.42666667,39.19333333,17.85666667,57.65777778,1.26,83.06,19.16111111,36.41444444,20.98166667,43.96166667,17.85666667,43.86,1.33,755.4166667,79.33333333,5.666666667,40,-1.83
40,0,19.5,40.76,18.06666667,40.86333333,20.16666667,40.36333333,18.39,38.72333333,17.82333333,57.21277778,1.133333333,82.99333333,19.1,35.94333333,20.90222222,43.31055556,17.79,43.26666667,1.37,755.6333333,79.66666667,5.333333333,40,-1.77
50,10,19.5,40.62666667,18,40.73,20.1,40.15666667,18.39,38.46333333,17.79,56.67611111,1.1,82.9,19.01666667,35.56388889,20.84,42.61,17.85666667,42.86,1.4,755.85,80,5,40,-1.7
320,10,19.39,40.33333333,17.96333333,40.56,20.05,39.85,18.35666667,38.26,17.80666667,56.18833333,1.1,82.76,19,35.17722222,20.81222222,42.07277778,17.89,42.79,1.43,756.0666667,80.33333333,4.666666667,40,-1.63
310,10,19.39,40.26,17.89,40.3,20,39.72333333,18.29,38.06666667,17.79555556,55.66,1.133333333,82.42333333,18.90833333,34.82333333,20.79,41.58222222,17.89,42.6,1.47,756.2833333,80.66666667,4.333333333,40,-1.57
90,10,19.39,40.06,17.79,39.96666667,20,39.46333333,18.29,37.86333333,17.79,55.12555556,1.2,81.89666667,18.89,34.49444444,20.765,41.12555556,17.89,42.13333333,1.5,756.5,81,4,40,-1.5
50,10,19.39,39.86,17.79,39.76666667,20,39.36333333,18.29,37.73,17.79,54.82888889,1.39,81.66333333,18.89,34.235,20.71,40.78055556,17.89,42.02666667,1.7,756.6333333,80.33333333,4.333333333,40,-1.42
70,10,19.39,39.62666667,17.79,39.66333333,20,39.23,18.29,37.63333333,17.775,54.63,1.463333333,81.26333333,18.84,33.96666667,20.7,40.43055556,17.89,41.69333333,1.9,756.7666667,79.66666667,4.666666667,40,-1.33
70,20,19.32333333,39.7,17.79,39.59,20,39.12666667,18.29,37.36,17.75,54.44277778,1.6,80.695,18.79,33.72888889,20.65,40.07777778,17.85666667,41.16,2.1,756.9,79,5,40,-1.25
60,10,19.29,39.66333333,17.82333333,39.59,20,39.33333333,18.29,37.23,17.755,54.22666667,1.79,80.33,18.79,33.52944444,20.6,39.77333333,17.85666667,40.76666667,2.3,757.0333333,78.33333333,5.333333333,40,-1.17
60,10,19.29,39.59,17.89,39.53,20,39.4,18.315,37.29,17.77,54.02944444,1.93,79.93,18.79,33.32777778,20.6,39.62,17.82333333,40.22333333,2.5,757.1666667,77.66666667,5.666666667,40,-1.08
70,10,19.29,40.23333333,18.03333333,39.5,19.92666667,39.32666667,18.46333333,37.36333333,17.735,53.83111111,2.266666667,78.16,18.79,33.17944444,20.6,39.39833333,17.89,39.89,2.7,757.3,77,6,40,-1
270,10,19.4475,43.97,18.16666667,39.63333333,19.89,39.4,18.53333333,37.4,17.7,53.61777778,2.466666667,77.36666667,18.79,33.02944444,20.56666667,39.21444444,17.89,39.7,2.88,757.4833333,75.83333333,6,40,-1.03
740,20,19.5,42.13333333,18.26,39.19666667,19.89,39.19333333,18.6,37.32666667,17.7,53.45,2.626666667,76.06666667,18.79,32.83111111,20.53888889,39.02944444,17.89,39.7,3.07,757.6666667,74.66666667,6,40,-1.07
590,10,19.5,40.73333333,18.26,38.05666667,19.92666667,38.56,18.7,37.36333333,17.7,53.29333333,2.76,75.59333333,18.79,32.56777778,20.52777778,38.915,17.89,39.4,3.25,757.85,73.5,6,40,-1.1
380,10,19.5,40.66,18.36,37.79,20.13333333,38.83333333,18.7,37.29,17.7,53.145,2.963333333,74.96666667,18.79,32.38055556,20.55555556,38.74722222,17.89,39.26,3.43,758.0333333,72.33333333,6,40,-1.13
280,10,19.5,40.96666667,18.6,37.8175,20.46,39.36,18.73,37.26,17.7,53.01833333,3.223333333,72.82666667,18.82888889,32.24888889,20.55555556,38.61055556,17.89,39.2,3.62,758.2166667,71.16666667,6,40,-1.17
240,10,19.5,40.82666667,18.76,37.96666667,20.72666667,39.56,18.79,37.2,17.7,52.845,3.463333333,69.86666667,18.89,32.07722222,20.58333333,38.42555556,17.89,39.26,3.8,758.4,70,6,40,-1.2
250,10,19.6,40.79,18.82333333,38.12666667,20.86,39.62666667,18.89,37.16333333,17.7,52.69666667,3.663333333,66.99333333,18.89,31.86444444,20.58333333,38.21444444,17.89,39.5,4,758.5333333,68.83333333,5.833333333,40,-1.25
210,10,19.6,40.79,18.96333333,38.2,21,39.7,18.96333333,37.09,17.7,52.565,3.86,66.16666667,18.90222222,31.66,20.6,38.06944444,17.89,39.43333333,4.2,758.6666667,67.66666667,5.666666667,40,-1.3
80,20,19.7,40.9,19.03333333,38.23,21.13333333,39.72333333,19.03333333,37.03,17.68888889,52.44888889,4.06,63.3,18.99388889,31.49833333,20.6,37.88055556,17.92666667,39.23,4.4,758.8,66.5,5.5,40,-1.35
70,10,19.76,40.82666667,19.1,38.23,21.2675,39.42,19.1,37.03,17.65,52.29777778,4.226666667,62.36333333,19.02777778,31.31777778,20.6,37.64277778,17.92666667,39.29,4.6,758.9333333,65.33333333,5.333333333,40,-1.4
50,10,19.79,40.49,19.1,38.2,21.23,38.89,19.1,37,17.66111111,52.17333333,4.366666667,61.56333333,19.11666667,31.19833333,20.63888889,37.49888889,17.89,39.2,4.8,759.0666667,64.16666667,5.166666667,40,-1.45
60,10,19.85666667,40.23,19.1,38.09,21.115,38.545,19.1,36.93333333,17.63333333,52.12666667,4.5,61,19.29,31,20.7,37.245,17.9175,39.245,5,759.2,63,5,40,-1.5
50,10,19.89,39.79666667,19.1,38.06,21,38.2,19.1,36.96666667,17.62222222,51.92055556,4.59,59.19333333,19.39166667,30.84722222,20.725,37.09555556,17.92666667,39.2,5,759.3,62.83333333,5.5,40,-1.53
50,10,19.96333333,39.53,19.1,38,21,38.09,19.16666667,36.9,17.60833333,51.7675,4.8,60.79,19.53333333,30.79,20.85666667,36.97777778,18,39.2,5,759.4,62.66666667,6,40,-1.57
50,20,20.1,39.43,19.18,37.98333333,20.89,37.9,19.2,36.79,17.60416667,51.58375,5.3,56.4,19.79,30.5,21.1,36.7,18,39,5,759.5,62.5,6.5,40,-1.6
530,10,20.16666667,39.15666667,19.26,37.96666667,20.865,37.8725,19.2,36.79,17.6,51.4,5.35,56.55,19.79,30.445,21.1,36.7,18,39,5,759.6,62.33333333,7,40,-1.63
370,10,20.26,39.06666667,19.2,37.845,20.79,37.79,19.2,36.79,17.6,51.2,5.4,56.2,19.79,30.39,21.1,36.59,18,39,5,759.7,62.16666667,7.5,40,-1.67
300,10,20.26,39.4,19.2,37.9,21.29,39.5,19.2,36.73,17.6,50.995,6,56.9,19.7,30.29,21.06666667,36.46666667,18,38.88166667,5,759.8,62,8,40,-1.7
290,10,20.29,39.33333333,19.29,38.09,21.34,39.545,19.2,36.79,17.6,50.79,5.95,56.525,19.79,30.2,21.1,36.43333333,18,38.86333333,5.08,759.9,61.66666667,7.833333333,40,-1.72
270,10,20.365,39.35,19.29,38.16333333,21.63333333,39.62666667,19.2,36.7,17.7,50.79,6.045,55.095,19.73,30.13333333,21.1,36.29,18,38.96333333,5.17,760,61.33333333,7.666666667,40,-1.73
240,10,20.39,39.46666667,19.29,38.29,21.76,39.7,19.2,36.7,17.6,50.66333333,5.9725,53.82,19.76,29.96333333,21.1,36.23,18,39.16333333,5.25,760.1,61,7.5,40,-1.75
220,20,20.42666667,39.53,19.29,38.29,21.88,39.495,19.1,36.7,17.6,50.565,5.948333333,54.51333333,19.825,29.92666667,21.15,36.115,18.05,39.93166667,5.33,760.2,60.66666667,7.333333333,40,-1.77
150,0,20.5,39.53,19.29,38.29,22,39.29,19.16666667,36.62666667,17.6,50.46666667,5.924166667,55.20666667,19.89,29.89,21.2,36,18.1,40.7,5.42,760.3,60.33333333,7.166666667,40,-1.78
60,0,20.53333333,39.52666667,19.35666667,38.36333333,22.03333333,39.26,19.2,36.56,17.6,50.4,5.9,55.9,19.96333333,29.82333333,21.2,35.86333333,18.1,40.72666667,5.5,760.4,60,7,40,-1.8
310,0,20.6,39.06666667,19.39,38.22333333,22.1,38.92666667,19.13333333,36.56,17.6,50.32666667,6,52.4,20.1,29.85666667,21.26,35.93,18.16666667,41.06,5.52,760.5166667,60.33333333,7,40,-1.7
340,0,20.7,38.99,19.39,38.0225,22,38.49,19.2,36.56,17.6,50.26,6.045,52.245,20.22666667,29.73,21.29,35.96666667,18.2,41.32666667,5.53,760.6333333,60.66666667,7,40,-1.6
100,0,20.7,38.65666667,19.39,38,21.92666667,38.15666667,19.2,36.5,17.6,50.2,6.0675,54.4725,20.29,29.5,21.29,35.8175,18.13333333,41.6,5.55,760.75,61,7,40,-1.5
60,0,20.7,38.46666667,19.39,37.9,21.76,37.76,19.1,36.33333333,17.6,50.06,6.09,56.7,20.29,29.42666667,21.29,35.7,18.16666667,41.93333333,5.57,760.8666667,61.33333333,7,40,-1.4
60,0,20.7,38.4,19.32333333,37.82666667,21.63333333,37.56666667,19.1,36,17.6,50,6.026666667,56.46333333,20.2,29.29,21.2,35.59,18.1,42.06,5.58,760.9833333,61.66666667,7,40,-1.3
70,0,20.7,38.26,19.29,37.76,21.56666667,37.29,19.1,35.9,17.6,49.86333333,5.76,55.39,20.2,29.29,21.2,35.53,18.2,42.2,5.6,761.1,62,7,40,-1.2
60,0,20.7,38.06666667,19.35666667,37.7,21.5,37.23,19.1,36.02666667,17.6,49.73,5.76,55.72666667,20.26333333,29.16666667,21.39,35.36333333,18.2,42.2,5.57,761.2333333,62,7,40,-1.23
60,0,20.73,37.79,19.39,37.59,21.445,37.145,19.1,36.16333333,17.6,49.59,5.95,54.545,20.39,29.03333333,21.39,35.23,18.2,42.245,5.53,761.3666667,62,7,40,-1.27
50,0,20.79,37.73,19.39,37.53,21.35666667,37.09,19.1,36.03,17.6,49.53,6.045,54.4575,20.39,28.945,21.5,35.2,18.2,42.2,5.5,761.5,62,7,40,-1.3
50,0,20.76,37.59,19.39,37.46666667,21.29,37.16333333,19.06666667,35.69333333,17.6,49.36333333,6.14,54.37,20.35666667,28.85666667,21.42666667,35.12666667,18.13333333,42.2,5.47,761.6333333,62,7,40,-1.33
40,0,20.7,37.59,19.32333333,37.4,21.26,37.09,19.06666667,35.5,17.6,49.23,5.9675,54.6025,20.29,28.79,21.32333333,35.09,18.16666667,42.16333333,5.43,761.7666667,62,7,40,-1.37
30,0,20.7,37.46666667,19.32333333,37.29,21.2,37.03,19,35.345,17.6,49.16333333,5.795,54.835,20.39,28.76,21.39,35.03,18.16666667,42.09,5.4,761.9,62,7,40,-1.4
30,0,20.7,37.32666667,19.39,37.23,21.1,37,19,35.29,17.6,49.03,5.6225,55.0675,20.46333333,28.7,21.42666667,34.93333333,18.2,42.09,5.33,762.05,62.33333333,6.666666667,40,-1.38
30,0,20.79,37.29,19.39,37.06,21.1,37,19,35.29,17.6,48.9,5.45,55.3,20.53333333,28.66666667,21.5,34.86,18.2,42.03,5.27,762.2,62.66666667,6.333333333,40,-1.37
50,0,20.79,37.29,19.39,36.93333333,21,36.86333333,19,35.16333333,17.6,48.79,5.4,55.53333333,20.66666667,28.53333333,21.53333333,34.76,18.2,42,5.2,762.35,63,6,40,-1.35
40,0,20.79,37.2,19.39,36.86333333,21,36.79,19,35.09,17.6,48.79,5.4,54.86,20.7,28.46333333,21.6,34.62666667,18.2,42,5.13,762.5,63.33333333,5.666666667,40,-1.33
50,0,20.79,37.2,19.46333333,36.79,21,36.9,19,35.06,17.6,48.66333333,5.333333333,54.4,20.76,28.32333333,21.7,34.59,18.2,42,5.07,762.65,63.66666667,5.333333333,40,-1.32
40,0,20.79,37.2,19.5,36.79,21,36.9,19,35,17.6,48.59,5.4,54.75666667,20.79,28.2,21.7,34.53,18.2,42,5,762.8,64,5,40,-1.3
40,0,20.76,37.2,19.5,36.73,21,36.93333333,18.96333333,34.9,17.6,48.5,5.4,54.09,20.79,28.13333333,21.7,34.5,18.2,41.96666667,4.77,762.95,65.33333333,4.833333333,40,-1.25
60,10,20.7,37.2,19.46333333,36.63333333,20.92666667,37,18.89,34.9,17.6,48.43333333,5.4,54.5,20.79,28.06666667,21.7,34.43333333,18.2,41.9,4.53,763.1,66.66666667,4.666666667,40,-1.2
80,0,20.7,37.22333333,19.315,36.5,20.89,37.06666667,18.89,35.15666667,17.6,48.36333333,5.25,56.67714286,20.73,28,21.6,34.43333333,18.2,41.9,4.3,763.25,68,4.5,40,-1.15
110,20,20.7,36.89,19.23,36.36,20.89,37.06666667,18.89,35.23,17.6,48.29,5.1,58.85428571,20.66666667,28.03333333,21.6,34.63333333,18.2,41.9,4.07,763.4,69.33333333,4.333333333,40,-1.1
110,30,20.6,36.7,19.2,36.46333333,20.79,36.9,18.89,35.53,17.56666667,48.2,4.526666667,60.29666667,20.6,28.16666667,21.7,35.06666667,18.2,41.79,3.83,763.55,70.66666667,4.166666667,40,-1.05
100,20,20.6,36.7,19.2,36.59,20.79,36.96666667,18.89,36.06333333,17.5,48.12666667,4.26,59.89,20.5,28.46,21.7675,35.295,18.2,41.73,3.6,763.7,72,4,40,-1
140,20,20.63333333,36.65666667,19.23,36.76666667,20.79,37,18.92666667,36.5,17.5,48,4.026666667,60.89333333,20.42666667,28.6,21.79,35.46666667,18.2,41.66333333,3.4,763.8666667,73.33333333,3.833333333,40,-0.95
310,20,20.7,36.79,19.35666667,36.96666667,20.79,37,19,36.5,17.5,47.93333333,3.766666667,62.16666667,20.39,28.73,21.89,35.76666667,18.13333333,41.66333333,3.2,764.0333333,74.66666667,3.666666667,40,-0.9
290,20,20.79,36.82666667,19.42666667,37.23,20.79,37,19,36.13333333,17.5,47.9,3.49,63.3,20.32333333,28.79,21.89,35.96666667,18.15,41.745,3,764.2,76,3.5,40,-0.85
250,10,20.85666667,37.02666667,19.56666667,37.43,20.79,37,19,36,17.56666667,47.9,3.29,63.89333333,20.29,28.79,21.89,36.12666667,18.1,41.93333333,2.8,764.3666667,77.33333333,3.333333333,40,-0.8
310,40,20.92666667,39.92666667,19.6,37.7,20.79,37.06,18.89,36.09666667,17.5,47.9,3.026666667,64.79,20.1975,28.79,21.89,36.2,18.1,42,2.6,764.5333333,78.66666667,3.166666667,40,-0.75
110,10,21,44.86666667,19.6,37.9,20.76,37.26666667,18.89,36.82333333,17.5,47.96666667,2.795,65.895,20.1,28.85666667,21.96333333,36.06,18.1,41.93,2.4,764.7,80,3,40,-0.7
110,20,21.1,44.6,19.7,38.36,20.76,37.6,19.05,39.2,17.5,48.15666667,2.626666667,66.92333333,20.06666667,28.89,21.89,36,18.1,41.79,2.18,764.8166667,80.83333333,3,40,-0.783
370,0,21.16666667,42.33333333,19.7,38.5,20.79,37.93333333,19.2,40.32666667,17.5,48.36333333,2.56,67.53333333,20,28.89,21.92666667,36.63333333,18.1,41.63333333,1.97,764.9333333,81.66666667,3,40,-0.867
140,30,21.29,40.79333333,19.79,38.53,20.85666667,38.06,19.26,40.4,17.5,48.5,2.433333333,67.86666667,19.96333333,29,22,37.23333333,18.1,41.36,1.75,765.05,82.5,3,40,-0.95
440,30,21.29,40,19.85666667,38.59,20.89,38.2,19.39333333,40.36333333,17.55,52.295,2.26,68.19333333,19.89,29,22,37.65666667,18.16666667,40.69666667,1.53,765.1666667,83.33333333,3,40,-1.03
150,30,21.34,39.245,19.89,38.46666667,20.89,38.12666667,19.79333333,40.09666667,18.09333333,67.76666667,2.26,68.66666667,19.79,29.03333333,22.06666667,37.93,18.16666667,40.23,1.32,765.2833333,84.16666667,3,40,-1.12
260,20,21.39,38.93333333,19.96333333,38.52666667,21,38,20.42666667,39.6,18.36,58.02666667,2.26,68.83333333,19.79,29.1,22.1,38.23,18.2,39.93,1.1,765.4,85,3,40,-1.2
290,30,21.39,39.06,20,38.96333333,21,38,20.96666667,39.19333333,18.56666667,53.1,2.2,69.16666667,19.76,29.13333333,22.1,38.43,18.13333333,39.73,1,765.55,85.5,2.833333333,40,-1.22
110,20,21.5,39.12666667,20,39.36333333,21,38.03,21.49333333,38.6,18.73,50.15666667,2.06,70.06666667,19.7,29.2,22.06666667,38.16,18.1,39.56,0.9,765.7,86,2.666666667,40,-1.23
100,30,21.5,39.2,20.03333333,39.65666667,21,38.09,21.82666667,37.99333333,18.85666667,48.69666667,1.933333333,70.59333333,19.6,29.2,22,37.63333333,18.1,39.43333333,0.8,765.85,86.5,2.5,40,-1.25
100,30,21.56666667,39.12666667,20.1,39.845,21.03333333,38.15666667,21.79,37.26,18.92666667,47.55666667,1.76,71.36666667,19.6,29.2,22,37.1,18.1,39.26,0.7,766,87,2.333333333,40,-1.27
90,20,21.56666667,39.12666667,20.1,39.73,21.1,38.29,21.66333333,37.12666667,19,46.75666667,1.566666667,71.89333333,19.56666667,29.29,21.92666667,36.69333333,18.1,39.2,0.6,766.15,87.5,2.166666667,40,-1.28
360,30,21.6,38.9,20.1,39.66333333,21,38.2,21.46333333,37.06,19.03333333,46.02666667,1.356666667,73.06333333,19.5,29.29,21.89,36.5,18.1,39.09,0.5,766.3,88,2,40,-1.3
270,30,21.6,38.9,20.1,39.53,21,38.2,21.32333333,36.93333333,19.1,45.56666667,1.29,74.06333333,19.5,29.39,21.89,36.345,18.1,39.03,0.4,766.4166667,88.33333333,1.833333333,40,-1.33
70,30,21.6,38.76,20.1,39.36333333,20.89,38.23,21.29,37.03,19.13333333,45.02666667,1.1,74.06333333,19.42666667,29.32333333,21.945,36.545,18.1,38.79,0.3,766.5333333,88.66666667,1.666666667,40,-1.37
90,20,21.6,38.62666667,20.1,39.36333333,20.89,38.29,21.23,37.03,19.26,44.76666667,0.9,74.86333333,19.39,29.39,22,36.62666667,18.025,38.6175,0.2,766.65,89,1.5,40,-1.4
100,30,21.7,38.5,20.1,39.2,20.89,38.4,21.1,36.83333333,19.23,44.43,0.55,74.845,19.39,29.39,22,36.7,18,38.5,0.1,766.7666667,89.33333333,1.333333333,40,-1.43
100,30,21.7,38.43333333,20.1,39.12666667,20.89,38.43333333,21.03333333,36.62666667,19.29,44.15666667,-0.066666667,75.06666667,19.35666667,29.39,22,36.79,18.06666667,38.56,0,766.8833333,89.66666667,1.166666667,40,-1.47
90,30,21.73,38.36333333,20.1,39.06,20.96333333,38.5,20.96333333,36.7,19.39,43.72333333,-0.266666667,76.33333333,19.29,29.4175,21.92666667,36.79,18,38.36,-0.1,767,90,1,40,-1.5
70,30,21.73,38.29,20.1,38.93333333,20.96333333,38.4,20.89,36.76,19.39,43.46333333,-0.233333333,77.39333333,19.29,29.5,21.92666667,36.9,18,38.26,-0.183,767.1333333,90.16666667,1.166666667,40,-1.57
70,30,21.7,38.29,20.06666667,38.72333333,20.89,38.4,20.89,37.395,19.39,43.2,-0.5,76.79333333,19.29,29.66666667,21.92666667,36.96666667,18,38.06666667,-0.267,767.2666667,90.33333333,1.333333333,40,-1.63
80,20,21.7,38.43,20,38.72333333,20.89,38.53,20.89,37.73,19.39,43.12666667,-0.866666667,76.79333333,19.29,30.06666667,21.92666667,37.3,18,38.19333333,-0.35,767.4,90.5,1.5,40,-1.7
50,30,21.7,38.62666667,19.96333333,38.93333333,20.89,38.59,20.89,37.86333333,19.39,43.09,-1.066666667,77.39333333,19.29,30.32333333,22,37.69333333,18,38.46666667,-0.433,767.5333333,90.66666667,1.666666667,40,-1.77
60,30,21.63333333,38.62666667,19.89,39.06,20.89,38.65666667,20.89,38,19.39,43.09,-1.1,78.13333333,19.29,30.53,21.96333333,38.22666667,18,38.5,-0.517,767.6666667,90.83333333,1.833333333,40,-1.83
50,30,21.66666667,38.79,19.79,39.23,20.89,38.86333333,20.82333333,38,19.39,43.03,-1.1,78.99333333,19.29,30.76333333,21.89,38.69333333,18,38.5,-0.6,767.8,91,2,40,-1.9
50,30,21.6,38.8175,19.73,39.36333333,20.92666667,39.06666667,20.85666667,38.16333333,19.32333333,43,-1.23,78.59,19.29,31.03,21.89,39.19333333,18,38.62666667,-0.6,767.9333333,91.16666667,2,38.16666667,-1.88
50,30,21.53333333,38.96666667,19.66666667,39.5,21,39.2,20.79,38.16333333,19.32333333,43,-1.43,78.92333333,19.26,31.2,21.89,39.46666667,18,38.76,-0.6,768.0666667,91.33333333,2,36.33333333,-1.87
40,30,21.5,39,19.6,39.56,21,39.23,20.79,38.32666667,19.29,43,-1.463333333,79.56,19.26,31.32666667,21.82333333,39.65666667,18,38.82666667,-0.6,768.2,91.5,2,34.5,-1.85
60,30,21.5,39,19.56666667,39.73,21,39.36333333,20.93,38.52666667,19.29,43,-1.196666667,81.29333333,19.26,31.5,21.89,39.86333333,18,38.9,-0.6,768.3333333,91.66666667,2,32.66666667,-1.83
60,30,21.46333333,39,19.42666667,39.79,21,39.32666667,21.42666667,38.66333333,19.26,42.96666667,-1.263333333,80.42333333,19.2,31.5,21.79,40.06666667,18,39.03,-0.6,768.4666667,91.83333333,2,30.83333333,-1.82
60,30,21.39,39,19.39,39.845,21,39.46666667,21.96666667,38.59,19.2,42.9,-1.53,79.82333333,19.2,31.63333333,21.79,40.245,18,39.09,-0.6,768.6,92,2,29,-1.8
60,20,21.39,39.09,19.35666667,40.03,21,39.53,22.26,38.16,19.26,43,-1.73,80.06333333,19.2,31.76,21.76,40.4,18,39.2,-0.6,768.6666667,91.33333333,1.833333333,28.5,-1.9
60,30,21.39,39.09,19.23,40.03,21,39.53,22.13333333,37.82666667,19.2,43,-1.79,81.1175,19.2,31.82333333,21.7,40.46666667,18,39.26,-0.6,768.7333333,90.66666667,1.666666667,28,-2
60,30,21.29,39.09,19.2,40.12666667,21,39.59,22.06666667,37.76,19.2,43,-1.79,82.02666667,19.2,31.89,21.66666667,40.5,18,39.43333333,-0.6,768.8,90,1.5,27.5,-2.1
60,30,21.29,39.09,19.13333333,40.2,21,39.59,21.92666667,37.76,19.2,42.93333333,-1.79,81.89666667,19.16666667,32,21.6,40.5,18,39.5675,-0.6,768.8666667,89.33333333,1.333333333,27,-2.2
50,10,21.29,39.09,19.06666667,40.29,21,39.7,21.85666667,37.93333333,19.1,43,-1.79,81.69,19.1,32.06,21.55,40.745,18,39.66333333,-0.6,768.9333333,88.66666667,1.166666667,26.5,-2.3
50,10,21.23,39.09,19,40.29,21,39.76,21.73,37.93333333,19.1,43,-1.826666667,81.7,19.1,32.09,21.5,41.19333333,17.92666667,39.7,-0.6,769,88,1,26,-2.4
30,0,21.2,39.09,19,40.16333333,21.06666667,39.76,21.56666667,37.7,18.96333333,43.45666667,-1.826666667,81.56,19.1,32.1725,21.5,41.6,18,39.76,-0.767,769.1,89.16666667,1,25.5,-2.38
30,10,21.13333333,39.03,18.92666667,40.03,21.06666667,39.79,21.42666667,37.7,18.89,44.12333333,-1.963333333,80.86333333,19.1,32.2,21.5,41.96333333,18,39.9,-0.933,769.2,90.33333333,1,25,-2.37
30,10,21.1,38.9,18.85666667,39.93,21,39.73,21.34,37.9,18.79,44.75666667,-2.163333333,80.79666667,19.1,32.29,21.5,42.09,18,39.96666667,-1.1,769.3,91.5,1,24.5,-2.35
20,0,21.1,38.82666667,18.79,39.73,21,39.82666667,21.16666667,37.9,18.79,45.29666667,-2.26,81.53333333,19.1,32.36333333,21.39,42.03,18,40.03,-1.27,769.4,92.66666667,1,24,-2.33
60,10,21.06666667,38.76,18.79,39.79,21,39.9,21.03333333,37.9,18.7,45.76666667,-2.2,81.93333333,19.06666667,32.26,21.39,42.22333333,18,40.16333333,-1.43,769.5,93.83333333,1,23.5,-2.32
50,10,21,38.62666667,18.73,39.73,20.96333333,39.93333333,20.85666667,37.9,18.7,46.175,-1.9,83.13333333,19,32.26,21.39,42.53,18,40.2,-1.6,769.6,95,1,23,-2.3
50,0,21,38.59,18.66666667,39.79,20.96333333,40,20.79,37.9,18.63333333,46.46666667,-1.966666667,82.66,19,32.4,21.32333333,42.59,18,40.26,-1.57,769.65,95.16666667,1,22.5,-2.23
40,10,20.92666667,38.53,18.6,39.79,21,40,20.7,37.93333333,18.6,46.62666667,-2.03,82.56,19,32.4,21.35666667,42.76666667,18,40.32666667,-1.53,769.7,95.33333333,1,22,-2.17
40,10,20.89,38.5,18.6,39.82666667,21,40,20.63333333,37.93333333,18.6,46.83333333,-2.09,82.36666667,19,32.4,21.29,42.9,18,40.4,-1.5,769.75,95.5,1,21.5,-2.1
50,0,20.85666667,38.36333333,18.6,39.9,21,40.03,20.5,37.9,18.56666667,47.03,-2.2,82.33,19,32.46666667,21.29,42.93333333,18,40.5,-1.47,769.8,95.66666667,1,21,-2.03
50,10,20.79,38.29,18.5,39.9,21,40.09,20.42666667,37.9,18.5,47.16333333,-2.2,82.12333333,18.96333333,32.5,21.29,42.93333333,18,40.5,-1.43,769.85,95.83333333,1,20.5,-1.97
40,10,20.79,38.29,18.5,39.82666667,21,40.12666667,20.35666667,37.9,18.5,47.32666667,-2.29,81.85,18.96333333,32.5,21.26,42.93,17.96333333,40.59,-1.4,769.9,96,1,20,-1.9
60,0,20.73,38.29,18.39,39.79,21,40.2,20.29,37.96666667,18.42666667,47.4,-2.326666667,82.16666667,18.96333333,32.5,21.2,42.73,17.96333333,40.66333333,-1.6,769.9,95,1,27.5,-2.25
40,10,20.7,38.2,18.39,39.79,21,40.2,20.2,37.9,18.39,47.5,-2.4,81.76,18.89,32.5,21.2,42.7,18,40.7,-1.8,769.9,94,1,35,-2.6
40,0,20.7,38.2,18.32333333,39.79,21,40.2,20.2,37.9,18.39,47.56,-2.59,81.36666667,18.89,32.53,21.13333333,42.62666667,18,40.76,-2,769.9,93,1,42.5,-2.95
20,10,20.6,38.09,18.29,39.79,21,40.23,20.1,37.9,18.29,47.7,-2.663333333,81.1,18.89,32.59,21.1,42.5,18,40.9,-2.2,769.9,92,1,50,-3.3
20,10,20.6,38.09,18.29,39.79,21,40.29,20.03333333,37.82666667,18.29,47.76,-2.826666667,80.83,18.89,32.59,21.1,42.5,18,40.925,-2.4,769.9,91,1,57.5,-3.65
40,0,20.6,38.09,18.26,39.76,20.945,40.2,20,37.82666667,18.29,47.82666667,-2.9,81.16333333,18.89,32.59,21.1,42.5,18,41,-2.6,769.9,90,1,65,-4
50,10,20.53333333,38.09,18.2,39.7,20.89,40.23,19.92666667,37.9,18.29,47.9,-2.933333333,80.99333333,18.89,32.59,21.1,42.45,18,41.03,-2.65,769.9333333,90.83333333,1,62.5,-3.93
40,0,20.5,38.09,18.2,39.7,20.89,40.29,19.85666667,37.86333333,18.2,47.9,-3.06,81.06,18.84,32.59,21.1,42.43333333,18,41.09,-2.7,769.9666667,91.66666667,1,60,-3.87
60,10,20.5,38.09,18.13333333,39.7,20.89,40.29,19.79,37.79,18.2,47.96666667,-2.933333333,81.63333333,18.82333333,32.59,21.1,42.5,18,41.09,-2.75,770,92.5,1,57.5,-3.8
60,10,20.5,38.09,18.1,39.7,20.89,40.29,19.79,37.745,18.2,48,-3.133333333,80.82666667,18.79,32.59,21.1,42.5,18,41.16333333,-2.8,770.0333333,93.33333333,1,55,-3.73
50,0,20.42666667,38.03,18.1,39.76,20.89,40.29,19.7,37.7,18.2,48.06,-3.29,80.69,18.79,32.59,21.06666667,42.46666667,17.92666667,41.2,-2.85,770.0666667,94.16666667,1,52.5,-3.67
40,10,20.39,38,18.06666667,39.76,20.89,40.29,19.7,37.7,18.2,48.09,-3.363333333,80.69,18.79,32.59,21,42.4,17.92666667,41.26,-2.9,770.1,95,1,50,-3.6
50,0,20.39,38,18,39.76,20.89,40.29,19.6,37.59,18.2,48.16333333,-3.5,80.9,18.79,32.59,21,42.36333333,17.96333333,41.29,-2.88,770.1833333,95.16666667,0.833333333,49.33333333,-3.55
40,10,20.29,38,17.96333333,39.79,20.89,40.29,19.6,37.59,18.15,48.2,-3.36,81.42666667,18.76,32.66333333,21,42.29,17.96333333,41.29,-2.87,770.2666667,95.33333333,0.666666667,48.66666667,-3.5
40,10,20.29,38,17.89,39.79,20.89,40.32666667,19.56666667,37.59,18.16666667,48.23,-3.5,80.995,18.7,32.59,20.92666667,42.29,17.92666667,41.32666667,-2.85,770.35,95.5,0.5,48,-3.45
30,0,20.29,38,17.89,39.82666667,20.89,40.4,19.5,37.59,18.1,48.29,-3.53,81.12666667,18.7,32.7,20.92666667,42.29,17.92666667,41.4,-2.83,770.4333333,95.66666667,0.333333333,47.33333333,-3.4
20,10,20.2,37.9,17.82333333,39.82666667,20.89,40.4,19.5,37.59,18.1,48.29,-3.463333333,81.86666667,18.7,32.7,20.89,42.29,17.89,41.4,-2.82,770.5166667,95.83333333,0.166666667,46.66666667,-3.35
40,0,20.2,37.9,17.79,39.9,20.89,40.32666667,19.42666667,37.59,18.1,48.36333333,-3.326666667,82.49,18.7,32.7,20.89,42.29,17.89,41.4,-2.8,770.6,96,0,46,-3.3
40,10,20.16666667,37.9,17.79,39.82666667,20.79,40.29,19.39,37.59,18.1,48.4,-3.526666667,81.42333333,18.7,32.7,20.89,42.2,17.89,41.4,-2.87,770.6666667,95.66666667,0.166666667,46,-3.42
50,10,20.1,37.9,17.79,39.845,20.79,40.29,19.39,37.59,18.03333333,48.32666667,-3.766666667,80.86333333,18.7,32.7,20.89,42.2,17.89,41.46666667,-2.93,770.7333333,95.33333333,0.333333333,46,-3.53
50,0,20.1,37.9,17.7,39.9,20.79,40.29,19.35666667,37.59,18.06666667,48.36333333,-3.9,80.73,18.7,32.7,20.89,42.12666667,17.89,41.5,-3,770.8,95,0.5,46,-3.65
40,10,20.1,37.9,17.7,39.9,20.79,40.29,19.29,37.59,18,48.29,-3.7,81.93,18.6,32.59,20.82333333,42.12666667,17.89,41.5,-3.07,770.8666667,94.66666667,0.666666667,46,-3.77
40,0,20,37.79,17.66666667,39.96666667,20.79,40.32666667,19.29,37.59,18,48.32666667,-3.833333333,81.39666667,18.6,32.59,20.85666667,42.16333333,17.89,41.53,-3.13,770.9333333,94.33333333,0.833333333,46,-3.88
50,20,20,37.79,17.6,39.9,20.79,40.4,19.29,37.59,18,48.4,-4.09,80.49666667,18.63333333,32.7,20.79,42.09,17.89,41.645,-3.2,771,94,1,46,-4
50,10,19.96333333,37.79,17.66666667,40,20.79,40.4,19.2,37.4,17.96333333,48.4,-4.156666667,80.43,18.63333333,32.62666667,20.79,42.15666667,17.96333333,41.59,-3.25,771.1,93.66666667,1,43.5,-4.1
60,40,19.96333333,37.79,17.6,40,20.76,40.26,19.2,37.4,17.96333333,48.4,-4.06,80.89666667,18.6,32.7,20.79,42.29,17.96333333,41.7,-3.3,771.2,93.33333333,1,41,-4.2
60,20,19.92666667,37.82666667,17.56666667,40.12666667,20.7,40.12666667,19.2,37.46333333,17.89,48.43333333,-3.86,81.63,18.6,32.7,20.7,42.245,17.89,41.7,-3.35,771.3,93,1,38.5,-4.3
40,0,19.92666667,37.9,17.5,40.26,20.7,39.96666667,19.2,37.66333333,17.89,48.5,-3.826666667,82.02333333,18.6,32.62666667,20.7,42.06,17.89,41.56,-3.4,771.4,92.66666667,1,36,-4.4
40,0,19.89,37.86333333,17.5,40.22333333,20.63333333,39.56666667,19.2,37.54,17.89,48.09666667,-4.026666667,81.16333333,18.56666667,32.12333333,20.7,41.86,17.89,41.5,-3.45,771.5,92.33333333,1,33.5,-4.5
40,0,19.82333333,37.79,17.5,39.89,20.56666667,38.93,19.2,36.9,17.96333333,46.69666667,-4.3,80.695,18.5,31.66333333,20.6,41.19333333,17.89,41.26,-3.5,771.6,92,1,31,-4.6
50,0,19.79,37.76,17.46333333,39.52666667,20.5,38.73,19.13333333,36.5,18,45.49666667,-4.3,80.89333333,18.46333333,31.19333333,20.6,40.8,17.82333333,40.92666667,-3.17,771.7,92,1,36,-4.27
60,0,19.79,37.7,17.46333333,39.4,20.39,38.46666667,19.1,36.16333333,18.06666667,44.83,-4.16,81.76666667,18.39,30.86,20.5,40.29666667,17.85666667,40.46,-2.83,771.8,92,1,41,-3.93
520,0,19.79,37.66333333,17.5,39.26,20.39,38.4,19.1,36.03,18.1,44.095,-3.863333333,82.5,18.39,30.56666667,20.5,39.96333333,17.79,40,-2.5,771.9,92,1,46,-3.6
690,0,19.79,37.79666667,17.5,39.12666667,20.29,38.39,19,35.66333333,18.1,43.52666667,-3.79,82.29333333,18.32333333,30.36,20.46333333,39.6,17.79,39.63333333,-2.17,772,92,1,51,-3.27
420,0,19.7,38,17.5,39.15666667,20.43,38.86333333,18.92666667,35.53,18.1,43.19333333,-3.76,82.26,18.29,30.22666667,20.39,39.32666667,17.79,39.3,-1.83,772.1,92,1,56,-2.93
310,0,19.7,37.96666667,17.5,39.43,20.86,39.32666667,18.89,35.4,18.1,43.09,-3.626666667,82.59333333,18.29,30.1,20.39,39.06,17.79,38.83333333,-1.5,772.2,92,1,61,-2.6
270,0,19.7,37.96666667,17.5,39.59,21.13333333,39.4,18.89,35.32666667,18.1,43.03,-3.466666667,82.56,18.29,30,20.32333333,38.93333333,17.79,38.5,-1.27,772.2,93,1,61,-2.23
230,0,19.7,38,17.525,39.6725,21.36,39.33333333,18.89,35.16333333,18.16666667,43,-3.326666667,82.62666667,18.29,29.92666667,20.26,38.66333333,17.79,38.5,-1.03,772.2,94,1,61,-1.87
230,0,19.7,38,17.6,39.7,21.56666667,39.12666667,18.89,35.03,18.16666667,42.93333333,-3.026666667,83.25666667,18.29,29.79,20.2,38.53,17.79,38.5,-0.8,772.2,95,1,61,-1.5
150,0,19.7,38.09,17.63333333,39.73,21.73,38.83333333,18.92666667,35.26666667,18.2,42.86333333,-2.693333333,83.79666667,18.23,29.73,20.2,38.36333333,17.79,38.26,-0.567,772.2,96,1,61,-1.13
70,10,19.7,38.09,17.76,39.79,21.79,38.5,19.06666667,35.52666667,18.2,42.73,-2.123333333,84.82333333,18.29,29.79,20.2,38.245,17.73,38.12666667,-0.333,772.2,97,1,61,-0.767
100,0,19.79,38.23,17.86,39.7,21.85666667,38.1,19.13333333,35.59,18.2,42.56,-1.523333333,85.36333333,18.29,29.79,20.2,38.09,17.79,37.83333333,-0.1,772.2,98,1,61,-0.4
390,0,19.79,38.29,18.06666667,39.7,21.66333333,37.76666667,19.2,35.66333333,18.2,42.43333333,-1,85.72666667,18.29,29.89,20.2,38.03,17.79,37.595,0.2,772.2166667,96.5,1.166666667,61.5,-0.333
270,10,19.79,39.2,18.23,39.4,21.55,37.94,19.23,35.73,18.2,42.29,-0.6,86.06,18.29,29.89,20.13333333,37.96666667,17.79,37.43333333,0.5,772.2333333,95,1.333333333,62,-0.267
280,0,19.79,39.12666667,18.35666667,39.12666667,21.63333333,38.46333333,19.29,35.79,18.2,42.29,-0.233333333,86.36666667,18.29,29.89,20.13333333,37.9,17.79,37.36333333,0.8,772.25,93.5,1.5,62.5,-0.2
260,0,19.89,39.46333333,18.56666667,39.09,21.76,38.53,19.39,35.7,18.23,42.29,0.075,86.5925,18.29,29.815,20.2,37.745,17.79,37.23,1.1,772.2666667,92,1.666666667,63,-0.133
240,10,19.89,39.66333333,18.7,39.03,21.92666667,38.46666667,19.39,35.7,18.23,42.29,0.333333333,86.83,18.29,29.79,20.2,37.76,17.82333333,37.26666667,1.4,772.2833333,90.5,1.833333333,63.5,-0.0667
260,0,20,39.43333333,18.79,38.63333333,22.06666667,38.32666667,19.5,35.79,18.29,42.36333333,0.566666667,87.22666667,18.39,29.7,20.2,37.62666667,17.89,37.4,1.7,772.3,89,2,64,0
190,0,20.06666667,39.5,18.85666667,38.56,22.23,37.96666667,19.6,35.79,18.29,42.29,0.833333333,87.3,18.39,29.7,20.2,37.43,17.89,37.59,1.9,772.2833333,85.33333333,2.333333333,60,-0.45
120,0,20.03333333,39.53,19,38.5,22.29,37.69333333,19.6,35.79,18.29,42.2,1.133333333,87.2,18.42666667,29.7,20.2,37.23,17.89,37.59,2.1,772.2666667,81.66666667,2.666666667,56,-0.9
70,0,20.16666667,39.46333333,19.06666667,38.5,22.29,37.4,19.7,35.79,18.29,42.2,1.326666667,87.06,18.5,29.7,20.2,37.06,17.89,37.53,2.3,772.25,78,3,52,-1.35
50,0,20.23,39.16333333,19.13333333,38.36333333,22.23,36.92666667,19.76,35.79,18.34,42.1,1.566666667,86.93333333,18.53333333,29.56666667,20.2,36.93333333,17.89,37.66333333,2.5,772.2333333,74.33333333,3.333333333,48,-1.8
70,0,20.29,39.03,19.13333333,37.76333333,22.03,36.6,19.76,35.7,18.39,41.83333333,1.7,86.46666667,18.6,29.42666667,20.23,36.76,17.92666667,37.7,2.7,772.2166667,70.66666667,3.666666667,44,-2.25
40,0,20.29,37.69666667,18.85666667,35.43,21.82333333,35.86,19.76,35.7,18.32333333,41.29333333,1.86,85.23333333,18.73,29.39,20.29,36.62666667,17.92666667,37.7,2.9,772.2,67,4,40,-2.7
40,0,20.315,36.8975,18.85666667,35.56333333,21.66666667,35.16333333,19.79,35.7,18.32333333,40.36333333,2.06,83.96666667,18.93,29.32333333,20.32333333,36.43,18,37.79,3.03,772.1166667,66.66666667,4,40,-2.65
40,0,20.39,36.62666667,19,35.96333333,21.53333333,35.09,19.85666667,35.76,18.39,39.96333333,2.23,80.36,19.06666667,29.16666667,20.46333333,36.23,18,37.79,3.17,772.0333333,66.33333333,4,40,-2.6
60,0,20.53333333,36.46666667,19.06666667,36.22333333,21.39,35.12666667,19.92666667,35.7,18.39,39.79,2.363333333,77.5,19.26,29.03333333,20.63333333,35.96666667,18,38.22666667,3.3,771.95,66,4,40,-2.55
80,0,20.6,36.26666667,19.15,36.4,21.32333333,35.26,20,35.62666667,18.39,39.73,2.626666667,74.56333333,19.46,28.79,20.76,35.82666667,18,38.89333333,3.43,771.8666667,65.66666667,4,40,-2.5
170,0,20.73,36.29,19.23,36.46333333,21.29,35.23,20,35.59,18.42666667,39.7,2.833333333,72.16333333,19.66666667,28.79,20.96,35.66333333,18,39.63333333,3.57,771.7833333,65.33333333,4,40,-2.45
70,0,20.85666667,36.29,19.29,36.53,21.29,35.43,20,35.53,18.5,39.76,3.03,70.43,19.82333333,28.6,21.1,35.46333333,18,40.02666667,3.7,771.7,65,4,40,-2.4
60,0,20.92666667,36.33,19.32333333,36.59,21.39,35.56666667,20,35.5,18.53333333,39.82666667,3.09,68.83,19.96333333,28.53333333,21.32333333,35.26,18,40.3,3.82,771.6833333,64,3.833333333,40,-2.52
70,0,21.06666667,36.53,19.39,36.59,21.39,35.7,20,35.5,18.6,39.9,3.345,66.85,20.1,28.46333333,21.46333333,35.12666667,18.03333333,40.53,3.93,771.6666667,63,3.666666667,40,-2.63
60,0,21.1,36.4,19.42666667,36.62666667,21.29,35.845,20,35.5,18.63333333,39.9,3.53,63.86333333,20.1,28.39,21.63333333,34.96666667,18.1,40.59,4.05,771.65,62,3.5,40,-2.75
70,0,21.16666667,36.32666667,19.5,36.7,21.29,35.9,19.92666667,35.5,18.7,39.9,3.59,60.45666667,20.2,28.26,21.7,34.76666667,18.1,40.56,4.17,771.6333333,61,3.333333333,40,-2.87
80,0,21.2,36.26,19.5,36.59,21.29,35.9,19.96333333,35.4,18.7,39.86333333,3.826666667,59.5,20.2225,28.175,21.79,34.46666667,18.16666667,40.5,4.28,771.6166667,60,3.166666667,40,-2.98
70,0,21.2,36.26,19.5,36.59,21.29,36.03,19.9175,35.4,18.7,39.79,3.9,58.42666667,20.35666667,28.03333333,21.79,34.295,18.2,40.36333333,4.4,771.6,59,3,40,-3.1
70,0,21.29,36.26,19.56666667,36.59,21.29,36.09,19.92666667,35.32666667,18.73,39.79,3.933333333,57.03,20.53333333,27.93,21.79,34.12666667,18.2,40.29,4.42,771.5,58.33333333,3,40,-3.22
70,0,21.29,36.2,19.56666667,36.66333333,21.29,36,20,35.29,18.79,39.73,4.06,55.15666667,20.66666667,27.73,21.79,33.93,18.2,40.2,4.43,771.4,57.66666667,3,40,-3.33
30,0,21.39,36.06,19.6,36.73,21.29,36,20,35.23,18.79,39.7,4.123333333,53.83333333,20.82333333,27.56666667,21.85666667,33.79,18.2,40.12666667,4.45,771.3,57,3,40,-3.45
30,0,21.46333333,36,19.6,36.79,21.26,35.86333333,20,35.16333333,18.79,39.62666667,4.19,51.36666667,20.96333333,27.42666667,21.92666667,33.56,18.2,40.06,4.47,771.2,56.33333333,3,40,-3.57
30,0,21.53333333,35.86333333,19.63333333,36.73,21.26,35.79,20,35.03,18.84,39.645,4.3,51.13,21.13333333,27.16666667,22.06666667,33.43333333,18.26,40.06,4.48,771.1,55.66666667,3,40,-3.68
110,0,21.6,35.73,19.7,36.79,21.2,35.7,20.03333333,35,18.92666667,39.59,4.3,51.05666667,21.26,27.03333333,22.13333333,33.16333333,18.29,40.09,4.5,771,55,3,40,-3.8
50,0,21.7,36.09666667,19.7,36.7,21.2,35.7,20.1,34.93333333,19,39.59,4.4,49.93333333,21.42666667,26.82666667,22.26,33.09,18.29,40.09,4.53,770.9666667,54.33333333,2.833333333,40,-3.93
60,0,21.7,35.7725,19.7,36.23333333,21.26,35.83333333,20.03333333,34.82666667,19,39.09333333,4.466666667,49.99333333,21.5,26.63333333,22.42666667,32.96666667,18.29,40.2,4.57,770.9333333,53.66666667,2.666666667,40,-4.07
50,0,21.76,34.86,19.7,35.52666667,21.2,35.5,20.1,34.82666667,19,38.56666667,4.5,47.23333333,21.63333333,26.39,22.56666667,32.82666667,18.29,40.2,4.6,770.9,53,2.5,40,-4.2
50,0,21.79,34.73,19.76,35.4,21.23,35.2,20.1,34.76,19.03333333,38.4,4.5,46.7,21.76,26.26333333,22.6,32.66333333,18.29,40.2,4.63,770.8666667,52.33333333,2.333333333,40,-4.33
50,0,21.79,34.73,19.84,35.45,21.29,35.2,20.1,34.62666667,19.1,38.4,4.59,44.96666667,21.89,26.03,22.66666667,32.53,18.29,40.2,4.67,770.8333333,51.66666667,2.166666667,40,-4.47
40,0,21.79,34.79,19.92666667,35.5,21.29,35.16333333,20.1,34.5,19.13333333,38.4,4.53,42.96666667,21.96333333,25.76333333,22.7,32.36333333,18.29,40.09,4.7,770.8,51,2,40,-4.6
50,0,21.79,34.73,20,35.43333333,21.29,35.09,20.1,34.43333333,19.2,38.4,4.5,43.145,22,25.63333333,22.76,32.23,18.29,40.09,4.6,770.7166667,51.5,2.166666667,40,-4.58
50,10,21.79,34.76,20,35.29,21.2,35.09,20.06666667,34.33333333,19.2,38.4,4.4,44.46666667,22,25.36,22.76,32.06,18.34,40,4.5,770.6333333,52,2.333333333,40,-4.57
50,0,21.79,34.7,20,35.29,21.2,35.09,20,34.12666667,19.26,38.4,4.26,44.72666667,22,25.26,22.76,31.92666667,18.39,40,4.4,770.55,52.5,2.5,40,-4.55
60,0,21.79,34.66333333,20,35.16333333,21.2,35.045,20,33.96666667,19.2,38.26,4.06,45.26666667,22,25.13333333,22.79,31.66666667,18.39,39.93333333,4.3,770.4666667,53,2.666666667,40,-4.53
40,0,21.79,34.53,20,35.03,21.2,35,20,33.69333333,19.26,38.2,4,44.66666667,22,24.96333333,22.79,31.53333333,18.39,39.9,4.2,770.3833333,53.5,2.833333333,40,-4.52
50,0,21.79,34.29,20,34.86333333,21.2,35,19.96333333,33.46666667,19.2,37.9,3.9,44.95666667,22,24.82333333,22.79,31.39,18.39,39.9,4.1,770.3,54,3,40,-4.5
50,0,21.79,34.29,20,34.79,21.2,34.9,19.89,33.4,19.2,37.9,3.9,45.29,22,24.79,22.79,31.39,18.39,39.79,3.75,770.2666667,55.83333333,3,40,-4.4
50,0,21.76,34.30833333,19.895,34.745,21.15,34.83,19.84,33.2,19.2,37.845,3.546666667,46.45666667,21.96333333,24.695,22.745,31.31,18.39,39.79,3.4,770.2333333,57.66666667,3,40,-4.3
60,0,21.73,34.32666667,19.79,34.7,21.1,34.76,19.79,33,19.2,37.79,3.193333333,47.62333333,21.92666667,24.6,22.7,31.23,18.39,39.79,3.05,770.2,59.5,3,40,-4.2
40,0,21.7,34.32666667,19.7,34.7,21.03333333,34.76,19.79,32.93333333,19.13333333,37.79,2.796666667,48.69666667,21.85666667,24.53,22.7,31.29,18.39,39.73,2.7,770.1666667,61.33333333,3,40,-4.1
70,0,21.7,34.4,19.63333333,34.62666667,21,34.82666667,19.73,32.9,19.1,37.93333333,2.33,50.15666667,21.73,24.39,22.66666667,31.42666667,18.32333333,39.7,2.35,770.1333333,63.16666667,3,40,-4
70,0,21.6,34.2,19.56666667,34.7,20.92666667,34.96666667,19.73,32.9,19.1,38,1.766666667,52.16,21.66666667,24.46333333,22.6,31.56666667,18.32333333,39.7,2,770.1,65,3,40,-3.9
90,0,21.575,34.2225,19.5,34.7,20.89,34.96666667,19.66666667,33.06,19.1,38,1.233333333,53.49333333,21.6,24.46333333,22.7,31.86,18.35666667,39.56,1.85,770.1166667,65.5,2.666666667,40,-3.95
90,0,21.5,34.29,19.5,34.86,20.82333333,34.96666667,19.6,33,19.1,37.93333333,0.7,54.83333333,21.46333333,24.63333333,22.7,32.13333333,18.29,39.43333333,1.7,770.1333333,66,2.333333333,40,-4
100,0,21.5,34.32666667,19.4725,35,20.85666667,34.96666667,19.56666667,33.03,19.03333333,37.79,0.225,56.3,21.39,24.82666667,22.7,32.36,18.29,39.26,1.55,770.15,66.5,2,40,-4.05
180,0,21.5,34.4,19.46333333,35,20.85666667,34.96666667,19.5,33.09,19.1,37.73,-0.2,57.63333333,21.35666667,25.06666667,22.7,32.56,18.29,39.12666667,1.4,770.1666667,67,1.666666667,40,-4.1
390,10,21.5,34.73333333,19.5,35.09,20.89,35.09,19.5,33.12666667,19.13333333,37.56,-0.566666667,59.32333333,21.29,25.26,22.7,32.86,18.29,38.96666667,1.25,770.1833333,67.5,1.333333333,40,-4.15
370,20,21.5,35.92666667,19.5,35.03,20.89,35.16333333,19.42666667,33.06666667,19.2,37.43333333,-0.833333333,60.32333333,21.16666667,25.26,22.7,33.06,18.29,38.795,1.1,770.2,68,1,40,-4.2
120,20,21.6,39.25666667,19.6,35.63333333,20.89,35.46333333,19.39,33.49333333,19.23,37.79333333,-1.163333333,61.19666667,21.1,25.2,22.7,33.23,18.29,38.7,0.883,770.15,69.16666667,1,38.16666667,-4.2
100,10,21.66666667,40.05666667,19.66666667,36.3,20.9725,36.145,19.39,34.1,19.35666667,38.66666667,-1.356666667,62.46333333,20.96333333,25.39,22.7,33.15666667,18.29,38.7,0.667,770.1,70.33333333,1,36.33333333,-4.2
120,30,21.73,38.89333333,19.7,36.82666667,21,36.72333333,19.39,34.2,19.53333333,39.2,-1.73,63.52666667,20.82333333,25.39,22.6,32.96333333,18.29,38.7,0.45,770.05,71.5,1,34.5,-4.2
120,30,21.79,39.02666667,19.76,36.76666667,21.06666667,36.9,19.39,34.2,19.6,39.12666667,-1.845,65.15,20.76,25.39,22.6,33.22333333,18.29,38.53,0.233,770,72.66666667,1,32.66666667,-4.2
100,20,21.89,38.75666667,19.79,36.66333333,21,36.9,19.39,34.6,19.73,38.76666667,-1.9225,66.37,20.675,25.4725,22.6,33.8,18.29,38.59,0.0167,769.95,73.83333333,1,30.83333333,-4.2
90,20,21.89,37.49666667,19.79,36.53,21,36.9,19.5,35.5,19.79,38.3,-2,67.59,20.6,25.5,22.66666667,34.19333333,18.29,38.53,-0.2,769.9,75,1,29,-4.2
90,20,22,36.36333333,19.89,36.46666667,21,36.9,19.56666667,35.83333333,19.82333333,37.86333333,-2,68.06333333,20.5,25.6,22.66666667,34.33333333,18.29,38.53,-0.45,769.8666667,76.5,1,28.16666667,-4.18
80,20,22,35.89,19.96333333,36.19333333,20.89,36.76,19.63333333,35.9,19.96333333,37.65666667,-2.045,68.14,20.42666667,25.53333333,22.575,33.8975,18.29,38.62666667,-0.7,769.8333333,78,1,27.33333333,-4.17
120,30,22,35.66333333,20.1,36.06,20.82333333,36.62666667,19.7,35.42666667,20,37.46666667,-2.322857143,68.63714286,20.35666667,25.63333333,22.5,33.39,18.29,38.7,-0.95,769.8,79.5,1,26.5,-4.15
110,20,22,35.53,20.1,35.93333333,20.79,36.59,19.73,35.39,20.06666667,37.4,-2.514545455,69.72727273,20.29,25.7,22.35666667,32.96666667,18.2,38.59,-1.2,769.7666667,81,1,25.66666667,-4.13
140,20,22.03333333,35.26,20.2,35.9,20.79,36.59,19.79,35.46333333,20.1,37.54,-2.5,70.29,20.26,25.76,22.29,32.9,18.2,38.72333333,-1.45,769.7333333,82.5,1,24.83333333,-4.12
120,20,22.1,35.12666667,20.26,35.9,20.82333333,36.4,19.82333333,35.56666667,21.66666667,80.79333333,-2.5,70.83,20.2,25.7,22.29,33.09333333,18.2,38.9,-1.7,769.7,84,1,24,-4.1
110,30,22.1,34.86333333,20.29,35.86333333,20.89,36.4,20.09666667,35.7,21.2,76.53333333,-2.64,70.3725,20.1,25.7,22.23,34.03333333,18.26,39.02666667,-1.67,769.6833333,83.83333333,1,24.16666667,-4.08
100,10,22.1,34.695,20.29,35.73,20.89,36.29,20.73333333,35.56,20.63333333,76.06333333,-2.8175,70.7975,20.03333333,25.63333333,22.245,34.375,18.2,38.93,-1.63,769.6666667,83.66666667,1,24.33333333,-4.07
110,0,22.1,34.59,20.39,35.66333333,20.89,36.29,21.06666667,35.22666667,20.42666667,74.06333333,-3.026666667,71.06,20,25.7,22.2,34.5,18.2,38.65666667,-1.6,769.65,83.5,1,24.5,-4.05
80,0,22.1,34.5,20.39,35.59,20.89,36.26,21.06666667,34.4,21.26333333,87.83333333,-3.2,71.36,20,25.7,22.2,34.65666667,18.2,38.42333333,-1.57,769.6333333,83.33333333,1,24.66666667,-4.03
90,0,22.1,34.5,20.32333333,35.59,20.89,36.12666667,20.92666667,34,21.19666667,86.1,-3.2,72.3,19.89,25.7,22.2,34.93,18.26,38.22333333,-1.53,769.6166667,83.16666667,1,24.83333333,-4.02
90,0,22.1,34.5,20.29,35.56,20.89,36.12666667,20.76,33.52666667,20.82666667,81.93,-3.266666667,72.46333333,19.89,25.7,22.16666667,35.12666667,18.2,37.96666667,-1.5,769.6,83,1,25,-4
70,0,22.1,34.43333333,20.29,35.5,20.89,36.12666667,20.63333333,33.19333333,20.63333333,78.93,-3.4,73.19666667,19.79,25.7,22.1,35.2,18.2,37.7,-1.55,769.5166667,83.33333333,1,24.5,-4
70,0,22.1,34.36333333,20.2,35.4,20.89,36.09,20.56666667,32.96666667,20.43,75.56333333,-3.36,73.73,19.79,25.7,22.06666667,35.2,18.2,37.43333333,-1.6,769.4333333,83.66666667,1,24,-4
50,0,22.03333333,34.23,20.2,35.32666667,20.865,36.0675,20.42666667,32.9,20.23,72.56333333,-3.5,73.86333333,19.7,25.79,22.06666667,35.33333333,18.2,37.22333333,-1.65,769.35,84,1,23.5,-4
40,10,22,34.09,20.2,35.2,20.79,36.06,20.35666667,32.93333333,20.16666667,69.36666667,-3.56,74.53333333,19.7,25.79,22,35.62666667,18.2,36.96333333,-1.7,769.2666667,84.33333333,1,23,-4
50,0,22,34.16333333,20.06666667,35.12666667,20.66666667,36.2,20.29,33.33333333,20.03333333,67.63333333,-3.56,75,19.63333333,26.3,22,35.9,18.2,37.56666667,-1.75,769.1833333,84.66666667,1,22.5,-4
50,0,21.96333333,34.29,19.96333333,35.03,20.6,36.33333333,20.245,33.745,19.89,65.96666667,-3.53,75.8,19.7,26.63333333,21.96333333,36.39,18.2,38.1,-1.8,769.1,85,1,22,-4
60,0,21.89,34.36333333,19.89,35.09,20.5,36.53,20.16666667,34.12666667,19.82333333,64.36666667,-3.723333333,75.4,19.7,27.05,21.89,36.72333333,18.2,38.59,-2,768.9833333,85.5,1,29,-4.13
60,0,21.85666667,34.7,19.79,35.12666667,20.5,36.66333333,20.1,34.33333333,19.7,62.39666667,-4.03,75.35666667,19.7,27.32333333,21.92666667,37.42666667,18.2,38.72333333,-2.2,768.8666667,86,1,36,-4.27
60,0,21.85666667,34.76,19.73,35.26,20.5,36.82666667,20,34.43333333,19.63333333,61.12333333,-4.156666667,75.62333333,19.63333333,27.46333333,22,37.83333333,18.2,38.9,-2.4,768.75,86.5,1,43,-4.4
60,0,21.79,34.86333333,19.66666667,35.4,20.5,36.96666667,20,34.56,19.6,59.89333333,-4.226666667,75.96333333,19.6,27.63333333,21.945,38.245,18.2,38.96666667,-2.6,768.6333333,87,1,50,-4.53
60,0,21.79,34.79,19.53333333,35.4,20.5,37.03,19.96333333,34.73,19.53333333,59.16666667,-4.375,76.0475,19.6,27.76,21.89,38.53,18.2,39,-2.8,768.5166667,87.5,1,57,-4.67
60,0,21.76,34.86,19.5,35.43333333,20.5,37.09,19.89,34.79,19.46333333,58.09333333,-4.466666667,76.3,19.6,27.92666667,21.89,38.72333333,18.2,39.06,-3,768.4,88,1,64,-4.8
60,0,21.7,35,19.42666667,35.43333333,20.39,37,19.79,34.82666667,19.365,57.2225,-4.5,76.4,19.6,28.06666667,21.85666667,38.86333333,18.2,39.09,-3.12,768.25,88.66666667,1.166666667,63.83333333,-4.8
40,0,21.6,35.12666667,19.35666667,35.26,20.39,37.06,19.79,34.9,19.29,56.53,-4.56,76.52666667,19.56666667,28.23,21.79,38.86333333,18.2,39.09,-3.23,768.1,89.33333333,1.333333333,63.66666667,-4.8
50,0,21.6,35.33333333,19.29,35.2,20.39,37.09,19.7,35,19.29,55.9,-4.433333333,77.16666667,19.5,28.35666667,21.79,38.9,18.2,39.09,-3.35,767.95,90,1.5,63.5,-4.8
40,0,21.55,35.45,19.26,35.2,20.32333333,37.16333333,19.7,35,19.23,55.5,-4.56,77.16666667,19.5,28.5,21.73,38.96666667,18.2,39.09,-3.47,767.8,90.66666667,1.666666667,63.33333333,-4.8
50,0,21.5,35.5,19.13333333,35.26,20.39,37.23,19.6,35,19.2,55.02666667,-4.466666667,78.06333333,19.5,28.56666667,21.76,39.23,18.2,39.09,-3.58,767.65,91.33333333,1.833333333,63.16666667,-4.8
70,0,21.42666667,35.36,19.1,35.6,20.39,37.29,19.6,34.93333333,19.13333333,54.76666667,-4.333333333,78.66333333,19.5,28.7,21.7,39.49,18.2,39.16333333,-3.7,767.5,92,2,63,-4.8
60,0,21.39,35.36333333,18.96333333,35.65666667,20.32333333,37.32666667,19.56666667,35,19.1,54.52666667,-4.126666667,79.49666667,19.5,28.76,21.7,39.86,18.2,39.29,-3.48,767.3666667,91,2.166666667,56,-4.73
60,0,21.32333333,35.29,18.89,35.86333333,20.39,37.4,19.5,35,19.03333333,54.19333333,-3.933333333,79.95666667,19.46333333,28.82333333,21.7,40.19333333,18.2,39.3725,-3.27,767.2333333,90,2.333333333,49,-4.67
60,0,21.29,35.29,18.89,36.03,20.34,37.5,19.5,35,19,53.93,-3.76,80.5,19.39,28.89,21.6,40.56666667,18.2,39.4,-3.05,767.1,89,2.5,42,-4.6
50,0,21.29,35.29,18.82333333,36.09,20.42666667,37.62666667,19.42666667,34.93333333,19,53.65666667,-3.626666667,80.7,19.39,28.92666667,21.6,40.83333333,18.2,39.53,-2.83,766.9666667,88,2.666666667,35,-4.53
70,0,21.2,35.29,18.76,36.2,20.5,37.7,19.39,35,18.96333333,53.52666667,-3.5,80.69,19.39,29.06666667,21.6,41.06666667,18.2,39.59,-2.62,766.8333333,87,2.833333333,28,-4.47
60,0,21.2,35.36333333,18.7,36.26,20.5,37.7,19.39,34.93333333,18.89,53.32666667,-3.5,80.69,19.29,29.1,21.6,41.33333333,18.2,39.59,-2.4,766.7,86,3,21,-4.4
60,0,21.1,35.26,18.66666667,36.4,20.56666667,37.7,19.39,35,18.89,53.16333333,-3.5,80.43333333,19.29,29.1,21.5,41.65666667,18.2,39.59,-2.53,766.6333333,86.33333333,2.666666667,20.83333333,-4.5
70,0,21.1,35.33333333,18.6,36.4,20.6,37.7,19.35666667,35,18.82333333,52.96333333,-3.595,80.025,19.29,29.245,21.5,41.93,18.2,39.62666667,-2.67,766.5666667,86.66666667,2.333333333,20.66666667,-4.6
60,0,21.06666667,35.33333333,18.56666667,36.5,20.6,37.7,19.29,35,18.79,52.76,-3.76,79.53333333,19.29,29.29,21.5,42.12666667,18.2,39.7,-2.8,766.5,87,2,20.5,-4.7
40,0,21,35.2,18.5,36.56,20.6,37.73,19.29,35,18.79,52.62666667,-3.963333333,78.86,19.29,29.35666667,21.5,42.4,18.2,39.66333333,-2.93,766.4333333,87.33333333,1.666666667,20.33333333,-4.8
40,0,21,35.2,18.5,36.7,20.6,37.86333333,19.23,34.93333333,18.79,52.56,-4.156666667,78.66666667,19.2,29.29,21.5,42.5,18.2,39.66333333,-3.07,766.3666667,87.66666667,1.333333333,20.16666667,-4.9
30,0,20.92666667,35.2,18.42666667,36.62666667,20.6,38,19.2,34.93333333,18.73,52.36,-4.433333333,78.26333333,19.2,29.35666667,21.5,42.5,18.2,39.62666667,-3.2,766.3,88,1,20,-5
60,0,20.89,35.2,18.39,36.7,20.6,38,19.2,34.93333333,18.7,52.2,-4.5,79.12333333,19.2,29.32333333,21.5,42.43333333,18.2,39.62666667,-3.13,766.1833333,87.66666667,1.166666667,20.16666667,-4.97
60,0,20.82333333,35.12666667,18.39,36.7,20.5,38.09,19.2,34.9,18.7,52.1175,-4.3,80.39666667,19.2,29.39,21.39,42.29,18.2,39.62666667,-3.07,766.0666667,87.33333333,1.333333333,20.33333333,-4.93
70,0,20.79,35.09,18.29,36.76666667,20.5,38.16333333,19.2,34.9,18.63333333,51.96333333,-4.366666667,79.59666667,19.2,29.42666667,21.39,42.23,18.2,39.7,-3,765.95,87,1.5,20.5,-4.9
70,0,20.79,35.09,18.29,36.82666667,20.53333333,38.16333333,19.16666667,35,18.6,51.86333333,-4.59,79.03333333,19.2,29.5,21.39,42.2,18.2,39.62666667,-2.93,765.8333333,86.66666667,1.666666667,20.66666667,-4.87
50,0,20.7,35.23,18.26,36.86333333,20.6,38.09,19.1,34.93333333,18.6,51.73,-4.53,79.56,19.13333333,29.53333333,21.39,42.2,18.2,39.7,-2.87,765.7166667,86.33333333,1.833333333,20.83333333,-4.83
70,0,20.7,35.245,18.2,36.8725,20.6,38.12666667,19.1,35,18.6,51.66333333,-4.69,79.03333333,19.13333333,29.6,21.39,42.26,18.2,39.7,-2.8,765.6,86,2,21,-4.8
50,0,20.7,35.36333333,18.2,36.9,20.6,38.2,19.1,35,18.53333333,51.59,-4.563333333,80.36666667,19.1,29.6,21.39,42.12666667,18.2,39.7,-2.83,765.5333333,86,2,20.83333333,-4.83
60,0,20.6,35.23,18.1,37,20.6,38.23,19,34.9,18.5,51.5,-4.623333333,79.56,19.1,29.6,21.35666667,42.06,18.2,39.7,-2.87,765.4666667,86,2,20.66666667,-4.87
60,0,20.6,35.29,18.1,37,20.6,38.29,19,34.9,18.5,51.43333333,-4.763333333,79.03333333,19.1,29.63333333,21.35666667,42,18.2,39.7,-2.9,765.4,86,2,20.5,-4.9
60,0,20.56666667,35.4,18.03333333,36.96333333,20.6,38.29,18.96333333,34.9,18.46333333,51.33333333,-4.763333333,79.35666667,19.03333333,29.63333333,21.29,41.9,18.2,39.7,-2.93,765.3333333,86,2,20.33333333,-4.93
70,0,20.5,35.46666667,18.03333333,37.03,20.6,38.29,18.89,34.9,18.39,51.12666667,-4.763333333,79.56333333,19,29.6,21.29,41.82666667,18.2,39.7,-2.97,765.2666667,86,2,20.16666667,-4.97
40,0,20.5,35.5,18,37,20.6,38.29,18.96333333,34.9,18.39,51.09,-4.64,79.945,19,29.66666667,21.29,41.76,18.2,39.76,-3,765.2,86,2,20,-5
40,0,20.5,35.5,18,37,20.7,38.5,18.89,34.9,18.39,50.96333333,-4.726666667,79.52333333,19,29.7,21.29,41.7,18.13333333,39.79,-3.07,765.1333333,86.33333333,2,20,-5.03
40,0,20.39,35.4,17.89,37.03,20.7,38.5,18.89,34.845,18.35666667,50.96666667,-4.866666667,79.06333333,19,29.7,21.23,41.59,18.2,39.79,-3.13,765.0666667,86.66666667,2,20,-5.07
50,0,20.39,35.4,17.89,37.09,20.6,38.43333333,18.89,34.9,18.35666667,50.9,-4.9,79.3,19,29.7,21.23,41.53,18.2,39.79,-3.2,765,87,2,20,-5.1
60,0,20.39,35.4,17.89,37.09,20.6,38.5,18.89,34.82666667,18.35666667,50.86333333,-5.026666667,78.76,18.89,29.76,21.2,41.36333333,18.2,39.86333333,-3.27,764.9333333,87.33333333,2,20,-5.13
60,0,20.39,35.4,17.82333333,37.09,20.5,38.56,18.79,34.79,18.29,50.73,-5.06,78.85666667,18.89,29.76,21.2,41.29,18.2,39.79,-3.33,764.8666667,87.66666667,2,20,-5.17
60,0,20.29,35.4,17.79,37.09,20.5,38.56,18.79,34.79,18.29,50.66333333,-5,79.26333333,18.89,29.79,21.2,41.2,18.2,39.79,-3.4,764.8,88,2,20,-5.2
60,0,20.29,35.4,17.79,37.09,20.56666667,38.59,18.79,34.79,18.29,50.59,-5.03,78.99333333,18.89,29.79,21.2,41.2,18.1,39.79,-3.55,764.6833333,87.83333333,1.833333333,27.33333333,-5.35
70,0,20.26,35.46666667,17.76,37.12666667,20.5,38.59,18.79,34.79,18.29,50.52666667,-5.156666667,78.53333333,18.89,29.79,21.15,41.09,18.1,39.86333333,-3.7,764.5666667,87.66666667,1.666666667,34.66666667,-5.5
50,0,20.2,35.4,17.7,37.12666667,20.55,38.59,18.73,34.79,18.2675,50.45,-5.4,78.1,18.82333333,29.73,21.2,41.09,18.16666667,39.9,-3.85,764.45,87.5,1.5,42,-5.65
70,0,20.2,35.4,17.7,37.16333333,20.6,38.59,18.73,34.79,18.2,50.32666667,-5.4,78.96,18.79,29.73,21.13333333,41.09,18.1,39.9,-4,764.3333333,87.33333333,1.333333333,49.33333333,-5.8
50,0,20.2,35.4,17.7,37.16333333,20.6,38.53,18.7,34.79,18.2,50.2,-5.53,78.73,18.79,29.73,21.16666667,41.09,18.1,39.93333333,-4.15,764.2166667,87.16666667,1.166666667,56.66666667,-5.95
70,10,20.16666667,35.43333333,17.66666667,37.16333333,20.56666667,38.62666667,18.7,34.73,18.2,50.12666667,-5.463333333,79.79,18.79,29.62333333,21.1,41.09,18.16666667,39.93333333,-4.3,764.1,87,1,64,-6.1
60,30,20.1,35.75,17.6,36.8975,20.5,38.62666667,18.7,34.56,18.2,48.39333333,-5.433333333,79.73333333,18.73,29.02333333,21.1,40.79666667,18.1,39.79,-4.32,763.9833333,87.66666667,1,63.83333333,-6.02
50,20,20.1,35.56666667,17.6,36.56666667,20.5,38.46666667,18.7,34.22666667,18.2,48.13333333,-5.56,78.86,18.7,28.53,21.03333333,40.13,18.1,39.65666667,-4.33,763.8666667,88.33333333,1,63.66666667,-5.93
60,10,20,35.16333333,17.5,36.13333333,20.42666667,38.13333333,18.7,34.13333333,18.2,48.16,-5.69,79.15,18.63333333,28.19666667,20.96333333,39.43,18.1,39.345,-4.35,763.75,89,1,63.5,-5.85
70,10,20,34.89,17.5,35.93333333,20.39,37.83333333,18.7,34.06,18.2,46.76666667,-5.66,78.93,18.6,27.93,20.87666667,38.90125,18.06666667,38.99,-4.37,763.6333333,89.66666667,1,63.33333333,-5.77
60,0,20,34.8,17.5,35.93333333,20.315,37.625,18.7,33.9,18.29,45.13,-5.712,78.858,18.53333333,27.66333333,20.79,38.3725,18,38.73,-4.38,763.5166667,90.33333333,1,63.16666667,-5.68
60,0,20,35,17.5,36.13333333,20.22571429,37.17857143,18.7,33.76666667,18.29,44.13,-5.623333333,79.66666667,18.56666667,27.46333333,20.772,38.176,18.06666667,38.52666667,-4.4,763.4,91,1,63,-5.6
60,0,20,35.29666667,17.5,36.29,20.2,37.054,18.76333333,33.89,18.29,43.12333333,-5.466666667,80.56333333,18.5,27.32333333,20.7,37.79571429,18,38.26666667,-4.15,763.3,90.66666667,1.333333333,63.16666667,-5.42
60,10,19.92666667,35.16333333,17.42666667,36.29,20.2,36.98571429,19.17,34.24,18.29,42.53,-5.4,80.23,18.5,27.2,20.6,37.4,18.1,38.02666667,-3.9,763.2,90.33333333,1.666666667,63.33333333,-5.23
60,0,19.96333333,35.33333333,17.46333333,36.36333333,20.14,36.798,19.53,34.43,18.2,43.22666667,-5.466666667,79.66,18.42666667,27.06666667,20.6,37.32428571,18.1,37.76666667,-3.65,763.1,90,2,63.5,-5.05
50,0,19.96333333,35.12666667,17.39,36.29,20.1,36.79,19.6,34.52666667,18.26,44.36,-5.4,79.66,18.39,26.84,20.56,37.076,18,37.43,-3.4,763,89.66666667,2.333333333,63.66666667,-4.87
50,10,19.89,34.86333333,17.46333333,36.22333333,20.2,36.736,19.6,34.32666667,18.42666667,50.66666667,-5.2,80.56333333,18.39,26.76,20.5,36.958,18,37.15666667,-3.15,762.9,89.33333333,2.666666667,63.83333333,-4.68
60,0,19.89,34.79,17.39,35.96333333,20.21285714,36.78,19.46333333,33.79666667,18.56666667,50.93333333,-4.793333333,81.69666667,18.32333333,26.7,20.5,36.79,18,36.83333333,-2.9,762.8,89,3,64,-4.5
80,0,19.85666667,34.66333333,17.39,35.76,20.29,36.9,19.39,33.46333333,18.56666667,50,-4.33,82.33333333,18.35666667,26.7,20.456,36.59,18,36.56666667,-2.55,762.6833333,88,2.666666667,64.16666667,-4.32
80,0,19.79,34.53,17.39,35.56666667,20.272,36.878,19.29,33.22333333,18.5,48.745,-4.063333333,82.33333333,18.29,26.82666667,20.39,36.59,17.89,36.23333333,-2.2,762.5666667,87,2.333333333,64.33333333,-4.13
30,10,19.79,34.26,17.5,35.22333333,20.2,36.696,19.23,32.89,18.395,47.895,-3.832222222,82.50666667,18.42666667,28.36333333,20.35,36.047,17.89,35.69333333,-1.85,762.45,86,2,64.5,-3.95
80,0,19.79,34.12666667,17.5,35.09,20.12857143,36.23857143,19.23,32.7,18.29,47.045,-3.545625,82.53375,18.56666667,29.03,20.37,35.9,17.89,35.56,-1.5,762.3333333,85,1.666666667,64.66666667,-3.77
20,0,19.76,33.9,17.53333333,34.76,19.956,35.79,19.29,32.76,18.22571429,46.65285714,-3.281666667,82.69833333,18.5,28.9,20.29,35.29333333,17.82333333,34.5,-1.15,762.2166667,84,1.333333333,64.83333333,-3.58
100,0,19.7,33.82666667,17.66666667,34.7,19.92142857,35.79,19.29,32.82666667,18.2,46.12428571,-2.83,83.12666667,18.42666667,28.56666667,20.29,35.76666667,17.53,33.4,-0.8,762.1,83,1,65,-3.4
50,0,19.7,33.79,17.82333333,34.5,19.89,35.812,19.35666667,32.96666667,18.2,45.61,-2.3,83.35,18.39,28.22666667,20.2225,35.9,17.39,33.19333333,-0.517,761.9833333,81.83333333,1,57.66666667,-3.32
100,0,19.7,33.8175,17.9975,34.32,19.89,35.92857143,19.39,32.96333333,18.2,45.28285714,-1.833333333,83.62333333,18.39,28.03333333,20.2,35.82666667,17.5,34.63333333,-0.233,761.8666667,80.66666667,1,50.33333333,-3.23
80,0,19.7,34.02666667,18.22666667,34.26,19.89,36.09,19.39,33.09,18.16,45.59,-1.566666667,83.76333333,18.32333333,27.72666667,20.2,35.66333333,17.5,35.5,0.05,761.75,79.5,1,43,-3.15
60,0,19.7,34.19333333,18.32333333,34.43333333,19.98428571,36.09,19.5,33.2,18.1,45.59,-1.326666667,83.96333333,18.32333333,27.53333333,20.2,35.59,17.6,35.545,0.333,761.6333333,78.33333333,1,35.66666667,-3.07
80,10,19.7,34.46666667,18.53,34.56,19.956,36.112,19.5,33.26,18.1,45.572,-1,84.29666667,18.35666667,27.26,20.2,35.46666667,17.63333333,35.65666667,0.617,761.5166667,77.16666667,1,28.33333333,-2.98
90,0,19.7,34.73,18.63333333,35.15666667,20,36.2,19.5,33.29,18.1,45.5,-0.633333333,84.62333333,18.35666667,27.2,20.2,35.32666667,17.7,35.79,0.9,761.4,76,1,21,-2.9
70,0,19.76,34.99,18.76,35.56333333,20,36.156,19.5,33.36333333,18.1,45.4,-0.366666667,84.83,18.39,27.16666667,20.1,35.0425,17.73,35.79,1.08,761.2666667,75.33333333,1.166666667,21.33333333,-2.83
50,0,19.79,36.03333333,18.82333333,35.5,20,36.15285714,19.6,33.43333333,18.01428571,45.30571429,-0.133333333,84.62333333,18.46333333,27.1,20.16666667,34.82666667,17.79,35.73,1.27,761.1333333,74.66666667,1.333333333,21.66666667,-2.77
60,0,19.85666667,37.56666667,18.96333333,35.5,20.06,36.358,19.6,33.5,18,45.376,0.133333333,84.89666667,18.5,27.06666667,20.2,34.7,17.79,35.682,1.45,761,74,1.5,22,-2.7
120,0,20,38.6,19.03333333,35.62666667,20.1,36.66857143,19.6,33.5,18,45.515,0.44,84.816,18.5,27,20.2,34.56666667,17.79,35.634,1.63,760.8666667,73.33333333,1.666666667,22.33333333,-2.63
40,10,20,37.66666667,19.1,35.76,20.125,36.9,19.63333333,33.76666667,18,45.59,0.7,84.65,18.65,26.89,20.2,34.33333333,17.79,35.66333333,1.82,760.7333333,72.66666667,1.833333333,22.66666667,-2.57
90,0,20.1,38.06333333,19.1,35.79,20.2,37,19.7,34.16,17.96333333,45.59,0.871428571,84.44142857,18.73,26.89,20.2,34.12666667,17.79,35.776,2,760.6,72,2,23,-2.5
50,0,20.1,37.32333333,19.1,35.73,20.05714286,36.76857143,19.73,34.56666667,17.89,45.645,1.098,84.12,18.79,26.82333333,20.29,34.06,17.85666667,35.96666667,2.1,760.4166667,71.66666667,2,22.66666667,-2.48
30,10,20.1,36.69333333,19.1,35.33333333,20,36.814,19.79,34.96,17.89,45.59,1.468571429,83.6,18.89,26.79,20.29,34,17.89,36.09666667,2.2,760.2333333,71.33333333,2,22.33333333,-2.47
60,0,20.1,36.76666667,19.1,35.2,20,37.52571429,19.73,35.33333333,17.89,45.53,1.736,81.914,18.89,26.73,20.35666667,33.9,17.89,36.29,2.3,760.05,71,2,22,-2.45
40,0,20.2,36.52666667,19.2,35.2,20,38.054,19.73,35.2,17.89,45.36333333,1.954285714,81.26714286,18.89,26.7,20.29,33.9,17.89,36.5,2.4,759.8666667,70.66666667,2,21.66666667,-2.43
50,0,20.2,36.19333333,19.2,35.12666667,20,38.02571429,19.7,35.13333333,17.89,45.29,2.156,80.118,18.96333333,26.7,20.39,33.76,17.89,36.9,2.5,759.6833333,70.33333333,2,21.33333333,-2.42
60,0,20.29,35.86333333,19.2,35,20,37.98,19.7,34.86,17.89,45.26,2.225714286,77.52571429,19.03333333,26.7,20.46333333,33.76,17.89,37.69333333,2.6,759.5,70,2,21,-2.4
50,0,20.29,35.59666667,19.2,34.93333333,20,37.94285714,19.6,34.49,17.89,45.12666667,2.29,75.1875,19.16666667,26.7,20.53333333,33.66333333,17.89,38.1,2.73,759.3333333,69.5,1.833333333,21.66666667,-2.37
60,0,20.39,35.22333333,19.2,34.66333333,20.06,37.96,19.6,34.23,17.84,44.995,2.4,73.074,19.23,26.7,20.66666667,33.59,17.92666667,38.19333333,2.87,759.1666667,69,1.666666667,22.33333333,-2.33
80,10,20.46333333,35.03,19.2,34.59,20,37.9,19.6,34.06,17.85666667,44.86333333,2.537142857,72.55428571,19.29,26.63333333,20.84,33.545,18,37.86,3,759,68.5,1.5,23,-2.3
100,0,20.5,34.95,19.26,34.59,20.02,37.816,19.6,33.93333333,17.79,44.75142857,2.663333333,71.36,19.42666667,26.63333333,21.13333333,33.79,18,38.03,3.13,758.8333333,68,1.333333333,23.66666667,-2.27
100,0,20.6,34.79,19.29,34.4,20.1,37.59571429,19.6,33.79,17.79,44.7,2.826666667,69.5,19.5,26.63333333,21.26,33.93,18,38.195,3.27,758.6666667,67.5,1.166666667,24.33333333,-2.23
90,0,20.6,34.73,19.29,34.4,20.1,37.356,19.6,33.79,17.80428571,44.60571429,2.9,68.16666667,19.63333333,26.6,21.39,34.12666667,18,38.36333333,3.4,758.5,67,1,25,-2.2
100,0,20.63333333,34.7,19.29,34.4,20.1,37.22285714,19.6,33.66333333,17.83,44.536,2.933333333,67.46666667,19.76,26.6,21.46333333,34.33333333,18.1,38.43333333,3.48,758.3666667,67,1.166666667,24.33333333,-2.13
100,0,20.7,34.62666667,19.29,34.4,20.1,37.016,19.66666667,33.66333333,17.79,44.47142857,3.06,67.46666667,19.92666667,26.56666667,21.63333333,34.56666667,18.1,38.5,3.57,758.2333333,67,1.333333333,23.66666667,-2.07
50,0,20.79,34.46666667,19.39,34.43333333,20.17142857,36.86857143,19.6,33.56,17.79,44.4,3.23,67.12666667,20.06666667,26.5,21.7,34.7,18.1,38.53,3.65,758.1,67,1.5,23,-2
50,0,20.85666667,34.46666667,19.39,34.43333333,20.1,36.656,19.65,33.545,17.79,44.33714286,3.29,66.53333333,20.23,26.5,21.89,34.79,18.1,38.59,3.73,757.9666667,67,1.666666667,22.33333333,-1.93
40,0,20.92666667,34.43333333,19.42666667,34.53,20.15714286,36.39285714,19.66666667,33.5,17.79,44.356,3.363333333,65.86666667,20.35666667,26.42666667,21.89,34.79,18.1,38.49,3.82,757.8333333,67,1.833333333,21.66666667,-1.87
50,0,21,34.22666667,19.5,34.46333333,20.18,36.25,19.7,33.5,17.79,44.4,3.43,66.06,20.5,26.29,22,34.52666667,18.1,38.36333333,3.9,757.7,67,2,21,-1.8
60,0,21,34,19.5,34.26,20.1,36.02571429,19.63333333,33.43333333,17.79,44.29,3.656666667,65.2,20.53333333,26.16666667,22.06666667,34.32666667,18.1,38.4,3.75,757.6333333,68,2,21.16666667,-1.73
50,0,21,34,19.5,34.12666667,20.2,35.856,19.6,33.36333333,17.79,44.15,3.73,64.2,20.6,26.03333333,22.2,34.06,18.1,38.46666667,3.6,757.5666667,69,2,21.33333333,-1.67
60,0,21.1,34,19.56666667,34.06,20.2,35.79,19.6,33.29,17.79,44.09,3.79,64.06333333,20.6,25.89,22.2,33.93333333,18.1,38.53,3.45,757.5,70,2,21.5,-1.6
60,0,21.1,33.93333333,19.5,34,20.2,35.714,19.6,33.2,17.79,44.02571429,3.863333333,64.33,20.6,25.89,22.2,33.76,18.1,38.59,3.3,757.4333333,71,2,21.66666667,-1.53
60,0,21,33.79,19.5,34,20.26428571,35.66857143,19.6,33.2,17.79,43.9,4.16,63.96,20.5,25.89,22.2,33.7,18.1,38.59,3.15,757.3666667,72,2,21.83333333,-1.47
60,0,21,33.79,19.5,34,20.2675,35.60875,19.5,33.26,17.77714286,43.88428571,4.4,63.25,20.42666667,25.82333333,22.1,33.66333333,18.1,38.59,3,757.3,73,2,22,-1.4
50,0,21,33.79,19.39,33.9,20.2,35.5,19.5,33.2,17.7,43.79,4.5,62.69333333,20.35666667,25.82333333,22.03333333,33.59,18.1,38.59,2.93,757.2166667,73.66666667,2.166666667,21.83333333,-1.35
70,0,21,33.73,19.32333333,33.9,20.2,35.47142857,19.39,33.09,17.73857143,43.76428571,4.5,62.3,20.23,25.82333333,21.96333333,33.62666667,18.1,38.59,2.87,757.1333333,74.33333333,2.333333333,21.66666667,-1.3
90,0,20.89,33.59,19.29,33.9,20.2,35.44,19.39,33.22333333,17.754,43.656,4.433333333,61.96666667,20.16666667,25.82333333,21.89,33.76,18.1,38.59,2.8,757.05,75,2.5,21.5,-1.25
100,0,20.89,33.59,19.2225,33.8175,20.2,35.4,19.39,33.43333333,17.7,43.55142857,4.156666667,61.66666667,20.1,25.96333333,21.89,34.03,18.03333333,38.53,2.73,756.9666667,75.66666667,2.666666667,21.33333333,-1.2
100,0,20.84,33.45,19.2,33.79,20.2,35.356,19.32333333,33.56,17.7,43.536,4.03,62.39333333,20,26.03333333,21.9725,34.2675,18,38.5,2.67,756.8833333,76.33333333,2.833333333,21.16666667,-1.15
100,0,20.79,33.5,19.2,33.82666667,20.17142857,35.29,19.29,33.76666667,17.7,43.56428571,3.966666667,62.93333333,20,26.22666667,22,34.46666667,18,38.5,2.6,756.8,77,3,21,-1.1
80,0,20.79,33.56,19.2,33.9,20.14,35.272,19.29,33.9,17.7,43.5,3.826666667,63.06,19.89,26.39,22.06666667,34.73,18,38.56,2.43,756.7333333,78.16666667,2.833333333,28.16666667,-1.05
70,0,20.76,33.62666667,19.1,33.93333333,20.1,35.23857143,19.26,33.96666667,17.68571429,43.47,3.663333333,63.69333333,19.82333333,26.32333333,22.06666667,34.93,18,38.62666667,2.27,756.6666667,79.33333333,2.666666667,35.33333333,-1
70,0,20.7,33.76,19.1,34.06,20.1,35.2,19.2,33.96666667,17.675,43.3725,3.53,64.09333333,19.76,26.42666667,22.1,35.12666667,18,38.7,2.1,756.6,80.5,2.5,42.5,-0.95
70,0,20.7,33.79,19.1,34.12666667,20.1,35.15285714,19.2,34.045,17.64,43.334,3.223333333,64.32333333,19.7,26.56666667,22.03333333,35.2,18,38.79,1.93,756.5333333,81.66666667,2.333333333,49.66666667,-0.9
80,0,20.7,33.73,19.03333333,34.06666667,20.1,35.178,19.1,34.09,17.64285714,43.26428571,2.963333333,64.86333333,19.66666667,26.66666667,22,35.2,18,38.86333333,1.77,756.4666667,82.83333333,2.166666667,56.83333333,-0.85
90,0,20.7,33.7,19.1,34.06,20.1,35.13714286,19.1,34.09,17.6,43.2,2.49,65.1,19.6,26.66666667,22,35.26,18,38.93333333,1.6,756.4,84,2,64,-0.8
90,0,20.7,33.7,19.1,34.06,20.1,35.09,19.1,34.23,17.62857143,43.22571429,2.096666667,65.76666667,19.5,26.79,22,35.29,18,39,1.4,756.3833333,84.83333333,2,63.66666667,-0.867
90,0,20.7,33.76,19.1,34.09,20.1,35.09,19.1,34.36333333,17.6,43.178,1.726666667,66.89666667,19.46333333,26.79,22,35.29,18,39,1.2,756.3666667,85.66666667,2,63.33333333,-0.933
90,0,20.7,33.7,19.1,34.16333333,20.1,35.09,19,34.43333333,17.6,43.02571429,1.46,67.56333333,19.39,26.85666667,22,35.29,18,39,1,756.35,86.5,2,63,-1
100,0,20.73,33.7,19.23,34.23,20.12857143,35.09,19,34.5,17.6,43.054,1.26,68.69333333,19.39,26.92666667,22,35.36333333,18,39,0.8,756.3333333,87.33333333,2,62.66666667,-1.07
90,0,20.79,33.7,19.29,34.29,20.2,35,19,34.5,17.55714286,43.02571429,1.05,69.27,19.32333333,27.06666667,22,35.4,18,39,0.6,756.3166667,88.16666667,2,62.33333333,-1.13
100,0,20.82333333,33.73,19.42666667,34.32666667,20.21285714,34.91428571,19,34.43333333,17.6,43,0.933333333,69.93333333,19.29,27.1,22,35.46666667,18,39,0.4,756.3,89,2,62,-1.2
180,10,20.96333333,33.73,19.56666667,34.32666667,20.29,34.9,19,34.5,17.6,43.02571429,0.766666667,70.39333333,19.23,27.1,22,35.65666667,18,39.06,0.433,756.2833333,89.33333333,1.833333333,61.83333333,-1.12
100,10,21.03333333,33.95666667,19.6,34.2,20.29,34.9,19,34.5,17.5,43.09,0.7,71.2,19.2,27.1,22,35.86333333,18,39.09,0.467,756.2666667,89.66666667,1.666666667,61.66666667,-1.03
80,0,21.1,34.23,19.66666667,34.26,20.29,35,18.89,34.5,17.58571429,43.09,0.566666667,71.35666667,19.2,27.16666667,22,35.52666667,18,39.09,0.5,756.25,90,1.5,61.5,-0.95
80,0,21.13333333,34.12666667,19.79,34.43333333,20.23857143,35.14,18.89,34.5,17.54,43.09,0.5,72.16333333,19.1,27.2,22,35.26666667,18,39.09,0.533,756.2333333,90.33333333,1.333333333,61.33333333,-0.867
60,0,21.26,34.2,19.865,34.4475,20.2,35.296,18.96333333,34.59,17.57142857,43.09,0.533333333,72.66,19.1,27.26,21.89,34.96666667,18,39.09,0.567,756.2166667,90.66666667,1.166666667,61.16666667,-0.783
70,0,21.29,34.06,19.89,34.23,20.12857143,35.5,18.96333333,34.59,17.5,43.09,0.533333333,72.99333333,19.06666667,27.29,21.89,34.76666667,18,39.09,0.6,756.2,91,1,61,-0.7
60,0,21.365,33.8975,19.92666667,34.06,20.1375,35.5225,18.89,34.7,17.54285714,43.09,0.6,73.46333333,19,27.29,21.79,34.45,18,39.1725,0.6,756.1333333,90.66666667,1,61.16666667,-0.75
80,0,21.39,33.73,20,34,20.1,35.59,18.89,34.7,17.5,43.09,0.6,73.73,19,27.32333333,21.7,34.26,18,39.2,0.6,756.0666667,90.33333333,1,61.33333333,-0.8
70,10,21.39,33.66333333,20,34,20.1,35.59,18.92666667,34.79,17.68571429,50.96857143,0.7,74.06333333,19,27.39,21.7,34.12666667,18,39.2,0.6,756,90,1,61.5,-0.85
100,0,21.46333333,33.66333333,20,33.93333333,20.12,35.572,18.92666667,34.79,20.736,83.59,0.7,74.26333333,18.89,27.5,21.66666667,34.29333333,18,39.2,0.6,755.9333333,89.66666667,1,61.66666667,-0.9
90,0,21.39,33.62666667,20,34.12666667,20.2,35.5,18.89,34.79,19.93857143,84.38285714,0.7,74.478,18.89,27.5,21.6,35.03333333,18.1,39.29,0.6,755.8666667,89.33333333,1,61.83333333,-0.95
130,0,21.39,33.7,19.92666667,34.26,20.2,35.5,18.89,34.82666667,19.574,89.694,0.633333333,74.53,18.89,27.5,21.6,35.83,18.03333333,39.29,0.6,755.8,89,1,62,-1
100,10,21.32333333,33.76666667,19.89,34.36,20.2,35.5,18.89,34.9,19.49714286,88.59714286,0.5,75.06333333,18.89,27.5,21.6,36.42333333,18.1,39.32666667,0.55,755.8,89,1.166666667,62,-1.05
100,0,21.32333333,34.02666667,19.89,34.63333333,20.2,35.518,18.89,34.93333333,18.83,80,0.566666667,75.33,18.79,27.5,21.7,37.22666667,18.1,39.4,0.5,755.8,89,1.333333333,62,-1.1
90,0,21.39,34.23,19.92666667,34.86,20.22571429,35.62142857,18.82333333,34.93333333,18.95285714,69.32142857,0.6,75.35,18.79,27.5,21.7,37.645,18.1,39.46666667,0.45,755.8,89,1.5,62,-1.15
90,0,21.39,34.43,20,35.06,20.2,35.7,18.85666667,35,19,60.10625,0.533333333,75.16,18.79,27.5,21.79,38.3,18.1,39.26666667,0.4,755.8,89,1.666666667,62,-1.2
60,0,21.35666667,34.62666667,20,35.36,20.2,35.79285714,18.85666667,35.13333333,19,55.896,0.4,75.36666667,18.73,27.53333333,21.79,38.76666667,18.06666667,38.63333333,0.35,755.8,89,1.833333333,62,-1.25
60,0,21.29,34.76,19.92666667,35.63333333,20.2,35.92,18.85666667,35.29,19,53.02857143,0.133333333,74.96666667,18.73,27.6,21.82333333,39.09,18,38.22666667,0.3,755.8,89,2,62,-1.3
60,0,21.29,34.82666667,19.89,35.73,20.2,36.02571429,18.85666667,35.36333333,19,50.354,-0.2,74.96666667,18.7,27.6,21.89,39.03,18,37.56333333,0.0667,755.7333333,89.5,2,62,-1.45
60,10,21.29,34.9,19.82333333,35.79,20.2,36.134,18.89,35.5,19,48.71,-0.6,75,18.7,27.6,21.79,38.66333333,18,37.15666667,-0.167,755.6666667,90,2,62,-1.6
70,0,21.29,34.93333333,19.79,35.89,20.14285714,36.2,18.82333333,35.56,19,47.416,-0.933333333,75.2,18.7,27.86,21.79,38.59,18,36.72333333,-0.4,755.6,90.5,2,62,-1.75
30,10,21.23,34.93333333,19.73,36.22333333,20.08,36.236,18.79,35.82666667,19,46.42857143,-1.323333333,75.63333333,18.7,28.19333333,21.76,38.73,18,36.59,-0.633,755.5333333,91,2,62,-1.9
40,0,21.2,35.03,19.7,36.4,20,36.26428571,18.79,36.02666667,19,45.62,-1.53,76.09333333,18.7,28.42666667,21.7,38.93,18,36.8,-0.867,755.4666667,91.5,2,62,-2.05
50,0,21.2,35.09,19.63333333,36.4,20,36.4,18.79,36.2,19,45.02142857,-1.7,77.22666667,18.76,28.56666667,21.7,39.12666667,17.92666667,37.39333333,-1.1,755.4,92,2,62,-2.2
40,0,21.16666667,35.23,19.55,36.45,19.90571429,36.48571429,18.79,36.2,19,44.52,-1.7,77.76666667,18.79,28.73,21.7,39.26,18,37.645,-0.95,755.3833333,91.66666667,2.166666667,62,-2.1
50,0,21.1,35.3975,19.46333333,36.59,19.89,36.576,18.7,36.16333333,19,44.02857143,-1.7,78.82666667,18.79,28.85666667,21.7,39.53,17.96333333,37.73,-0.8,755.3666667,91.33333333,2.333333333,62,-2
60,0,21.1,35.5,19.39,36.59,19.89,36.7,18.7,36.09,18.956,43.554,-1.76,79.03333333,18.7,29.03333333,21.675,39.59,17.96333333,37.86333333,-0.65,755.35,91,2.5,62,-1.9
50,0,21.1,35.59,19.29,36.73,19.89,36.736,18.7,36,18.89,43.28428571,-1.79,79.35666667,18.7,29.1,21.6,39.72333333,17.96333333,37.93333333,-0.5,755.3333333,90.66666667,2.666666667,62,-1.8
60,0,21.03333333,35.59,19.23,36.73,19.89,36.80571429,18.7,36,18.89,42.994,-1.79,80.16333333,18.7,29.23,21.6,39.79,17.96333333,38,-0.35,755.3166667,90.33333333,2.833333333,62,-1.7
60,0,21,35.62666667,19.16666667,36.82666667,19.89,36.856,18.6,35.845,18.89,42.72571429,-1.76,80.86666667,18.7,29.35666667,21.53333333,39.79,17.96333333,38.09,-0.2,755.3,90,3,62,-1.6
60,0,20.92666667,35.62666667,19.1,36.9,19.89,36.9125,18.6,35.79,18.85,42.46,-1.795,80.72,18.7,29.39,21.5,39.86,17.96333333,38.16333333,-0.25,755.3333333,90.16666667,3,61.83333333,-1.63
50,0,20.89,35.62666667,19,36.93333333,19.89,37,18.53333333,35.79,18.81857143,42.22285714,-1.966666667,80.7,18.7,29.39,21.5,40.13333333,18,38.29,-0.3,755.3666667,90.33333333,3,61.66666667,-1.67
50,0,20.89,35.7,19,37,19.89,37,18.5,35.7,18.79,42.052,-2.03,81.36666667,18.7,29.55,21.5,40.36,18,38.36333333,-0.35,755.4,90.5,3,61.5,-1.7
40,0,20.85666667,35.66333333,18.89,37.09,19.87571429,37,18.5,35.7,18.79,41.86857143,-2.03,81.56,18.7,29.6,21.42666667,40.5,17.89,38.43333333,-0.4,755.4333333,90.66666667,3,61.33333333,-1.73
30,0,20.79,35.59,18.82333333,37.09,19.79,36.94,18.5,35.7,18.79,41.7,-1.933333333,82.09333333,18.63333333,29.6,21.39,40.76666667,17.89,38.5,-0.45,755.4666667,90.83333333,3,61.16666667,-1.77
30,0,20.79,35.59,18.79,37.2,19.79,36.97142857,18.5,35.62666667,18.71285714,41.55428571,-2,81.83333333,18.6,29.6,21.39,41.02666667,17.89,38.5,-0.5,755.5,91,3,61,-1.8
60,0,20.73,35.59,18.73,37.2,19.79,37.09,18.39,35.5,18.7,41.48,-2,82.16,18.6,29.66666667,21.39,41.26666667,17.96333333,38.5,-0.433,755.4333333,90.33333333,3.333333333,61.33333333,-1.83
60,0,20.7,35.59,18.7,37.29,19.79,37.09,18.39,35.5,18.7,41.4,-2,82.43333333,18.6,29.73,21.32333333,41.46666667,17.92666667,38.53,-0.367,755.3666667,89.66666667,3.666666667,61.66666667,-1.87
60,0,20.7,35.59,18.63333333,37.23,19.81,37.156,18.39,35.5,18.7,41.29,-1.8,83.82666667,18.6,29.79,21.32333333,41.8,17.92666667,38.66333333,-0.3,755.3,89,4,62,-1.9
50,0,20.6,35.5,18.6,37.23,19.89,37.23857143,18.39,35.5,18.7,41.21285714,-1.533333333,84.36666667,18.6,29.79,21.32333333,42.06,17.96333333,38.79,-0.233,755.2333333,88.33333333,4.333333333,62.33333333,-1.93
50,0,20.6,35.5,18.6,37.29,19.89,37.29,18.35666667,35.5,18.63333333,41.12666667,-1.426666667,84.02666667,18.6,29.79,21.32333333,42.32666667,17.89,38.86333333,-0.167,755.1666667,87.66666667,4.666666667,62.66666667,-1.97
60,0,20.6,35.5,18.5,37.29,19.93714286,37.29,18.29,35.5,18.6,41.01285714,-1.426666667,84.16666667,18.6,29.85666667,21.32333333,42.32666667,17.89,38.93333333,-0.1,755.1,87,5,63,-2
50,0,20.53333333,35.56,18.5,37.29,20,37.312,18.29,35.5,18.6,40.97142857,-1.426666667,84.02333333,18.6,29.85666667,21.32333333,42.4,17.89,39.06,-0.217,755.0833333,86.83333333,4.833333333,63,-2.13
50,0,20.5,35.62666667,18.39,37.29,20,37.4,18.29,35.5,18.6,40.9,-1.566666667,83.23,18.53333333,29.89,21.32333333,42.4,17.89,39.09,-0.333,755.0666667,86.66666667,4.666666667,63,-2.27
60,0,20.5,35.7,18.39,37.32666667,20,37.4,18.26,35.46666667,18.6,40.83714286,-1.79,82.82333333,18.53333333,29.89,21.29,42.29,17.89,39.2,-0.45,755.05,86.5,4.5,63,-2.4
50,0,20.42666667,35.62666667,18.32333333,37.4,20,37.41428571,18.2,35.4,18.56,40.772,-1.8175,83.14,18.5,29.89,21.29,42.23,17.89,39.26,-0.567,755.0333333,86.33333333,4.333333333,63,-2.53
60,0,20.39,35.59,18.29,37.43333333,20,37.5,18.23,35.32666667,18.52857143,40.7,-1.966666667,82.82333333,18.5,29.96333333,21.29,42.145,17.89,39.4,-0.683,755.0166667,86.16666667,4.166666667,63,-2.67
40,0,20.39,35.66333333,18.29,37.56,20.07142857,37.56428571,18.2225,35.3175,18.5,40.7,-2,82.72666667,18.5,29.92666667,21.29,41.96666667,17.89,39.4,-0.8,755,86,4,63,-2.8
40,0,20.35666667,35.7,18.2,37.53,20.1,37.59,18.2,35.29,18.5,40.63714286,-2.06,82.8,18.5,29.92666667,21.29,41.82666667,17.89,39.4,-0.933,754.95,86.5,3.833333333,62.83333333,-2.87
30,0,20.29,35.7,18.2,37.59,20.1,37.59,18.2,35.29,18.5,40.572,-2.09,82.9,18.5,30,21.26,41.7,17.89,39.46666667,-1.07,754.9,87,3.666666667,62.66666667,-2.93
30,0,20.26,35.7,18.1,37.7,20.04,37.536,18.2,35.29,18.42142857,40.42857143,-2.163333333,82.83333333,18.5,30,21.2,41.76,17.89,39.5,-1.2,754.85,87.5,3.5,62.5,-3
50,0,20.2,35.7,18.1,37.7,20,37.56428571,18.16666667,35.29,18.434,40.4,-2.2,82.93333333,18.5,30,21.26,41.72333333,17.89,39.5,-1.33,754.8,88,3.333333333,62.33333333,-3.07
50,0,20.2,35.7,18,37.66333333,19.934,37.59,18.16666667,35.23,18.40571429,40.30571429,-2.26,82.8,18.39,29.89,21.2,41.59,17.96333333,39.59,-1.47,754.75,88.5,3.166666667,62.16666667,-3.13
60,0,20.13333333,35.7,18,37.59,20,37.65285714,18.1,35.2,18.39,40.29,-2.26,83.12333333,18.39,29.89,21.2,41.46666667,17.89,39.59,-1.6,754.7,89,3,62,-3.2
70,0,20.1,35.7,18,37.66333333,19.978,37.7,18.1,35.2,18.39,40.26428571,-2.2,83.12333333,18.39,29.89,21.13333333,41.4,17.89,39.59,-1.45,754.6833333,88.16666667,3.166666667,62.5,-3.18
50,0,20.1,35.7,18,37.66333333,19.9725,37.7,18.1,35.2,18.39,40.2,-2.2,83.46333333,18.39,29.89,21.2,41.36333333,17.89,39.59,-1.3,754.6666667,87.33333333,3.333333333,63,-3.17
50,0,20.06666667,35.76,17.96333333,37.7,20,37.7,18.1,35.2,18.34714286,40.2,-2.126666667,83.65666667,18.39,29.92666667,21.13333333,41.23,17.89,39.7,-1.15,754.65,86.5,3.5,63.5,-3.15
50,0,20,35.7,17.89,37.7,20,37.7,18.06666667,35.16333333,18.31,40.134,-2,83.72666667,18.39,29.92666667,21.1,41.16333333,17.89,39.7,-1,754.6333333,85.66666667,3.666666667,64,-3.13
60,0,20,35.7,17.79,37.59,20,37.7,18,35.09,18.36142857,40.09,-1.933333333,83.99333333,18.39,30,21.1,41.09,17.89,39.7,-0.85,754.6166667,84.83333333,3.833333333,64.5,-3.12
50,0,20,35.7,17.79,37.59,20,37.754,18,35.09,18.29,40.09,-1.666666667,84.3,18.39,30,21.1,41,17.89,39.7,-0.7,754.6,84,4,65,-3.1
60,0,19.92666667,35.7,17.79,37.62666667,20,37.75142857,18,35.09,18.29,40.07714286,-1.46,84.43333333,18.35666667,30,21.03333333,40.93333333,17.89,39.73,-0.733,754.6,84.16666667,3.833333333,65,-3.12
60,0,19.92666667,35.7,17.79,37.7,20,37.79,18,35.09,18.29,40.054,-1.195,84.4,18.29,30.06666667,21,40.9,17.89,39.79,-0.767,754.6,84.33333333,3.666666667,65,-3.13
40,0,19.89,35.76,17.73,37.7,20.05714286,37.88428571,18,35.09,18.29,40.06428571,-1,83.79666667,18.29,30,21.06666667,40.96666667,17.89,39.79,-0.8,754.6,84.5,3.5,65,-3.15
40,0,19.89,35.76,17.7,37.79,20.1,37.9,17.96333333,35.09,18.29,40,-0.933333333,83.53,18.29,30.06666667,21,40.9,17.89,39.79,-0.833,754.6,84.66666667,3.333333333,65,-3.17
30,0,19.79,35.7,17.7,37.79,20.1,37.92857143,17.89,35.16333333,18.29,40,-0.766666667,83.15666667,18.29,30.03333333,21,40.9,17.89,39.86333333,-0.867,754.6,84.83333333,3.166666667,65,-3.18
30,0,19.79,35.79,17.66666667,37.86333333,20.06,37.96,17.89,35.2,18.236,40,-0.633333333,82.96333333,18.29,30.1,21,40.9,17.89,39.9,-0.9,754.6,85,3,65,-3.2
60,0,19.79,35.79,17.6,37.79,20,37.9,17.89,35.2,18.2,40.01125,-0.466666667,82.43333333,18.29,30.1,21,40.8725,17.89,39.96666667,-0.783,754.5666667,85,3,64.66666667,-3.07
50,0,19.76,35.79,17.66666667,37.86333333,19.956,37.92,17.89,35.2,18.2,40.09,-0.4,82.03333333,18.29,30.1,21,40.79,17.89,40,-0.667,754.5333333,85,3,64.33333333,-2.93
60,0,19.7,35.79,17.6,37.86333333,20,38,17.89,35.2,18.2,40.09,-0.3,81.42333333,18.29,30.2,20.92666667,40.76,17.89,40,-0.55,754.5,85,3,64,-2.8
50,0,19.7,35.82666667,17.6,37.93333333,19.934,38.09,17.89,35.2,18.2,40.09,-0.233333333,80.89666667,18.29,30.2,20.92666667,40.76,17.89,40,-0.433,754.4666667,85,3,63.66666667,-2.67
60,0,19.7,35.9,17.6,38,19.96857143,38.15285714,17.82333333,35.2,18.2,40.09,-0.166666667,80.46666667,18.29,30.245,20.89,40.82666667,17.82333333,39.93333333,-0.317,754.4333333,85,3,63.33333333,-2.53
60,10,19.66666667,35.9,17.5,38,20,38.2,17.82333333,35.2,18.2,40.23285714,-0.1,80.26,18.2,30.2,20.89,40.9,17.89,40.12666667,-0.2,754.4,85,3,63,-2.4
50,10,19.66666667,35.96666667,17.5,38,20,38.2,17.79,35.23,18.1,40.556,0,79.93333333,18.2,30.13333333,20.89,41,17.89,40.4,-0.133,754.45,84.66666667,3.166666667,63.33333333,-2.4
80,0,19.66666667,36.16333333,17.5,37.93,20,38.09,17.79,35.29,18.08571429,41.53428571,0.066666667,79.72666667,18.16666667,29.72666667,20.82333333,40.66666667,17.85666667,40.29666667,-0.0667,754.5,84.33333333,3.333333333,63.66666667,-2.4
70,10,19.6,36.09,17.5,37.73,19.93714286,37.94,17.79,35.16333333,18,42.198,0.2,79.16666667,18.1,29.46,20.79,39.83333333,17.85666667,40.09,0,754.55,84,3.5,64,-2.4
50,0,19.6,36.15666667,17.5,37.56,19.87,37.816,17.79,35.03,18,42.81142857,0.2,78.76,18.1,29.26,20.73,39.3,17.79,39.72333333,0.0667,754.6,83.66666667,3.666666667,64.33333333,-2.4
30,0,19.6,36.36333333,17.5,37.5,19.86142857,37.7,17.79,34.86333333,17.89,43.2,0.333333333,78.26666667,18.1,29.06666667,20.7,38.79666667,17.79,39.46333333,0.133,754.65,83.33333333,3.833333333,64.66666667,-2.4
40,0,19.6,36.26,17.5,37.46666667,19.79,37.46,17.73,34.73,17.89,43.41,0.425,77.525,18,28.79,20.63333333,38.39,17.79,38.96,0.2,754.7,83,4,65,-2.4
40,20,19.6,36.12666667,17.5,37.32666667,19.79,37.35285714,17.7,34.56,17.89,43.656,0.5,77.1,18,28.73,20.6,38.06,17.79,38.56666667,0.25,754.7666667,82.66666667,4,57.66666667,-2.4
50,20,19.6,36.06,17.6,37.16333333,19.79,37.334,17.7,34.56,17.81857143,43.7,0.533333333,76.7,18,28.66666667,20.53333333,37.86,17.7,38.29666667,0.3,754.8333333,82.33333333,4,50.33333333,-2.4
60,10,19.6,35.93333333,17.525,36.9975,19.7225,37.2225,18.02333333,34.96333333,17.79,43.834,0.666666667,76.43333333,18,28.53333333,20.5,37.56,17.7,37.96333333,0.35,754.9,82,4,43,-2.4
50,0,19.5,35.83333333,17.5,36.82666667,19.7,37.16857143,18.43,34.96333333,17.79,44.03714286,0.733333333,75.95666667,17.96333333,28.5,20.5,37.43333333,17.7,37.69,0.4,754.9666667,81.66666667,4,35.66666667,-2.4
170,0,19.5,35.7,17.5,36.7,19.7,37.054,18.5,34.6,17.79,44.196,0.911111111,75.34222222,17.89,28.42666667,20.39,37.06,17.7,37.79,0.45,755.0333333,81.33333333,4,28.33333333,-2.4
270,0,19.5,35.9,17.5,36.62666667,19.7,36.91428571,18.42666667,34.26666667,17.79,44.35285714,0.966666667,74.76666667,17.89,28.35666667,20.39,36.86,17.7,37.73,0.5,755.1,81,4,21,-2.4
70,0,19.5,35.86333333,17.5,36.56,19.64,36.758,18.34,34.145,17.754,44.4,1.166666667,74.36666667,17.89,28.29,20.39,36.66333333,17.7,37.56,0.6,755.1166667,80.66666667,4,21.16666667,-2.35
90,30,19.5,35.79,17.56666667,36.43333333,19.6,36.59,18.26,34.12666667,17.7,44.35285714,1.323333333,73.7,17.89,28.29,20.39,36.53,17.7,37.43333333,0.7,755.1333333,80.33333333,4,21.33333333,-2.3
90,20,19.5,35.76,17.63333333,36.29,19.6,36.59,18.2,34.26,17.7,44.316,1.53,73.43333333,17.89,28.23,20.29,36.345,17.7,37.26,0.8,755.15,80,4,21.5,-2.25
260,20,19.5,35.7,17.7,36.23,19.6,36.63714286,18.29,34.56666667,17.7,44.2,1.766666667,72.76666667,17.79,28.16666667,20.29,36.16333333,17.7,37.06666667,0.9,755.1666667,79.66666667,4,21.66666667,-2.2
150,20,19.5,35.59,17.79,36.06,19.6,36.656,18.29,34.83333333,17.7,44.156,1.975,71.925,17.79,28.1,20.29,36.09,17.7,37.16666667,1,755.1833333,79.33333333,4,21.83333333,-2.15
80,30,19.5,35.59,17.85666667,36,19.64285714,36.70714286,18.39,35.03,17.65714286,44.01285714,2.126666667,71.16666667,17.79,28.1,20.26,36.15666667,17.76,38.02666667,1.1,755.2,79,4,22,-2.1
60,20,19.5,35.4,17.89,36.03,19.7,36.656,18.39,35.16333333,17.6,43.94,2.3,70.7,17.79,28.1,20.2,36.36333333,17.79,38.53,1.25,755.25,78.16666667,4,21.83333333,-2.12
60,20,19.56666667,35.32666667,17.96333333,36.09,19.61428571,36.52428571,18.5,35.32666667,17.6,43.845,2.566666667,69.42666667,17.79,28.1,20.2,36.46666667,17.79,38.59,1.4,755.3,77.33333333,4,21.66666667,-2.13
70,20,19.6,35.29,18.03333333,36.03,19.6,36.4,18.56666667,35.46666667,17.6,43.79,2.833333333,68.63333333,17.79,28.1,20.2,36.4,17.79,38.56,1.55,755.35,76.5,4,21.5,-2.15
50,20,19.6,35.29,18.16666667,36.09,19.6,36.32142857,18.6,35.53,17.6,43.7,3.126666667,67.43,17.79,28.1,20.1,36.4,17.79,38.5,1.7,755.4,75.66666667,4,21.33333333,-2.17
130,30,19.7,35.36333333,18.23,36.03,19.6,36.2,18.66666667,35.86333333,17.58571429,43.71285714,3.35,65.9425,17.79,28.03333333,20.1,36.4,17.79,38.5,1.85,755.45,74.83333333,4,21.16666667,-2.18
540,20,19.7,35.43,18.29,36.03,19.65714286,36.25142857,18.8,36.15666667,17.54,43.754,3.6,65.09333333,17.79,28.03333333,20.06666667,36.33333333,17.79,38.36,2,755.5,74,4,21,-2.2
510,20,19.7,36.16,18.42666667,35.93333333,19.7,36.312,19.26,36.23,17.54285714,43.86857143,3.933333333,63.55666667,17.79,28,20,36.2,17.79,38.13333333,2.12,755.5333333,73.5,4,21.16666667,-2.17
200,20,19.76,36.9,18.56666667,36.06,19.7,36.42857143,19.86,35.83333333,17.56,43.834,4.126666667,62.49666667,17.79,28,20,36.2,17.79,37.93333333,2.23,755.5666667,73,4,21.33333333,-2.13
200,30,19.82333333,37.06666667,18.63333333,36.09,19.7,36.5,20,35.5,17.51428571,43.9,4.333333333,60.76666667,17.73,28,20,36.12666667,17.79,37.79,2.35,755.6,72.5,4,21.5,-2.1
180,20,19.96333333,37.66,18.7,36.09,19.71285714,36.51285714,20,35.65666667,17.56,43.92,4.475,59.9,17.79,28,20,36.06,17.79,37.73,2.47,755.6333333,72,4,21.66666667,-2.07
190,20,20,38.59,18.76,36.16333333,19.79,36.59,20,35.86333333,17.52857143,44,4.6675,59.025,17.79,27.96333333,20,36,17.79,37.645,2.58,755.6666667,71.5,4,21.83333333,-2.03
100,20,20.06666667,38.86333333,18.79,36.43333333,19.79,36.66857143,19.92666667,36,17.5,44.09,5.026666667,58.73333333,17.79,27.89,19.89,35.96666667,17.79,37.5,2.7,755.7,71,4,22,-2
240,20,20.1,38.395,18.79,36.56,19.79,36.79,19.92666667,36,17.5,44.23571429,5.16,56.96333333,17.79,27.89,19.89,35.9,17.79,37.43333333,2.82,755.7,70.66666667,4.333333333,22.5,-1.97
140,20,20.13333333,38.29666667,18.82333333,36.73,19.84714286,36.99285714,20,36.045,17.5,44.312,5.3,56.29666667,17.79,27.89,19.89,35.79,17.79,37.29,2.93,755.7,70.33333333,4.666666667,23,-1.93
100,30,20.2,37.89,18.89,36.73,19.89,37.09,20,36.06,17.5,44.4,5.3,55.45666667,17.79,27.89,19.82333333,35.73,17.79,37.29,3.05,755.7,70,5,23.5,-1.9
90,20,20.29,37.63333333,18.89,36.7,19.96857143,37.15285714,20,36.06,17.5,44.5,5.328571429,54.78,17.79,27.89,19.79,35.656,17.79,37.2,3.17,755.7,69.66666667,5.333333333,24,-1.87
70,20,20.29,37.43333333,18.89,36.62666667,19.93714286,37.12142857,19.89,36.09,17.5,44.5,5.536,54.856,17.79,27.89,19.79,35.5675,17.79,37.12666667,3.28,755.7,69.33333333,5.666666667,24.5,-1.83
70,30,20.29,36.9,18.89,36.43,19.956,37,19.89,36.03,17.5,44.44,5.59,53.57,17.79,27.82333333,19.79,35.5,17.79,37.06,3.4,755.7,69,6,25,-1.8
60,20,20.29,36.56666667,18.89,36.23,19.93714286,36.98571429,19.89,35.96666667,17.5,44.32142857,5.672,53.318,17.79,27.79,19.79,35.44285714,17.79,37,3.4,755.7,69.5,5.833333333,25,-1.7
60,20,20.39,37.12333333,18.89,36.09,19.934,36.94,19.89,35.9,17.456,44.254,5.828571429,52.92142857,17.73,27.79,19.79,35.44,17.76,36.96666667,3.4,755.7,70,5.666666667,25,-1.6
70,0,20.32333333,36.59666667,18.89,36.03,19.93714286,36.9,19.89,35.76,17.48428571,44.27714286,5.9,52.476,17.79,27.79,19.72571429,35.4,17.7,36.82666667,3.4,755.7,70.5,5.5,25,-1.5
50,0,20.39,36.19333333,18.79,35.86333333,19.89,36.9,19.89,35.56666667,17.456,44.236,5.97,51.88428571,17.7,27.79,19.7,35.4,17.7,36.7,3.4,755.7,71,5.333333333,25,-1.4
50,0,20.39,35.8,18.79,35.73,19.95285714,36.88428571,19.76,34.83333333,17.5,44.2,6.045,51.28625,17.7,27.79,19.7,35.33714286,17.7,36.62666667,3.4,755.7,71.5,5.166666667,25,-1.3
50,0,20.39,35.4,18.79,35.56,19.956,36.834,19.63333333,34.5,17.5,44.09,6.074,51.172,17.7,27.79,19.7,35.29,17.7,36.59,3.4,755.7,72,5,25,-1.2
40,0,20.46333333,35.12666667,18.79,35.43333333,19.95285714,36.79,19.56666667,34.13333333,17.5,44.03857143,6.221428571,50.27142857,17.76,27.79,19.7,35.26428571,17.7,36.53,3.45,755.7166667,72,4.833333333,24.33333333,-1.15
50,0,20.5,34.93,18.79,35.26,19.956,36.754,19.5,34,17.5,43.98,6.576,50.24,17.76,27.7,19.6,35.054,17.7,36.4,3.5,755.7333333,72,4.666666667,23.66666667,-1.1
40,0,20.5,34.65666667,18.79,35.2,19.89,36.7,19.39,33.76,17.45875,43.8175,6.69,48.4,17.7,27.7,19.6,34.94285714,17.7,36.32142857,3.55,755.75,72,4.5,23,-1.05
20,0,20.5,34.46666667,18.79,35.06,19.89,36.678,19.32333333,33.7,17.42142857,43.62142857,6.69,48.93333333,17.7,27.73,19.6,34.9,17.7,36.156,3.6,755.7666667,72,4.333333333,22.33333333,-1
40,0,20.42666667,34.32666667,18.79,34.925,19.89,36.59,19.29,33.7,17.39,43.5,6.69,49.69333333,17.7,27.79,19.6,34.9,17.7,36.10571429,3.65,755.7833333,72,4.166666667,21.66666667,-0.95
20,0,20.39,34.16333333,18.73,34.82666667,19.85,36.554,19.23,33.62666667,17.39,43.44285714,6.563333333,49.89333333,17.7,27.79,19.6,34.79,17.7,36.145,3.7,755.8,72,4,21,-0.9
40,0,20.39,34.09,18.7,34.82666667,19.79,36.48571429,19.16666667,33.59,17.39,43.378,6.263333333,50.96666667,17.7,27.79,19.55714286,34.89857143,17.7,36.072,3.6,755.85,73.66666667,3.833333333,21.16666667,-0.7
50,0,20.39,34,18.63333333,34.76666667,19.79,36.4,19.1,33.59,17.39,43.29,6.19,51.3,17.7,27.89,19.54,35,17.7,36,3.5,755.9,75.33333333,3.666666667,21.33333333,-0.5
40,0,20.29,33.96666667,18.6,34.7,19.79,36.36857143,19.05,33.545,17.39,43.2,6.226666667,50.86333333,17.7,27.89,19.5,35,17.7,35.96,3.4,755.95,77,3.5,21.5,-0.3
50,0,20.29,33.9,18.6,34.7,19.79,36.4,18.96333333,33.4,17.39,43.13714286,6.3,49.53,17.7,27.85666667,19.5,35,17.7,35.83714286,3.3,756,78.66666667,3.333333333,21.66666667,-0.1
50,0,20.26,33.86333333,18.56666667,34.59,19.79,36.35285714,18.89,33.4,17.39,43.134,6.156666667,49.66666667,17.7,27.79,19.45285714,34.95714286,17.66,35.736,3.2,756.05,80.33333333,3.166666667,21.83333333,0.1
40,0,20.2,33.79,18.5,34.59,19.79,36.378,18.89,33.4,17.39,43.05142857,6.03,50.6,17.7,27.79,19.478,35,17.62857143,35.59571429,3.1,756.1,82,3,22,0.3
50,0,20.2,33.79,18.5,34.59,19.79,36.29,18.82333333,33.4,17.39,43,5.7,52.6,17.7,27.8925,19.42142857,35.02571429,17.64,35.44,3.1,756.1166667,81.5,2.833333333,23.16666667,0.2
50,0,20.13333333,33.79,18.42666667,34.59,19.79,36.29,18.76,33.5,17.39,42.91428571,5.433333333,54.86,17.7,28.06666667,19.39,35.09,17.61428571,35.39857143,3.1,756.1333333,81,2.666666667,24.33333333,0.1
80,10,20.06666667,33.79,18.39,34.59,19.79,36.21285714,18.7,33.56,17.39,42.9,5.23,56.8,17.7,28.13333333,19.39,35.16571429,17.6,35.29,3.1,756.15,80.5,2.5,25.5,0
90,0,20,33.79,18.39,34.66333333,19.77875,36.10875,18.7,33.73,17.39,42.82142857,5.09,57.99333333,17.7,28.26,19.39,35.35,17.6,35.29,3.1,756.1666667,80,2.333333333,26.66666667,-0.1
80,0,20,33.9,18.39,34.82666667,19.736,36.218,18.7,33.79,17.35,42.856,5.045,59.395,17.7,28.39,19.42142857,35.64714286,17.6,35.29,3.1,756.1833333,79.5,2.166666667,27.83333333,-0.2
100,0,20,33.96666667,18.32333333,34.9,19.72571429,36.29,18.66666667,33.93333333,17.29,42.79,4.883333333,60.60833333,17.63333333,28.39,19.5,36.036,17.6,35.27714286,3.1,756.2,79,2,29,-0.3
100,0,20,34.12666667,18.36,35,19.754,36.254,18.6,34.06,17.29,42.79,4.833333333,61.06333333,17.6,28.53333333,19.6125,36.20875,17.6,35.2,2.98,756.2333333,80.16666667,2,27.83333333,-0.217
80,0,20,34.26,18.63333333,34.93333333,19.73857143,36.2,18.6,34.12666667,17.29,42.76428571,4.626666667,62.03333333,17.6,28.66666667,19.71285714,36.44142857,17.6,35.2,2.87,756.2666667,81.33333333,2,26.66666667,-0.133
80,0,19.89,34.43333333,18.63333333,34.79,19.7,36.178,18.6,34.26,17.29,42.7,4.293333333,63.16666667,17.6,28.73,19.79,36.554,17.6,35.2,2.75,756.3,82.5,2,25.5,-0.05
70,0,19.89,34.56,18.6,34.86,19.7,36.09,18.56666667,34.32666667,17.29,42.7,4.126666667,64.06666667,17.6,28.79,19.79,36.66857143,17.51428571,35.2,2.63,756.3333333,83.66666667,2,24.33333333,0.0333
70,0,19.89,34.62666667,18.53333333,35.06,19.7,36.054,18.5,34.46666667,17.29,42.7,3.933333333,64.73333333,17.6,28.92666667,19.89,36.79,17.5,35.2,2.52,756.3666667,84.83333333,2,23.16666667,0.117
80,0,19.89,34.62666667,18.53333333,35.2,19.73857143,35.88,18.5,34.59,17.29,42.7,3.76,65.26,17.6,29,19.95285714,36.85285714,17.5,35.2,2.4,756.4,86,2,22,0.2
90,0,20,34.7,18.6,35.2675,19.7,35.772,18.5,34.66333333,17.29,42.736,3.7,65.59333333,17.53333333,29,20.02,36.978,17.5,35.2,2.37,756.4833333,86.33333333,2.166666667,22.16666667,0.233
80,0,20,34.7,18.6,35.29,19.73857143,35.7,18.5,34.73,17.25142857,42.75142857,3.56,66.92333333,17.6,29.06666667,20.1,37.09,17.5,35.2,2.33,756.5666667,86.66666667,2.333333333,22.33333333,0.267
160,0,20.03333333,34.76666667,18.7,35.43333333,19.79,35.7,18.4725,34.8725,17.26,42.76,3.433333333,68.13,17.5,29.2,20.14,37.2,17.456,35.156,2.3,756.65,87,2.5,22.5,0.3
440,0,20.1,34.9,18.7,35.5,19.79,35.7,18.39,34.96666667,17.2,42.77714286,3.26,69.5,17.5,29.26,20.12857143,37.25142857,17.42142857,35.12142857,2.27,756.7333333,87.33333333,2.666666667,22.66666667,0.333
230,0,20.1,34.96666667,18.79,35.5,19.79,35.7,18.39,35.12666667,17.2,42.82142857,3.126666667,70.36,17.5,29.39,20.2,37.29,17.434,35.2,2.23,756.8166667,87.66666667,2.833333333,22.83333333,0.367
260,0,20.13333333,35.43333333,18.85666667,35.56,19.86142857,35.79571429,18.39,35.26,17.2,42.9,2.966666667,71.75666667,17.5,29.46333333,20.23857143,37.33714286,17.40571429,35.2,2.2,756.9,88,3,23,0.4
180,10,20.26,36.36,18.89,35.5,19.89,35.79,18.39,35.4,17.23857143,42.99857143,2.9,72.29666667,17.5,29.6,20.236,37.4,17.39,35.2,2.12,756.9166667,89.16666667,2.833333333,27,0.5
100,10,20.32333333,37.22666667,18.89,35.56,19.89,36.00857143,18.39,35.46666667,17.236,43.076,2.863333333,72.85666667,17.5,29.675,20.29,37.17857143,17.39,35.218,2.03,756.9333333,90.33333333,2.666666667,31,0.6
90,0,20.46333333,37.96666667,19,35.76666667,19.956,36.276,18.39,35.76666667,17.2,43.22571429,2.79,73.345,17.5,29.76,20.29,37.054,17.39,35.29,1.95,756.95,91.5,2.5,35,0.7
90,0,20.5,36.9,19,35.96666667,20.07142857,36.51,18.39,36.02666667,17.2,43.334,2.7,73.945,17.5,29.79,20.31857143,37.16857143,17.39,35.29,1.87,756.9666667,92.66666667,2.333333333,39,0.8
90,0,20.5,36.56666667,19.1,36.09,20.1,36.5,18.39,36.32666667,17.2,43.45714286,2.663333333,74.39666667,17.5,29.79,20.39,37.29,17.39,35.29,1.78,756.9833333,93.83333333,2.166666667,43,0.9
80,10,20.53333333,36.29,19.1,36.16333333,20.1,36.5,18.39,36.4,17.218,43.518,2.59,74.99,17.5,29.89,20.48428571,37.45428571,17.39,35.29,1.7,757,95,2,47,1
70,10,20.6,36.29,19.2,36.2,20.04,36.44,18.39,36.53,17.22571429,43.59,2.5,75.66,17.5,29.96333333,20.5,37.552,17.39,35.29,1.63,757.05,95,2,49.33333333,0.933
70,30,20.63333333,36.46666667,19.2,36.2,20,36.4,18.39,36.59,17.254,43.754,2.5,75.99333333,17.5,30,20.46857143,37.26428571,17.35,35.334,1.57,757.1,95,2,51.66666667,0.867
70,20,20.63333333,36.26666667,19.2,36.23,19.89,36.4,18.59666667,37.12666667,17.2,43.75142857,2.4,76.53,17.5,30.06666667,20.39,36.96,17.36142857,35.4,1.5,757.15,95,2,54,0.8
100,20,20.6,36,19.2,36.29,19.89,36.41428571,19.12333333,37.2,17.218,43.812,2.326666667,76.65666667,17.39,30,20.37571429,36.69142857,17.35,35.4,1.43,757.2,95,2,56.33333333,0.733
90,10,20.66666667,36,19.32333333,36.36333333,19.90375,36.45,19.83333333,37.06,17.25142857,43.9,2.29,77.16,17.46333333,30.06666667,20.29,36.59,17.36142857,35.4,1.37,757.25,95,2,58.66666667,0.667
80,10,20.73,36,19.39,36.29,19.956,36.4,20.29333333,36.72666667,17.29,44,2.29,77.49333333,17.39,30.1,20.31857143,36.62142857,17.33,35.4,1.3,757.3,95,2,61,0.6
80,0,20.85666667,36,19.53333333,36.36333333,20,36.4,20.35666667,36.1,17.25142857,43.95714286,2.26,77.99666667,17.39,30.1,20.33,36.834,17.30428571,35.4,1.27,757.3166667,95.33333333,2,58.16666667,0.6
90,0,20.92666667,35.86333333,19.6975,36.2675,20.06,36.46,20.23,35.76666667,17.236,43.96,2.2,78.19,17.39,30.1,20.39,36.95714286,17.29,35.4,1.23,757.3333333,95.66666667,2,55.33333333,0.6
80,0,21.06666667,35.79,19.79,36.12666667,20.08571429,36.48571429,20.06666667,35.56,17.22571429,44.02571429,2.2,78.16,17.39,30.16666667,20.4725,37.15,17.29,35.4,1.2,757.35,96,2,52.5,0.6
90,10,21.1,35.66333333,19.89,36.06,20.1,36.5,19.9175,35.5,17.2,44,2.2,78.43333333,17.39,30.2,20.5,37.276,17.29,35.46,1.17,757.3666667,96.33333333,2,49.66666667,0.6
90,0,21.175,35.5675,19.96333333,35.93333333,20.1,36.5,19.82333333,35.43333333,17.22571429,44.07714286,2.09,78.59,17.39,30.2,20.52857143,37.49714286,17.29,35.48571429,1.13,757.3833333,96.66666667,2,46.83333333,0.6
80,0,21.26,35.56,20,35.86333333,20.14,36.554,19.7,35.43333333,17.236,44.134,2.09,78.59,17.39,30.2,20.6,37.59,17.29,35.5,1.1,757.4,97,2,44,0.6
80,0,21.29,35.46666667,20.06666667,35.79,20.2,36.5,19.7,35.56,17.23857143,44.13714286,2.09,78.59,17.39,30.2,20.6,37.65285714,17.29,35.5,1.07,757.45,97,2,42.16666667,0.583
80,10,21.35666667,35.4,20.1,35.76,20.2,36.5,19.6,35.62666667,17.254,44.2,2.0675,78.615,17.39,30.2,20.66,37.754,17.29,35.5,1.03,757.5,97,2,40.33333333,0.567
60,0,21.32333333,35.29,20.16666667,35.62666667,20.2,36.47142857,19.6,35.76,17.27714286,44.25142857,2,78.76333333,17.39,30.2,20.7,37.83714286,17.29,35.55142857,1,757.55,97,2,38.5,0.55
40,20,21.39,35.23,20.13333333,35.56,20.2,36.4,19.5,35.86,17.29,44.33125,2,79.12333333,17.39,30.26,20.736,37.79,17.29,35.536,0.967,757.6,97,2,36.66666667,0.533
30,20,21.39,35.2,20.2,35.56,20.12857143,36.50857143,19.5,36.06,17.236,44.236,2,79.26333333,17.39,30.36,20.73857143,37.92285714,17.29,35.72857143,0.933,757.65,97,2,34.83333333,0.517
30,0,21.39,35.12666667,20.16666667,35.36333333,20,36.656,19.39,36.23,17.2,44.2,2,79.22666667,17.39,30.56666667,20.7,38.252,17.39,36.82,0.9,757.7,97,2,33,0.5
60,0,21.39,35.09,20.1,35.36333333,19.92142857,36.72571429,19.32333333,36.29,17.2,44.236,2,79.22666667,17.39,30.7,20.7,38.59571429,17.42142857,37.45142857,0.8,757.75,97.33333333,1.833333333,29.33333333,0.433
50,0,21.32333333,35.09,20,35.43333333,19.79,36.79,19.26,36.29,17.2,44.35285714,1.966666667,79.53,17.46333333,30.82666667,20.7,39.036,17.39,37.68375,0.7,757.8,97.66666667,1.666666667,25.66666667,0.367
40,0,21.29,35.12666667,20,35.5,19.86142857,36.88428571,19.2,36.29,17.2,44.48,1.9,79.59,17.5,30.92666667,20.68571429,39.35571429,17.412,37.812,0.6,757.85,98,1.5,22,0.3
50,0,21.29,35.2,19.96333333,35.62666667,19.79,36.9,19.2,36.32666667,17.2,44.518,1.9,79.56,17.5,31,20.6,39.576,17.45285714,37.92857143,0.5,757.9,98.33333333,1.333333333,18.33333333,0.233
50,0,21.29,35.2,19.89,35.76,19.79,36.9,19.13333333,36.4,17.2,44.59,1.826666667,79.43333333,17.5,31.13333333,20.57142857,39.76428571,17.39,37.9,0.4,757.95,98.66666667,1.166666667,14.66666667,0.167
40,0,21.29,35.26,19.79,35.73,19.79,36.9,19.06666667,36.46666667,17.2,44.7,1.79,79.26333333,17.5,31.2,20.5,39.834,17.43714286,38.02428571,0.3,758,99,1,11,0.1
50,10,21.2,35.2,19.79,35.86333333,19.79,36.98571429,19,36.4,17.16,44.79,1.73,79.12333333,17.5,31.2,20.43714286,39.9,17.412,38.04,0.267,758.0666667,99,1,10.83333333,0.0833
50,0,21.2,35.26,19.7,35.93333333,19.85,37.076,18.89,36.5,17.2,44.834,1.666666667,79.19333333,17.5,31.2,20.39,39.92,17.5,38.2,0.233,758.1333333,99,1,10.66666667,0.0667
60,0,21.1,35.32666667,19.625,35.95,19.89,37.2,18.89,36.5,17.15,44.9,1.533333333,79.66666667,17.5,31.29,20.39,40.09571429,17.456,38.29,0.2,758.2,99,1,10.5,0.05
50,0,21.1,35.4,19.53333333,36.06,19.89,37.236,18.85666667,36.46666667,17.1,45,1.463333333,80.03,17.5,31.29,20.29,40.44,17.48428571,38.38428571,0.167,758.2666667,99,1,10.33333333,0.0333
20,0,21.1,35.5,19.5,36.12666667,19.95875,37.29,18.79,36.425,17.14,45,1.39,80.23,17.5,31.39,20.31857143,40.65285714,17.5,38.4,0.133,758.3333333,99,1,10.16666667,0.0167
30,0,21.03333333,35.5,19.42666667,36.2,20,37.29,18.79,36.5,17.2,45.0225,1.39,80.36666667,17.5,31.39,20.29,40.916,17.5,38.42857143,0.1,758.4,99,1,10,0
20,0,21,35.5,19.39,36.29,20,37.312,18.7,36.5,17.2,45.09,1.445,80.3225,17.5,31.39,20.26428571,41.29571429,17.5,38.634,0.133,758.4,99,1,11.16666667,0.0333
40,0,21,35.59,19.32333333,36.29,20,37.4,18.7,36.5,17.14,45.156,1.39,80.33,17.5,31.46333333,20.2,41.78,17.5,38.84,0.167,758.4,99,1,12.33333333,0.0667
50,0,20.92666667,35.66333333,19.26,36.29,20,37.4,18.66666667,36.5,17.16,45.2,1.29,80.56333333,17.5,31.5,20.2,42.116,17.5,38.978,0.2,758.4,99,1,13.5,0.1
50,10,20.89,35.73,19.2,36.29,20,37.48571429,18.6,36.5,17.12857143,45.2,1.356666667,80.69,17.5,31.5,20.2,42.454,17.5,39.12142857,0.233,758.4,99,1,14.66666667,0.133
50,0,20.89,35.79,19.16666667,36.4,20,37.518,18.6,36.43333333,17.1,45.2,1.39,80.59,17.5,31.5,20.2,42.7425,17.5,39.236,0.267,758.4,99,1,15.83333333,0.167
50,0,20.79,35.79,19.1,36.46666667,20,37.59,18.6,36.5,17.1,45.236,1.39,80.65666667,17.5,31.53333333,20.2,43.03714286,17.5,39.38428571,0.3,758.4,99,1,17,0.2
50,0,20.79,35.79,19.06666667,36.46666667,20.1,37.736,18.5,36.5,17.1,45.29,1.29,81.06333333,17.5,31.6,20.12,43.218,17.5,39.42,0.333,758.4166667,99,1.166666667,17.16666667,0.217
40,0,20.76,35.9,19,36.46666667,20.1,37.77714286,18.5,36.5,17.1,45.378,1.29,81.26333333,17.5,31.6,20.1,43.478,17.5,39.5,0.367,758.4333333,99,1.333333333,17.33333333,0.233
50,0,20.7,35.9,18.96333333,36.5,20.1,37.754,18.5,36.5,17.1,45.4,1.29,81.19,17.5,31.6,20.1,43.59,17.5,39.5,0.4,758.45,99,1.5,17.5,0.25
40,0,20.7,35.9,18.89,36.56,20.1,37.79,18.5,36.5,17.1,45.4,1.29,81.26333333,17.5,31.63333333,20.1,43.59,17.55714286,39.55142857,0.433,758.4666667,99,1.666666667,17.66666667,0.267
40,0,20.7,35.9,18.82333333,36.56666667,20.1,37.79,18.39,36.4,17.1,45.4,1.26,81.3,17.5,31.7,20.1,43.674,17.56,39.612,0.467,758.4833333,99,1.833333333,17.83333333,0.283
50,0,20.6,35.82666667,18.82333333,36.62666667,20.1,37.80571429,18.39,36.46666667,17.1,45.46,1.2,81.36666667,17.5,31.7,20.08,43.772,17.57142857,39.7,0.5,758.5,99,2,18,0.3
40,10,20.6,35.9,18.76,36.59,20.12,37.9,18.39,36.5,17.07142857,45.47142857,1.1,81.69333333,17.5,31.7,20,43.7,17.54,39.7,0.517,758.5,99,2,17.83333333,0.333
30,0,20.5,35.9,18.7,36.59,20.2,37.9,18.39,36.5,17.1,45.5,1.1,82.02666667,17.5,31.7,20,43.745,17.5375,39.75625,0.533,758.5,99,2,17.66666667,0.367
30,0,20.5,35.9,18.7,36.7,20.2,37.9,18.35666667,36.5,17.1,45.5,1.1,82.16,17.5,31.7,20,43.9,17.6,39.79,0.55,758.5,99,2,17.5,0.4
30,0,20.5,35.9,18.675,36.7675,20.2,37.9,18.29,36.5,17.1,45.51285714,1.1,82.43333333,17.5,31.79,20,43.9,17.54,39.812,0.567,758.5,99,2,17.33333333,0.433
50,0,20.42666667,35.9,18.6,36.79,20.18,37.9,18.29,36.5,17.1,45.59,1.1,82.59,17.5,31.79,20,43.95,17.57142857,39.9,0.583,758.5,99,2,17.16666667,0.467
40,0,20.39,35.9,18.56666667,36.82666667,20.1,37.9,18.26,36.46666667,17.1,45.59,1.1,82.53,17.5,31.79,20,43.94,17.54,40,0.6,758.5,99,2,17,0.5
50,0,20.39,35.9,18.5,36.9,20.1,37.9,18.2,36.46666667,17.1,45.634,1.1,82.79666667,17.5,31.79,20,44,17.6,40,0.667,758.5666667,99.16666667,2.166666667,14.83333333,0.583
50,0,20.39,35.9,18.5,37,20.1,37.92857143,18.2,36.5,17.1,45.60833333,1.133333333,83.06333333,17.5,31.79,19.92142857,44,17.56,40.018,0.733,758.6333333,99.33333333,2.333333333,12.66666667,0.667
50,0,20.29,35.93333333,18.5,37.06,20.1,37.96,18.2,36.5,17.1,45.7,1.2,83.33,17.42666667,31.79,19.934,43.9,17.6,40.09,0.8,758.7,99.5,2.5,10.5,0.75
60,10,20.29,36,18.39,37.09,20.1,38,18.2,36.5,17.07142857,45.66857143,1.1,83.46333333,17.445,31.89,19.89,43.9,17.6,40.09,0.867,758.7666667,99.66666667,2.666666667,8.333333333,0.833
40,0,20.2,36,18.39,37.09,20.2,38.036,18.2,36.5,17.06,45.656,1.033333333,83.46333333,17.46333333,31.89,19.89,43.9,17.6,40.15285714,0.933,758.8333333,99.83333333,2.833333333,6.166666667,0.917
50,0,20.2,36,18.29,37.2,20.2,38.09,18.2,36.5,17.05714286,45.65285714,0.733333333,82.89666667,17.39,31.89,19.89,43.9,17.6,40.2,1,758.9,100,3,4,1
40,0,20.2,36.09,18.29,37.2,20.2,38.09,18.2,36.5,17.1,45.736,0.6,83.29666667,17.46333333,31.96333333,19.89,43.9,17.6,40.26428571,0.85,758.9666667,99.83333333,2.833333333,6.5,0.833
50,0,20.13333333,36.09,18.29,37.29,20.2,38.112,18.1,36.53,17.01428571,45.71285714,0.566666667,83.59333333,17.39,31.89,19.89,43.9,17.6,40.29,0.7,759.0333333,99.66666667,2.666666667,9,0.667
40,0,20.1,36.12666667,18.29,37.29,20.2,38.16857143,18.1,36.59,17,45.7,0.433333333,83.06666667,17.39,31.89,19.89,43.9,17.6,40.35285714,0.55,759.1,99.5,2.5,11.5,0.5
20,0,20.1,36.2,18.26,37.4,20.2,38.2,18.1,36.53,17,45.7,0.166666667,82.36666667,17.39,31.89,19.84,43.8,17.58,40.4,0.4,759.1666667,99.33333333,2.333333333,14,0.333
40,0,20.06666667,36.16333333,18.2,37.4,20.2,38.2,18.1,36.59,17,45.7,0.033333333,82.56,17.39,31.89,19.83285714,43.63714286,17.57142857,40.4,0.25,759.2333333,99.16666667,2.166666667,16.5,0.167
30,0,20.06666667,36.16333333,18.2,37.4,20.2,38.2,18,36.5,17,45.7,-0.233333333,82.62666667,17.39,31.96333333,19.79,43.59,17.6,40.4,0.1,759.3,99,2,19,0
40,0,20,36.2,18.13333333,37.4,20.17142857,38.2,18,36.5,17,45.754,-0.366666667,82.03333333,17.39,31.92666667,19.79,43.59,17.6,40.45714286,-0.1,759.3666667,99,2,24.33333333,-0.217
40,0,20,36.2,18.1,37.5,20.16,38.2,18,36.5,17,45.79,-0.633333333,80.72666667,17.39,32,19.745,43.515,17.6,40.5,-0.3,759.4333333,99,2,29.66666667,-0.433
50,0,19.89,36.2,18.03333333,37.5,20.1,38.23857143,18,36.5,17,45.79,-0.8,80.575,17.39,32,19.736,43.46,17.6,40.5,-0.5,759.5,99,2,35,-0.65
40,0,19.89,36.2,18,37.5,20.1,38.254,18,36.5,17,45.79,-0.966666667,81.5,17.39,31.92666667,19.7,43.4,17.6,40.5,-0.7,759.5666667,99,2,40.33333333,-0.867
50,0,19.89,36.29,17.9725,37.5675,20.1,38.29,18,36.5,17,45.79,-1.033333333,82.3,17.39,32,19.7,43.44,17.6,40.55142857,-0.9,759.6333333,99,2,45.66666667,-1.08
50,10,19.89,36.29,17.89,37.59,20.1,38.29,18,36.5,17,45.79,-1.166666667,82.43333333,17.39,32,19.7,43.4,17.6,40.63,-1.1,759.7,99,2,51,-1.3
50,0,19.85666667,36.26,17.89,37.52666667,20.1,38.21285714,17.89,36.4,17,45.69428571,-1.2,82.89666667,17.35666667,31.72333333,19.7,43.4,17.6,40.83714286,-1.12,759.75,98.5,2,52.66666667,-1.38
60,20,19.79,36.2,17.89,37.32666667,20.1,38.218,17.89,36.26666667,17,45.356,-1.26,82.35666667,17.29,31.32333333,19.7,42.74,17.6,40.656,-1.13,759.8,98,2,54.33333333,-1.47
100,10,19.79,36.1,17.79,37.06,20.1,38.26428571,18.09666667,36.5,17,45.22285714,-1.426666667,82.03,17.29,31.13333333,19.675,42.3,17.6,40.3575,-1.15,759.85,97.5,2,56,-1.55
40,0,19.73,36.15666667,17.79,36.93333333,20.1,38.2,18.35666667,36.62666667,17,45.072,-1.5,82.36333333,17.2225,30.82,19.6,41.66166667,17.54285714,40.04,-1.17,759.9,97,2,57.66666667,-1.63
40,10,19.73,36.29,17.79,36.96666667,20.08571429,38.12428571,18.39,36.13333333,17,44.92857143,-1.463333333,82.99666667,17.2,30.7,19.54,41.22,17.5,39.794,-1.18,759.95,96.5,2,59.33333333,-1.72
30,0,19.7,36.46666667,17.79,36.96666667,20,37.94,18.32333333,35.86,17,44.754,-1.39,83.26333333,17.2,30.56666667,19.5,40.845,17.5,39.49714286,-1.2,760,96,2,61,-1.8
40,0,19.7,36.4,17.7,37.09,20,37.82142857,18.29,35.82666667,17,44.63714286,-1.426666667,83.33,17.2,30.5,19.5,40.44333333,17.5,39.054,-0.983,760.05,95.66666667,2.166666667,61.33333333,-1.62
30,0,19.7,36.4,17.7,37.09,19.934,37.656,18.29,35.82666667,17,44.516,-1.5,83.39666667,17.16666667,30.35666667,19.456,40.08,17.43714286,38.72428571,-0.767,760.1,95.33333333,2.333333333,61.66666667,-1.43
50,0,19.7,36.26666667,17.7,37.06,19.90571429,37.53857143,18.29,35.83333333,17,44.4,-1.356666667,83.93,17.16666667,30.29,19.39,39.795,17.39,38.374,-0.55,760.15,95,2.5,62,-1.25
60,10,19.7,36.09,17.7,36.93333333,19.89,37.5,18.23,35.56666667,16.956,44.2,-1.29,84.26333333,17.1,30.2,19.39,39.56666667,17.39,38.19428571,-0.333,760.2,94.66666667,2.666666667,62.33333333,-1.07
200,0,19.7,36.09,17.66666667,36.83333333,19.86142857,37.39714286,18.2,35.36333333,16.99857143,43.81142857,-1.26,84.52666667,17.1,30.4,19.31,39.398,17.39,37.754,-0.117,760.25,94.33333333,2.833333333,62.66666667,-0.883
340,0,19.66666667,36.86,17.6,36.7,19.79,36.95,18.2,35.23,17.12,42.8,-1.2,84.33333333,17.1,30.39,19.29,39.29,17.39,37.62428571,0.1,760.3,94,3,63,-0.7
150,0,19.66666667,38.8,17.6,36.79,19.72571429,36.75714286,18.1,35.09,17.22571429,41.99714286,-1.05,84.845,17.1,30.32333333,19.29,39.12333333,17.39,37.48,0.45,760.3666667,93,2.833333333,56,-0.517
120,0,19.63333333,37.8,17.6,36.86333333,19.7,36.7,18.1,35.03,17.29,41.514,-0.766666667,85.53,17.1,30.29,19.29,38.96,17.39,37.22571429,0.8,760.4333333,92,2.666666667,49,-0.333
70,0,19.63333333,37.13333333,17.63333333,37.03,19.7,36.7,18.1,34.86333333,17.34714286,41.12571429,-0.566666667,85.73,17.1,30.29,19.23857143,38.72285714,17.39,36.96,1.15,760.5,91,2.5,42,-0.15
70,0,19.6,36.83333333,17.76,37.09,19.7,36.7,18.1,34.79,17.39,40.7675,-0.333333333,85.86666667,17.1,30.2,19.2,38.59,17.39,36.73857143,1.5,760.5666667,90,2.333333333,35,0.0333
90,0,19.6,36.7,17.86,37,19.7,36.7,18.13333333,34.79,17.39,40.59,0,86.06,17.1,30.2,19.2,38.5,17.39,36.516,1.85,760.6333333,89,2.166666667,28,0.217
70,10,19.6,36.73,18.1,36.875,19.7,36.75142857,18.2225,34.8975,17.5,40.29,0.333333333,86.22666667,17.13333333,30.23,19.2,38.43333333,17.39,36.36857143,2.2,760.7,88,2,21,0.4
80,0,19.6,36.86333333,18.2,36.62666667,19.7,36.79,18.29,35,17.5,40.26428571,0.533333333,86.43333333,17.13333333,30.29,19.16,38.356,17.39,36.236,2.42,760.75,87.83333333,2.166666667,21.33333333,0.583
170,0,19.6,36.86333333,18.32333333,36.52666667,19.7,36.75142857,18.32333333,35,17.5,40.09,0.866666667,86.53,17.2,30.29,19.16,38.29,17.39,36.21285714,2.63,760.8,87.66666667,2.333333333,21.66666667,0.767
700,0,19.6,36.86333333,18.46333333,36.46666667,19.7,36.834,18.39,35,17.5,39.95571429,1.26,86.73,17.2,30.29,19.15,38.2675,17.412,36.218,2.85,760.85,87.5,2.5,22,0.95
580,0,19.6,37.1,18.5,35.96666667,19.76571429,37.3,18.42666667,35.03,17.5,39.845,1.89,87.09,17.2,30.32333333,19.14,38.178,17.5,36.36857143,3.07,760.9,87.33333333,2.666666667,22.33333333,1.13
320,10,19.6,37.03,18.56666667,35.82666667,19.996,38,18.5,35.16333333,17.5,39.79,2.163333333,87.09,17.2,30.4725,19.18,38.09,17.5,36.4,3.28,760.95,87.16666667,2.833333333,22.66666667,1.32
280,10,19.6,37.09,18.6,35.93333333,20.29285714,38.23857143,18.5,35.16333333,17.5,39.89714286,2.433333333,87.39666667,17.26,30.63333333,19.13333333,38.16333333,17.5,36.47,3.5,761,87,3,23,1.5
260,10,19.6,37.03,18.6,36.06,20.64,38.2,18.42666667,35.03,17.54,40.2,2.633333333,87.79666667,17.2,30.63333333,19.1,38.10833333,17.5,36.936,3.73,761.0333333,86.66666667,3.166666667,24,1.67
350,0,19.6,37.16333333,18.63333333,36.36,20.80857143,38.01285714,18.39,35,17.6,40.66571429,3.03,88.06333333,17.26,30.76,19.16,38.09,17.57142857,37.72857143,3.97,761.0666667,86.33333333,3.333333333,25,1.83
390,0,19.6,37.2,18.7,36.56,20.976,37.714,18.39,35.06,17.58,41.552,3.163333333,88.19,17.29,30.89,19.1,38.09,17.6,38.145,4.2,761.1,86,3.5,26,2
270,0,19.6,37.26,18.7,36.7,21.17142857,37.56428571,18.39,35.23,17.46857143,42.16857143,3.2,87.96666667,17.29,30.96333333,19.15,38.09,17.6,38.91142857,4.43,761.1333333,85.66666667,3.666666667,27,2.17
320,0,19.7,37.43333333,18.7,36.83333333,21.33,37.254,18.46333333,35.29,17.39,42.634,3.2225,87.95,17.32333333,31.03333333,19.18,38.558,17.61428571,39.95571429,4.67,761.1666667,85.33333333,3.833333333,28,2.33
480,0,19.7,37.63333333,18.73,37.03,21.45285714,37.15285714,18.5,35.46333333,17.39,42.98,3.43,88.49333333,17.46333333,31.16666667,19.2,39.2,17.7,40.478,4.9,761.2,85,4,29,2.5
610,0,19.89333333,41.96666667,18.79,37.36333333,21.5,37.13,18.56666667,35.59,17.39,43.332,3.693333333,88.66,17.63333333,31.23,19.236,39.2,17.7,40.69428571,5.12,761.1666667,84,4,29,2.55
610,0,20.1,44.23333333,18.82333333,39.23333333,21.52857143,37.62142857,18.63333333,35.73,17.39,44.17142857,4.026666667,88.86666667,17.82666667,31.29,19.434,39.2,17.7,40.94,5.33,761.1333333,83,4,29,2.6
390,0,20.2,42.19666667,18.96333333,40.1,21.815,39.1925,18.7,35.79,17.33,44.976,4.43,89.06333333,18.03333333,31.32333333,19.6,39.054,17.67142857,41.02285714,5.55,761.1,82,4,29,2.65
340,0,20.26,41.25666667,19.03333333,40.2,22.074,40.074,18.7,35.9,17.34714286,45.31285714,4.956666667,88.93,18.16666667,31.39,19.65,38.91666667,17.7,41.156,5.77,761.0666667,81,4,29,2.7
240,0,20.32333333,40.42333333,19.1,40.06666667,22.46857143,41.06142857,18.76,35.96666667,17.33,45.518,5.226666667,87.63333333,18.23,31.39,19.736,38.82,17.7,41.26428571,5.98,761.0333333,80,4,29,2.75
260,0,20.39,39.89,19.1,39.72333333,22.7,41.6175,18.79,36,17.29,45.62142857,5.433333333,87.63333333,18.29,31.39,19.79,38.59,17.7,41.334,6.2,761,79,4,29,2.8
210,0,20.39,39.49,19.1,39.3975,22.8975,42.025,18.7225,36.0675,17.29,45.59,5.726666667,86.7,18.29,31.39,19.79,38.50875,17.65714286,41.36714286,6.35,760.9333333,77.5,4,30.83333333,2.65
140,0,20.39,39.23,19.1,39.06666667,23.02,42.14,18.7,36.09,17.29,45.59,5.866666667,85.1,18.29,31.39,19.79,38.4,17.7,41.5,6.5,760.8666667,76,4,32.66666667,2.5
70,0,20.39,39.42666667,19.16666667,38.45666667,23.07142857,41.28571429,18.76,35.96666667,17.29,45.554,6.09,83.32333333,18.29,31.39,19.79,38.29,17.7,41.5,6.65,760.8,74.5,4,34.5,2.35
50,0,20.39,39.23333333,19.1,37.73,22.66,39.09,18.76,35.96666667,17.29,45.52571429,6.296666667,81.79666667,18.35666667,31.39,19.85666667,38.275,17.7,41.5,6.8,760.7333333,73,4,36.33333333,2.2
50,0,20.5,38.72333333,19,37.49,22.38142857,38.02714286,18.7,35.86333333,17.29,45.29,6.59,78.29,18.5,31.46333333,19.89,38.094,17.7,41.5,6.95,760.6666667,71.5,4,38.16666667,2.05
110,0,20.5,38.47,19,37.43,22.2,37.43333333,18.7,35.79,17.29,45.13714286,6.656666667,75.56333333,18.575,31.2925,19.89,38,17.718,41.5,7.1,760.6,70,4,40,1.9
350,0,20.5,38.23,19.03333333,37.62666667,22.06666667,37.11333333,18.73,35.82666667,17.29,45,7.1,73.59,18.66666667,31.26,19.92142857,37.97142857,17.79,41.42857143,7.05,760.55,69.33333333,4.166666667,40,1.72
210,0,20.53333333,38.16333333,19.1,37.7,21.89,36.9,18.79,35.9,17.29,45,7.833333333,70.73,18.82333333,31.2,20.04,37.9,17.79,41.4,7,760.5,68.66666667,4.333333333,40,1.53
50,0,20.6,38.03,19.16666667,37.7,21.79,36.79,18.79,35.96666667,17.29,44.94,8.033333333,66.9,18.96333333,31.06666667,20.1,37.856,17.79,41.28571429,6.95,760.45,68,4.5,40,1.35
60,0,20.63333333,38.12666667,19.16666667,37.7,21.71285714,36.79,18.79,35.9,17.29,45,8.195,64.8425,19.13333333,30.85666667,20.2,37.656,17.85,41.276,6.9,760.4,67.33333333,4.666666667,40,1.17
60,0,20.7,38.2,19.23,37.82666667,21.64,36.79,18.82333333,36.03,17.29,45,8.36,62.63,19.26,30.79,20.33,37.554,17.89,41.4,6.85,760.35,66.66666667,4.833333333,40,0.983
50,0,20.73,38.16333333,19.29,37.9,21.6,36.79,18.82333333,35.96333333,17.29,45,8.39,61.96333333,19.39,30.56666667,20.39,37.4,17.89,41.44,6.8,760.3,66,5,40,0.8
330,0,20.79,38.03,19.39,37.79,21.5,36.9,18.82333333,35.9,17.29,45,8.39,62.55666667,19.46333333,30.5,20.476,37.378,17.89,41.5,6.92,760.3,66.16666667,5,38.16666667,0.933
380,0,20.82333333,38.22666667,19.39,37.86333333,21.525,37.075,18.89,35.96666667,17.29,45.09,8.263333333,59.55666667,19.6,30.32666667,20.6,37.22571429,17.89,41.5,7.03,760.3,66.33333333,5,36.33333333,1.07
280,0,20.89,38.76666667,19.5,38.03,21.69714286,38.02857143,18.89,35.76,17.29,45.15285714,8.19,59.29666667,19.66666667,30.2,20.7,37.09,17.89,41.5,7.15,760.3,66.5,5,34.5,1.2
240,0,20.92666667,39.19333333,19.5,38.16333333,22.04,38.834,18.89,35.7,17.29,45.24,8.1,59.75666667,19.73,30.03,20.718,36.994,17.89,41.475,7.27,760.3,66.66666667,5,32.66666667,1.33
220,0,21,39.32666667,19.6,38.29,22.2225,38.925,18.89,35.59,17.29,45.42857143,8.1,60.36333333,19.85666667,29.89,20.79,36.76428571,17.934,41.4,7.38,760.3,66.83333333,5,30.83333333,1.47
190,0,21,39.23,19.6,38.29,22.39,38.92857143,18.89,35.53,17.29,45.59,8.19,60.36333333,19.85666667,29.85666667,20.79,36.7,17.93714286,41.4,7.5,760.3,67,5,29,1.6
200,0,21,39.29,19.6,38.4,22.5,38.9,18.84,35.45,17.29,45.73571429,8.13,59.89,19.79,29.79,20.79,36.678,17.89,41.4,7.33,760.25,67.33333333,5,30.83333333,1.53
120,0,21,39.22333333,19.6,38.3175,22.58571429,38.67857143,18.85666667,35.36333333,17.29,45.812,8.033333333,58.56333333,19.79,29.76,20.79,36.59,17.92142857,41.4,7.17,760.2,67.66666667,5,32.66666667,1.47
50,0,21,39.03,19.6,38.23,22.66,38.418,18.79,35.23,17.29,45.9,7.833333333,58.62333333,19.79,29.63333333,20.77714286,36.49857143,18,41.4,7,760.15,68,5,34.5,1.4
50,0,21,38.83333333,19.6,38.2,22.66,37.858,18.79,35.16333333,17.29,45.94,7.8,58.03333333,19.7,29.56666667,20.7,36.378,17.92142857,41.4,6.83,760.1,68.33333333,5,36.33333333,1.33
60,0,21,38.62666667,19.53333333,38.12666667,22.414,37.356,18.79,35.09,17.29,45.94285714,7.8,57.56666667,19.63333333,29.42666667,20.7,36.29,17.934,41.4,6.67,760.05,68.66666667,5,38.16666667,1.27
40,0,21,38.33333333,19.56666667,38,22.29,37.11166667,18.73,35.2,17.29,45.9,7.656666667,58.49666667,19.6,29.39,20.7,36.21285714,17.89,41.32142857,6.5,760,69,5,40,1.2
50,0,21,38.07,19.5,38,22.1725,36.87,18.73,35.2,17.29,45.82142857,7.53,59.49666667,19.575,29.39,20.62857143,36.12142857,17.934,41.29,6.33,759.9666667,70.16666667,4.833333333,40,1.27
90,0,21,37.9,19.46333333,37.86333333,22.04,36.736,18.7,35.29,17.29,45.79,7.33,60.36666667,19.5,29.46333333,20.6,36.2,17.90571429,41.29,6.17,759.9333333,71.33333333,4.666666667,40,1.33
410,0,20.96333333,37.63333333,19.39,37.79,21.934,36.674,18.7,35.36333333,17.29,45.72285714,7.0925,61.3725,19.46333333,29.56666667,20.52857143,36.22571429,17.89,41.272,6,759.9,72.5,4.5,40,1.4
320,0,20.89,37.5,19.29,37.82666667,21.976,37.052,18.66666667,35.4,17.29,45.59,6.793333333,61.99,19.39,29.56666667,20.56,36.67,17.89,41.2,5.83,759.8666667,73.66666667,4.333333333,40,1.47
310,0,20.89,37.7,19.29,38.02666667,22.15,37.545,18.6,35.4,17.29,45.59,6.396666667,62.82666667,19.35666667,29.7,20.55714286,37.00857143,17.89,41.09,5.67,759.8333333,74.83333333,4.166666667,40,1.53
280,0,20.82333333,37.7,19.26,38.23,22.35,37.59,18.6,35.4,17.29,45.59,5.996666667,63.23333333,19.29,29.7,20.6,37.2,17.89,41.12142857,5.5,759.8,76,4,40,1.6
250,0,20.89,38.03,19.2,38.36333333,22.54,37.516,18.6,35.46666667,17.29,45.60571429,5.526666667,64.46,19.2,29.63333333,20.7,37.536,17.89,41.112,5.27,759.8166667,77,3.833333333,40,1.55
180,0,20.82333333,38.09,19.2,38.62666667,22.7,37.22571429,18.5,35.62666667,17.29,45.718,5.193333333,65.33333333,19.2,29.76,20.7,37.7225,17.89,41.2,5.03,759.8333333,78,3.666666667,40,1.5
110,0,20.79,38.23,19.13333333,38.7,22.79,36.9,18.5,35.7,17.29,45.79,4.796666667,66.53333333,19.1,29.79,20.7,38.03571429,17.89,41.236,4.8,759.85,79,3.5,40,1.45
90,20,20.79,38.36333333,19.1,38.82666667,22.7,36.71,18.5,35.73,17.29,45.9,4.463333333,67.46,19.1,29.85666667,20.79,38.2,17.83285714,41.23857143,4.57,759.8666667,80,3.333333333,40,1.4
90,30,20.79,38.29,19.03333333,38.82666667,22.5,36.4,18.5,35.93,17.29,45.9,4.195,68.4475,19,29.79,20.745,38.2,17.83,41.298,4.33,759.8833333,81,3.166666667,40,1.35
40,0,20.79,38.29,19.06666667,38.86333333,22.35833333,36.36333333,18.8,36.53,17.29,45.9,3.86,69.76666667,19,29.79,20.79,38.2,17.79,41.22571429,4.1,759.9,82,3,40,1.3
30,0,20.79,38.06,19,38.73,22.254,36.46,19.06666667,36.73,17.29,45.878,3.633333333,70.99333333,18.89,29.92666667,20.79,37.96,17.79,41.2,4.08,759.8333333,82,3.166666667,40,1.27
50,0,20.73,37.93333333,18.96333333,38.59,22.1,36.5,19.1,36.45,17.26428571,45.76428571,3.5,72.26666667,18.89,30,20.65571429,37.78571429,17.79,41.25142857,4.07,759.7666667,82,3.333333333,40,1.23
50,0,20.7,37.7,18.89,38.4975,22.02857143,36.42857143,19,36.23,17.29,45.7,3.363333333,72.59666667,18.79,30,20.6,37.616,17.79,41.29,4.05,759.7,82,3.5,40,1.2
50,0,20.7,37.7,18.82333333,38.32666667,22,36.356,18.92666667,36.23,17.29,45.59285714,3.23,73.45666667,18.79,30,20.52,37.42,17.79,41.29,4.03,759.6333333,82,3.666666667,40,1.17
50,0,20.6,37.36333333,18.79,38.2,21.90571429,36.23857143,18.89,36.23,17.254,45.44,3.09,74.49666667,18.76,30.1,20.445,37.345,17.79,41.25625,4.02,759.5666667,82,3.833333333,40,1.13
40,0,20.6,37.23,18.73,38.12666667,21.87,36.2,18.82333333,36.23,17.22571429,45.29571429,3.03,75.29,18.7,30.1,20.39,37.236,17.79,41.054,4,759.5,82,4,40,1.1
40,0,20.56666667,37.16333333,18.7,38.06,21.79,36.2,18.79,36.2,17.2,45.156,3.09,75.86666667,18.6,30.1,20.35,37.254,17.79,40.95285714,4.1,759.4333333,81,4.333333333,40,1.02
50,0,20.5,37.09,18.7,38,21.7675,36.2,18.73,36.2,17.2,45.03857143,3.0225,75.95,18.6,30.125,20.29,37.2,17.79,40.714,4.2,759.3666667,80,4.666666667,40,0.933
40,0,20.5,37,18.6,37.9,21.68,36.178,18.7,36.2,17.218,44.96,3,76.2,18.53333333,30.2,20.23857143,37.2,17.79,40.39714286,4.3,759.3,79,5,40,0.85
50,0,20.39,36.79,18.6,37.9,21.6,36.09,18.7,36.2,17.22571429,44.85,3.03,76.5,18.5,30.2,20.2,37.26,17.79,39.79,4.4,759.2333333,78,5.333333333,40,0.767
50,0,20.39,36.73,18.5,37.79,21.58571429,36.09,18.66666667,36.26,17.2,44.656,3.09,76.43333333,18.5,30.2,20.16666667,37.4,17.79,39.63333333,4.5,759.1666667,77,5.666666667,40,0.683
50,0,20.35666667,36.66333333,18.5,37.79,21.5,36.07875,18.6,36.2,17.2,44.53857143,3.23,76.2,18.39,30.1,20.1,37.4,17.79,39.36,4.6,759.1,76,6,40,0.6
40,0,20.29,36.59,18.39,37.59,21.5,36,18.56666667,36.2,17.2,44.48,3.29,75.93333333,18.39,30.1,20.1,37.46666667,17.76,39.02666667,4.58,759.05,76.16666667,6,40,0.633
40,0,20.29,36.56,18.39,37.59,21.42142857,36,18.5,36.2,17.2,44.36857143,3.5,75.56,18.35666667,30.2,20,37.4,17.7,38.82666667,4.57,759,76.33333333,6,40,0.667
30,0,20.23,36.43333333,18.35666667,37.59,21.39,36,18.5,36.2,17.2,44.2,3.5,75.22666667,18.29,30.2,20,37.4,17.7,38.56,4.55,758.95,76.5,6,40,0.7
20,0,20.2,36.36333333,18.29,37.59,21.33285714,36.07714286,18.5,36.2,17.2,44.13714286,3.626666667,74.83,18.26,30.2,19.96333333,37.46666667,17.7,38.5,4.53,758.9,76.66666667,6,40,0.733
30,0,20.2,36.29,18.29,37.59,21.272,36.09,18.39,36.2,17.16,44.072,3.76,74.43,18.26,30.2,19.89,37.4,17.7,38.43,4.52,758.85,76.83333333,6,40,0.767
50,0,20.13333333,36.29,18.23,37.53,21.2,36.16857143,18.39,36.26,17.2,43.97142857,3.826666667,73.83,18.26,30.26,19.89,37.4,17.7,38.23,4.5,758.8,77,6,40,0.8
50,0,20.13333333,36.23,18.2,37.46666667,21.16,36.2,18.39,36.2,17.2,43.856,3.966666667,73.49666667,18.2,30.2,19.82333333,37.32666667,17.7,38.06,4.65,758.6666667,76.33333333,6.166666667,40,0.8
50,0,20.06666667,36.16333333,18.2,37.4,21.1,36.13714286,18.315,36.2675,17.2,43.73857143,4.226666667,72.86333333,18.2,30.23,19.79,37.29,17.7,37.93333333,4.8,758.5333333,75.66666667,6.333333333,40,0.8
40,0,20,36.09,18.2,37.4,21.1,36.09,18.29,36.29,17.2,43.678,4.366666667,72.19666667,18.2,30.29,19.79,37.29,17.66666667,37.76,4.95,758.4,75,6.5,40,0.8
40,0,20,36.09,18.125,37.4,21.1,36.09,18.29,36.4,17.2,43.59,4.433333333,71.02666667,18.13333333,30.29,19.76,37.29,17.6,37.62666667,5.1,758.2666667,74.33333333,6.666666667,40,0.8
50,0,19.92666667,36.09,18.1,37.4,21.06,36.054,18.29,36.46666667,17.2,43.554,4.56,70.5,18.13333333,30.29,19.7,37.29,17.6,37.56,5.25,758.1333333,73.66666667,6.833333333,40,0.8
50,0,19.96333333,36.09,18.06666667,37.36333333,21,36,18.29,36.5,17.2,43.4375,4.69,70.15666667,18.1,30.32333333,19.7,37.29,17.6,37.5,5.4,758,73,7,40,0.8
30,0,19.89,36.09,18,37.36333333,21,36,18.23,36.5,17.15714286,43.4,4.7975,70.0225,18.1,30.39,19.63333333,37.23,17.6,37.4,5.52,757.9,72.83333333,7.333333333,40,0.883
50,0,19.89,36.09,18,37.36333333,21,36,18.2,36.5,17.12,43.378,4.9,70,18.05,30.39,19.6,37.29,17.6,37.29,5.63,757.8,72.66666667,7.666666667,40,0.967
50,0,19.82333333,36.03,18,37.29,20.89,36,18.2,36.5,17.2,43.29,5.03,69.76333333,18,30.39,19.6,37.29,17.6,37.29,5.75,757.7,72.5,8,40,1.05
50,0,19.79,36,18,37.4,20.93714286,35.91428571,18.2,36.5,17.16,43.2,5.156666667,69.56333333,18,30.46333333,19.6,37.29,17.53333333,37.2,5.87,757.6,72.33333333,8.333333333,40,1.13
40,10,19.79,36.06666667,18,37.4,20.89,35.9,18.2,36.56,17.17142857,43.2,5.3,69.4,18,30.53333333,19.53333333,37.29,17.6,37.2,5.98,757.5,72.16666667,8.666666667,40,1.22
30,0,19.79,36.26,17.96333333,37.53,20.89,35.9,18.2,36.59,17.14,43.2,5.3,69.52666667,18,30.72666667,19.53333333,37.65666667,17.53333333,37.19333333,6.1,757.4,72,9,40,1.3
20,0,19.7,36.46333333,17.89,37.66333333,20.89,36,18.2,36.66333333,17.14285714,43.22571429,5.4,69.72666667,18,30.92666667,19.6,37.99,17.6,37.6,6.13,757.2833333,72.33333333,9,40,1.42
30,0,19.7,36.59,17.89,37.79,20.89,36.05142857,18.1,36.7,17.1,43.4,5.466666667,69.86666667,18,31,19.65,38.55,17.6,37.82666667,6.17,757.1666667,72.66666667,9,40,1.53
50,0,19.7,36.7,17.89,37.86333333,20.83,36.112,18.1,36.7,17.1,43.45714286,5.623333333,69.86666667,18,31.13333333,19.7,39,17.6,37.96666667,6.2,757.05,73,9,40,1.65
50,0,19.7,36.7,17.89,37.93333333,20.79,36.26428571,18.1,36.73,17.1,43.554,5.763333333,69.66,18,31.2,19.63333333,39.26,17.6,38.12666667,6.23,756.9333333,73.33333333,9,40,1.77
50,0,19.6,36.62666667,17.89,38,20.79,36.4,18.1,36.79,17.1,43.62142857,5.8,69.53,18,31.32333333,19.6,39.43333333,17.6,38.33333333,6.27,756.8166667,73.66666667,9,40,1.88
60,0,19.66666667,36.83333333,17.82333333,38.06666667,20.83285714,36.53714286,18,36.73,17.1,43.79,5.866666667,69.99,18,31.39,19.53333333,39.56,17.6,38.4,6.3,756.7,74,9,40,2
50,0,19.6,36.79,17.82333333,38.2,20.865,36.6725,18,36.79,17.1,43.80571429,5.9,71.23,18,31.53333333,19.56666667,39.82666667,17.6,38.4,6.17,756.55,76.16666667,9.333333333,37,2.23
40,0,19.6,36.86333333,17.79,38.23,20.89,36.776,18,36.79,17.1,43.92,5.833333333,72.82333333,18,31.6,19.56666667,40.02666667,17.6,38.53,6.03,756.4,78.33333333,9.666666667,34,2.47
40,0,19.6,36.93333333,17.79,38.29,20.89,36.9,18,36.8725,17.1,44,5.763333333,74.65666667,18,31.7,19.5,40.5,17.6,38.72333333,5.9,756.25,80.5,10,31,2.7
50,0,19.6,37,17.79,38.4,20.89,36.9,18,36.96666667,17.1,44.036,5.623333333,76.53,18,31.76,19.5,40.83333333,17.6,38.93333333,5.77,756.1,82.66666667,10.33333333,28,2.93
40,0,19.56666667,37.12666667,17.79,38.4975,20.89,36.97,17.96333333,37,17.1,44.10571429,5.466666667,78.92666667,18,31.89,19.5,41.19333333,17.6,39.06,5.63,755.95,84.83333333,10.66666667,25,3.17
50,0,19.5,37.2,17.73,38.59,20.89,37.09,17.89,37.06,17.1,44.218,5.325,80.875,18,31.96333333,19.5,41.66,17.6,39.32666667,5.5,755.8,87,11,22,3.4
50,0,19.5,37.2,17.79,38.7,20.86142857,37.06428571,17.89,37.12666667,17.1,44.29,5.3,82.96666667,18,32.03,19.5,42.45666667,17.6,39.52666667,5.43,755.7333333,88.16666667,10.66666667,25.83333333,3.53
60,0,19.5,37.2,17.79,38.76,20.79,37.09,17.89,37.26,17.1,44.29,5.3,84.26666667,17.92666667,32.16333333,19.5,43.06333333,17.6,39.645,5.37,755.6666667,89.33333333,10.33333333,29.66666667,3.67
40,0,19.5,37.29,17.7,38.82666667,20.79,37.18428571,17.89,37.29,17.1,44.38428571,5.3,85.13333333,17.945,32.245,19.5,43.8,17.6,39.82666667,5.3,755.6,90.5,10,33.5,3.8
30,0,19.5,37.36333333,17.7,38.9,20.772,37.218,17.89,37.36333333,17.08,44.44,5.3,85.82333333,18,32.32666667,19.5,44.06,17.6,40.02666667,5.23,755.5333333,91.66666667,9.666666667,37.33333333,3.93
20,0,19.445,37.4,17.7,39,20.7,37.26428571,17.89,37.43333333,17.07142857,44.47142857,5.226666667,86.36333333,18,32.4,19.5,44.26666667,17.6,40.15666667,5.17,755.4666667,92.83333333,9.333333333,41.16666667,4.07
30,0,19.39,37.43333333,17.7,39.06,20.66,37.254,17.89,37.5,17.0625,44.485,5.19,86.85666667,17.89,32.53,19.56666667,44.4,17.6,40.29,5.1,755.4,94,9,45,4.2
20,0,19.39,37.5,17.7,39.12666667,20.6,37.2,17.89,37.53,17.04,44.536,5.19,87.52333333,17.89,32.59,19.53333333,44.53,17.6,40.43333333,5.17,755.2833333,93.83333333,9.166666667,48.33333333,4.25
50,0,19.39,37.53,17.7,39.2,20.58,37.2,17.82333333,37.59,17.04285714,44.55142857,5.19,88.29333333,17.89,32.7,19.53333333,44.59,17.6,40.56,5.23,755.1666667,93.66666667,9.333333333,51.66666667,4.3
50,0,19.39,37.59,17.63333333,39.23,20.5,37.22571429,17.79,37.59,17.06,44.656,5.263333333,88.7,17.89,32.76,19.6,44.745,17.6,40.73,5.3,755.05,93.5,9.5,55,4.35
50,0,19.39,37.7,17.63333333,39.29,20.5,37.29,17.79,37.66333333,17.1,44.72571429,5.3,88.96333333,17.89,32.82666667,19.6,44.79,17.6,40.86333333,5.37,754.9333333,93.33333333,9.666666667,58.33333333,4.4
60,0,19.32333333,37.7,17.6,39.32666667,20.5,37.35285714,17.79,37.73,17,44.7,5.366666667,89.15666667,17.89,32.9,19.53333333,44.86333333,17.6,41.03,5.43,754.8166667,93.16666667,9.833333333,61.66666667,4.45
40,0,19.29,37.79,17.6,39.4,20.5,37.4,17.79,37.79,17,44.7,5.433333333,89.39666667,17.89,33,19.5,44.9,17.6,41.16333333,5.5,754.7,93,10,65,4.5
50,0,19.29,37.86333333,17.6,39.43333333,20.5,37.4,17.79,37.82666667,17.04,44.798,5.5,89.59,17.89,33.06,19.5,44.96666667,17.63333333,41.36,5.55,754.6166667,93.5,9.833333333,64.33333333,4.62
50,0,19.29,37.9,17.6,39.56,20.5,37.44,17.79,37.9,17.04285714,44.83714286,5.59,89.83333333,17.89,33.12666667,19.5,45.15666667,17.63333333,41.43333333,5.6,754.5333333,94,9.666666667,63.66666667,4.73
40,0,19.29,37.96666667,17.6,39.59,20.5,37.5,17.745,37.95,17,44.9,5.59,89.96666667,17.89,33.2,19.5,45.36333333,17.66666667,41.56,5.65,754.45,94.5,9.5,63,4.85
50,0,19.29,38,17.6,39.66333333,20.5,37.5,17.79,38.03,17,44.86857143,5.69,90.33333333,17.85666667,33.26,19.5,45.5,17.66666667,41.63333333,5.7,754.3666667,95,9.333333333,62.33333333,4.97
50,0,19.23,38,17.5,39.79,20.5,37.5,17.73,38.09,17,44.92,5.7975,90.5675,17.85666667,33.33333333,19.5,45.56,17.63333333,41.76666667,5.75,754.2833333,95.5,9.166666667,61.66666667,5.08
50,0,19.2,38.03,17.5,39.8175,20.5,37.5,17.7,38.12666667,17,45,5.833333333,90.69,17.89,33.43333333,19.53333333,45.7,17.7,41.96666667,5.8,754.2,96,9,61,5.2
50,0,19.2,38.09,17.5,39.96666667,20.58571429,37.51285714,17.7,38.2,17,45,5.933333333,90.93333333,17.82333333,33.5,19.53333333,45.7,17.63333333,41.96333333,5.93,754.1666667,95.5,9.166666667,57.5,5.25
40,0,19.2,38.2,17.5,40.03,20.6,37.59,17.7,38.23,17,45.07714286,6,91,17.79,33.53,19.5,45.7,17.625,42.045,6.07,754.1333333,95,9.333333333,54,5.3
30,0,19.2,38.26,17.5,40.09,20.66,37.656,17.7,38.36333333,17,45.112,6.03,91.1,17.79,33.59,19.5,45.76,17.66666667,42.16333333,6.2,754.1,94.5,9.5,50.5,5.35
20,0,19.16666667,38.29,17.5,40.2,20.65714286,37.65285714,17.7,38.43333333,17,45.2,6.156666667,91.3,17.79,33.645,19.5,45.79,17.7,42.32666667,6.33,754.0666667,94,9.666666667,47,5.4
30,0,19.16666667,38.36333333,17.5,40.26,20.6,37.7,17.7,38.5,17,45.2,6.3,91.4,17.79,33.79,19.5,45.79,17.7,42.4,6.47,754.0333333,93.5,9.833333333,43.5,5.45
40,10,19.2,38.45,17.5,40.32666667,20.6,37.7,17.7,38.53,17,45.21285714,6.366666667,91.33333333,17.79,33.86333333,19.5,45.9,17.63333333,42.46333333,6.6,754,93,10,40,5.5
50,0,19.16666667,38.53,17.5,40.4,20.6,37.754,17.7,38.59,17,45.312,6.433333333,91.33333333,17.79,33.9,19.5,45.9,17.7,42.59,6.65,753.95,93.33333333,9.666666667,42,5.62
50,0,19.1,38.59,17.5,40.5,20.6,37.83714286,17.7,38.62666667,17,45.4,6.5,91.33333333,17.79,33.96666667,19.46333333,45.96666667,17.7,42.7,6.7,753.9,93.66666667,9.333333333,44,5.73
50,0,19.1,38.62666667,17.5,40.5,20.6,37.9,17.7,38.7,17,45.4,6.59,91.4,17.79,34,19.39,45.9,17.7,42.7,6.75,753.85,94,9,46,5.85
50,0,19.1,38.7,17.5,40.59,20.6,37.94285714,17.6,38.7,17,45.48571429,6.656666667,91.46666667,17.79,34.06,19.42666667,46.06666667,17.66666667,42.7,6.8,753.8,94.33333333,8.666666667,48,5.97
50,0,19.1,38.73,17.5,40.66333333,20.6,38,17.6,38.7,17,45.518,6.726666667,91.5,17.79,34.2,19.4175,46.2225,17.6,42.7,6.85,753.75,94.66666667,8.333333333,50,6.08
40,0,19.1,38.79,17.39,40.62666667,20.6,38.02571429,17.6,38.79,17,45.59,6.866666667,91.62666667,17.79,34.26,19.39,46.29,17.63333333,42.73,6.9,753.7,95,8,52,6.2
50,0,19.1,38.9,17.39,40.7,20.6,38.09,17.6,38.86333333,17,45.65875,6.9,91.72666667,17.7,34.29,19.39,46.43333333,17.63333333,42.73,6.96,753.75,95.16666667,7.833333333,53,6.28
40,0,19.1,38.9,17.39,40.82666667,20.6,38.09,17.6,38.93333333,17,45.7,6.966666667,91.86666667,17.7,34.36333333,19.39,46.56,17.66666667,42.86333333,7.02,753.8,95.33333333,7.666666667,54,6.37
50,0,19,38.93333333,17.39,40.9,20.6,38.112,17.6,39,17,45.7,7.09,91.93333333,17.7,34.43333333,19.39,46.7,17.6,42.79,7.08,753.85,95.5,7.5,55,6.45
50,0,19,39,17.39,40.93333333,20.6,38.2,17.6,39.09,17,45.754,7.165,91.95,17.7,34.5,19.39,46.7,17.63333333,42.93333333,7.13,753.9,95.66666667,7.333333333,56,6.53
50,0,19,39.09,17.39,41,20.6,38.2,17.6,39.12666667,17,45.79,7.19,92,17.76,34.59,19.39,46.73,17.7,43,7.19,753.95,95.83333333,7.166666667,57,6.62
40,0,19,39.16333333,17.39,41.09,20.68571429,38.35571429,17.6,39.2,17,45.79,7.3,92.33333333,17.7,34.66333333,19.39,46.86333333,17.6,43,7.25,754,96,7,58,6.7
30,0,19,39.2,17.39,41.2,20.7,38.29,17.6,39.29,16.98428571,45.88428571,7.3,92.46666667,17.7,34.73,19.39,47.03,17.6,43,7.31,754.05,96.16666667,6.833333333,59,6.78
30,0,19,39.26,17.39,41.2,20.7,38.32142857,17.6,39.29,16.934,45.9,7.433333333,92.62333333,17.7,34.79,19.39,47.16333333,17.66666667,43.09,7.37,754.1,96.33333333,6.666666667,60,6.87
10,0,19,39.32666667,17.39,41.32666667,20.7,38.4,17.56666667,39.4,16.92142857,45.92857143,7.5,92.69,17.7,34.9,19.35666667,47.29,17.65,43.1725,7.42,754.15,96.5,6.5,61,6.95
40,0,18.92666667,39.4,17.39,41.4,20.61428571,38.30571429,17.5,39.46666667,17,46,7.59,92.72666667,17.7,34.96666667,19.35666667,47.36333333,17.6,43.2,7.48,754.2,96.66666667,6.333333333,62,7.03
80,0,18.89,39.53,17.39,41.56666667,20.58,38.29,17.53333333,39.5,16.95285714,46,7.656666667,92.86666667,17.7,35.145,19.29,47.62666667,17.66666667,43.26,7.54,754.25,96.83333333,6.166666667,63,7.12
50,0,18.96333333,40.12333333,17.39,41.9,20.46857143,38.19428571,17.53333333,39.56,16.934,46,7.8,92.9,17.7,35.8,19.29,47.76,17.66666667,43.26,7.6,754.3,97,6,64,7.2
60,0,19,40.545,17.5,42.32666667,20.39,38.2,17.5,39.73,16.92142857,46.06428571,7.866666667,92.96666667,17.7,36.13333333,19.32333333,48.03,17.63333333,43.26666667,7.72,754.3,97,6,62.66666667,7.32
40,0,19.1,41.03,17.5,42.52666667,20.39,38.27714286,17.5,39.93,17,46.2,8.033333333,93.03,17.6,36.46333333,19.32333333,48.09,17.7,43.32666667,7.83,754.3,97,6,61.33333333,7.43
50,10,19.16666667,41.16333333,17.63333333,42.82666667,20.39,38.345,17.5,40.15666667,17,46.25142857,8.1,93.09,17.6,36.66333333,19.35666667,48.2,17.6,43.26,7.95,754.3,97,6,60,7.55
40,10,19.23,41.23,17.7,43,20.39,38.4,17.5,40.29,17,46.3725,8.19,93.045,17.6,36.995,19.29,48.12666667,17.6,43.2,8.07,754.3,97,6,58.66666667,7.67
50,0,19.29,41.29,17.82333333,43.03,20.39,38.42857143,17.5,40.53,17,46.47142857,8.263333333,93.15666667,17.6,37.16333333,19.29,48.12666667,17.63333333,43.23,8.18,754.3,97,6,57.33333333,7.78
40,10,19.42666667,41.53,17.96333333,43.03,20.456,38.59,17.5,40.66333333,17,46.59,8.426666667,93.22666667,17.6,37.43333333,19.29,48.3975,17.63333333,43.29,8.3,754.3,97,6,56,7.9
270,0,19.56666667,41.53,18.23,43.09,20.45285714,38.70428571,17.5,40.82666667,18.08285714,73.71857143,8.566666667,93.22666667,17.6,37.56,19.29,48.79666667,17.7,43.53,8.43,754.35,96.16666667,6,53.33333333,7.88
150,0,19.63333333,41.53,18.35666667,43.03,20.52,38.79,17.5,40.96666667,18.696,83.514,8.726666667,93.4,17.6,37.82666667,19.32333333,49.19333333,17.7,43.53,8.57,754.4,95.33333333,6,50.66666667,7.87
360,0,19.76,41.59,18.53333333,42.96666667,20.55714286,38.82142857,17.5,41.23,18.32428571,80.39428571,8.95,93.4,17.6,37.96666667,19.39,49.46666667,17.7,43.89,8.7,754.45,94.5,6,48,7.85
540,0,19.96,41.82666667,18.66666667,42.9,20.6,38.9,17.5,41.3725,18.06,76.356,9.066666667,93.46666667,17.6,38.12666667,19.39,49.36333333,17.7,43.96333333,8.83,754.5,93.66666667,6,45.33333333,7.83
280,0,20.16666667,41.82666667,18.96,42.86333333,20.65714286,38.97,17.56666667,41.6,17.93714286,74.31,9.166666667,93.43333333,17.6,38.26,19.46333333,49.23,17.7,44,8.97,754.55,92.83333333,6,42.66666667,7.82
150,0,20.42666667,41.56,19.16666667,42.65666667,20.7,39.072,17.63333333,42.13333333,17.87,72.034,9.36,93.5,17.6,38.4,19.63333333,48.93,17.7,44,9.1,754.6,92,6,40,7.8
110,0,20.56666667,41.43333333,19.495,42.3,20.7,39.02571429,17.7,42.6,17.77875,69.03375,9.533333333,93.5,17.6,38.46666667,19.76,48.65666667,17.7,44.09,9.12,754.6666667,91.66666667,6,38.16666667,7.78
280,0,20.73,41.26,19.7,41.93,20.79,39.09,17.7,43.03,17.7,65.67857143,9.6,93.43333333,17.6,38.53,19.89,48.52666667,17.7,44.09,9.13,754.7333333,91.33333333,6,36.33333333,7.77
420,0,20.79,41.2,19.76,41.73,20.84714286,39.15285714,17.7,43.29666667,17.7,62.77,9.566666667,93.26333333,17.66666667,38.66333333,19.96333333,48.32666667,17.7,44.06,9.15,754.8,91,6,34.5,7.75
180,0,20.92666667,41.06,19.92666667,41.52666667,20.89,39.2,17.79,43.65666667,17.65714286,60.86571429,9.566666667,93.19,17.7,38.82666667,20.1,48.26,17.7,44.0225,9.17,754.8666667,90.66666667,6,32.66666667,7.73
100,0,21,40.93333333,20,41.32666667,20.81857143,39.2,17.79,43.93,17.64,59.478,9.566666667,92.96666667,17.65,38.845,20.16666667,48.06666667,17.7,44.09,9.18,754.9333333,90.33333333,6,30.83333333,7.72
80,0,21.03333333,40.79,20.1,41.16333333,20.79,39.2,17.82333333,44.12666667,17.6,58.45428571,9.566666667,92.83333333,17.7,38.9,20.29,47.93,17.7,44.09,9.2,755,90,6,29,7.7
90,0,21.1,40.73,20.1,41.03,20.80428571,39.22857143,17.89,44.26,17.6,57.514,9.63,92.86666667,17.7,39,20.35666667,47.73,17.7,44.09,9.2,755.0166667,90.83333333,5.833333333,29,7.82
70,0,21.15,40.545,20.23,40.86333333,20.89,39.378,17.89,44.32666667,17.6,56.88285714,9.763333333,92.86666667,17.7,39.06,20.39,47.7,17.7,44.09,9.2,755.0333333,91.66666667,5.666666667,29,7.93
90,0,21.23,40.4,20.29,40.73,20.89,39.33714286,17.89,44.4,17.6,56.296,9.69,92.5,17.7,39.12666667,20.46333333,47.76,17.63333333,44.03,9.2,755.05,92.5,5.5,29,8.05
70,0,21.29,40.4,20.32333333,40.56,20.89,39.4,18,44.5,17.6,55.7,9.69,92.5,17.7,39.2,20.5,47.79,17.7,44.09,9.2,755.0666667,93.33333333,5.333333333,29,8.17
320,0,21.29,40.29,20.39,40.5,20.89,39.4,18,44.63333333,17.6,55.12,9.66,92.36666667,17.7,39.32666667,20.56666667,47.79,17.7,44.09,9.2,755.0833333,94.16666667,5.166666667,29,8.28
590,0,21.29,40.23,20.39,40.4,20.912,39.54,18.1,45.23,17.6,54.77142857,9.733333333,92.56,17.7,39.46666667,20.6,48,17.7,44.12666667,9.2,755.1,95,5,29,8.4
320,0,21.39,41.95666667,20.46333333,40.4,21.1,40.49714286,18.16666667,45.36333333,17.6,54.458,9.89,92.65666667,17.7,39.59,20.6,48.06,17.7,44.12666667,9.35,755.05,93.5,5.166666667,30.83333333,8.3
310,0,21.53,45.09666667,20.6,40.5,21.474,42.4,18.32333333,46.1,17.6,54.26428571,9.963333333,92.65666667,17.7,39.66333333,20.65,47.895,17.7,44.2,9.5,755,92,5.333333333,32.66666667,8.2
310,0,21.7,43.02666667,20.66666667,40.69333333,21.9,43.38125,18.46333333,46.56,17.6,54.054,10.29,92.64,17.7,39.79,20.63333333,47.86,17.7,44.2,9.65,754.95,90.5,5.5,34.5,8.1
300,0,21.7,42.36,20.82333333,40.79,22.31,43.91,18.39,45.6,17.6,53.94285714,10.5,91.46666667,17.7,39.86333333,20.7,48,17.7,44.2,9.8,754.9,89,5.666666667,36.33333333,8
270,0,21.73,42.2,20.89,40.79,22.598,44.156,18.35666667,45.43,17.6,53.834,10.5,90.06,17.7,39.9,20.73,48.03,17.7,44.2,9.95,754.85,87.5,5.833333333,38.16666667,7.9
250,0,21.85666667,42.2,21,40.66333333,22.81857143,44.2,18.29,45.23,17.6,53.69428571,10.63,87.83,17.7,39.82666667,20.79,48.16333333,17.7,44.2,10.1,754.8,86,6,40,7.8
220,0,21.92666667,41.96666667,21,40.53,23.1,44.014,18.26,45.06,17.6,53.554,10.69,85.69,17.7,39.79,20.82333333,48.3,17.7,44.33333333,10.1,754.8,86,6.166666667,38.16666667,7.8
110,0,22,41.9,21.1,40.545,23.15714286,43.52857143,18.2,44.86,17.6,53.44285714,10.69,83.89666667,17.7,39.79,20.89,48.56,17.73,44.36333333,10.1,754.8,86,6.333333333,36.33333333,7.8
90,0,22.1,41.9,21.1,40.36333333,23.18,42.98,18.2,44.66333333,17.6,53.316,10.69,83.09666667,17.7,39.79,20.92666667,48.62666667,17.73,44.29,10.1,754.8,86,6.5,34.5,7.8
80,0,22.03333333,41.29333333,21.1,40.23,23.02857143,42.28571429,18.2,44.59,17.6,53.16857143,10.69,83.06,17.76,39.73,21,48.62666667,17.7,44.29,10,754.8,86,6.666666667,32.66666667,7.8
80,0,22.1,41.56,21.13333333,40.26666667,22.85,41.71,18.2,44.46666667,17.6,53,10.56333333,84.06,17.73,39.79,21,48.43,17.73,44.29,10,754.8,86,6.833333333,30.83333333,7.8
80,0,22.16666667,41.36,21.2,40.19333333,22.65571429,40.90714286,18.13333333,44.4,17.6,53,10.5,84.65666667,17.745,39.8175,21,48.09666667,17.73,44.29,10,754.8,86,7,29,7.8
70,0,22.16666667,40.63333333,21.2,40,22.58,40.516,18.16666667,44.29,17.6,52.98,10.5,85.06333333,17.79,39.9,21.06666667,47.69333333,17.73,44.29,9.93,754.7166667,86.66666667,7,27.5,7.85
70,0,22.16666667,40.43333333,21.2,40,22.46857143,40.29571429,18.1,44.23,17.6,52.85875,10.36,85.19666667,17.79,39.93333333,21.06666667,47.43333333,17.73,44.29,9.87,754.6333333,87.33333333,7,26,7.9
50,0,22.2,40.36333333,21.2,40,22.39,40.09,18.1,44.2,17.6,52.72571429,10.22666667,85.79666667,17.79,40,21.1,47.22333333,17.76,44.29,9.8,754.55,88,7,24.5,7.95
60,0,22.2,40.29,21.2,40,22.33285714,40.01285714,18.1,44.12666667,17.6,52.7,10.16,86.42666667,17.79,40.03,21.1,47.03,17.7,44.29,9.73,754.4666667,88.66666667,7,23,8
60,10,22.2,40.29,21.23,40.03,22.272,39.98,18.1,44.09,17.64285714,52.68428571,10.1,87.3,17.79,40.09,21.1,46.96666667,17.7,44.29,9.67,754.3833333,89.33333333,7,21.5,8.05
80,10,22.2,40.29,21.29,40.16333333,22.2,39.9,18.1,44.09,17.6,52.572,9.963333333,88.13,17.79,40.23,21.1,46.76666667,17.76,44.29,9.6,754.3,90,7,20,8.1
80,0,22.2,40.23,21.29,40.2,22.1,40.036,18.1,44.83,17.64285714,52.53857143,9.89,88.92333333,17.79,40.29,21.06666667,46.62666667,17.79,44.29,9.6,754.25,90.33333333,7.166666667,23.33333333,8.13
90,0,22.29,40.26,21.35666667,40.12666667,22.1,40.09,18.1,45.29666667,17.64,52.5,9.89,89.6,17.79,40.32666667,21.06666667,47.09333333,17.79,44.29,9.6,754.2,90.66666667,7.333333333,26.66666667,8.17
90,0,22.35666667,40.2,21.42666667,40,22.1,40.112,18.2,45.65666667,17.7,52.48571429,9.8225,90.025,17.79,40.46666667,21.1,47.8,17.79,44.29,9.6,754.15,91,7.5,30,8.2
90,0,22.42666667,40.09,21.56666667,39.93333333,22.1,40.15285714,18.26,45.99,17.7,52.4,9.8,90.49333333,17.79,40.62666667,21.175,48.27,17.79,44.29,9.6,754.1,91.33333333,7.666666667,33.33333333,8.23
80,0,22.56666667,40.03,21.73,39.86333333,22.1,40.09,18.29,46.3,17.7,52.32142857,9.763333333,90.99666667,17.79,40.7,21.2,48.63333333,17.79,44.29,9.6,754.05,91.66666667,7.833333333,36.66666667,8.27
90,0,22.6,39.9,21.79,39.73,22.04285714,40.12142857,18.39,46.53,17.7,52.29,9.69,91.33,17.79,40.82666667,21.23,49.03,17.79,44.29,9.6,754,92,8,40,8.3
90,0,22.66666667,39.96666667,21.82333333,39.7,22.06,40.156,18.39,46.66333333,17.7,52.27714286,9.69,91.66,17.79,40.9,21.29,49.43,17.79,44.2,9.6,753.95,92.33333333,8.166666667,43.5,8.37
100,0,22.7,39.9,21.89,39.62666667,22.02857143,40.12142857,18.42666667,46.76666667,17.7,52.2,9.69,91.86666667,17.79,41.03,21.32333333,49.96333333,17.79,44.2,9.6,753.9,92.66666667,8.333333333,47,8.43
100,0,22.7,39.9,21.89,39.59,22.04,40.134,18.5,46.9,17.7,52.2,9.6,92.06333333,17.79,41.16333333,21.39,50.16333333,17.79,44.12666667,9.6,753.85,93,8.5,50.5,8.5
90,0,22.73,39.86333333,21.89,39.59,22.07142857,40.16857143,18.5,47,17.7,52.2,9.6,92.39666667,17.85666667,41.29,21.39,50.56666667,17.79,44.12666667,9.6,753.8,93.33333333,8.666666667,54,8.57
100,10,22.79,39.79,21.89,39.59,22.075,40.21125,18.56666667,47,17.73857143,52.2,9.6,92.66,17.79,41.29,21.46333333,50.96,17.79,44.09,9.6,753.75,93.66666667,8.833333333,57.5,8.63
80,0,22.79,40.02666667,21.89,39.59,22.1,40.272,18.6,47,17.736,52.2,9.6,92.86666667,17.82333333,41.46333333,21.5,51.16333333,17.79,44.09,9.6,753.7,94,9,61,8.7
140,0,22.79,39.9,21.89,39.66333333,22.12857143,40.2,18.6,47,17.7,52.2,9.6,93.03,17.84,41.5725,21.56666667,51.09,17.79,44.09,9.6,753.7166667,94.33333333,9,61.5,8.75
440,0,22.82333333,39.82666667,21.89,39.7,22.14,40.2,18.6,47,17.7,52.156,9.6,93.09,17.89,41.76,21.53333333,51.09,17.79,44.09,9.6,753.7333333,94.66666667,9,62,8.8
340,0,22.89,39.96666667,21.89,39.76,22.2,40.4,18.66666667,47.06,17.77714286,52.10571429,9.63,93.22666667,17.89,41.82666667,21.6,51.09,17.79,44.09,9.6,753.75,95,9,62.5,8.85
170,0,22.92666667,48.2,21.89,40.13333333,22.2,40.96,18.63333333,47.46666667,17.79,52.24,9.69,93.36666667,17.89,41.9,21.63333333,50.86333333,17.79,44.09,9.6,753.7666667,95.33333333,9,63,8.9
100,0,23,52.92666667,21.89,40.8,22.26428571,41.76428571,18.7,48.46666667,17.76428571,52.49714286,9.69,93.4,17.89,42.03,21.7,50.79,17.79,44.09,9.6,753.7833333,95.66666667,9,63.5,8.95
120,0,23,49.75,22,41.36,22.33,42.4,18.79,49.12666667,17.79,52.79,9.69,93.4,17.89,42.09,21.73,50.52666667,17.79,44.09,9.6,753.8,96,9,64,9
200,0,23,46.23,22,41.5,22.39,42.4,18.73,49.12666667,17.79,52.94142857,9.69,93.4,17.89,42.23,21.79,50.26666667,17.79,44.09,9.73,753.8,95.33333333,9.333333333,62.33333333,9.03
300,0,23,45.82333333,21.96333333,41.4,22.39,42.376,18.79,49.02666667,17.79,53.054,9.763333333,93.4,17.89,42.29,21.79,50.02666667,17.79,44.12666667,9.87,753.8,94.66666667,9.666666667,60.66666667,9.07
100,10,23,47.59666667,21.89,41.46666667,22.39,42.7375,18.79,48.96666667,17.79,53.10375,9.8,93.4,17.89,42.43333333,21.79,49.845,17.79,44.2,10,753.8,94,10,59,9.1
80,0,23,46.06333333,21.89,41.73,22.39,43,18.79,49.26666667,17.79,53.22571429,9.89,93.5,17.89,42.5,21.79,49.5925,17.79,44.2,10.1,753.8,93.33333333,10.33333333,57.33333333,9.13
70,10,23,44.83333333,21.89,41.79,22.39,42.89714286,18.865,49.4,17.79,53.334,9.89,93.43333333,17.89,42.59,21.79,49.32666667,17.79,44.2,10.3,753.8,92.66666667,10.66666667,55.66666667,9.17
70,0,23,44.3,21.89,41.82666667,22.39,42.9,18.89,49.32666667,17.79,53.45714286,9.926666667,93.36666667,17.89,42.66333333,21.79,49.245,17.82333333,44.23,10.4,753.8,92,11,54,9.2
80,0,22.96333333,43.6,21.82333333,41.9,22.30428571,42.73857143,18.89,49.06,17.79,53.518,10.06666667,93.36666667,17.89,42.73,21.89,49.29,17.89,44.29,10.5,753.8166667,92,10.66666667,55.33333333,9.27
140,10,22.89,43.26666667,21.79,41.9,22.29,42.59,18.89,48.93333333,18.39285714,72.29714286,10.1,93.4,17.89,42.86333333,21.89,49.23,17.82333333,44.36,10.5,753.8333333,92,10.33333333,56.66666667,9.33
110,20,22.85666667,42.96666667,21.73,41.96666667,22.29,42.52571429,18.89,48.82666667,18.64,68.83,10.1,93.4,18,43,21.89,49.2,17.89,44.5,10.6,753.85,92,10,58,9.4
90,20,22.79,42.96666667,21.66666667,42.56666667,22.29,42.4,19.09666667,49.16,18.85,61.15142857,10.19,93.36666667,17.92666667,43,21.89,49.06666667,17.82333333,44.43333333,10.7,753.8666667,92,9.666666667,59.33333333,9.47
100,20,22.79,43.23,21.6,43.02666667,22.29,42.4,19.73333333,48.92333333,19,57.458,10.19,93.36666667,18,43.12666667,21.79,48.66333333,17.89,44.5,10.7,753.8833333,92,9.333333333,60.66666667,9.53
90,20,22.73,43.36333333,21.55,43.345,22.29,42.42,20.26,48.25666667,19.07142857,55.66857143,10.22666667,93.3,18,43.2,21.79,48.53,17.89,44.5,10.8,753.9,92,9,62,9.6
90,30,22.7,43.29,21.5,43.56666667,22.29,42.5,20.83333333,47.72333333,19.14,54.276,10.3,93.3,18,43.29,21.76,48.26,17.89,44.5,10.8,753.9166667,92,9,58.33333333,9.6
100,20,22.63333333,43.23,21.42666667,43.62666667,22.29,42.5,21.22666667,47.39,19.2,53.48,10.39,93.3,18,43.43333333,21.7,48.12666667,17.89,44.5,10.8,753.9333333,92,9,54.66666667,9.6
90,20,22.6,43.16333333,21.35666667,43.7,22.29,42.5,21.5,46.83333333,19.2,52.796,10.39,93.22666667,18,43.56,21.7,48.06,17.89,44.53,10.8,753.95,92,9,51,9.6
110,20,22.6,43.16333333,21.29,43.7,22.29,42.5,21.42666667,46.56666667,19.26428571,52.29571429,10.39,93.19,18,43.62666667,21.63333333,47.93333333,17.89,44.59,10.8,753.9666667,92,9,47.33333333,9.6
90,30,22.5,43.16333333,21.2,43.7,22.22571429,42.42857143,21.29,46.5,19.29,51.82,10.46333333,93.19,18,43.7,21.6,47.79,17.89,44.59,10.8,753.9833333,92,9,43.66666667,9.6
60,20,22.5,43.16333333,21.2,43.7,22.2,42.29,21.23,46.43333333,19.29,51.49714286,10.5,93.19,18,43.79,21.6,47.73,17.89,44.59,10.8,754,92,9,40,9.6
60,20,22.39,43.09,21.16666667,43.66333333,22.175,42.29,21.16666667,46.43333333,19.216,51.5,10.5,93.19,18,43.65666667,21.56666667,47.89,17.89,44.73,10.9,754.1,91.83333333,9,38,9.62
60,20,22.39,43.195,21.1,43.53,22.1,42.29,21.1,46.5,19.02857143,52.09285714,10.53333333,93.12333333,18,43.33333333,21.56666667,48.42333333,17.89,44.79,10.9,754.2,91.66666667,9,36,9.63
60,30,22.32333333,43.29,21,43.4,22.08,42.272,21,46.4,18.89,52.874,10.6,93.115,18,43.12666667,21.6,49.19333333,17.89,44.7,10.9,754.3,91.5,9,34,9.65
50,20,22.29,43.26,20.92666667,43.32666667,22,42.2,21,46.4,18.80428571,53.26857143,10.6,93.09,18.1,43.06,21.6,49.66,17.89,44.7,11,754.4,91.33333333,9,32,9.67
50,20,22.23,43.12666667,20.89,43.4,22,42.2,21.09666667,46.43333333,18.736,53.716,10.63,93.12333333,18.1,42.93333333,21.6,50.39666667,17.89,44.7,11.1,754.5,91.16666667,9,30,9.68
70,20,22.2,43.09,20.82333333,43.32666667,22,42.10571429,21.6225,46.225,18.7,54.12142857,10.63,93.06333333,18.03333333,42.73,21.66666667,51.12333333,17.89,44.7,11.1,754.6,91,9,28,9.7
50,20,22.13333333,43.09,20.79,43.29,22,42.09,22.19333333,45.86,18.7,54.44,10.69,93.12333333,18.1,42.73,21.7,51.46333333,17.89,44.7,11.1,754.6166667,90.66666667,9.333333333,27.5,9.6
40,20,22.06666667,43.06,20.73,43.36333333,22,42.02571429,22.69666667,45.43,18.61428571,54.55142857,10.63,93.06333333,18.1,42.59,21.675,51.6725,17.89,44.7,11,754.6333333,90.33333333,9.666666667,27,9.5
30,20,22,43,20.7,43.4,21.89,42,23.09666667,45.15666667,18.6,54.656,10.66,93.15666667,18.1,42.53,21.6,51.76,17.89,44.7,11,754.65,90,10,26.5,9.4
30,20,22,43.09,20.63333333,43.4,21.89,42,23.49333333,44.83333333,18.525,54.7675,10.6,93.03,18.1,42.46666667,21.53333333,51.93333333,17.89,44.7,11,754.6666667,89.66666667,10.33333333,26,9.3
40,0,21.92666667,43.16333333,20.6,43.4,21.83,41.96,23.76,44.23333333,18.5,54.79,10.56666667,93.03,18.1,42.4,21.53333333,52,17.89,44.73,10.9,754.6833333,89.33333333,10.66666667,25.5,9.2
50,0,21.89,43.46333333,20.53333333,43.46666667,21.79,41.95714286,23.63333333,43.52666667,18.434,54.79,10.5,93.03,18.1,42.29,21.5,52.12666667,17.89,44.79,10.9,754.7,89,11,25,9.1
50,0,21.82333333,43.53,20.55,43.5,21.79,42,23.36,43.32666667,18.45285714,54.81142857,10.46333333,93.02666667,18.1,42.23,21.5,52.2,18,44.9,10.8,754.7666667,89.5,10.83333333,31.5,9.1
50,0,21.79,43.4,20.46333333,43.56,21.79,42,23.06666667,43.2,18.39,54.79,10.39,92.9,18.1,42.145,21.5,52.29,18,44.9,10.7,754.8333333,90,10.66666667,38,9.1
50,0,21.79,43.4,20.39,43.5,21.79,42,22.86,43.2,18.39,54.79,10.36,92.9,18.1,42.06,21.5,52.36333333,18,44.96666667,10.7,754.9,90.5,10.5,44.5,9.1
70,0,21.7,43.4,20.39,43.59,21.79,42,22.56666667,43.09,18.39,54.754,10.3,92.9,18.1,42,21.5,52.62666667,18,45,10.6,754.9666667,91,10.33333333,51,9.1
40,0,21.7,43.4,20.39,43.59,21.79,42,22.42666667,43.09,18.34714286,54.76428571,10.3,92.9,18.1,41.9,21.42666667,52.7,18,45.06,10.5,755.0333333,91.5,10.16666667,57.5,9.1
50,0,21.6,43.29,20.35666667,43.59,21.87571429,42.02571429,22.16666667,43.12666667,18.35,54.754,10.22666667,92.83333333,18.1,41.9,21.46333333,52.76,18,45.2,10.4,755.1,92,10,64,9.1
50,0,21.6,43.29,20.29,43.59,21.89,42,22.03333333,43.26,18.31857143,54.72571429,10.19,92.8,18.1,41.86333333,21.39,52.7,18,45.26,10.4,755.2,92,9.833333333,63.66666667,9.12
40,0,21.6,43.29,20.29,43.7,21.89,42,21.85666667,43.29,18.29,54.7,10.19,92.8,18.1,41.79,21.39,52.7,18,45.29,10.4,755.3,92,9.666666667,63.33333333,9.13
40,0,21.6,43.29,20.23,43.62666667,21.89,42,21.73,43.36333333,18.29,54.7,10.245,92.85,18.16666667,41.79,21.39,52.7,18,45.36333333,10.4,755.4,92,9.5,63,9.15
50,0,21.53333333,43.29,20.2,43.62666667,21.89,42.05142857,21.56666667,43.46333333,18.29,54.7,10.3,92.8,18.1,41.79,21.39,52.76,18,45.4,10.4,755.5,92,9.333333333,62.66666667,9.17
60,0,21.5,43.29,20.2,43.7,21.89,42.09,21.5,43.59,18.29,54.7,10.3,92.8,18.16666667,41.7,21.32333333,52.7,18,45.46666667,10.4,755.6,92,9.166666667,62.33333333,9.18
50,0,21.5,43.29,20.16666667,43.7,21.89,42.09,21.29,43.62666667,18.2,54.554,10.3,92.69,18.1,41.7,21.26,52.79,18.06666667,45.56,10.4,755.7,92,9,62,9.2
40,0,21.46333333,43.26,20.1,43.7,21.89,42.054,21.23,43.7,18.2,54.5,10.3,92.69,18.16666667,41.7,21.2,52.86333333,18,45.5,10.4,755.7166667,92.5,8.833333333,61.83333333,9.22
50,0,21.39,43.2,20.1,43.79,21.89,42,21.1,43.745,18.2,54.5,10.19,92.59,18.16666667,41.7,21.2,53.12666667,18,45.59,10.3,755.7333333,93,8.666666667,61.66666667,9.23
40,0,21.39,43.2,20.1,43.79,21.89,42,21,43.79,18.2,54.5,10.19,92.65666667,18.13333333,41.7,21.13333333,53.26,18,45.59,10.3,755.75,93.5,8.5,61.5,9.25
20,0,21.39,43.2,20.06666667,43.79,21.89,42,20.92666667,43.86333333,18.2,54.46,10.19,92.69,18.2,41.7,21.1,53.495,18,45.59,10.2,755.7666667,94,8.333333333,61.33333333,9.27
20,0,21.39,43.2,20,43.79,21.89,42,20.85666667,43.96666667,18.2,54.4,10.13,92.69,18.2,41.7,21.1,54.06666667,18,45.59,10.2,755.7833333,94.5,8.166666667,61.16666667,9.28
40,0,21.32333333,43.26,20,43.82666667,21.89,42,20.73,43.96666667,18.2,54.4,10.16,92.69,18.13333333,41.62666667,21.1,54.33333333,18.06666667,45.66333333,10.1,755.8,95,8,61,9.3
50,0,21.29,43.29,20,43.9,21.89,42,20.66666667,44.06,18.2,54.4,10.16,92.69,18.2,41.59,21.1,54.65666667,18,45.66333333,10.1,755.85,95,8.166666667,57.16666667,9.32
60,0,21.29,43.29,19.945,43.9,21.89,42.018,20.6,44.06,18.2,54.4,10.19,92.65666667,18.2,41.66333333,21.1,54.86333333,18.05,45.745,10.1,755.9,95,8.333333333,53.33333333,9.33
50,0,21.29,43.29,19.89,43.93333333,21.89,42.09,20.56666667,44.09,18.14285714,54.38428571,10.19,92.65666667,18.2,41.7,21.06666667,55.12666667,18.1,45.79,10.1,755.95,95,8.5,49.5,9.35
40,0,21.29,43.29,19.89,44,21.89,42.09,20.5,44.16333333,18.12,54.312,10.19,92.59,18.2,41.7,21,55.26,18.03333333,45.73,10.1,756,95,8.666666667,45.66666667,9.37
40,0,21.26,43.26,19.89,44.03,21.89,42.09,20.46333333,44.26,18.17142857,54.35285714,10.19,92.59,18.2,41.7,21,55.29,18.03333333,45.73,10.1,756.05,95,8.833333333,41.83333333,9.38
50,0,21.2,43.26,19.82333333,44.03,21.89,42.09,20.39,44.26,18.1625,54.33125,10.26333333,92.62666667,18.2,41.66333333,21,55.23,18.1,45.86333333,10.1,756.1,95,9,38,9.4
50,0,21.2,43.29,19.79,44,21.89,42.09,20.29,44.29,18.2,54.29,10.19,92.5,18.2,41.59,21,55.2,18.1,45.9,10.1,756.1166667,95,8.833333333,41,9.4
50,0,21.2,43.29,19.79,44.06,21.89,42.156,20.29,44.36333333,18.14285714,54.29,10.16,92.53,18.2,41.66333333,21,55.12666667,18.1,45.96666667,10.1,756.1333333,95,8.666666667,44,9.4
50,0,21.1,43.29,19.79,44.09,21.89,42.13714286,20.26,44.4,18.1,54.29,10.145,92.59,18.2,41.66333333,21,55.06,18.1,46,10.1,756.15,95,8.5,47,9.4
50,0,21.1,43.36333333,19.79,44.16333333,21.89,42.2,20.2,44.4,18.1,54.22571429,10.1,92.59,18.2,41.59,21,55.06,18.1,46,10.1,756.1666667,95,8.333333333,50,9.4
50,0,21.1,43.4,19.7,44.2,21.89,42.12142857,20.16666667,44.4,18.1,54.2,10.1,92.53,18.2,41.66333333,20.89,55.2,18.1,46.09,10.1,756.1833333,95,8.166666667,53,9.4
40,0,21.1,43.4,19.7,44.26,21.89,42.09,20.1,44.46666667,18.1,54.2,10.1,92.53,18.13333333,41.7,20.89,55.2,18.1,46.09,10.1,756.2,95,8,56,9.4
50,0,21.1,43.4,19.7,44.29,21.89,42.09,20.1,44.53,18.1,54.2,10.19,92.5,18.2,41.7,20.89,55.32666667,18.1,46.2,10.1,756.2333333,94.83333333,8,50,9.37
40,0,21,43.4,19.7,44.29,21.89,42.09,20.03333333,44.53,18.1,54.16857143,10.19,92.5,18.2,41.7,20.89,55.4,18.1,46.2,10.1,756.2666667,94.66666667,8,44,9.33
40,0,21,43.4,19.66666667,44.29,21.89,42.16857143,20,44.5,18.1,54.156,10.19,92.5,18.13333333,41.7,20.89,55.4,18.16666667,46.23,10.1,756.3,94.5,8,38,9.3
50,0,21,43.43333333,19.66666667,44.36333333,21.956,42.156,19.89,44.53,18.1,54.09,10.19,92.5,18.2,41.7,20.89,55.4,18.1,46.29,10.1,756.3333333,94.33333333,8,32,9.27
60,0,21,43.5,19.6,44.4,21.89,42.15285714,19.89,44.59,18.1,54.09,10.19,92.5,18.2,41.7,20.89,55.26,18.2,46.32666667,10.1,756.3666667,94.16666667,8,26,9.23
30,0,21,43.5,19.6,44.4,21.89,42.2,19.89,44.59,18.1,54.09,10.19,92.43333333,18.13333333,41.7,20.815,55.095,18.13333333,46.4,10.1,756.4,94,8,20,9.2
30,0,21,43.5,19.6,44.43333333,21.89,42.12142857,19.89,44.59,18.1,54.09,10.19,92.36666667,18.2,41.7,20.79,54.93333333,18.2,46.4,10.2,756.3666667,93.33333333,8,23.33333333,9.15
20,0,20.96333333,43.5,19.6,44.5,21.89,42.2,19.82333333,44.62666667,18.07142857,54.01285714,10.26333333,92.3,18.2,41.66333333,20.79,54.76,18.2,46.475,10.2,756.3333333,92.66666667,8,26.66666667,9.1
40,0,20.89,43.5,19.6,44.5,21.89,42.2,19.82333333,44.62666667,18.08,53.98,10.33,92.26333333,18.2,41.59,20.79,54.62666667,18.2,46.5,10.3,756.3,92,8,30,9.05
50,0,20.89,43.53,19.525,44.5,21.84,42.15875,19.79,44.59,18.07142857,53.97142857,10.39,92.06333333,18.2,41.59,20.79,54.59,18.2,46.53,10.4,756.2666667,91.33333333,8,33.33333333,9
40,0,20.89,43.59,19.5,44.56,21.79,42.2,19.79,44.59,18,53.9,10.39,91.59333333,18.16666667,41.59,20.79,54.53,18.2,46.59,10.4,756.2333333,90.66666667,8,36.66666667,8.95
50,0,20.89,43.59,19.5,44.53,21.79,42.15285714,19.7,44.59,18.02857143,53.86571429,10.46333333,91.33333333,18.16666667,41.59,20.79,54.4,18.2,46.59,10.5,756.2,90,8,40,8.9
40,0,20.82333333,43.53,19.5,44.59,21.79,42.134,19.7,44.59,18,53.79,10.46333333,91.06,18.2,41.59,20.79,54.4,18.2,46.66333333,10.5,756.2,89.66666667,8.166666667,40,8.87
50,0,20.79,43.5,19.5,44.59,21.79,42.2,19.7,44.7,18.04285714,53.83714286,10.39,91,18.13333333,41.53,20.79,54.26,18.2,46.7,10.6,756.2,89.33333333,8.333333333,40,8.83
60,0,20.79,43.56,19.5,44.59,21.79,42.2,19.7,44.7,18.04,53.834,10.39,91.09,18.16666667,41.5,20.73,54.2,18.2,46.7,10.6,756.2,89,8.5,40,8.8
50,0,20.79,43.59,19.5,44.7,21.86142857,42.22571429,19.66666667,44.66333333,18.05714286,53.79285714,10.42666667,91,18.16666667,41.5,20.76,54.2,18.2,46.7,10.6,756.2,88.66666667,8.666666667,40,8.77
40,0,20.79,43.59,19.5,44.7,21.89,42.236,19.6,44.59,18.02,53.718,10.5,90.86666667,18.13333333,41.5,20.7,54.2,18.2,46.76,10.7,756.2,88.33333333,8.833333333,40,8.73
40,0,20.79,43.59,19.46333333,44.66333333,21.89,42.27714286,19.6,44.62666667,18.02857143,53.64714286,10.6,90.49333333,18.2,41.5,20.7,54.16333333,18.2,46.79,10.7,756.2,88,9,40,8.7
50,0,20.7675,43.59,19.39,44.59,21.89,42.2,19.6,44.7,18.0625,53.6925,10.6,90.1,18.2,41.5,20.7,54.09,18.2,46.86333333,10.7,756.25,88.16666667,9,40,8.72
40,0,20.7,43.59,19.39,44.62666667,21.89,42.2,19.6,44.7,18,53.59,10.6,89.59333333,18.2,41.5,20.7,53.96666667,18.26,47.06,10.7,756.3,88.33333333,9,40,8.73
50,0,20.7,43.62666667,19.39,44.62666667,21.79,42.2,19.6,44.7,18,53.57714286,10.66,89.33333333,18.2,41.5,20.7,53.9,18.26,47.06,10.7,756.35,88.5,9,40,8.75
40,0,20.7,43.7,19.39,44.7,21.79,42.2,19.5,44.7,18,53.5,10.69,89.19,18.2,41.5,20.7,53.79,18.23,47.03,10.6,756.4,88.66666667,9,40,8.77
50,10,20.7,43.8,19.39,44.7,21.79,42.2,19.5,44.73,18,53.5,10.69,89.26333333,18.2,41.56666667,20.7,53.79,18.29,47.22333333,10.6,756.45,88.83333333,9,40,8.78
90,0,20.7,44.06,19.39,44.82666667,21.72571429,42.09571429,19.5,44.86333333,18,53.356,10.66,89.43333333,18.13333333,41.83333333,20.66666667,53.52666667,18.29,47.2,10.6,756.5,89,9,40,8.8
50,0,20.7,44.42666667,19.39,44.96666667,21.7,42,19.5,44.93333333,18.07142857,53.27714286,10.6,89.56,18.1,42.12666667,20.6,53.32666667,18.29,47.2,10.6,756.5333333,89.16666667,8.833333333,38.16666667,8.83
30,0,20.7,44.7,19.39,45.15666667,21.64285714,41.89571429,19.42666667,45,18.02,53.156,10.56666667,89.89666667,18.1,42.33333333,20.6,53.09,18.29,47.2,10.6,756.5666667,89.33333333,8.666666667,36.33333333,8.87
10,10,20.7,44.72333333,19.39,45.29,21.6,41.92,19.39,45.06666667,18.02857143,53.05714286,10.5,90.29666667,18.1,42.56666667,20.53333333,53,18.29,47.2,10.6,756.6,89.5,8.5,34.5,8.9
40,20,20.7,44.59,19.39,45.5,21.52857143,42,19.39,45.2,18.06,53.054,10.6,90.46666667,18.1,42.7,20.6,52.93333333,18.29,47.2,10.6,756.6333333,89.66666667,8.333333333,32.66666667,8.93
60,20,20.7,44.79,19.39,45.5675,21.456,41.96,19.42666667,45.36,18.05714286,53,10.66,90.46666667,18.1,42.845,20.5,52.9,18.29,47.2,10.6,756.6666667,89.83333333,8.166666667,30.83333333,8.97
170,30,20.7,44.79,19.39,45.59,21.39,41.98571429,19.56666667,45.69333333,18.04,52.98,10.8,90.16666667,18.1,43,20.5,52.9,18.29,47.26,10.6,756.7,90,8,29,9
150,20,20.7,44.79,19.46333333,45.59,21.39,42,20.13,45.86333333,18.02857143,52.92857143,10.86,89.83333333,18.1,43,20.5,52.79,18.29,47.29,10.7,756.6666667,89.66666667,8.166666667,30.83333333,9.03
70,30,20.7,44.79,19.46333333,45.59,21.39,42,20.46333333,45.46333333,18,52.9,10.89,89.39666667,18.1,43.09,20.5,52.73,18.29,47.36333333,10.8,756.6333333,89.33333333,8.333333333,32.66666667,9.07
60,30,20.7,44.7,19.39,45.59,21.39,42,20.5,45.32666667,18,52.9,10.9975,89.115,18.1,43.16333333,20.5,52.7,18.29,47.43333333,10.9,756.6,89,8.5,34.5,9.1
60,30,20.7,44.76,19.46333333,45.66333333,21.39,42,20.5,45.46666667,18,52.9,11.1,89.09,18.1,43.23,20.5,52.7,18.35666667,47.56,10.9,756.5666667,88.66666667,8.666666667,36.33333333,9.13
60,20,20.7,44.7,19.5,45.59,21.39,41.95,20.56666667,45.62666667,18.06,52.9,11.3,88.59,18.1,43.29,20.5,52.79,18.30666667,47.59,11,756.5333333,88.33333333,8.833333333,38.16666667,9.17
60,30,20.7,44.76,19.56666667,45.59,21.39,41.9,20.5,45.62666667,18.08,52.878,11.36428571,88.21142857,18.1,43.4,20.5,52.93,18.29,47.59,11.1,756.5,88,9,40,9.2
60,20,20.7,44.73,19.6,45.59,21.39,41.96666667,20.5,45.7,18,52.79,11.39,87.36,18.1,43.46666667,20.5,53.03,18.35666667,47.59,11.1,756.5166667,88.66666667,8.833333333,44,9.27
80,20,20.7,44.79,19.66666667,45.66333333,21.39,41.93333333,20.5,45.62666667,18.06,52.856,11.40571429,87.49857143,18.1,43.53,20.5,53.22333333,18.35666667,47.5,11,756.5333333,89.33333333,8.666666667,48,9.33
80,20,20.7,44.93,19.73,45.7,21.39,42,20.5,45.62666667,18.05714286,52.79,11.5,87.656,18.1,43.59,20.6,53.26,18.29,47.5,11,756.55,90,8.5,52,9.4
80,20,20.7,45,19.79,45.62666667,21.42666667,42.12666667,20.675,45.82,18.48,60.332,11.42142857,87.52857143,18.1,43.62666667,20.66666667,53.2,18.29,47.4625,11,756.5666667,90.66666667,8.333333333,56,9.47
90,30,20.76,45,19.82333333,45.65666667,21.5,42.2,21.26,45.86,20.85714286,86.93857143,11.39,88.036,18.1,43.76,20.66666667,52.4,18.29,47.425,10.9,756.5833333,91.33333333,8.166666667,60,9.53
80,20,20.79,45.06666667,19.89,45.79,21.53333333,42.2,21.92666667,45.46,20.516,87.02,11.39,87.89285714,18.13333333,43.82666667,20.66666667,52.52666667,18.29,47.43333333,10.9,756.6,92,8,64,9.6
80,20,20.79,45.26,20,45.79,21.6,42.2,22.26,45,19.92285714,89.56714286,11.412,88.156,18.13333333,43.9,20.7,52.29666667,18.29,47.4,11,756.55,91.5,8.166666667,60,9.58
80,20,20.82333333,45.5,20.06666667,45.86333333,21.6,42.2,22.2,44.59,19.35625,91.34625,11.5,88.02571429,18.13333333,44,20.7,52.03,18.35666667,47.4,11,756.5,91,8.333333333,56,9.57
80,20,20.89,45.5,20.2,45.72333333,21.6,42.26,22.13333333,44.66333333,19.18,90.996,11.636,87.93,18.2,44,20.79,52,18.35666667,47.4,11.1,756.45,90.5,8.5,52,9.55
80,20,20.89,45.5,20.26,45.59,21.5,42.32666667,22.06666667,44.7,19.1,88.9,11.69,87.58,18.2,44.09,20.865,52.0675,18.34,47.3175,11.2,756.4,90,8.666666667,48,9.53
100,20,20.96333333,45.43333333,20.32333333,45.5,21.5,42.4,22,44.7,19.1,85.914,11.712,87.696,18.2,44.09,20.96333333,52.09,18.29,47.23,11.2,756.35,89.5,8.833333333,44,9.52
100,20,21,45.4,20.39,45.3975,21.53333333,42.43333333,21.85666667,44.76,19.04285714,84.27142857,11.75285714,87.62428571,18.15,44.2,21,52.09,18.32333333,47.2,11.3,756.3,89,9,40,9.5
70,20,21.06666667,45.4,20.39,45.23,21.6,42.5,21.79,44.76,19,83.02,11.89,87.16,18.16666667,44.29,21.06666667,52.09,18.32333333,47.2,11.4,756.2666667,88.83333333,9.166666667,40,9.52
70,30,21.1,45.4,20.42666667,45.2,21.6,42.5,21.76,44.82666667,19,81.9,11.89,86.42142857,18.1,44.36333333,21.13333333,51.96666667,18.39,47.16333333,11.4,756.2333333,88.66666667,9.333333333,40,9.53
100,0,21.1,45.4,20.5,45.2,21.53333333,42.5,21.7,44.9,18.89,80.26,11.912,86.098,18.2,44.4,21.2,51.9,18.39,47.09,11.4,756.2,88.5,9.5,40,9.55
70,0,21.1,45.53,20.5,45.06,21.5,42.53,21.66666667,44.86333333,18.83285714,78.74142857,12.07142857,85.55428571,18.2,44.4,21.23,51.82666667,18.29,47.06,11.5,756.1666667,88.33333333,9.666666667,40,9.57
80,0,21.1,45.86333333,20.5,44.93333333,21.5,42.59,21.53333333,44.79,18.79,76.954,12.19,85.15,18.2,44.43333333,21.29,51.82666667,18.35666667,47.06,11.6,756.1333333,88.16666667,9.833333333,40,9.58
100,0,21.1,45.83333333,20.53333333,44.82666667,21.46333333,42.7,21.46333333,44.79,18.72571429,75.03571429,12.13857143,85.16285714,18.2,44.5,21.39,51.82666667,18.35666667,47.09,11.6,756.1,88,10,40,9.6
110,20,21.16666667,45.56666667,20.6,44.9,21.445,42.745,21.39,44.93,18.7,72.576,12.118,85.258,18.2,44.5,21.39,51.96666667,18.35666667,47.03,11.6,756.05,88.33333333,10,37.83333333,9.62
120,20,21.2,45.4,20.63333333,44.9,21.39,42.7,21.76333333,45.13333333,18.7,70.65142857,12.12571429,84.76857143,18.2,44.56,21.5,52.16333333,18.39,47,11.5,756,88.66666667,10,35.66666667,9.63
110,20,21.2675,45.3725,20.7,44.9,21.5,42.86333333,21.89,44.86,18.7,68.84,12.06,84.12,18.2,44.59,21.5,51.89,18.39,47,11.4,755.95,89,10,33.5,9.65
110,20,21.35666667,45.29,20.73,44.9,21.5,42.86333333,21.89,44.82666667,18.7,67.32857143,11.93125,85.0475,18.2,44.59,21.6,51.52666667,18.39,47,11.4,755.9,89.33333333,10,31.33333333,9.67
100,20,21.39,45.29,20.79,44.82666667,21.5,42.9,21.82333333,44.9,18.7,65.93,11.90571429,85.75428571,18.2,44.7,21.6,51.26666667,18.39,47,11.4,755.85,89.66666667,10,29.16666667,9.68
90,20,21.39,45.23,20.82333333,44.79,21.56666667,42.9,21.745,44.95,18.7,64.90857143,12,85.59,18.2,44.7,21.63333333,51.06,18.39,46.96666667,11.3,755.8,90,10,27,9.7
110,30,21.46333333,45.33333333,20.89,44.79,21.6,42.93333333,21.76,45.09,18.7,64,12.04285714,85.18285714,18.2,44.7,21.7,51,18.39,46.9,11.4,755.7166667,89,9.833333333,29.16666667,9.67
100,20,21.46333333,45.2,20.89,44.76,21.6,43.06,21.7,45.09,18.7,63.17142857,12.1,84.66,18.2,44.7,21.73,50.9,18.39,46.9,11.6,755.6333333,88,9.666666667,31.33333333,9.63
110,20,21.42666667,45.12666667,20.89,44.7,21.56666667,43.09,21.7,45.2,18.7,62.38,12.19285714,83.72857143,18.2,44.7,21.79,50.76666667,18.39,46.9,11.7,755.55,87,9.5,33.5,9.6
110,20,21.5,45.2,20.89,44.66333333,21.56666667,43.09,21.7,45.2,18.64285714,61.71285714,12.318,82.938,18.2,44.62666667,21.92666667,50.66333333,18.39,46.9,11.8,755.4666667,86,9.333333333,35.66666667,9.57
100,20,21.5,46.43333333,20.82333333,44.53,21.6,43.12666667,21.7,45.2,18.66,61.154,12.46857143,81.70714286,18.2,44.66333333,22,50.53,18.39,46.8725,12,755.3833333,85,9.166666667,37.83333333,9.53
110,20,21.56666667,47.89333333,20.79,44.53,21.6,43.2,21.63333333,45.2,18.7,60.66857143,12.5,81.54,18.2,44.59,22.05,50.545,18.39,46.79,12.1,755.3,84,9,40,9.5
110,20,21.5,47.13333333,20.79,44.66333333,21.6,43.2,21.6,45.2,18.64,60.2,12.54285714,79.9,18.2,44.59,22.13333333,50.36333333,18.39,46.79,12.1,755.25,84,9.333333333,40,9.48
100,20,21.5,46.86,20.745,44.79,21.6,43.2,21.6,45.2,18.61428571,59.86714286,12.5,80.12,18.2,44.66333333,22.2,50.23,18.39,46.79,12.1,755.2,84,9.666666667,40,9.47
80,30,21.5,46.52666667,20.7,44.82666667,21.6,43.2,21.6,45.29,18.6,59.56,12.54285714,80.11428571,18.2,44.59,22.29,50.22333333,18.39,46.82666667,12.1,755.15,84,10,40,9.45
60,20,21.5,46.46666667,20.7,44.82666667,21.6,43.2,21.6,45.29,18.6,59.316,12.54,80.8,18.29,44.73,22.35666667,50.03,18.39,46.82666667,12.1,755.1,84,10.33333333,40,9.43
50,20,21.5,46.36333333,20.7,44.79,21.5,43.12666667,21.6,45.4,18.6,59.16857143,12.58571429,80.52857143,18.29,44.79,22.29,49.72333333,18.39,46.79,12.1,755.05,84,10.66666667,40,9.42
190,20,21.5,46.23,20.7,44.79,21.5,43.2,21.6,45.4,18.6,58.96,12.478,80.16,18.29,44.82666667,22.23,49.39,18.39,46.79,12.1,755,84,11,40,9.4
180,20,21.5,46.3,20.63333333,44.82666667,21.5,43.2,21.6,45.46666667,18.6,58.82428571,12.39,80.24,18.29,44.9,22.1,48.9,18.39,46.86333333,12.1,754.9666667,84,11,40,9.37
110,20,21.5,48.5,20.63333333,44.9,21.5,43.32,21.66666667,45.6,18.6,58.736,12.3,80.13,18.29,44.9,22.1,49.02666667,18.39,46.79,12,754.9333333,84,11,40,9.33
110,30,21.5,48.92666667,20.6,45.15666667,21.5,43.56,22.16333333,45.63333333,18.57142857,58.7,12.20571429,80.03714286,18.29,44.82666667,22.1,49.12666667,18.39,46.79,11.9,754.9,84,11,40,9.3
100,20,21.56666667,47.86666667,20.6,45.29,21.5,43.7,22.43,45.16666667,18.6,58.656,12.172,80.016,18.29,44.9,22.16666667,49.26,18.39,46.79,11.9,754.8666667,84,11,40,9.27
100,20,21.55,47.2,20.7,45.5,21.56666667,43.76,22.5,44.7,18.55714286,58.53857143,12.1,80.37142857,18.29,44.82666667,22.2,49.43333333,18.39,46.79,11.9,754.8333333,84,11,40,9.23
100,20,21.6,46.52666667,20.7,45.43333333,21.6,43.79,22.42666667,44.62666667,18.6,58.418,12,80.34,18.29,44.79,22.2,49.5,18.39,46.79,11.8,754.8,84,11,40,9.2
100,20,21.6,46.32666667,20.7,45.4,21.6,43.86333333,22.29,44.59,18.57142857,58.26428571,11.92428571,80.59428571,18.29,44.79,22.29,49.7,18.39,46.76,11.7,754.8,84.33333333,10.83333333,40,9.18
200,30,21.6,46.06,20.76,45.32666667,21.6,43.79,22.2,44.5,18.6,58.156,11.836,80.756,18.29,44.79,22.29,49.7,18.39,46.76,11.6,754.8,84.66666667,10.66666667,40,9.17
500,20,21.66666667,46.39333333,20.79,45.2,21.6,43.79,22.2,44.5,18.6,57.99857143,11.8,80.85714286,18.29,44.79,22.29,49.73,18.39,46.79,11.6,754.8,85,10.5,40,9.15
340,20,21.73,48.29333333,20.85666667,45.2,21.6,43.96333333,22.16666667,44.62666667,18.6,57.9,11.69,81.10875,18.29,44.79,22.29,49.86333333,18.39,46.73,11.5,754.8,85.33333333,10.33333333,40,9.13
120,0,21.85666667,50.36666667,20.92666667,45.52666667,21.66666667,44.55666667,22.1,44.76,18.6,57.92857143,11.654,81.554,18.29,44.73,22.29,49.6,18.39,46.7,11.4,754.8,85.66666667,10.16666667,40,9.12
160,10,22,50.4,21,46.26666667,21.79,45.69333333,22.06666667,44.76,18.6,58.134,11.6,81.72571429,18.29,44.7,22.35666667,49.46666667,18.39,46.7225,11.3,754.8,86,10,40,9.1
320,0,22,50.26666667,21.03333333,46.53,21.85666667,46.1,22,44.76,18.6,58.31428571,11.6,82.176,18.29,44.7,22.5,49.56,18.39,46.73,11.2,754.7833333,86.83333333,9.833333333,37.66666667,9.17
240,0,22.03333333,48.83333333,21.1,46.53,21.89,46.16333333,21.89,44.93333333,18.6,58.4,11.52857143,82.72428571,18.29,44.7,22.575,49.475,18.39,46.7,11.2,754.7666667,87.66666667,9.666666667,35.33333333,9.23
340,20,22.16666667,48.16666667,21.15,46.45,21.89,45.96333333,21.89,45.13333333,18.6,58.4,11.39,84.1,18.29,44.73,22.6,49.46666667,18.32333333,46.7,11.1,754.75,88.5,9.5,33,9.3
140,20,22.2,47.36333333,21.23,46.2,21.89,45.76,21.79,45.23,18.6,58.4,11.25,85.30857143,18.29,44.79,22.6,49.53,18.39,46.79,11,754.7333333,89.33333333,9.333333333,30.66666667,9.37
400,20,22.26,46.96333333,21.29,46.06666667,21.89,45.56666667,21.79,45.36333333,18.6,58.30571429,11.136,86.25,18.29,44.9,22.6,49.53,18.39,46.79,11,754.7166667,90.16666667,9.166666667,28.33333333,9.43
230,20,22.29,46.63333333,21.39,45.72333333,21.89,45.36333333,21.79,45.5,18.6,58.236,11.07142857,86.89428571,18.35666667,44.9,22.73,49.46666667,18.39,46.79,10.9,754.7,91,9,26,9.5
140,30,22.29,46.36,21.39,45.53,21.96333333,45.23,21.79,45.56,18.6,58.09571429,11,87.576,18.32333333,45,22.79,49.32666667,18.39,46.86333333,10.9,754.7,91.33333333,8.833333333,32.33333333,9.5
100,20,22.32333333,46.06,21.5,45.46666667,22,45.06,21.76,45.59,18.7,58.09,10.90571429,87.91142857,18.39,45,22.79,49.26,18.39,46.96666667,10.8,754.7,91.66666667,8.666666667,38.66666667,9.5
70,20,22.39,45.93333333,21.5,45.26666667,22,44.8975,21.76,45.59,18.65714286,57.95571429,10.854,88.212,18.39,45.03,22.79,49.12666667,18.39,46.9,10.8,754.7,92,8.5,45,9.5
80,30,22.39,45.66333333,21.6,45.06,22,44.79,21.79,45.59,18.7,57.86333333,10.82571429,88.5,18.39,45.09,22.66666667,48.96666667,18.39,46.9,10.7,754.7,92.33333333,8.333333333,51.33333333,9.5
310,20,22.46333333,45.59,21.6,44.93333333,21.89,44.79,21.79,45.59,18.7,57.65285714,10.8,88.734,18.32333333,45.09,22.53333333,48.9,18.39,46.9,10.7,754.7,92.66666667,8.166666667,57.66666667,9.5
410,20,22.5,45.56,21.6,44.86333333,21.89,44.73,21.79,45.59,18.7,57.42857143,10.73714286,88.95571429,18.39,45.09,22.46333333,48.83333333,18.39,46.9,10.6,754.7,93,8,64,9.5
80,20,22.5,45.3975,21.6,44.73,21.92666667,44.7,21.79,45.59,18.7,57.254,10.672,89.172,18.39,45.09,22.32333333,48.62666667,18.39,46.9,10.6,754.6833333,93.16666667,8,58.16666667,9.48
90,30,22.5,45.23,21.66666667,44.72333333,21.92666667,44.7,21.79,45.645,18.7,57.13714286,10.6,89.46857143,18.39,45.09,22.29,48.82666667,18.39,46.9,10.5,754.6666667,93.33333333,8,52.33333333,9.47
100,20,22.5,45.09,21.6,44.59,22,44.66333333,21.79,45.7,18.7,57.072,10.56,89.84,18.39,45.09,22.29,48.96666667,18.39,46.9,10.4,754.65,93.5,8,46.5,9.45
90,20,22.5,45.03,21.6,44.5,21.92666667,44.53,21.85666667,45.76,18.7,56.92857143,10.5,90.11,18.39,45.09,22.29,49.26666667,18.39,46.9,10.4,754.6333333,93.66666667,8,40.66666667,9.43
90,30,22.39,44.9,21.53333333,44.56,22,44.5,21.82333333,45.73,18.7,56.79,10.5,90.3,18.39,45.09,22.23,49.4,18.39,46.9,10.4,754.6166667,93.83333333,8,34.83333333,9.42
70,20,22.39,44.96666667,21.5,44.59,22,44.43333333,21.89,45.79,18.7,56.73857143,10.5,90.26857143,18.39,45.09,22.2,49.65666667,18.39,46.9,10.3,754.6,94,8,29,9.4
60,30,22.39,45.03,21.42666667,44.53,21.89,44.29,21.82333333,45.65666667,18.7,56.634,10.5,90.09,18.39,45.06,22.13333333,49.86333333,18.39,46.925,10.4,754.55,92.5,8.166666667,30.83333333,9.22
60,20,22.39,45.03,21.39,44.5,21.89,44.36333333,21.89,45.79,18.7,56.66857143,10.5,89.94142857,18.39,44.875,22.2,50.12666667,18.39,47,10.5,754.5,91,8.333333333,32.66666667,9.03
60,20,22.39,45,21.32333333,44.5,21.89,44.4,22.09666667,46,18.7,56.79,10.5,89.676,18.39,44.62666667,22.2,50.33333333,18.39,46.86333333,10.6,754.45,89.5,8.5,34.5,8.85
60,20,22.39,45,21.26,44.5,21.89,44.4,22.35666667,45.72666667,18.7,56.85285714,10.5125,89.03375,18.39,44.5,22.2,50.69,18.39,46.79,10.6,754.4,88,8.666666667,36.33333333,8.67
60,30,22.32333333,45,21.2,44.5,21.79,44.29,22.5,45.59,18.68,56.9,10.57142857,87.92857143,18.46333333,44.43333333,22.16666667,51.03,18.39,46.79,10.7,754.35,86.5,8.833333333,38.16666667,8.48
60,20,22.39,45,21.13333333,44.5,21.79,44.29,22.5,45.59,18.64285714,56.9,10.6,86.354,18.5,44.26,22.1,51.16333333,18.46333333,46.86333333,10.8,754.3,85,9,40,8.3
60,20,22.29,44.96666667,21.06666667,44.56,21.89,44.29,22.39,45.46666667,18.64,56.94,10.6,84.73857143,18.5,44.12666667,22.1,51.32666667,18.42666667,46.82666667,10.7,754.2166667,84.66666667,9,40,8.18
50,30,22.29,44.9,21,44.56,21.89,44.29,22.39,45.4,18.61428571,57,10.6,83.558,18.5,43.96666667,22.1,51.46666667,18.42666667,46.82666667,10.7,754.1333333,84.33333333,9,40,8.07
60,20,22.26,44.76,21,44.56,21.82333333,44.12666667,22.39,45.4,18.6,57,10.55714286,82.67857143,18.5,43.82666667,22.1,51.56666667,18.39,46.76,10.6,754.05,84,9,40,7.95
60,20,22.2,44.7,20.92666667,44.5,21.89,44.1175,22.39,45.4,18.6,57,10.6,81.276,18.5,43.76,22.03333333,51.7,18.46333333,46.76,10.5,753.9666667,83.66666667,9,40,7.83
40,30,22.2,44.66333333,20.89,44.5,21.89,44.16333333,22.35666667,45.46666667,18.6,56.9,10.6,80.85142857,18.5,43.62666667,22,51.73,18.46333333,46.76,10.5,753.8833333,83.33333333,9,40,7.72
40,20,22.13333333,44.59,20.82333333,44.36,21.89,44.09,22.35666667,45.4,18.6,56.9,10.558,80.538,18.5,43.5,22,51.86333333,18.46333333,46.76,10.4,753.8,83,9,40,7.6
40,20,22.1,44.59,20.79,44.32666667,21.89,44.03,22.35666667,45.4,18.6,56.9,10.32571429,79.88285714,18.5,43.43333333,22.06666667,52.09,18.5,46.79,10.3,753.7,83.5,8.666666667,40,7.58
50,20,22.03333333,44.53,20.79,44.4,21.89,44.06,22.29,45.26666667,18.6,56.9,10.19,79.93,18.5,43.26,22,52.29666667,18.42666667,46.73,10.2,753.6,84,8.333333333,40,7.57
70,30,22.1,44.5,20.7,44.32666667,21.89,44,22.29,45.2,18.6,56.856,10.13857143,79.26428571,18.5,43.2,22.06666667,52.5,18.5,46.79,10.1,753.5,84.5,8,40,7.55
60,20,22,44.36333333,20.7,44.4,21.89,44,22.29,45.2,18.6,56.79,10.08,79.376,18.5,43.06,22,52.56,18.5,46.79,10,753.4,85,7.666666667,40,7.53
70,20,22,44.29,20.66666667,44.36333333,21.96333333,44,22.29,45.2,18.6,56.736,10,80.09571429,18.5,43,21.89,52.5,18.5,46.79,9.9,753.3,85.5,7.333333333,40,7.52
60,30,21.96333333,44.29,20.6,44.29,22,44,22.29,45.2,18.6,56.7,10,80.756,18.5,42.86333333,21.89,52.56,18.5,46.79,9.8,753.2,86,7,40,7.5
60,10,21.89,44.29,20.6,44.29,22,44,22.29,45.2,18.6,56.7,10.13714286,80.22285714,18.5,42.79,21.96333333,52.82666667,18.5,46.79,9.8,753.1333333,86,7.166666667,40,7.52
50,10,21.89,44.32666667,20.6,44.29,22,44,22.26,45.1,18.6,56.656,10.19,79.918,18.5,42.7,21.89,52.96666667,18.5,46.79,9.8,753.0666667,86,7.333333333,40,7.53
60,0,21.82333333,44.32666667,20.5,44.4,22,44,22.2,44.82666667,18.6,56.63714286,10.19,79.58,18.5,42.6175,21.89,53.12666667,18.5,46.79,9.8,753,86,7.5,40,7.55
60,0,21.79,44.29,20.5,44.4,22.03333333,44.03,22.16666667,44.56,18.56,56.59,10.1,79.976,18.5,42.59,21.89,53.33333333,18.5,46.93333333,9.8,752.9333333,86,7.666666667,40,7.57
60,0,21.79,44.29,20.39,44.4,22.03333333,44.03,22.1,44.43333333,18.6,56.59,10.1,80.31,18.5,42.5,21.89,53.73,18.5,46.93333333,9.8,752.8666667,86,7.833333333,40,7.58
60,0,21.79,44.2,20.39,44.4,22.1,44.09,22,44.29,18.6,56.59,10.04,80.518,18.5,42.5,21.89,53.93,18.5,46.9,9.8,752.8,86,8,40,7.6
50,0,21.73,44.2,20.39,44.4,22.1,44.03,21.92666667,44.29,18.55714286,56.53857143,10,80.63285714,18.5,42.4,21.89,54.145,18.5,46.9,9.85,752.8,85.33333333,8.166666667,40,7.53
50,10,21.7,44.2,20.29,44.46666667,22.1,44,21.85666667,44.26,18.56,56.536,9.89,80.65,18.5,42.4,21.89,54.2,18.5,47,9.9,752.8,84.66666667,8.333333333,40,7.47
60,0,21.7,44.2,20.29,44.46666667,22.1,44,21.79,44.2,18.6,56.5,9.89,80.50875,18.5,42.4,21.89,54.2,18.5,47,9.95,752.8,84,8.5,40,7.4
50,0,21.7,44.2,20.29,44.5,22.06666667,43.96666667,21.7,44.2,18.56,56.46,9.952857143,79.78142857,18.5,42.32666667,21.79,54.16333333,18.5,47,10,752.8,83.33333333,8.666666667,40,7.33
60,0,21.63333333,44.12666667,20.29,44.5,22.075,44.02,21.63333333,44.12666667,18.54285714,56.42857143,10,79.338,18.5,42.29,21.79,54.09,18.5,47,10.1,752.8,82.66666667,8.833333333,40,7.27
60,0,21.6,44.09,20.29,44.53,22.1,44,21.6,44.09,18.58,56.4,10,78.99714286,18.5,42.23,21.79,54.06,18.56666667,47.03,10.1,752.8,82,9,40,7.2
60,0,21.6,44.09,20.23,44.53,22.1,44,21.53333333,44.16333333,18.54285714,56.4,10,78.68,18.5,42.16333333,21.79,54,18.56666667,47.03,10.1,752.7833333,82,9,40,7.18
60,0,21.6,44,20.2,44.5,22.1,44,21.5,44.2,18.56,56.29,10,78.42571429,18.5,42.09,21.79,53.96666667,18.5,47.03,10.1,752.7666667,82,9,40,7.17
50,0,21.6,44,20.2,44.56,22.1,44,21.42666667,44.12666667,18.51428571,56.29,10,78.34,18.5,42.09,21.79,53.9,18.5,47.03,10.1,752.75,82,9,40,7.15
60,0,21.6,44,20.1,44.62666667,22.1,44,21.39,44.09,18.54,56.29,10,78.26857143,18.5,42.03,21.79,53.9,18.6,47.09,10,752.7333333,82,9,40,7.13
40,0,21.5,44,20.1,44.62666667,22.1,43.93333333,21.39,44.09,18.5,56.26428571,10,77.84,18.5,42,21.79,53.9,18.6,47.09,10,752.7166667,82,9,40,7.12
50,0,21.5,44,20.1,44.7,22.1,44,21.32333333,44.09,18.5,56.2,10.01428571,77.35714286,18.5,41.93333333,21.79,54,18.6,47.09,10,752.7,82,9,40,7.1
20,0,21.5,44,20.03333333,44.62666667,22.1,43.9,21.26,44.16333333,18.5,56.2,10.1,76.8,18.5,41.96666667,21.79,53.93333333,18.6,47.09,10,752.6666667,82,9.166666667,40,7.1
40,0,21.5,44,20,44.59,22.03333333,43.82666667,21.26,44.16333333,18.5,56.2,10.1,76.32857143,18.5,41.9,21.79,53.86333333,18.6,47.18428571,10,752.6333333,82,9.333333333,40,7.1
50,0,21.39,43.9,20,44.59,22,43.79,21.2,44.09,18.5,56.09,10.19,75.554,18.5,41.79,21.73,53.79,18.6,47.2,10.1,752.6,82,9.5,40,7.1
50,0,21.39,43.82666667,20,44.59,22,43.79,21.2,44.09,18.5,56.09,10.23714286,75.38571429,18.5,41.79,21.79,53.66333333,18.6,47.2,10.1,752.5666667,82,9.666666667,40,7.1
70,0,21.39,43.79,20,44.59,22,43.86333333,21.1,44.09,18.5,56.06,10.19,75.234,18.5,41.79,21.73,53.53,18.6,47.2,10.1,752.5333333,82,9.833333333,40,7.1
50,0,21.39,43.79,19.96333333,44.59,22,43.79,21.1,44.09,18.5,56,10.19,75.22142857,18.5,41.7,21.73,53.36333333,18.6,47.29,10.1,752.5,82,10,40,7.1
50,0,21.39,43.79,19.89,44.59,22,43.86333333,21.1,44.09,18.5,55.93333333,10.19,75.19,18.5,41.7,21.73,53.23,18.6,47.29,10.1,752.5,82,10,40,7.08
50,0,21.39,43.79,19.89,44.59,22,43.79,21.03333333,44.03,18.5,55.9,10.11285714,75.34142857,18.5,41.59,21.7,53.02666667,18.6,47.29,10,752.5,82,10,40,7.07
50,0,21.29,43.79,19.89,44.62666667,22,43.79,21,44,18.5,55.9,10.1,75.42,18.5,41.59,21.745,52.8725,18.6,47.32142857,10,752.5,82,10,40,7.05
50,0,21.29,43.79,19.89,44.62666667,22,43.79,21,44,18.5,55.86333333,10.1,75.44285714,18.5,41.59,21.7,52.73,18.64,47.44,9.97,752.5,82,10,40,7.03
60,0,21.29,43.79,19.85666667,44.66333333,22,43.79,21,44.06,18.5,55.79,10.154,75.19,18.5,41.53,21.7,52.7,18.62857143,47.48428571,9.93,752.5,82,10,40,7.02
70,0,21.29,43.79,19.79,44.59,22,43.79,21,44,18.5,55.79,10.13857143,75.22714286,18.5,41.5,21.7,52.62666667,18.64,47.536,9.9,752.5,82,10,40,7
50,0,21.29,43.79,19.79,44.59,22,43.79,20.89,44,18.5,55.73,10.118,74.996,18.5,41.5,21.7,52.59,18.64285714,47.53857143,9.92,752.4333333,82,9.833333333,40,7
60,0,21.29,43.79,19.79,44.59,22,43.76,20.89,44.06,18.5,55.7,10.16428571,74.92857143,18.5,41.5,21.7,52.59,18.6,47.59,9.93,752.3666667,82,9.666666667,40,7
50,0,21.2,43.7,19.79,44.59,22,43.7,20.89,44.09,18.5,55.7,10.1675,74.86,18.5,41.43333333,21.7,52.4,18.61428571,47.60571429,9.95,752.3,82,9.5,40,7
50,0,21.2,43.7,19.79,44.59,22,43.7,20.82333333,44.03,18.5,55.59,10.19,74.44,18.5,41.4,21.7,52.4,18.66,47.656,9.97,752.2333333,82,9.333333333,40,7
50,0,21.2,43.7,19.79,44.62666667,22,43.7,20.79,44,18.5,55.59,10.15142857,74.4,18.5,41.4,21.7,52.29,18.7,47.7,9.98,752.1666667,82,9.166666667,40,7
60,10,21.175,43.7225,19.79,44.62666667,22,43.7,20.79,44,18.46333333,55.52666667,10.154,74.534,18.5,41.36333333,21.63333333,52.09666667,18.7,47.79,10,752.1,82,9,40,7
50,0,21.16666667,44.79,19.7,44.69333333,21.92666667,43.62666667,20.79,44,18.46333333,55.52666667,10.12571429,74.55428571,18.5,41.29,21.66666667,52.06,18.62857143,47.72571429,9.87,752.05,83.5,8.833333333,44,7.13
50,10,21.2,44.9,19.7,44.96666667,21.89,43.5,20.7,43.96666667,18.5,55.53,10.06,74.94,18.5,41.29,21.6,51.93333333,18.7,47.776,9.73,752,85,8.666666667,48,7.27
60,10,21.2,44.9,19.7,45.06666667,21.89,43.43333333,20.7,43.9,18.42666667,55.53,10,75.47857143,18.5,41.29,21.6,51.72333333,18.7,47.9,9.6,751.95,86.5,8.5,52,7.4
70,0,21.1,44.86,19.7,45.26,21.85666667,43.26,20.7,43.86333333,18.42666667,55.5,10,76.074,18.5,41.29,21.6,51.39,18.7,47.9,9.47,751.9,88,8.333333333,56,7.53
50,0,21.16666667,45,19.7,45.2,21.85666667,43.26,20.7,43.73,18.42666667,55.36,9.921428571,77.26857143,18.5,41.3725,21.5,50.9,18.7,47.75428571,9.33,751.85,89.5,8.166666667,60,7.67
50,0,21.2,44.96666667,19.7,45.12666667,21.85666667,43.2,20.63333333,43.62666667,18.42666667,55.2,9.8,78.016,18.5,41.4,21.5,50.56666667,18.66,47.634,9.2,751.8,91,8,64,7.8
30,0,21.2,44.82666667,19.7,45.12666667,21.79,43.2,20.7,43.7,18.445,55.1175,9.8,78.31142857,18.5,41.43333333,21.39,50.02666667,18.7,47.52571429,9.13,751.8,91.16666667,7.833333333,64,7.77
50,10,21.16666667,44.76,19.7,45.12666667,21.79,43.16333333,20.6,43.5,18.5,54.96333333,9.8,77.936,18.42666667,41.36,21.39,49.82666667,18.66,47.46,9.07,751.8,91.33333333,7.666666667,64,7.73
140,0,21.16666667,44.62666667,19.7,45,21.79,43.09,20.6,43.5,18.42666667,54.76,9.8,77.4,18.42666667,41.32666667,21.35666667,49.59,18.68,47.4,9,751.8,91.5,7.5,64,7.7
130,0,21.1,44.59,19.7,44.86333333,21.7,43.09,20.6,43.46666667,18.5,54.7,9.8,77.3,18.42666667,41.32666667,21.29,49.59,18.66666667,47.24777778,8.93,751.8,91.66666667,7.333333333,64,7.67
50,10,21.1,44.53,19.7,44.79,21.7,43.01,20.6,43.4,18.46333333,54.52666667,9.8,77.57857143,18.39,41.29,21.245,49.495,18.7,47.71,8.87,751.8,91.83333333,7.166666667,64,7.63
50,0,21.1,44.46666667,19.7,44.76,21.73,42.96666667,20.5,43.4,18.46333333,54.4,9.778,78.04,18.46333333,41.36333333,21.26,49.33333333,18.79,48,8.8,751.8,92,7,64,7.6
80,0,21.1,44.4,19.7,44.76,21.73,42.9,20.5,43.4,18.46333333,54.36333333,9.664285714,79.26857143,18.39,41.29,21.2,49.2,18.79,47.94285714,8.83,751.7833333,92.5,7.166666667,59.16666667,7.7
330,0,21.1,44.32666667,19.7,44.82666667,21.7,42.79,20.5,43.43333333,18.46333333,54.36333333,9.5,81.776,18.39,41.36333333,21.16666667,49,18.79,47.834,8.87,751.7666667,93,7.333333333,54.33333333,7.8
230,0,21.1,44.4,19.7,44.96666667,21.625,42.64,20.5,43.5,18.5,54.26,9.437142857,83.39857143,18.46333333,41.56,21.1,48.93333333,18.79,47.76428571,8.9,751.75,93.5,7.5,49.5,7.9
70,0,21,44.32666667,19.6,45,21.6,42.53,20.5,43.5,18.42666667,54.12666667,9.39,84.594,18.39,41.56,21.1,48.86333333,18.79,47.656,8.93,751.7333333,94,7.666666667,44.66666667,8
40,10,21,44.4,19.6,45.06,21.56666667,42.5,20.5,43.56,18.39,53.96666667,9.39,85.46571429,18.39,41.73,21.1,48.79,18.79,47.57714286,8.97,751.7166667,94.5,7.833333333,39.83333333,8.1
40,10,21,44.53,19.6,45.09,21.5,42.5,20.46333333,43.59,18.39,53.9,9.434,86.174,18.39,41.79,21.06666667,48.72333333,18.79,47.5,9,751.7,95,8,35,8.2
70,0,21,44.59,19.6,45.03,21.5,42.5,20.39,43.6175,18.42666667,53.9,9.452857143,86.52428571,18.39,41.9,21,48.59,18.79,47.47142857,9.08,751.7166667,94.66666667,8,39.66666667,8.23
60,0,21,44.53,19.6,45.03,21.5,42.5,20.39,43.76,18.5,53.82666667,9.5125,87.13125,18.39,41.96666667,21,48.56,18.79,47.356,9.17,751.7333333,94.33333333,8,44.33333333,8.27
80,10,21,44.59,19.66666667,45.16333333,21.5,42.5,20.39,43.79,18.39,53.7,9.618,87.34,18.39,42.09,21,48.5,18.79,47.23857143,9.25,751.75,94,8,49,8.3
50,10,21,44.66333333,19.63333333,45.12666667,21.5,42.5,20.39,43.79,18.46333333,53.76,9.768571429,87.59285714,18.39,42.09,21,48.5,18.79,47.178,9.33,751.7666667,93.66666667,8,53.66666667,8.33
40,0,21,44.7,19.7,45.2,21.5,42.5,20.32333333,43.9,18.46333333,53.66333333,9.89,87.554,18.39,42.2,20.92666667,48.5,18.79,47.09,9.42,751.7833333,93.33333333,8,58.33333333,8.37
50,10,21,44.7,19.7,45.2,21.5,42.5,20.39,43.9,18.46333333,53.59,10.05428571,87.28,18.39,42.245,20.89,48.46666667,18.79,47,9.5,751.8,93,8,63,8.4
360,0,20.96333333,44.76,19.7,45.2,21.5,42.56,20.39,43.93333333,18.42666667,53.5,10.274,86.896,18.39,42.26,20.89,48.4,18.79,46.94285714,9.6,751.7833333,92.33333333,8,59.16666667,8.4
390,0,20.96333333,44.7,19.7,45.16333333,21.42666667,42.5,20.32333333,44,18.5,53.545,10.42142857,86.05714286,18.39,42.29,20.89,48.4,18.754,46.9,9.7,751.7666667,91.66666667,8,55.33333333,8.4
300,0,20.89,44.82666667,19.76,45.09,21.63333333,43.16666667,20.29,44,18.42666667,53.43333333,10.54,85.216,18.39,42.36333333,20.82333333,48.26666667,18.79,46.82142857,9.8,751.75,91,8,51.5,8.4
260,0,20.89,44.96666667,19.745,45.3,21.82666667,43.69333333,20.29,44.06,18.42666667,53.43333333,10.66714286,84.44142857,18.39,42.4,20.79,48.2,18.79,46.79,9.9,751.7333333,90.33333333,8,47.66666667,8.4
270,0,21,45.23,19.79,45.62666667,22.16333333,43.9,20.29,44.09,18.42666667,53.43333333,10.8,83.578,18.46333333,42.46666667,20.79,48.2,18.79,46.79,10,751.7166667,89.66666667,8,43.83333333,8.4
230,0,21,45.36333333,19.79,45.7,22.35666667,43.76666667,20.29,44.09,18.5,53.59,10.86428571,83.11857143,18.5,42.59,20.79,48.2,18.736,46.79,10.1,751.7,89,8,40,8.4
340,0,21,45.62666667,19.79,45.93333333,22.53333333,43.63333333,20.29,44.09,18.42666667,53.53,10.8,82.63,18.5,42.59,20.79,48.2,18.7,46.79,10.2,751.6833333,89,7.833333333,38.16666667,8.47
230,0,21,46.03333333,19.79,46.06,22.66666667,43.43333333,20.29,44.16333333,18.46333333,53.66333333,10.81285714,83.11142857,18.5,42.7,20.73,48.2,18.7,46.7,10.3,751.6666667,89,7.666666667,36.33333333,8.53
100,0,21.1,48.23333333,19.79,47.06666667,22.82333333,43.2,20.29,44.23,18.46333333,53.72333333,10.89,83.51,18.5,42.7,20.7,48.2,18.72571429,46.72571429,10.4,751.65,89,7.5,34.5,8.6
90,0,21.1,47.56666667,19.79,47.46666667,22.865,43.15,20.29,44.29,18.39,53.86,10.92142857,83.41142857,18.5,42.79,20.7,48.2,18.7,46.736,10.4,751.6333333,89,7.333333333,32.66666667,8.67
90,0,21.1,47.33333333,19.79,47.36333333,22.66333333,42.86,20.29,44.29,18.46333333,54.06,11.1,83.276,18.5,42.79,20.7,48.2,18.7,46.7675,10.5,751.6166667,89,7.166666667,30.83333333,8.73
110,0,21.1,47.12666667,19.79,47.15666667,22.5,42.79,20.29,44.36333333,18.5,54.16333333,11.15142857,83.41285714,18.5,42.93333333,20.7,48.2,18.7,46.79,10.6,751.6,89,7,29,8.8
100,0,21.03333333,46.76,19.89,47.02666667,22.42666667,42.73,20.29,44.43333333,18.5,54.16333333,11.256,83.694,18.5,43,20.7,48.2,18.7,46.7,10.6,751.5,90,6.833333333,32.83333333,8.93
130,0,21.1,46.62666667,19.89,46.82666667,22.39,42.59,20.29,44.5,18.5,54.06,11.3,84.09,18.5,43.09,20.63333333,48.12666667,18.65,46.645,10.5,751.4,91,6.666666667,36.66666667,9.07
120,0,21.1,46.69,19.89,46.7,22.39,42.59,20.29,44.56,18.42666667,53.93333333,11.22428571,84.03714286,18.5,43.16333333,20.66666667,48.26,18.7,46.736,10.5,751.3,92,6.5,40.5,9.2
60,0,21.13333333,47.03,19.89,46.9,22.29,42.7,20.29,44.7,18.5,54,11,84.62,18.5,43.32666667,20.6,48.2,18.7,46.76428571,10.5,751.2,93,6.333333333,44.33333333,9.33
40,0,21.2,47.15666667,19.89,47.06,22.23,42.62666667,20.29,44.7,18.478,53.98,10.72666667,85.88333333,18.5,43.4,20.6,48.29,18.7,46.79,10.4,751.1,94,6.166666667,48.16666667,9.47
40,0,21.2,46.9,19.89,47,22.16666667,42.73,20.2,44.73,18.456,53.96,10.63,87.03333333,18.5,43.5,20.6,48.29,18.7,46.79,10.4,751,95,6,52,9.6
30,0,21.13333333,46.82666667,19.89,46.96666667,22.1,42.79,20.2,44.79,18.5,54,10.69,88.39,18.5,43.595,20.56666667,48.4,18.7,46.9,10.3,750.9666667,95.33333333,6,50.5,9.58
50,0,21.16666667,46.7,19.89,46.82666667,22,42.73,20.2,44.9,18.5,53.9,10.83,88.99666667,18.5,43.76,20.56666667,48.4,18.7,46.95714286,10.3,750.9333333,95.66666667,6,49,9.57
50,0,21.1,46.7,19.89,46.76,22,42.79,20.2,44.96666667,18.5,53.83714286,10.83,89.19,18.5,43.82666667,20.5,48.5,18.7,47.018,10.2,750.9,96,6,47.5,9.55
60,0,21.16666667,46.56,19.89,46.7,21.96333333,42.82666667,20.2,45.09,18.5,53.77875,10.76333333,89.46333333,18.5,43.96666667,20.5,48.56,18.7,47.09,10.1,750.8666667,96.33333333,6,46,9.53
50,0,21.1,46.43333333,19.89,46.59,21.89,42.9,20.2,45.16333333,18.5,53.7,10.69,89.73,18.5,44.09,20.5,48.62666667,18.7,47.29,10.1,750.8333333,96.66666667,6,44.5,9.52
50,0,21.1,46.29,19.89,46.5,21.89,42.9,20.2,45.23,18.5,53.66857143,10.69,89.93333333,18.5,44.16333333,20.5,48.7,18.75142857,47.42285714,10,750.8,97,6,43,9.5
50,0,21.1,46.15666667,19.89,46.56,21.89,42.9,20.2,45.29,18.5,53.59,10.69,90.12666667,18.5,44.23,20.5,48.79,18.79,47.516,9.58,750.8166667,97.16666667,5.833333333,42.83333333,9.12
50,0,21.1,46.2,19.89,46.59,21.79,42.79,20.2,45.4,18.5,53.51285714,10.69,90.33333333,18.5,44.29,20.5,48.79,18.79,47.4,9.17,750.8333333,97.33333333,5.666666667,42.66666667,8.73
60,0,21.1,46.12666667,19.82333333,46.59,21.79,42.79,20.2,45.4,18.5,53.5,10.69,90.33333333,18.5,44.4,20.445,48.8,18.754,47.356,8.75,750.85,97.5,5.5,42.5,8.35
70,0,21.1,46.09,19.82333333,46.62666667,21.79,42.79,20.2,45.43333333,18.5,53.5,10.69,90.56333333,18.5,44.4,20.5,48.9,18.73857143,47.32142857,8.33,750.8666667,97.66666667,5.333333333,42.33333333,7.97
70,0,21.1,46.09,19.89,46.7,21.7675,42.845,20.2,45.56,18.5,53.5,10.69,90.76333333,18.5,44.5,20.42666667,48.82666667,18.754,47.29,7.92,750.8833333,97.83333333,5.166666667,42.16666667,7.58
60,0,21.06666667,46.06,19.89,46.66333333,21.7,42.86333333,20.2,45.59,18.5,53.48571429,10.69,90.8,18.5,44.56,20.39,48.9,18.72571429,47.29,7.5,750.9,98,5,42,7.2
50,0,21.06666667,46.13333333,19.89,46.66333333,21.7,42.93333333,20.2,45.66333333,18.5,53.44,10.63,90.93333333,18.5,44.59,20.39,48.96666667,18.7,47.29,7.27,750.9833333,97.83333333,5.166666667,45.16666667,6.95
50,0,21,46.03,19.79,46.56,21.7,43,20.2,45.7,18.5,53.4,10.26666667,90.89666667,18.5,44.59,20.39,49,18.73857143,47.29,7.03,751.0666667,97.66666667,5.333333333,48.33333333,6.7
40,0,21.06666667,46.16333333,19.79,46.43333333,21.7,43,20.13333333,45.62666667,18.5,53.356,9.333333333,90.62333333,18.5,44.43,20.39,48.93333333,18.7,47.272,6.8,751.15,97.5,5.5,51.5,6.45
40,0,21,45.995,19.79,46.26,21.7,42.93333333,20.1,45.395,18.5,53.29,8.293333333,90.26333333,18.5,44.03,20.35666667,48.72333333,18.7,47.2,6.57,751.2333333,97.33333333,5.666666667,54.66666667,6.2
40,0,21,45.83333333,19.73,46.12666667,21.66666667,42.86333333,20.1,45.13333333,18.5,53.236,7.966666667,90.06333333,18.5,43.69333333,20.29,48.53,18.7,47.09,6.33,751.3166667,97.16666667,5.833333333,57.83333333,5.95
30,0,21,45.62666667,19.7,45.96666667,21.6,42.73,20.1,44.93333333,18.5,53.16857143,7.595,89.795,18.5,43.36,20.35666667,48.33333333,18.7,46.94875,6.1,751.4,97,6,61,5.7
30,0,21,45.46666667,19.7,45.82666667,21.6,42.66333333,20.1,44.66333333,18.456,52.916,7.33,89.43333333,18.5,43.06,20.35666667,48.12666667,18.7,46.75428571,6.02,751.4833333,97.33333333,5.5,58.83333333,5.65
40,0,21,45.32666667,19.7,45.66333333,21.6,42.59,20.1,44.53,18.48428571,52.82142857,7.063333333,89.22666667,18.5,42.7925,20.29,47.96666667,18.7,46.616,5.93,751.5666667,97.66666667,5,56.66666667,5.6
80,0,20.89,45.09,19.63333333,45.53,21.5,42.5,20,44.22333333,18.5,52.772,6.763333333,89.02666667,18.5,42.46333333,20.29,47.9,18.67142857,46.44,5.85,751.65,98,4.5,54.5,5.55
150,0,20.89,45.09,19.6,45.5,21.5,42.5,20,44.03,18.5,52.66857143,6.623333333,88.83333333,18.5,42.16333333,20.29,47.79,18.64,46.2,5.77,751.7333333,98.33333333,4,52.33333333,5.5
390,10,20.89,45.09,19.6,45.36,21.39,42.36333333,20,43.86333333,18.456,52.514,6.466666667,88.73,18.5,42.55666667,20.29,47.86333333,18.68571429,46.11,5.68,751.8166667,98.66666667,3.5,50.16666667,5.45
240,0,20.89,45.09,19.5,45.26,21.39,42.29,20,43.65666667,18.39,52.25428571,6.26,88.53,18.63333333,43.5,20.42666667,48.03,18.6,45.878,5.6,751.9,99,3,48,5.4
240,20,20.92666667,44.96666667,19.5,45.295,21.39,42.4,20,43.46666667,18.412,52.156,6.09,88.36666667,18.76,43.56666667,20.56666667,48.09,18.67142857,45.79,5.58,752.0333333,98.83333333,3,43.33333333,5.37
230,40,21,44.82666667,19.56666667,45.46666667,21.46333333,42.46666667,20,43.32666667,18.45285714,52.15285714,6.03,88.22666667,18.89,43.56,20.63333333,48,18.6,45.554,5.57,752.1666667,98.66666667,3,38.66666667,5.33
240,30,21,44.76,19.63333333,45.5,21.5,42.5,20,43.32666667,18.456,52.156,6.03,88.12333333,18.96333333,43.36,20.7,48,18.6,45.42714286,5.55,752.3,98.5,3,34,5.3
240,30,21.06666667,44.62666667,19.7,45.43333333,21.5,42.43333333,20,43.4,18.48428571,52.12142857,6.09,88.12333333,19,43.22333333,20.79,47.845,18.6,45.272,5.53,752.4333333,98.33333333,3,29.33333333,5.27
190,20,21.13333333,44.73,19.73,45.36333333,21.5,42.4,20.1,43.53,18.5,52.09,6.09,88.06,19.06666667,43.09,20.89,47.79,18.6,45.2,5.52,752.5666667,98.16666667,3,24.66666667,5.23
100,10,21.26,45.32333333,19.85666667,45.29,21.525,42.425,20.16666667,43.66333333,18.5,52.13125,6.09,88,19.1,42.69333333,20.89,47.65666667,18.6,45.09,5.5,752.7,98,3,20,5.2
120,10,21.56666667,45.76,19.92666667,45.73,21.66666667,42.56,20.2,43.46666667,18.5,52.26428571,6.09,88,19.1,42.36,20.89,47.29,18.6,45.03857143,5.5,752.7166667,97.5,2.833333333,20.66666667,5.13
120,20,21.7,45.9,20.06666667,45.86333333,21.79,42.7,20.2,43.32666667,18.5,52.4,6.09,87.93333333,19,42,20.96333333,47.29,18.56,44.98,5.5,752.7333333,97,2.666666667,21.33333333,5.07
110,20,21.7,45.43,20.2,45.63333333,21.73,42.7,20.16666667,43.13333333,18.46857143,52.36857143,6.09,87.86666667,19.06666667,42.8,21.13333333,47.26,18.6,44.99714286,5.5,752.75,96.5,2.5,22,5
120,20,21.7,45.15666667,20.2,45.3,21.7,42.76666667,20.1,42.93333333,18.514,55.52,6.03,87.72666667,19.32333333,43.59,21.26,47.12666667,18.6,45.2,5.5,752.7666667,96,2.333333333,22.66666667,4.93
160,40,21.6,44.83333333,20.2,44.96666667,21.76,42.9,20.1,42.995,19.01142857,70.41,6,87.8,19.46333333,43.59,21.39,47.09,18.6,45.10571429,5.5,752.7833333,95.5,2.166666667,23.33333333,4.87
120,30,21.6,44.595,20.2,44.76666667,21.79,42.79,20.52333333,43.43333333,18.89,73.036,6,87.8,19.53333333,43.59,21.46333333,47.16333333,18.6,45.036,5.5,752.8,95,2,24,4.8
140,30,21.6,44.36,20.2,44.73,21.79,42.79,21.06333333,43.43333333,18.83285714,73.22714286,6,87.86666667,19.66666667,43.59,21.53333333,47.16333333,18.6,44.97142857,5.47,752.8666667,95.33333333,1.833333333,30.83333333,4.82
110,30,21.7,44.29,20.26,44.86333333,21.79,42.76,21.6,42.86333333,18.79,72.538,5.866666667,87.76333333,19.7,43.43,21.6,47.03,18.6,44.9,5.43,752.9333333,95.66666667,1.666666667,37.66666667,4.83
110,30,21.7,44.15666667,20.23,44.73,21.79,42.7,21.6,42.79666667,18.79,71.29714286,5.8,87.69,19.745,42.8425,21.73,46.96666667,18.55714286,44.75428571,5.4,753,96,1.5,44.5,4.85
120,20,21.7,43.96666667,20.29,44.79,21.7,42.59,21.6,43.03,18.99,75.614,5.8,87.83333333,19.7,42.36,21.79,46.82666667,18.6,44.634,5.37,753.0666667,96.33333333,1.333333333,51.33333333,4.87
310,20,21.7,43.82666667,20.32333333,44.59,21.7,42.59,21.53333333,42.96333333,20.19714286,88.61,5.726666667,87.9,19.66666667,41.79666667,21.89,46.66333333,18.57142857,44.59,5.33,753.1333333,96.66666667,1.166666667,58.16666667,4.88
110,30,21.7,43.76,20.39,44.53,21.7,42.56,21.46333333,42.72333333,20.656,90.83,5.69,87.93333333,19.6,41.39,21.89,46.53,18.56,44.5,5.3,753.2,97,1,65,4.9
110,20,21.76,43.62666667,20.39,44.36333333,21.63333333,42.43333333,21.39,42.86333333,20.92142857,87.91142857,5.69,88,19.6,41.16333333,22,46.4,18.525,44.4125,5.27,753.25,97,1,57.5,4.85
110,20,21.79,43.56,20.4725,44.2675,21.6,42.4,21.46333333,43.1,20.456,83.374,5.69,88,19.53333333,41.03,22,46.4,18.5,44.29285714,5.23,753.3,97,1,50,4.8
100,30,21.79,43.43333333,20.56666667,44.2,21.6,42.4,21.39,42.9,20.23857143,74.92428571,5.69,88,19.46333333,41.03,22,46.62666667,18.5,44.2,5.2,753.35,97,1,42.5,4.75
70,20,21.79,43.36333333,20.6,44.06,21.6,42.29,21.39,42.72333333,20.08,69.174,5.69,88.03,19.39,41.22333333,22,46.76,18.54285714,44.2,5.17,753.4,97,1,35,4.7
90,20,21.79,43.29,20.6,43.93333333,21.6,42.29,21.39,42.59,20,65.76857143,5.69,88.09,19.39,41.46333333,22,46.86333333,18.5,44.09,5.13,753.45,97,1,27.5,4.65
70,20,21.79,43.16333333,20.6,43.86333333,21.6,42.2,21.39,42.5,19.89,62.88,5.623333333,88.03,19.39,41.59,21.92666667,46.79,18.5,44.01285714,5.1,753.5,97,1,20,4.6
60,30,21.79,43.09,20.6,43.73,21.6,42.2,21.39,42.43333333,19.87571429,60.95714286,5.623333333,88.03,19.35666667,41.59,21.89,47.19,18.5,43.94,5.1,753.5166667,97,1,20,4.6
70,20,21.79,43.06,20.6,43.7,21.6,42.2,21.39,42.42666667,19.79,59.354,5.623333333,88.03,19.29,41.66333333,21.89,47.5,18.5,43.9,5.1,753.5333333,97,1,20,4.6
50,20,21.79,43,20.53333333,43.7,21.5,42.23,21.39,42.83333333,19.79,58.52285714,5.623333333,88.03,19.29,42.03,21.89,47.9,18.5,44,5.1,753.55,97,1,20,4.6
60,20,21.79,43.12666667,20.56666667,43.82666667,21.5,42.29,21.5,43.09,19.754,57.674,5.623333333,87.93333333,19.29,42.29666667,21.79,48.26666667,18.5,44.14,5.1,753.5666667,97,1,20,4.6
60,20,21.79,43.2,20.5,43.9,21.5,42.32666667,21.5,43.16333333,19.7,57.06857143,5.64,88,19.29,42.62666667,21.79,48.46666667,18.5,44.254,5.1,753.5833333,97,1,20,4.6
80,20,21.76,43.23,20.46333333,43.96666667,21.5,42.4,21.5,43.345,19.68,56.498,5.623333333,88,19.29,42.76,21.79,48.76666667,18.5,44.36857143,5.1,753.6,97,1,20,4.6
90,30,21.745,43.3175,20.39,43.96666667,21.5,42.4,21.5,43.43333333,19.6,55.92285714,5.59,88,19.29,42.79,21.73,48.96666667,18.5,44.44,4.98,753.65,96.33333333,1.333333333,27.5,4.38
70,20,21.7,43.4,20.39,44.09,21.5,42.4,21.5,43.5,19.6,55.41,5.53,87.93333333,19.29,42.79,21.79,49.09,18.5,44.51285714,4.87,753.7,95.66666667,1.666666667,35,4.17
50,20,21.7,43.43333333,20.32333333,44.09,21.5,42.4,21.6,43.59,19.56,54.96,5.466666667,87.93333333,19.29,42.79,21.79,49.09,18.5,44.59,4.75,753.75,95,2,42.5,3.95
40,20,21.7,43.5,20.29,44.23,21.5,42.32666667,21.6,43.59,19.5,54.64,5.333333333,87.8,19.29,42.79,21.79,49.2,18.5,44.62142857,4.63,753.8,94.33333333,2.333333333,50,3.73
50,20,21.6,43.53,20.29,44.29,21.5,42.36333333,21.56666667,43.56,19.5,54.378,4.993333333,87.52666667,19.29,42.7,21.79,49.12666667,18.5,44.736,4.52,753.85,93.66666667,2.666666667,57.5,3.52
60,20,21.6,43.59,20.16666667,44.2,21.42666667,42.29,21.56666667,43.56,19.5,53.99714286,4.66,87.33333333,19.29,42.86,21.79,49.03,18.5,44.80571429,4.4,753.9,93,3,65,3.3
60,30,21.6,43.59,20.16666667,44.2,21.39,42.2,21.6,43.59,19.5,53.754,4.5,87.26333333,19.29,43.13333333,21.79,49.03,18.5,44.9,4.33,753.8666667,92.66666667,2.666666667,60.83333333,3.18
80,20,21.53333333,43.59,20.1,44.09,21.39,42.26,21.6,43.59,19.43714286,53.42142857,4.433333333,87.19,19.29,43.15666667,21.79,48.93,18.5,44.97142857,4.27,753.8333333,92.33333333,2.333333333,56.66666667,3.07
70,20,21.5,43.59,20.025,44.0225,21.35666667,42.2,21.63333333,43.62666667,19.39,53.116,4.4,87.09,19.29,43.23,21.73,48.73,18.56,45,4.2,753.8,92,2,52.5,2.95
70,20,21.42666667,43.53,20,43.93333333,21.35666667,42.26,21.82666667,43.5,19.39,52.89714286,4.4,87.09,19.29,43.09,21.7,48.5,18.5,45.05142857,4.13,753.7666667,91.66666667,1.666666667,48.33333333,2.83
70,20,21.39,43.4,19.89,43.9,21.39,42.2,21.89,43.29,19.39,52.7,4.366666667,87.12333333,19.29,43.09,21.7,48.43333333,18.52,45.09,4.07,753.7333333,91.33333333,1.333333333,44.16666667,2.72
70,30,21.39,43.52666667,19.89,43.9,21.39,42.2,21.89,43.15666667,19.39,52.55428571,4.366666667,87.26333333,19.29,43.2,21.66666667,48.4,18.57142857,45.12142857,4,753.7,91,1,40,2.6
60,20,21.39,43.79,19.85666667,43.93,21.39,42.23,21.89,43.09,19.37,52.374,4.4,87.4,19.29,43.2,21.6,48.4,18.5,45.236,3.98,753.7,91.83333333,1.166666667,37.33333333,2.72
60,10,21.39,43.79,19.79,43.93,21.46333333,42.36333333,21.82333333,42.96333333,19.29,52.22571429,4.4,87.46666667,19.29,43.2,21.6,48.53,18.525,45.29,3.97,753.7,92.66666667,1.333333333,34.66666667,2.83
60,10,21.29,43.7,19.76,44.06666667,21.55,42.4,21.85666667,42.96,19.29,52.09,4.4,87.59,19.29,43.2,21.575,48.6175,18.58571429,45.29,3.95,753.7,93.5,1.5,32,2.95
60,0,21.29,43.76,19.7,44.2,21.6,42.4,21.79,42.5,19.29,51.95571429,4.4,87.62333333,19.29,43.09,21.5,48.76,18.56,45.312,3.93,753.7,94.33333333,1.666666667,29.33333333,3.07
60,0,21.26,43.66333333,19.7,44.23,21.6,42.4,21.66666667,42.19333333,19.29,51.878,4.333333333,87.62333333,19.29,43.09,21.5,49.06666667,18.52857143,45.4,3.92,753.7,95.16666667,1.833333333,26.66666667,3.18
60,0,21.2,43.59,19.63333333,44.23,21.63333333,42.43333333,21.6,41.93333333,19.22571429,51.64714286,4.3,87.59,19.29,43.09,21.5,49.26,18.54,45.4,3.9,753.7,96,2,24,3.3
50,0,21.2,43.5,19.6,44.29,21.7,42.5,21.5,41.79,19.2,51.5,4.3,87.59,19.29,43.22333333,21.5,49.53,18.52857143,45.41428571,3.88,753.7333333,96,1.833333333,24.33333333,3.28
50,0,21.2,43.5,19.6,44.29,21.7,42.5,21.39,41.7,19.2,51.39857143,4.19,87.53,19.29,43.29,21.5,49.79666667,18.56,45.5,3.87,753.7666667,96,1.666666667,24.66666667,3.27
60,0,21.1,43.5,19.56666667,44.32666667,21.76,42.5,21.39,41.7,19.2,51.29,4.19,87.59,19.29,43.29,21.5,49.93333333,18.52857143,45.56428571,3.85,753.8,96,1.5,25,3.25
40,0,21.1,43.56,19.5,44.4,21.79,42.5,21.29,41.59,19.2,51.22571429,4.156666667,87.59,19.29,43.32666667,21.42666667,49.93333333,18.56,45.59,3.83,753.8333333,96,1.333333333,25.33333333,3.23
30,0,21.1,43.5,19.46333333,44.4,21.79,42.5,21.23,41.46333333,19.2,51.09,4.09,87.59,19.29,43.4,21.42666667,49.96333333,18.55714286,45.69714286,3.82,753.8666667,96,1.166666667,25.66666667,3.22
50,0,21.06666667,43.46666667,19.39,44.4,21.7,42.5,21.1,41.4,19.2,51.03857143,4.09,87.69,19.29,43.4,21.42666667,50.03,18.56,45.79,3.8,753.9,96,1,26,3.2
40,0,21,43.4,19.39,44.43333333,21.7,42.5,21.1,41.46666667,19.16,50.98,4.09,87.69,19.29,43.53,21.42666667,50.13333333,18.55714286,45.86857143,3.78,753.8666667,95.83333333,1.166666667,26.16666667,3.15
70,0,21,43.4,19.32333333,44.5,21.7,42.59,21,41.29,19.12857143,50.9,4.19,87.69,19.29,43.59,21.5,50.46666667,18.5,45.9,3.77,753.8333333,95.66666667,1.333333333,26.33333333,3.1
60,0,21,43.4,19.29,44.5,21.7,42.59,21,41.29,19.1,50.9,4.19,87.69,19.29,43.7,21.39,50.4,18.55714286,45.91428571,3.75,753.8,95.5,1.5,26.5,3.05
60,0,21,43.4,19.29,44.5,21.7,42.62666667,20.89,41.4,19.1,50.80375,4.263333333,87.76333333,19.29,43.7,21.46333333,50.46666667,18.6,46,3.73,753.7666667,95.33333333,1.666666667,26.66666667,3
50,0,21,43.4,19.29,44.56,21.7,42.7,20.89,41.4,19.1,50.73857143,4.263333333,87.76333333,19.29,43.7,21.39,50.4,18.6,46,3.72,753.7333333,95.16666667,1.833333333,26.83333333,2.95
60,0,20.89,43.36333333,19.2,44.5,21.79,42.59,20.815,41.3175,19.1,50.7,4.3,87.8,19.29,43.62666667,21.39,50.32666667,18.6,46,3.7,753.7,95,2,27,2.9
50,0,20.89,43.29,19.2,44.56,21.73,42.66333333,20.79,41.36333333,19.1,50.62142857,4.3,87.8,19.29,43.66333333,21.39,50.16333333,18.55714286,46.07714286,3.7,753.7,95,2,26.16666667,2.9
60,0,20.89,43.29,19.2,44.59,21.73,42.66333333,20.76,41.5,19.1,50.554,4.245,87.745,19.29,43.53,21.39,50.03,18.58,46.112,3.7,753.7,95,2,25.33333333,2.9
50,0,20.89,43.29,19.2,44.59,21.79,42.66333333,20.7,41.5,19.04285714,50.44285714,4.156666667,87.72666667,19.29,43.43333333,21.39,50,18.57142857,46.2,3.7,753.7,95,2,24.5,2.9
60,0,20.79,43.2,19.16666667,44.62666667,21.79,42.745,20.7,41.5,19.04,50.418,4.09,87.8,19.29,43.5,21.32333333,50,18.6,46.29,3.7,753.7,95,2,23.66666667,2.9
70,0,20.79,43.2,19.1,44.7,21.79,42.7,20.63333333,41.43333333,19.04285714,50.33714286,4.06,87.76333333,19.29,43.5,21.39,49.95,18.6,46.29,3.7,753.7,95,2,22.83333333,2.9
60,0,20.79,43.2,19.1,44.7,21.79,42.76,20.6,41.4,19.06,50.356,4,87.69,19.29,43.5,21.39,50.06,18.58,46.356,3.7,753.7,95,2,22,2.9
60,0,20.79,43.2,19.03333333,44.62666667,21.79,42.7,20.6,41.4,19,50.29,4,87.69,19.29,43.43333333,21.39,49.93333333,18.57142857,46.42857143,3.7,753.75,95,2,22.5,2.9
50,0,20.79,43.16333333,19,44.59,21.79,42.7,20.6,41.45,19,50.29,4,87.69,19.29,43.43333333,21.35666667,49.76,18.6,46.536,3.7,753.8,95,2,23,2.9
50,0,20.73,43.09,19,44.53,21.79,42.76,20.5,41.5,19,50.29,3.933333333,87.69,19.29,43.5,21.29,49.7,18.5625,46.65875,3.7,753.85,95,2,23.5,2.9
60,0,20.7,43.09,19,44.53,21.79,42.7,20.5,41.5,19,50.29,4,87.69,19.29,43.43333333,21.32333333,49.76,18.6,46.75142857,3.7,753.9,95,2,24,2.9
50,0,20.7,43.09,19,44.59,21.79,42.7,20.5,41.5,19,50.29,3.966666667,87.69,19.29,43.4,21.39,49.62666667,18.6,46.856,3.7,753.95,95,2,24.5,2.9
60,0,20.7,43.09,18.89,44.5,21.79,42.7,20.42666667,41.5,19,50.29,3.9,87.76333333,19.29,43.4,21.35666667,49.59,18.6,46.9,3.7,754,95,2,25,2.9
40,0,20.7,43.09,18.89,44.5,21.79,42.73,20.39,41.53,19,50.29,3.76,87.62333333,19.29,43.4,21.29,49.53,18.6,47,3.73,754,95,2,24.16666667,2.93
40,0,20.7,43.09,18.89,44.5,21.85666667,42.86333333,20.39,41.59,19,50.29,3.7,87.76333333,19.29,43.36333333,21.29,49.46666667,18.6,47,3.77,754,95,2,23.33333333,2.97
40,0,20.66666667,43.06,18.89,44.5,21.79,42.7,20.39,41.59,19,50.29,3.7,87.8,19.29,43.29,21.29,49.4,18.6,47,3.8,754,95,2,22.5,3
50,0,20.6,43,18.79,44.4,21.79,42.7,20.32333333,41.59,18.934,50.272,3.76,87.72666667,19.29,43.2,21.29,49.36333333,18.6,47.06428571,3.83,754,95,2,21.66666667,3.03
50,0,20.6,42.96666667,18.79,44.4,21.79,42.66333333,20.29,41.59,18.92142857,50.2,3.826666667,87.72666667,19.29,43.26,21.29,49.29,18.6,47.09,3.87,754,95,2,20.83333333,3.07
60,0,20.6,42.96666667,18.79,44.4,21.79,42.66333333,20.29,41.59,18.956,50.29,3.9,87.8,19.29,43.36333333,21.29,49.29,18.61428571,47.10571429,3.9,754,95,2,20,3.1
40,10,20.6,43.12666667,18.79,44.5,21.7,42.6,20.29,41.66333333,18.93714286,50.29,3.95,87.69,19.29,43.23,21.29,49.43,18.68,47.178,3.88,754.1,95,1.833333333,27.5,3.1
80,0,20.6,43.26,18.79,44.76,21.63333333,42.26666667,20.29,41.59,18.89,50.236,3.79,87.59,19.29,43.29,21.26,49.43,18.6,47.09,3.87,754.2,95,1.666666667,35,3.1
50,0,20.6,43.46333333,18.79,45,21.56666667,42.03,20.2,41.46333333,18.89,50.2,3.73,87.65666667,19.29,43.29,21.2,49.23,18.6,47,3.85,754.3,95,1.5,42.5,3.1
50,0,20.6,43.72333333,18.79,45.06,21.5,42.09,20.2,41.66333333,18.89,50.09,3.7,87.62333333,19.29,43.32666667,21.2,48.96666667,18.6,46.91428571,3.83,754.4,95,1.333333333,50,3.1
50,0,20.6,43.59,18.79,45.29,21.5,42.145,20.2,41.79,18.89,50.01125,3.7,87.69,19.29,43.4,21.13333333,48.76666667,18.6,46.878,3.82,754.5,95,1.166666667,57.5,3.1
40,10,20.6,43.59,18.79,45.36333333,21.5,42.09,20.2,41.79,18.89,50.01285714,3.73,87.69,19.29,43.43333333,21.1,48.52666667,18.6,46.79,3.8,754.6,95,1,65,3.1
90,0,20.6,43.59,18.79,45.5,21.42666667,41.96333333,20.2,41.86,18.89,50.172,3.79,87.69,19.29,43.63333333,21.1,48.2675,18.6,46.79,3.87,754.6666667,95.16666667,1.166666667,64.66666667,3.18
50,0,20.6,43.72333333,18.79,45.43333333,21.39,41.82666667,20.2,41.93333333,18.89,50.55714286,3.826666667,87.62333333,19.29,43.12333333,21.1,47.96333333,18.6,46.72285714,3.93,754.7333333,95.33333333,1.333333333,64.33333333,3.27
60,0,20.6,43.9,18.79,45.16333333,21.39,41.9,20.1,42,18.79,50.79,3.966666667,87.69,19.23,42.39666667,20.96333333,47.52666667,18.6,46.476,4,754.8,95.5,1.5,64,3.35
60,0,20.6,43.9,18.85666667,45.09,21.39,41.82666667,20.1,41.9,18.79,50.94142857,4.123333333,87.86666667,19.2,41.56333333,20.89,47.19333333,18.6,46.09571429,4.07,754.8666667,95.66666667,1.666666667,63.66666667,3.43
70,0,20.6,43.63333333,18.79,44.72333333,21.39,41.96666667,20.1,41.56666667,18.79,51.054,4.263333333,87.86666667,19.2,41.09666667,20.89,46.93,18.6,45.754,4.13,754.9333333,95.83333333,1.833333333,63.33333333,3.52
50,0,20.6,43.32,18.79,44.53,21.39,42,20.1,41.33333333,18.79,51.09,4.433333333,87.83333333,19.1,40.6,20.82333333,46.59666667,18.6,45.42142857,4.2,755,96,2,63,3.6
30,0,20.6,43.12666667,18.85666667,44.33333333,21.39,41.93333333,20.03333333,41.12666667,18.754,51.156,4.56,87.83333333,19.1,40.19333333,20.79,46.26,18.58,45.02,4.38,755.0833333,95,2.333333333,57,3.62
280,0,20.56666667,43,18.79,44.12666667,21.35666667,41.86333333,20,40.86333333,18.73857143,51.09,4.76,87.83333333,19.05,39.8,20.79,46.12666667,18.5,44.59571429,4.57,755.1666667,94,2.666666667,51,3.63
70,0,20.56666667,42.93333333,18.82333333,44,21.29,41.73,20.06666667,41.12333333,18.736,51.054,4.966666667,87.83333333,19,39.46666667,20.79,45.83333333,18.5,44.254,4.75,755.25,93,3,45,3.65
390,0,20.5,42.82666667,18.89,43.86,21.29,41.56,20.49333333,41.59,18.7,51.02571429,5.09,87.83333333,19,39.32666667,20.73,45.7,18.5,44.0225,4.93,755.3333333,92,3.333333333,39,3.67
80,0,20.56666667,42.96666667,18.92666667,43.7,21.29,41.43333333,20.82666667,41.46333333,18.7,51,5.115,87.7975,19,39.16333333,20.7,45.46666667,18.5,43.67857143,5.12,755.4166667,91,3.666666667,33,3.68
250,0,20.6,42.93,19,43.595,21.26,41.29,21.19666667,41.39,18.7,50.91428571,5.263333333,87.76333333,19,38.96333333,20.7,45.32666667,18.5,43.418,5.3,755.5,90,4,27,3.7
220,0,20.6,42.73,19.06666667,43.5,21.2,41.29,21.65666667,41.53,18.7,50.9,5.333333333,87.76333333,18.89,38.76,20.66666667,45.06,18.5,43.19428571,5.4,755.55,88.5,4.166666667,29.16666667,3.55
70,0,20.6,42.66333333,19.1,43.46666667,21.2,41.2,22.1,40.83333333,18.7,50.86857143,5.466666667,87.69,18.89,38.56666667,20.6,44.86,18.5,42.96,5.5,755.6,87,4.333333333,31.33333333,3.4
80,0,20.53333333,42.53,19.1,43.4,21.2,41.26,22.03333333,40.36,18.7,50.79,5.76,87.72666667,18.89,38.36333333,20.6,44.63333333,18.5,42.69142857,5.6,755.65,85.5,4.5,33.5,3.25
70,0,20.6,42.4,19.13333333,43.22333333,21.2,41.32666667,21.85666667,40.36333333,18.7,50.71285714,5.966666667,87.72666667,18.89,38.23,20.53333333,44.5,18.5,42.516,5.7,755.7,84,4.666666667,35.66666667,3.1
70,0,20.6,42.32666667,19.2,43.03,21.2,41.4,21.79,40.29,18.7,50.634,6.09,87.76333333,18.89,38.02666667,20.5,44.26,18.5,42.32142857,5.8,755.75,82.5,4.833333333,37.83333333,2.95
400,0,20.6,42.16333333,19.2,42.76,21.2,41.29,21.66666667,40.16333333,18.62857143,50.52571429,6.23,87.69,18.89,37.82666667,20.5,44.2,18.5,41.96,5.9,755.8,81,5,40,2.8
180,0,20.6,42.09,19.26,42.7,21.2,41.2,21.6,40.09,18.6,50.4,6.433333333,87.69,18.89,37.76,20.5,44.06,18.5,41.82428571,6.02,755.8833333,81,5,38,2.93
60,0,20.6,42.09,19.32333333,42.66333333,21.2,41.2,21.6,40,18.6,50.38428571,6.626666667,87.69,18.89,37.7,20.5,43.93333333,18.5,41.678,6.13,755.9666667,81,5,36,3.07
60,0,20.6,42.03,19.39,42.53,21.16666667,41.2,21.6,40.06,18.6,50.29,6.726666667,87.69,18.89,37.7,20.5,43.745,18.5,41.59,6.25,756.05,81,5,34,3.2
60,0,20.7,42.06,19.5,42.46666667,21.16666667,41.26,21.5,40.145,18.62857143,50.25142857,6.933333333,87.69,18.89,37.7,20.5,43.62666667,18.5,41.7,6.37,756.1333333,81,5,32,3.33
40,0,20.7,42,19.56666667,42.32666667,21.2,41.09,21.5,40.32666667,18.6,50.2,7.193333333,87.86666667,19,37.56,20.5,43.62666667,18.5,41.7,6.48,756.2166667,81,5,30,3.47
50,0,20.73,41.9,19.7,42.26,21.2,41.03,21.5,40.4,18.62857143,50.13714286,7.526666667,87.86666667,19.06666667,37.5,20.5,43.59,18.5,41.66,6.6,756.3,81,5,28,3.6
40,0,20.79,41.8175,19.7,42.12666667,21.2,41,21.6,40.43333333,18.65,50.0675,7.8,87.93333333,19.1,37.4,20.5,43.53,18.5,41.5,6.65,756.3333333,80.83333333,5,27.5,3.62
190,0,20.79,41.73,19.79,41.9,21.2,40.93333333,21.53333333,40.43333333,18.66,50.054,7.933333333,88,19.1,37.32666667,20.5,43.33333333,18.5,41.4,6.7,756.3666667,80.66666667,5,27,3.63
50,0,21,43.46666667,19.79,42.16,21.13333333,40.79,21.66333333,40.5,18.62857143,49.95428571,8.1,88.22666667,19.2,37.145,20.5,43.2,18.5,41.4,6.75,756.4,80.5,5,26.5,3.65
60,0,21,43.8,19.79,42.59,21.2,40.79,22.06333333,40.5,18.64,50.036,8.033333333,88.3,19.2,37.06,20.5,43.06,18.5,41.316,6.8,756.4333333,80.33333333,5,26,3.67
170,0,21.2,45.59333333,19.79,42.79666667,21.2,40.79,22.5,40.06333333,18.61428571,49.98428571,8.05,88.545,19.2,36.93333333,20.5,43.06,18.5,41.12142857,6.85,756.4666667,80.16666667,5,25.5,3.68
180,0,21.26,44.92666667,19.89,43.09,21.2,40.79,22.5,39.73,18.6,50,8.16,88.66,19.2,36.86333333,20.5,42.9,18.5,41,6.9,756.5,80,5,25,3.7
190,0,21.32333333,44.16,19.89,43.0225,21.2,40.9,22.35666667,39.56,18.6,50,8.16,88.8,19.2,36.73,20.5,42.96666667,18.5,40.83857143,6.72,756.5,80.16666667,4.666666667,27.5,3.55
160,0,21.39,43.9,19.89,43.66666667,21.2,40.9,22.23,39.5,18.6,50.09,8.19,88.93333333,19.2,36.66333333,20.5,42.79,18.5,40.616,6.53,756.5,80.33333333,4.333333333,30,3.4
180,0,21.42666667,44.36,19.89,44.83,21.29,41.03,22.1,39.4,18.6,50.25142857,8.19,89.06,19.2,36.53,20.5,42.79,18.5,40.47142857,6.35,756.5,80.5,4,32.5,3.25
40,10,21.5,44.63333333,19.89,45.03,21.29,41.09,22.1,39.4,18.6,50.438,7.73,89.02333333,19.2,36.36333333,20.39,42.52666667,18.5,40.356,6.17,756.5,80.66666667,3.666666667,35,3.1
40,10,21.5,44.52666667,19.89,44.93,21.29,41.2,21.96333333,39.13333333,18.6,50.62142857,6.123333333,86.83,19.13333333,36.23,20.39,42.26666667,18.5,40.23375,5.98,756.5,80.83333333,3.333333333,37.5,2.95
70,20,21.5,44.46666667,19.82333333,44.53,21.29,41.26,21.89,38.93333333,18.6,50.7,4.5175,86.475,19.1,35.93,20.39,42.02666667,18.5,40.15285714,5.8,756.5,81,3,40,2.8
60,30,21.5,44.1,19.79,44.22333333,21.2,41.245,21.79,38.9,18.6,50.77714286,4.226666667,87.2,19.1,35.79,20.32333333,41.9,18.5,40.276,6.07,756.5166667,80.83333333,3,40,3.03
60,20,21.5,43.69333333,19.79,43.96333333,21.2,41.29,21.79,38.96666667,18.6,50.772,4.43,87.63333333,19.06666667,35.76,20.29,41.79,18.5,40.42857143,6.33,756.5333333,80.66666667,3,40,3.27
60,20,21.46333333,43.19333333,19.7,43.63333333,21.2,41.36333333,21.79,39,18.6,50.7,5.09,88.09,19,35.76,20.29,41.79,18.5,40.79,6.6,756.55,80.5,3,40,3.5
40,20,21.39,42.93333333,19.7,43.36,21.16666667,41.36333333,21.79,39.13333333,18.6,50.59,5.666666667,88.3,19,35.82666667,20.32333333,42.26666667,18.51428571,40.85285714,6.87,756.5666667,80.33333333,3,40,3.73
50,20,21.39,42.56,19.7,43.06,21.16666667,41.29,21.79,39.32666667,18.6,50.49857143,6.126666667,88.43333333,19,35.9,20.365,42.4,18.54,40.92,7.13,756.5833333,80.16666667,3,40,3.97
40,30,21.39,42.5,19.7,42.93333333,21.16666667,41.29,21.865,39.4975,18.58,50.4,6.226666667,88.43333333,19,36,20.35666667,42.4,18.54285714,41,7.4,756.6,80,3,40,4.2
60,20,21.39,42.36333333,19.7,42.76,21.1,41.29,21.89,39.59,18.57142857,50.32142857,6.226666667,88.43333333,19,35.93333333,20.32333333,42.26,18.5,41,7.17,756.7166667,78.83333333,3.5,40,3.73
60,20,21.32333333,42.29,19.7,42.62666667,21.1,41.23,21.89,39.59,18.56,50.2,5.966666667,88.33333333,19,35.76,20.32333333,42.12666667,18.5,40.94285714,6.93,756.8333333,77.66666667,4,40,3.27
90,30,21.29,42.09,19.6,42.36333333,21.1,41.29,21.89,39.53,18.58571429,50.13714286,5.833333333,88.33333333,19,35.56666667,20.29,41.86333333,18.52,40.92,6.7,756.95,76.5,4.5,40,2.8
340,20,21.29,42.15666667,19.66666667,42.23,21.1,41.26,22,39.5,18.6,50.016,6.34,88.35,19.13333333,35.49,20.35666667,41.59666667,18.55714286,41.06428571,6.47,757.0666667,75.33333333,5,40,2.33
220,20,21.35666667,43.49,19.76,42.36333333,21.1,41.2,22,39.5,18.6,49.9,6.326666667,88.36333333,19.2,35.195,20.39,41.26,18.56,41.2,6.23,757.1833333,74.16666667,5.5,40,1.87
70,30,21.39,45.82333333,19.7,44.03,21.1,41.06,22,39.59,18.6,49.94,5.326666667,87.89666667,19.2,35.03,20.39,41.2,18.51428571,41.05428571,6,757.3,73,6,40,1.4
60,20,21.39,46.49,19.7,45.4,21.16666667,41,22,39.53,18.6,50.05142857,5,87.9,19.2,34.79,20.35666667,41.06,18.58,40.918,5.83,757.3666667,74.33333333,5.333333333,40,1.48
50,20,21.39,45.62333333,19.7,45.26666667,21.2,41.12666667,22,39.02666667,18.5875,50.2175,5,87.9,19.2,34.73,20.29,40.93333333,18.5,40.76428571,5.67,757.4333333,75.66666667,4.666666667,40,1.57
50,20,21.39,44.95666667,19.6,44.595,21.2,41.2,21.92666667,38.82666667,18.56,50.312,4.966666667,87.9,19.16666667,34.59,20.32333333,40.79,18.5,40.656,5.5,757.5,77,4,40,1.65
50,30,21.29,44.06333333,19.6,44.1,21.2,41.29,21.89,38.56,18.57142857,50.4,4.833333333,87.83333333,19.1,34.59,20.32333333,40.73,18.5,40.49857143,5.33,757.5666667,78.33333333,3.333333333,40,1.73
50,10,21.29,43.53,19.53333333,43.76666667,21.2,41.29,21.82333333,38.36,18.56,50.356,4.656666667,87.73,19.1,34.59,20.29,40.59,18.5,40.378,5.17,757.6333333,79.66666667,2.666666667,40,1.82
60,10,21.2,42.93,19.5,43.33333333,21.16666667,41.29,21.79,38.2,18.5,50.29,4.53,87.65666667,19.03333333,34.53,20.23,40.46333333,18.5,40.22571429,5,757.7,81,2,40,1.9
50,0,21.2,42.53,19.42666667,43,21.1,41.29,21.73,38.2,18.5,50.214,4.3,87.53,19,34.5,20.2,40.36333333,18.5,40.09,5.02,757.8333333,81.66666667,2,40,2.05
50,10,21.16666667,42.13333333,19.39,42.63333333,21.1,41.29,21.66666667,38.02666667,18.52857143,50.06428571,4.366666667,87.59,19,34.5,20.2,40.29,18.48428571,40.02428571,5.03,757.9666667,82.33333333,2,40,2.2
40,20,21.1,41.93333333,19.39,42.43333333,21.1,41.13333333,21.6,38.02666667,18.5,49.9,4.53,87.69,19,34.5,20.2,40.29,18.434,39.878,5.05,758.1,83,2,40,2.35
40,30,21.1,41.9,19.35666667,42.13333333,21.1,41,21.6,38.15666667,18.5,49.77,4.59,87.69,19,34.5,20.2,40.29,18.42142857,39.82142857,5.07,758.2333333,83.66666667,2,40,2.5
80,20,21.03333333,41.03333333,19.23,41.39333333,21,40.42333333,21.6,38.36333333,18.5,49.62142857,4.526666667,87.76333333,18.89,34.59,20.13333333,40.32666667,18.39,39.754,5.08,758.3666667,84.33333333,2,40,2.65
280,20,21,40.4,19.1,41.06,21,40.09,21.6,38.53,18.5,49.4,4.26,87.56333333,18.89,34.66333333,20.2,40.6,18.39,39.7,5.1,758.5,85,2,40,2.8
390,20,21,40.4,19.1,41.06,20.89,40.23,21.6,38.695,18.5,49.20714286,3.966666667,87.26333333,18.89,34.7,20.2,40.995,18.39,39.7,4.92,758.6,85.16666667,1.833333333,40,2.65
290,20,21,40.56666667,19.13333333,41.12666667,20.89,40.36333333,21.6,38.86333333,18.478,49.096,3.826666667,87.19,18.89,34.7,20.32333333,41.32666667,18.39,39.634,4.73,758.7,85.33333333,1.666666667,40,2.5
300,30,21,40.83333333,19.2,41.2,20.96333333,40.33333333,21.63333333,38.96333333,18.42142857,48.85285714,3.79,87.19,18.85666667,34.79,20.46333333,41.46666667,18.39,39.59,4.55,758.8,85.5,1.5,40,2.35
210,10,21,41.212,19.2,41.2,20.96333333,40.26,21.7,39.09,18.5,48.79,3.663333333,87.23,18.79,34.79,20.63333333,41.62666667,18.39,39.7,4.37,758.9,85.66666667,1.333333333,40,2.2
90,0,21.1,41.845,19.26,41.46,21,40.23,21.66666667,38.99,18.5,48.79,3.39,86.82333333,18.79,34.9,20.7,41.5,18.37571429,39.63714286,4.18,759,85.83333333,1.166666667,40,2.05
110,10,21.2,42.36333333,19.32333333,42.19333333,21.06666667,40.36333333,21.6,38.79,18.456,48.812,2.9,85.99333333,18.79,34.95,20.73,41.32666667,18.33,39.59,4,759.1,86,1,40,1.9
110,10,21.2,42.26666667,19.39,42.46666667,21.03333333,40.32666667,21.5,38.56,18.45285714,48.88142857,2.566666667,85.6,18.79,34.9,20.79,41.46666667,18.29,39.59,3.87,759.2,87.16666667,1,40,1.95
120,10,21.2,41.86,19.42666667,42.62666667,21.1,40.4,21.42666667,38.43333333,18.5,49,2.223333333,84.95666667,18.79,34.86333333,20.82333333,41.53,18.29,39.59,3.73,759.3,88.33333333,1,40,2
130,20,21.23,41.59,19.5,42.62666667,21.1,40.5,21.39,38.29,18.40571429,48.97142857,2.03,84.76333333,18.79,34.79,20.96333333,41.53,18.29,39.57714286,3.6,759.4,89.5,1,40,2.05
120,0,21.29,41.46333333,19.55,42.4,21.1,40.5,21.39,38.36333333,18.434,49.036,2.156666667,85.6,18.7,34.79,21.03333333,41.53,18.29,39.5,3.47,759.5,90.66666667,1,40,2.1
80,0,21.29,41.26,19.6,42.16333333,21.1,40.5,21.39,38.33333333,18.39,49,2.43,86.2,18.7,34.86333333,21.16666667,41.53,18.29,39.47142857,3.33,759.6,91.83333333,1,40,2.15
90,0,21.29,41.12666667,19.66666667,42.09,21.1,40.5,21.32333333,38.12666667,18.39,48.9,2.626666667,86.46333333,18.7,34.79,21.2,41.33333333,18.29,39.5,3.2,759.7,93,1,40,2.2
90,0,21.39,41,19.79,42.09,21.13333333,40.46666667,21.26,38.02666667,18.39,48.9,2.7,86.59,18.7,34.79,21.13333333,41.12666667,18.29,39.5,3.15,759.75,92.5,1,40,2.07
240,20,21.39,40.93333333,19.85666667,42.09,21.2,40.32666667,21.2,37.9,18.39,48.9,2.56,86.33,18.7,34.79,20.96333333,40.83333333,18.29,39.44,3.1,759.8,92,1,40,1.93
90,10,21.5,42.66666667,19.92666667,42.03,21.245,40.345,21.2,38.2,18.39,48.9,2.36,85.93,18.7,34.79,20.89,40.62666667,18.29,39.4,3.05,759.85,91.5,1,40,1.8
80,30,21.56666667,42.8,20,42.22333333,21.29,40.62666667,21.2,38.26,18.39,48.9,1.93,85.06,18.7,34.79,20.85666667,40.43,18.29,39.4,3,759.9,91,1,40,1.67
90,20,21.6,42.29,20.03333333,42.43333333,21.29,40.7,21.2,38.59666667,18.39,49,1.663333333,84.6,18.7,34.93,20.79,40.23,18.26428571,39.36857143,2.95,759.95,90.5,1,40,1.53
90,20,21.66666667,42.09666667,20.1,42.36,21.26,40.56,21.2,38.86333333,18.40571429,50.23857143,1.326666667,84.09,18.73,35.06666667,20.7,40.16333333,18.272,39.316,2.9,760,90,1,40,1.4
110,20,21.7,41.6,20.13333333,42.06,21.2,40.56,21.2,38.83333333,19.138,72.2,1.125,84.1675,18.85666667,35.33333333,20.7,40.16333333,18.23857143,39.2,2.75,760.05,90.33333333,1,37.66666667,1.3
90,10,21.7,41.32666667,20.2,41.86,21.26,40.66333333,21.2,38.645,20.55,86.82142857,1.033333333,84.33333333,18.92666667,35.43333333,20.66666667,40.23,18.2,39.2,2.6,760.1,90.66666667,1,35.33333333,1.2
80,10,21.73,40.93,20.2,41.59,21.2,40.59,21.2,38.7,21.84,86.3,0.8,83.975,19,35.56,20.675,40.6225,18.2,39.13714286,2.45,760.15,91,1,33,1.1
90,0,21.79,40.73,20.26,41.59,21.2,40.46666667,21.1,38.43,21.02142857,89.65,0.633333333,83.76,19.03333333,35.62666667,20.7,41.66,18.2,39.09,2.3,760.2,91.33333333,1,30.66666667,1
90,0,21.79,40.56,20.29,41.36333333,21.2,40.32666667,21.1,38.23,20.498,91.956,0.466666667,83.72666667,19.1,35.62666667,20.7,42.42666667,18.2,39.06428571,2.15,760.25,91.66666667,1,28.33333333,0.9
80,0,21.79,40.36,20.29,41.23,21.2,40.43333333,21,37.96666667,20.19714286,93.09571429,0.4,83.8,19.06666667,35.59,20.7,42.9,18.2,39,2,760.3,92,1,26,0.8
50,10,21.79,40.1,20.29,41,21.2,40.36,21,37.82666667,20,93.554,0.4,84.03,19,35.59,20.73,43.09,18.2,38.91428571,1.72,760.3,92.83333333,1.166666667,25.5,0.65
50,0,21.79,39.96666667,20.29,40.93333333,21.2,40.23,20.89,37.9,19.84857143,93.01428571,0.333333333,84.09,19,35.72333333,20.73,43.29666667,18.2,38.8725,1.43,760.3,93.66666667,1.333333333,25,0.5
50,0,21.79,40.02666667,20.26,40.86333333,21.13333333,40.29,20.89,38.02666667,19.772,91.96,0.166666667,83.96666667,19.03333333,36.06666667,20.7,43.8,18.2,38.978,1.15,760.3,94.5,1.5,24.5,0.35
50,0,21.79,40.19333333,20.2,40.79,21.1,40.32666667,20.79,38.03,19.7,90.59285714,0.1,83.96666667,19.1,36.52666667,20.76,44.19333333,18.2,39.14714286,0.867,760.3,95.33333333,1.666666667,24,0.2
50,0,21.79,40.6,20.15,40.845,21.03333333,40.32666667,20.79,38.09,19.7,89.14,0.133333333,84.12333333,19.1,36.86,20.79,44.46333333,18.2,39.58,0.583,760.3,96.16666667,1.833333333,23.5,0.05
60,0,21.76,40.93333333,20,40.82666667,21,40.4,20.79,38.12666667,19.64285714,87.95285714,0.133333333,84.06333333,19.1,37,20.79,44.72333333,18.2,39.85428571,0.3,760.3,97,2,23,-0.1
60,0,21.7,41,19.92666667,40.96666667,21,40.4,20.73,38.2,19.54,86.48,0.033333333,83.99333333,19,37,20.79,45.03,18.2,40.076,0.267,760.35,97,2,22.5,-0.133
50,0,21.7,41.03,19.85666667,40.96666667,21,40.5,20.7,38.23,19.46857143,84.79714286,-0.1,83.93333333,19,37,20.79,45.16333333,18.2,40.29571429,0.233,760.4,97,2,22,-0.167
50,0,21.7,41.09,19.79,41.02666667,21,40.5,20.7,38.36333333,19.39,83.034,-0.233333333,83.76333333,19,37.03,20.79,45.46333333,18.2,40.536,0.2,760.45,97,2,21.5,-0.2
40,0,21.6,40.96666667,19.7,41.09,21,40.5,20.66666667,38.4,19.39,81.92285714,-0.366666667,83.49666667,19,37.09,20.79,45.72333333,18.2,40.69714286,0.167,760.5,97,2,21,-0.233
50,0,21.6,40.9,19.63333333,41.09,21,40.4,20.66666667,38.46666667,19.33,80.61,-0.5,83.65,19,37.23,20.79,45.79,18.2,40.832,0.133,760.55,97,2,20.5,-0.267
50,0,21.56666667,40.79,19.6,41.09,21,40.4,20.6,38.4,19.29,79.26857143,-0.466666667,84.06333333,19,37.29,20.73,45.79,18.22571429,41.05714286,0.1,760.6,97,2,20,-0.3
50,0,21.5,40.73,19.53333333,41.09,20.96333333,40.4,20.6,38.46666667,19.2,77.534,-0.4,84.12333333,19,37.4,20.7,45.79,18.2,41.2,0.217,760.6166667,96.83333333,1.833333333,27.16666667,-0.217
50,0,21.5,40.7,19.5,41.12666667,20.96333333,40.4,20.56666667,38.53,19.2,76.38428571,-0.5,84.22666667,19,37.52666667,20.7,45.79,18.2,41.35428571,0.333,760.6333333,96.66666667,1.666666667,34.33333333,-0.133
50,0,21.42666667,40.56666667,19.42666667,41.12666667,20.92666667,40.5,20.5,38.53,19.2,75.316,-0.433333333,84.56,19,37.59,20.66666667,45.82666667,18.254,41.576,0.45,760.65,96.5,1.5,41.5,-0.05
50,0,21.39,40.5,19.35666667,41.16333333,21,40.5,20.5,38.545,19.12857143,74.45428571,-0.066666667,85.15666667,19,37.66333333,20.66666667,46.02666667,18.26428571,41.7,0.567,760.6666667,96.33333333,1.333333333,48.66666667,0.0333
50,0,21.39,40.5,19.29,41.16333333,21,40.53,20.5,38.53,19.1,73.39,-0.066666667,85.03,19,37.96333333,20.6,46,18.254,42,0.683,760.6833333,96.16666667,1.166666667,55.83333333,0.117
50,0,21.29,40.4,19.26,41.16333333,21,40.53,20.42666667,38.53,19.0375,72.59625,-0.233333333,84.8,19,38.16333333,20.6,46.12666667,18.23857143,42.2,0.8,760.7,96,1,63,0.2
40,0,21.29,40.4,19.2,41.03,21,40.5,20.39,38.5,19,71.76571429,-0.3,84.8,19,38.36,20.6,46.2,18.29,42.478,0.617,760.6833333,96.33333333,1,61.33333333,0.0667
40,0,21.2,40.26,19.2,41.09,21,40.56,20.39,38.56,18.978,71.214,-0.333333333,84.73,19,38.5675,20.6,46.43333333,18.26428571,42.59,0.433,760.6666667,96.66666667,1,59.66666667,-0.0667
50,0,21.175,40.1725,19.13333333,41.09,21,40.56,20.39,38.53,18.89,70.49714286,-0.466666667,84.39666667,19,38.66333333,20.6,46.5,18.254,42.754,0.25,760.65,97,1,58,-0.2
50,0,21.1,40.09,19.06666667,41.09,21,40.5,20.39,38.53,18.89,69.716,-0.533333333,84.06,19.06666667,38.76,20.6,46.59,18.27714286,42.92857143,0.0667,760.6333333,97.33333333,1,56.33333333,-0.333
50,0,21.1,40.09,19,41.09,21,40.66333333,20.29,38.5,18.83285714,69.02571429,-0.666666667,83.46666667,19,38.76,20.6,46.72333333,18.29,43.054,-0.117,760.6166667,97.66666667,1,54.66666667,-0.467
50,0,21.1,40.03,18.945,41.09,21,40.53,20.29,38.5,18.79,68.336,-0.833333333,82.76333333,19.06666667,38.93333333,20.56666667,46.7,18.29,43.16857143,-0.3,760.6,98,1,53,-0.6
30,0,21,39.9,18.89,41.09,21,40.46666667,20.29,38.43333333,18.79,67.79714286,-1.033333333,82.49666667,19,39,20.5,46.76,18.29,43.2,-0.45,760.5666667,98,1.166666667,54.33333333,-0.75
50,0,21,39.9,18.89,41.09,20.92666667,40.32666667,20.29,38.43333333,18.754,67.114,-1.133333333,82.4,19,39,20.5,46.76,18.29,43.29285714,-0.6,760.5333333,98,1.333333333,55.66666667,-0.9
40,0,20.96333333,39.79,18.79,41,21,40.32666667,20.2,38.4,18.7,66.40714286,-1.2,82.7,19,39,20.5,46.62666667,18.29,43.4,-0.75,760.5,98,1.5,57,-1.05
50,0,20.89,39.79,18.79,41,21,40.32666667,20.2,38.4,18.7,65.614,-1.2,82.93333333,19,38.9,20.5,46.59,18.29,43.46,-0.9,760.4666667,98,1.666666667,58.33333333,-1.2
40,0,20.82333333,39.73,18.76,40.96666667,20.945,40.4,20.2,38.4,18.7,64.86571429,-1.29,82.99333333,19,38.9,20.5,46.59,18.29,43.5,-1.05,760.4333333,98,1.833333333,59.66666667,-1.35
50,0,20.82333333,39.73,18.7,40.96666667,21,40.43333333,20.2,38.4,18.7,64.014,-1.356666667,82.66,19.1,39.06,20.5,46.59,18.29,43.59,-1.2,760.4,98,2,61,-1.5
50,0,20.79,39.7,18.7,41,21.06666667,40.56,20.2,38.29,18.61428571,63.42142857,-1.426666667,82.53,19.03333333,38.93333333,20.42666667,46.46333333,18.29,43.65285714,-1.12,760.3833333,98.16666667,1.833333333,57.66666667,-1.4
60,0,20.73,39.7,18.63333333,40.93333333,21.1,40.56,20.2,38.29,18.64,62.918,-1.5,82.46333333,19,38.9,20.39,46.5,18.29,43.718,-1.03,760.3666667,98.33333333,1.666666667,54.33333333,-1.3
50,0,20.7,39.7,18.56666667,40.82666667,21.1,40.5,20.16666667,38.29,18.6,62.42285714,-1.6,82.12333333,19,38.9,20.39,46.43333333,18.29,43.82142857,-0.95,760.35,98.5,1.5,51,-1.2
50,0,20.7,39.7,18.56666667,40.9,21.1,40.43333333,20.1,38.43,18.6,61.916,-1.666666667,81.99666667,19.03333333,38.96333333,20.39,46.36333333,18.29,43.9,-0.867,760.3333333,98.66666667,1.333333333,47.66666667,-1.1
40,0,20.7,39.59,18.5,40.9,21.1,40.5,20.1,38.745,18.6,61.52571429,-1.826666667,81.65666667,19.03333333,39.03,20.39,46.29,18.29,43.95714286,-0.783,760.3166667,98.83333333,1.166666667,44.33333333,-1
50,0,20.7,39.66333333,18.5,40.96666667,21.1,40.59,20.06666667,38.83333333,18.6,61.245,-1.856,81.734,19,38.754,20.39,46.2,18.29,44,-0.7,760.3,99,1,41,-0.9
40,0,20.6,39.7,18.39,40.96666667,21.1,40.59,20.06666667,38.7,18.6,60.93,-1.9,81.65,19,38.7,20.39,46.09,18.29,44,-0.85,760.25,98.5,1,39.66666667,-1.12
60,0,20.6,39.7,18.39,40.9,21.1,40.59,20,38.5,18.6,60.65666667,-1.826666667,81.89666667,19,38.718,20.39,46.03,18.29,44.07714286,-1,760.2,98,1,38.33333333,-1.33
50,0,20.6,39.7,18.39,40.9,21.1,40.59,20,38.5,18.6,60.33333333,-1.826666667,81.86666667,19,38.79,20.39,45.9,18.29,44.09,-1.15,760.15,97.5,1,37,-1.55
50,0,20.575,39.7,18.32333333,40.9,21.2,40.59,20,38.46666667,18.6,60.06666667,-1.826666667,81.93333333,19,38.83125,20.39,45.82666667,18.29,44.09,-1.3,760.1,97,1,35.66666667,-1.77
50,0,20.5,39.7,18.29,41,21.2,40.59,20,38.4,18.5,59.76,-1.863333333,81.9,19,39,20.29,45.79,18.29,44.09,-1.45,760.05,96.5,1,34.33333333,-1.98
50,0,20.5,39.66333333,18.29,41,21.2,40.53,19.96333333,38.4,18.5,59.595,-1.863333333,81.76,19,38.98571429,20.35666667,45.79,18.29,44.13714286,-1.6,760,96,1,33,-2.2
40,0,20.5,39.59,18.245,41,21.2,40.59,19.89,38.4,18.5,59.36,-2,81.595,19,38.9,20.29,45.79,18.29,44.09,-1.5,760,96.33333333,1.166666667,33.66666667,-2.05
50,0,20.39,39.56,18.2,41,21.2,40.59,19.89,38.4,18.5,59.16333333,-2,81.69,19,38.92857143,20.29,45.79,18.29,44.12142857,-1.4,760,96.66666667,1.333333333,34.33333333,-1.9
40,0,20.39,39.56,18.2,41,21.2,40.59,19.89,38.4,18.42666667,58.96333333,-2,81.83,19,38.9,20.29,45.79,18.29,44.2,-1.3,760,97,1.5,35,-1.75
50,0,20.39,39.5,18.2,41.03,21.2,40.66333333,19.85666667,38.36333333,18.5,58.86333333,-2.03,81.76,19,38.9,20.23,45.73,18.29,44.25142857,-1.2,760,97.33333333,1.666666667,35.66666667,-1.6
40,0,20.39,39.5,18.13333333,41.09,21.2,40.59,19.85666667,38.29,18.5,58.73,-2.09,81.9,19,38.9,20.2,45.62666667,18.272,44.272,-1.1,760,97.66666667,1.833333333,36.33333333,-1.45
40,0,20.32333333,39.5,18.1,41.09,21.2,40.645,19.79,38.2,18.46333333,58.43,-2,81.9,19,38.9,20.2,45.7,18.26428571,44.34285714,-1,760,98,2,37,-1.3
30,0,20.32333333,39.5,18.03333333,41.03,21.2,40.59,19.79,38.2,18.39,58.23,-2,81.69333333,19,38.9,20.2,45.7,18.29,44.4,-1.25,759.9666667,97.33333333,1.833333333,37.16666667,-1.63
30,0,20.29,39.43333333,18.06666667,41.2,21.2,40.59,19.79,38.2,18.39,58.06,-2.23,81.06,19,38.95714286,20.2,45.7,18.29,44.4,-1.5,759.9333333,96.66666667,1.666666667,37.33333333,-1.97
40,0,20.29,39.43333333,18,41.2,21.1,40.7,19.79,38.2,18.39,57.93333333,-2.29,81.06,19,39,20.2,45.7,18.245,44.345,-1.75,759.9,96,1.5,37.5,-2.3
50,0,20.23,39.32666667,18,41.23,21.1,40.76,19.76,38.23,18.39,57.76,-2.4,80.8,19,39,20.2,45.62666667,18.218,44.312,-2,759.8666667,95.33333333,1.333333333,37.66666667,-2.63
40,10,20.23,39.32666667,18,41.23,21.1,40.79,19.7,38.29,18.39,57.62666667,-2.326666667,81.13333333,19,39.09,20.2,45.59,18.25142857,44.35285714,-2.25,759.8333333,94.66666667,1.166666667,37.83333333,-2.97
70,0,20.2,39.29,17.96333333,41.29,21.1,40.79,19.7,38.245,18.35666667,57.56,-2.29,81.22666667,19,39.10571429,20.2,45.66333333,18.236,44.476,-2.5,759.8,94,1,38,-3.3
90,0,20.2,39.43,17.89,41.29,21,40.66333333,19.7,38.2,18.29,57.36,-2.363333333,81.1,19,39.36,20.2,45.82666667,18.29,44.49857143,-2.55,759.8166667,94.66666667,1,39.33333333,-3.27
50,0,20.2,39.62666667,17.85666667,41.53,21,40.59,19.7,38.2,18.29,57.2,-2.4,81.16,19,39.36857143,20.15,45.7675,18.29,44.4,-2.6,759.8333333,95.33333333,1,40.66666667,-3.23
60,10,20.2,39.9,17.85666667,41.79666667,21,40.43,19.7,38.16333333,18.29,57.2,-2.466666667,80.96666667,19,39.014,20.2,45.53,18.29,44.4,-2.65,759.85,96,1,42,-3.2
40,0,20.2,40.03,17.85666667,42.09,20.92666667,40.23,19.7,38.09,18.29,57.06,-2.545,80.595,18.98428571,38.77,20.1,45.29,18.29,44.254,-2.7,759.8666667,96.66666667,1,43.33333333,-3.17
80,0,20.2,40.09,17.79,42.22333333,20.89,40.02666667,19.6,37.96666667,18.29,56.72666667,-2.59,80.46333333,18.89,38.436,20.1,45.23,18.21285714,44.04,-2.75,759.8833333,97.33333333,1,44.66666667,-3.13
50,0,20.15,40.745,17.82333333,42.23,20.82333333,39.76666667,19.6,37.82666667,18.29,56.63333333,-2.53,80.86333333,18.81857143,37.65285714,20.06666667,44.99,18.2,43.776,-2.8,759.9,98,1,46,-3.1
40,0,20.2,40.29666667,17.89,42.23,20.76,39.56,19.6,37.52666667,18.29,56.225,-2.363333333,81.22666667,18.754,36.82,20,44.59666667,18.2,43.39714286,-2.43,759.9166667,98.33333333,1,44.16666667,-2.68
40,0,20.2,40.03,17.89,41.895,20.76,39.43333333,19.6,37.32666667,18.29,55.8,-2.23,81.56,18.7,36.32857143,20,44.1,18.2,42.916,-2.07,759.9333333,98.66666667,1,42.33333333,-2.27
40,0,20.2,39.76,17.89,41.56,20.7,39.4,19.56666667,37.06,18.23,55.06666667,-2.163333333,81.49666667,18.68,35.86,19.92666667,43.76666667,18.12857143,42.43428571,-1.7,759.95,99,1,40.5,-1.85
40,10,20.13333333,39.62666667,17.89,41.36,20.7,39.32666667,19.5,36.93333333,18.35666667,53.99333333,-2.03,81.83,18.6,35.39714286,19.89,43.4,18.18,42.02,-1.33,759.9666667,99.33333333,1,38.66666667,-1.43
40,0,20.1,39.46666667,17.92666667,41.06,20.7,39.22333333,19.5,36.76,18.42666667,52.49666667,-1.76,82.36666667,18.6,35.12,19.89,43.06666667,18.14285714,41.52857143,-0.967,759.9833333,99.66666667,1,36.83333333,-1.02
70,0,20.1,39.32666667,18,40.86,20.63333333,39.03,19.5,36.62666667,18.5,51.55666667,-1.493333333,82.83333333,18.6,34.84625,19.89,42.72333333,18.1,41.014,-0.6,760,100,1,35,-0.6
90,10,20.1,39.16333333,18,40.56,20.6,38.845,19.5,36.46666667,18.46333333,51.16666667,-1.133333333,83.46666667,18.65714286,35.98285714,19.82333333,42.46333333,18.15714286,40.49142857,-0.233,759.9333333,98.66666667,1,39,-0.333
60,0,20.1,39.03,18,40.36,20.6,38.7,19.5,36.4,18.39,51.69333333,-0.866666667,83.99333333,18.754,36.5,19.79,42.22333333,18.18,39.776,0.133,759.8666667,97.33333333,1,43,-0.0667
80,0,20.1,38.79,18.13333333,40.2,20.6,38.7,19.5,36.4,18.32333333,52,-0.533333333,84.49666667,18.76428571,36.52571429,19.79,41.83,17.92142857,38.55428571,0.5,759.8,96,1,47,0.2
90,0,20.1,38.65666667,18.2,40.06666667,20.5,38.5,19.5,36.46666667,18.32333333,51.86,-0.266666667,84.89666667,18.7,36.5,19.79,41.16666667,17.6,38.2,0.867,759.7333333,94.66666667,1,51,0.467
50,0,20,38.46666667,18.23,39.76,20.5,38.5,19.5,36.62666667,18.29,51.66,-0.066666667,85.12333333,18.61428571,36.14,19.79,41.69333333,17.51428571,37.89571429,1.23,759.6666667,93.33333333,1,55,0.733
60,0,20,38.32666667,18.35666667,39.56666667,20.5,38.59,19.575,36.7,18.23,51.13333333,0.133333333,85.33,18.6,35.794,19.79,41.79,17.478,38.332,1.6,759.6,92,1,59,1
80,0,20,38.2,18.42666667,39.32666667,20.5,38.66333333,19.6,36.76,18.2,50.82666667,0.366666667,85.62333333,18.6,35.56428571,19.79,41.79,17.49714286,41.11142857,2.2,759.5666667,90.66666667,1,52.83333333,1.27
50,10,20,38.33333333,18.5,39.4,20.53333333,38.73,19.63333333,36.79,18.2,51.1,0.775,85.8725,18.6,35.356,19.7,41.56,17.7,40.96,2.8,759.5333333,89.33333333,1,46.66666667,1.53
60,0,20,38.73,18.7,39.73,20.6,38.79,19.7,36.86333333,18.2,51.4,1.193333333,86.12666667,18.6,35.23857143,19.7,41.36,17.71285714,40.61428571,3.4,759.5,88,1,40.5,1.8
60,0,20.06666667,38.99,18.76,39.93,20.6,38.93333333,19.73,36.9,18.2,51.4,1.763333333,86.39666667,18.6,35.178,19.7,41.145,17.84,40.425,4,759.4666667,86.66666667,1,34.33333333,2.07
50,0,20.1,39.26666667,18.92666667,40.03,20.6,39.06,19.79,36.96666667,18.2,51.26,2.296666667,86.73,18.6,35.09,19.7,40.96666667,17.89,40.378,4.6,759.4333333,85.33333333,1,28.16666667,2.33
30,0,20.1,39.52666667,19.06666667,40.36333333,20.6,39.12666667,19.82333333,37.03,18.13333333,51.2,2.89,87.06333333,18.6,35.09,19.7,40.9,17.93714286,40.26428571,5.2,759.4,84,1,22,2.6
40,0,20.1,39.76666667,19.2,40.72333333,20.6,39.2,19.89,37.16333333,18.13333333,51.16333333,3.296666667,87.26333333,18.65714286,35.09,19.7,40.76,18,40.09,5.35,759.35,81.66666667,1.166666667,25,2.32
70,0,20.175,40.025,19.26,40.86333333,20.56666667,39.23,19.92666667,37.2,18.2,51.09,3.656666667,87.43333333,18.7,35.016,19.7,40.62666667,18,40.02428571,5.5,759.3,79.33333333,1.333333333,28,2.03
80,0,20.2,40.4,19.39,40.79,20.5,39.29,20,37.2,18.2,51.03,3.863333333,87.5,18.7,34.86857143,19.79,40.4,18.06,39.9,5.65,759.25,77,1.5,31,1.75
120,0,20.29,40.86333333,19.5,40.89333333,20.5,39.2,20.03333333,37.23,18.1,50.96666667,4.063333333,87.62333333,18.79,34.79,19.79,40.32666667,18.1,39.85285714,5.8,759.2,74.66666667,1.666666667,34,1.47
40,10,20.29,40.59,19.5,40.3,20.5,39.06666667,20.1,37.36333333,18.1,50.9,4.19,87.69,18.84714286,34.69714286,19.79,40.16333333,18.1,39.856,5.95,759.15,72.33333333,1.833333333,37,1.18
70,0,20.32333333,40.69333333,19.53333333,39.9,20.5,39,20.2,37.4,18.1,50.76,4.433333333,87.83333333,18.976,34.536,19.79,40.03,18.14285714,39.83714286,6.1,759.1,70,2,40,0.9
40,0,20.39,40.63333333,19.6,39.62666667,20.56666667,39,20.26,37.46666667,18.1,50.62666667,4.56,87.83333333,19.17142857,34.39714286,19.89,39.96666667,18.12,39.856,6.12,759,68.16666667,2,40,0.517
50,0,20.5,40.56333333,19.6,39.7,20.6,39.45,20.29,37.4,18.1,50.56,4.5,87.83,19.2,34.054,19.96333333,39.82666667,18.2,39.86857143,6.13,758.9,66.33333333,2,40,0.133
50,0,20.5,40.09666667,19.6,39.62666667,20.63333333,40.09666667,20.29,37.4,18.1,50.43333333,4.56,87.76333333,19.27714286,33.92714286,20,39.56,18.2,39.7,6.15,758.8,64.5,2,40,-0.25
50,10,20.5,39.72333333,19.6,39.36333333,20.7,40.29,20.29,37.29,18.1,50.26,4.8,87.86666667,19.29,33.772,20,39.5,18.2,39.63714286,6.17,758.7,62.66666667,2,40,-0.633
50,0,20.5,39.46333333,19.6,39.23,20.7,40.29,20.29,37.29,18.1,50.2,4.866666667,87.86666667,19.29,33.7,20.03333333,39.4,18.2,39.612,6.18,758.6,60.83333333,2,40,-1.02
50,0,20.6,39.22333333,19.6,39.02666667,20.7,40.29,20.29,37.29,18.1,50.06,5.063333333,87.96333333,19.39,33.5,20.1,39.32666667,18.2,39.7,6.2,758.5,59,2,40,-1.4
140,0,20.6,39.03,19.6,38.9,20.79,40.26,20.29,37.2675,18.1,49.86,5.3725,88.1925,19.39,33.385,20.1,39.2,18.2,39.7,6.17,758.35,59.66666667,2,36.66666667,-1.27
60,0,20.6,38.82666667,19.6,38.66333333,20.73,40.2,20.29,37.26,18.1,49.66333333,5.766666667,88.43333333,19.40571429,33.29,20.16666667,39.12666667,18.21285714,39.71285714,6.13,758.2,60.33333333,2,33.33333333,-1.13
240,0,20.6,38.96666667,19.6,38.59,20.73,40.06,20.29,37.2,18.1,49.53,6.063333333,88.5,19.456,33.236,20.2,39.03,18.29,39.79,6.1,758.05,61,2,30,-1
200,0,20.6,38.93,19.6,38.59,20.73,39.93333333,20.29,37.2,18.1,49.46666667,6.19,88.56,19.5,33.12142857,20.26,39.22333333,18.29,39.72571429,6.07,757.9,61.66666667,2,26.66666667,-0.867
230,0,20.6,38.79,19.6,38.53,20.7,39.76,20.29,37.09,18.03333333,49.32666667,6.366666667,88.59,19.54,32.96,20.42666667,39.36,18.29,39.736,6.03,757.75,62.33333333,2,23.33333333,-0.733
90,0,20.66666667,38.72333333,19.6,38.4,20.7,39.7,20.29,37.03,18.1,49.26,6.3,88.53,19.6,32.73857143,20.6,39.5675,18.29,39.71285714,6,757.6,63,2,20,-0.6
190,0,20.66666667,38.66333333,19.6,38.4,20.66666667,39.52666667,20.29,37,18.03333333,49.12666667,6.19,88.22666667,19.66,32.572,20.76,39.66333333,18.29,39.638,6.07,757.5,62.16666667,2,23.33333333,-0.717
90,0,20.7,38.56,19.6,38.26,20.6,39.4,20.29,36.93333333,18.03333333,49,6.123333333,88.16,19.7,32.39714286,20.92666667,39.82666667,18.31857143,39.79,6.13,757.4,61.33333333,2,26.66666667,-0.833
90,0,20.7,38.32,19.6,38.12666667,20.63333333,39.29,20.29,36.86333333,18.025,48.8425,6.26,88.1,19.79,32.156,21,39.96666667,18.39,39.9,6.2,757.3,60.5,2,30,-0.95
80,0,20.76,38.2,19.6,38.045,20.7,39.23,20.29,36.79,18,48.64,6.526666667,88.22666667,19.89142857,31.96142857,21.13333333,40.2,18.39,40.25571429,6.27,757.2,59.66666667,2,33.33333333,-1.07
80,0,20.79,38.16333333,19.7,38.06,20.7,39.02666667,20.29,36.7,18,48.56,6.623333333,87.96666667,20,31.752,21.26,40.12666667,18.39,40.7725,6.33,757.1,58.83333333,2,36.66666667,-1.18
230,0,20.79,38.09,19.7,38,20.76,38.82666667,20.29,36.7,18,48.43333333,6.69,87.83333333,20.07142857,31.6,21.5,39.93,18.39,41.018,6.4,757,58,2,40,-1.3
420,0,20.79,38.12666667,19.7,37.96666667,20.7,38.79,20.26,36.59,18.06666667,48.43,6.526666667,87.09333333,20.06,31.35,21.56666667,39.65666667,18.39,41.29,6.4,756.9333333,57.5,2,40,-1.43
150,0,20.79,38.2,19.7,37.9,20.7225,38.7675,20.2,36.53,18.06666667,48.36333333,6.333333333,87.09333333,20.05714286,31.22428571,21.6,39.46666667,18.39,41.254,6.4,756.8666667,57,2,40,-1.57
80,0,20.79,38.26,19.7,37.79,20.73,38.62666667,20.2,36.5,18.03333333,48.23,6.263333333,86.76,20.08,31.058,21.66666667,39.32666667,18.39,41.02428571,6.4,756.8,56.5,2,40,-1.7
90,0,20.85666667,38.12666667,19.7,37.73,20.73,38.56,20.2,36.43333333,18.03333333,48.15666667,6.263333333,86.9,20.07142857,30.89,21.73,39.22333333,18.39,40.976,6.4,756.7333333,56,2,40,-1.83
110,0,20.89,38,19.7,37.56,20.79,38.5,20.2,36.36333333,18,48.09,6.53,86.4,20.1,30.83,21.79,39.03,18.39,40.81142857,6.4,756.6666667,55.5,2,40,-1.97
100,0,20.96333333,37.86,19.7,37.43333333,20.79,38.36333333,20.2,36.36333333,18,47.95,6.895,87.095,20.19857143,30.98142857,21.92666667,38.96666667,18.5,40.71,6.4,756.6,55,2,40,-2.1
100,0,21,37.8,19.73,37.36333333,20.85666667,38.29,20.23,36.56666667,18,47.79,7.33,87.6,20.31,31.2,22.06666667,38.9,18.46857143,40.68,6.33,756.5333333,55.5,2,40,-2.05
100,0,21.06666667,38,19.79,37.29,20.89,38.16333333,20.29,36.7675,18,47.73,7.623333333,87.3,20.42142857,31.22571429,22.23,38.76,18.5,41.116,6.27,756.4666667,56,2,40,-2
80,0,21.1,37.79,19.89,37.29,20.89,38.09,20.29,36.79,18.06666667,47.76,7.69,85.3,20.54,31.2,22.35666667,38.62666667,18.5,41.49714286,6.2,756.4,56.5,2,40,-1.95
70,0,21.1,37.79,19.89,37.29,20.89,38,20.29,36.82666667,18,47.7,7.59,83.2,20.51428571,31.12857143,22.39,38.36333333,18.5,41.7,6.13,756.3333333,57,2,40,-1.9
80,0,21.1,37.8,19.79,37.2,20.89,38,20.35666667,36.82666667,18,47.7,7.53,82.66,20.478,31.04,22.39,38.29,18.5,41.68285714,6.07,756.2666667,57.5,2,40,-1.85
70,0,21.1,37.93333333,19.79,37.26,20.85666667,37.96666667,20.35666667,36.76,18.06666667,47.76,7.5,83.6,20.39,30.92142857,22.42666667,38.23,18.456,41.438,6,756.2,58,2,40,-1.8
80,0,21.1,37.72333333,19.79,37.2,20.79,37.9,20.29,36.7,18.06666667,47.66333333,7.366666667,83.06,20.39,30.754,22.42666667,38.43,18.5,41.46571429,5.8,756.1333333,61,1.833333333,40,-1.35
90,0,21.1,37.53,19.73,37.12666667,20.79,37.9,20.29,36.59,18,47.53,7.093333333,84.23,20.30428571,30.54142857,22.445,38.69,18.434,40.62,5.6,756.0666667,64,1.666666667,40,-0.9
80,0,21.1,37.29,19.7,37.09,20.79,37.82666667,20.29,36.53,18,47.46666667,6.693333333,83.89666667,20.2225,30.27,22.5,38.79,18.40571429,39.89714286,5.4,756,67,1.5,40,-0.45
80,0,21.1,37.2225,19.7,37.03,20.7,37.76,20.26,36.4,18,47.4,6.2,83.75666667,20.18,30.14,22.5,38.86333333,18.39,39.378,5.2,755.9333333,70,1.333333333,40,0
80,0,21.1,37.12666667,19.6,36.86333333,20.7,37.7,20.2,36.12666667,18,47.32666667,5.793333333,82.89666667,20.1,30.1,22.5,39.19333333,18.39,38.92285714,5,755.8666667,73,1.166666667,40,0.45
90,0,21.1,37.09,19.6,36.79,20.7,37.59,20.2,35.96666667,18.06666667,47.26,5.396666667,83.19,20,30.1,22.5,39.52666667,18.39,38.7,4.8,755.8,76,1,40,0.9
100,0,21.1,37.09,19.6,36.86333333,20.7,37.59,20.13333333,35.82666667,18,47.12666667,5.123333333,83.59666667,19.98428571,30.11428571,22.5,39.7,18.37571429,38.34142857,4.62,755.8166667,76,1,40,0.733
90,10,21.1,37.06,19.56666667,37,20.7,37.59,20.1,35.7,18,47.06,4.83,84.03,19.89,30.238,22.5,39.7,18.29,37.954,4.43,755.8333333,76,1,40,0.567
110,10,21.1,37.06,19.5,37.06,20.7,37.545,20.03333333,35.62666667,18,47,4.623333333,84.23,19.89,30.49714286,22.5,39.59,18.33285714,37.69428571,4.25,755.85,76,1,40,0.4
120,10,21.1,36.96666667,19.53333333,37.03,20.7,37.59,20.06666667,36.15666667,18,46.9,4.466666667,84.33333333,19.85,30.79,22.42666667,39.53,18.29,37.46,4.07,755.8666667,76,1,40,0.233
100,30,21.1,36.9,19.6,37.09,20.76,37.46666667,20.06666667,36.49,18,46.82666667,4.2725,84.2725,19.79,31.01,22.39,39.36333333,18.29,37.33714286,3.88,755.8833333,76,1,40,0.0667
190,30,21.13333333,36.9,19.7,37.29,20.76,37.32666667,20.13333333,36.82666667,18,46.79,3.963333333,83.89666667,19.79,31.296,22.39,39.23,18.245,37.1675,3.7,755.9,76,1,40,-0.1
100,10,21.26,37.16,19.76,37.23,20.82333333,37.32666667,20.2,36.96666667,18,46.79,3.693333333,83.39333333,19.75142857,31.5,22.35666667,38.99,18.236,37.052,3.45,755.9333333,77,1.166666667,40,-0.183
100,10,21.32333333,38.13,19.89,37.16333333,20.89,37.46666667,20.29,37.29,18,46.79,3.3,82.6,19.736,31.6,22.29,38.65666667,18.2,36.9,3.2,755.9666667,78,1.333333333,40,-0.267
90,10,21.39,38.25666667,19.89,37.16333333,20.89,37.62666667,20.29,37.2225,18,46.79,2.9,81.96666667,19.76428571,31.64285714,22.29,38.5,18.2,36.79,2.95,756,79,1.5,40,-0.35
70,0,21.39,38.16666667,20,37.2,20.96333333,37.7,20.23,37,18,46.79,2.566666667,81.76,19.79,31.7,22.23,38.43333333,18.2,36.69714286,2.7,756.0333333,80,1.666666667,40,-0.433
90,0,21.46333333,38.23333333,20,37.26,20.96333333,37.86333333,20.2,36.93333333,18,46.86333333,2.193333333,81.23,19.83285714,31.80714286,22.2,38.46666667,18.2,36.536,2.45,756.0666667,81,1.833333333,40,-0.517
80,10,21.5,37.72333333,20.13333333,37.5,20.89,37.73,20.2,37.26666667,18.66,69.26333333,1.86,81.23,19.79,31.7,22.2,38.4,18.2,36.42857143,2.2,756.1,82,2,40,-0.6
110,0,21.56666667,37.53,20.2,37.56,21,37.59,20.16666667,37.53,18.99333333,70.33,1.666666667,81.4,19.92285714,32.32571429,22.2,38.43333333,18.2,36.29,2.05,756.05,82.5,1.833333333,38,-0.65
120,10,21.6,37.56666667,20.32333333,37.93333333,21,37.59,20.1,37.66333333,19,56.86,1.533333333,81.52666667,19.956,32.554,22.2,38.5,18.2,36.29,1.9,756,83,1.666666667,36,-0.7
120,20,21.66666667,37.76,20.39,37.93333333,21,37.7,20.1,37.79,19.06666667,52.26666667,1.226666667,81.09333333,19.96857143,32.56428571,22.2,38.4,18.2,36.29,1.75,755.95,83.5,1.5,34,-0.75
160,20,21.73,37.72333333,20.39,37.96666667,21.06666667,37.83333333,20.1,37.53,19.33333333,57.43333333,0.966666667,80.69333333,19.89,32.59,22.2675,38.3725,18.2,36.29,1.6,755.9,84,1.333333333,32,-0.8
120,30,21.79,37.46333333,20.39,37.9,21.1,37.86333333,20.1,37.13333333,19.5975,71.1225,0.766666667,80.9,19.92142857,32.59,22.29,38.29,18.16,36.4,1.45,755.85,84.5,1.166666667,30,-0.85
110,20,21.79,37.29,20.39,37.82666667,21.1,37.86333333,20.1,37.26666667,19.46333333,61.86333333,0.566666667,80.76,19.934,32.59,22.29,38.29,18.15714286,36.45714286,1.3,755.8,85,1,28,-0.9
120,20,21.82333333,37.29,20.39,37.8725,21.06666667,37.9,20.2,37.16333333,19.66333333,56.19666667,0.266666667,80.53,19.96857143,32.59,22.29,38.23,18.14,36.5,1.28,755.8166667,85.33333333,1,27.66666667,-0.883
110,20,21.89,37.29,20.39,37.73,21,37.9,20.2,37.22333333,19.85666667,53.79,0.133333333,80.59,20,32.5,22.29,38.16333333,18.1,36.42857143,1.27,755.8333333,85.66666667,1,27.33333333,-0.867
110,20,21.92666667,37.2,20.46333333,37.7,21,37.9,20.52333333,37.66333333,20,51.33333333,-0.033333333,81.16,19.98428571,32.36714286,22.29,38.09,18.1,36.4,1.25,755.85,86,1,27,-0.85
110,20,22,37.12666667,20.39,37.76,21,37.9,20.93,37.39,20,48.8,-0.175,81.32,19.89,32.29666667,22.29,38.12666667,18.1,36.4,1.23,755.8666667,86.33333333,1,26.66666667,-0.833
90,30,22,37.06,20.39,37.79,21,37.96666667,21.1,37.2,20,46.53,-0.2,81.99333333,19.87571429,32.47142857,22.29,38.2,18.1,36.378,1.22,755.8833333,86.66666667,1,26.33333333,-0.817
110,20,22,36.93333333,20.46333333,37.73,21,38,21.03333333,37.12666667,20,45.26333333,-0.233333333,82.33333333,19.79,32.32142857,22.29,38.23,18.1,36.29,1.2,755.9,87,1,26,-0.8
90,20,22,36.86333333,20.39,37.7,21,38,21,37.12666667,19.89,44.09333333,-0.3,82.46666667,19.7,32.29,22.29,38.36333333,18.1,36.2,1.18,755.8833333,87,1,25.5,-0.817
70,20,22,36.73,20.39,37.62666667,21,38,21,37.2,19.89,43.42666667,-0.4,82.5,19.7,32.43857143,22.39,38.59,18.05714286,36.15285714,1.17,755.8666667,87,1,25,-0.833
80,30,22.06666667,36.9,20.39,37.76666667,20.92666667,38.06,21.19666667,37.29,19.85666667,43.83333333,-0.4,82.5,19.7,32.88,22.46333333,38.79666667,18.1,36.218,1.15,755.85,87,1,24.5,-0.85
80,20,22,36.96666667,20.39,37.9,20.79,38.2,21.39,37.245,19.73,45.3,-0.4,82.76333333,19.7,33.22571429,22.5,39.15666667,18.1,36.39714286,1.13,755.8333333,87,1,24,-0.867
70,20,22,37.03,20.35666667,38,20.73,38.26,21.39,37.36333333,19.56666667,47.03333333,-0.466666667,82.56333333,19.7,33.634,22.56666667,39.56333333,18.1,36.736,1.12,755.8166667,87,1,23.5,-0.883
90,20,21.92666667,37.16333333,20.29,38.06,20.7,38.32666667,21.32333333,37.43333333,19.42666667,48.16666667,-0.6,82.46333333,19.7,33.85428571,22.6,39.82666667,18.1,36.95428571,1.1,755.8,87,1,23,-0.9
90,20,21.89,37.32666667,20.26,38.12666667,20.63333333,38.4,21.39,37.63333333,19.39,49.29333333,-0.533333333,82.92333333,19.7,34.018,22.6,40.02666667,18.1,37.145,0.983,755.8,87,1.166666667,22.5,-1.02
60,20,21.89,37.4,20.2,38.2,20.6,38.4,21.83333333,37.9,19.32333333,50.03333333,-0.5,83.33,19.7,34.19428571,22.7,40.26666667,18.1,37.276,0.867,755.8,87,1.333333333,22,-1.13
60,30,21.79,37.29,20.1,38.29,20.6,38.46666667,22.36666667,37.82666667,19.29,50.72666667,-0.7,82.45666667,19.7,34.59,22.7,40.52666667,18.05714286,37.38142857,0.75,755.8,87,1.5,21.5,-1.25
50,20,21.79,37.29,20.03333333,38.29,20.6,38.5,22.86,37.49,19.23,51.13333333,-0.766666667,82.66666667,19.7,34.60571429,22.6,40.65666667,18.1,37.59,0.633,755.8,87,1.666666667,21,-1.37
70,20,21.79,37.4,19.96333333,38.4,20.6,38.5,22.92666667,37.09666667,19.16666667,51.59666667,-0.833333333,82.53333333,19.66,34.76,22.53333333,40.99,18.08571429,37.68428571,0.517,755.8,87,1.833333333,20.5,-1.48
60,20,21.73,37.4,19.89,38.46666667,20.6,38.53,22.76,36.9,19.1,51.93,-1.133333333,82.06,19.7,35.09571429,22.39,41.245,18.02,37.776,0.4,755.8,87,2,20,-1.6
70,20,21.7,37.5,19.85666667,38.56,20.6,38.59,22.63333333,36.9,19.05,52.145,-1.2,82.0925,19.7,35.29,22.35666667,41.46333333,18.05714286,37.92857143,0.367,755.8,87.5,2,20.16666667,-1.55
60,30,21.625,37.5,19.79,38.5675,20.6,38.59,22.56666667,36.93333333,19,52.32666667,-1.133333333,82.45666667,19.7,35.44142857,22.29,41.66333333,18.1,38.09,0.333,755.8,88,2,20.33333333,-1.5
60,20,21.6,37.5,19.73,38.59,20.6,38.59,22.42666667,36.93333333,18.92666667,52.46666667,-0.866666667,83.22666667,19.7,35.54,22.26,41.76,18.08571429,38.15285714,0.3,755.8,88.5,2,20.5,-1.45
50,0,21.56666667,37.5,19.66666667,38.59,20.6,38.66333333,22.35666667,36.93333333,18.89,52.7,-0.666666667,83.56,19.7,35.76428571,22.2,41.76,18.02,38.218,0.267,755.8,89,2,20.66666667,-1.4
50,10,21.5,37.63333333,19.6,38.53,20.6,38.59,22.29,37,18.89,52.76,-0.566666667,83.69,19.7,35.856,22.16666667,41.93333333,18.1,38.32142857,0.233,755.8,89.5,2,20.83333333,-1.35
20,0,21.5,37.73,19.56666667,38.59,20.6,38.59,22.16666667,36.63333333,18.79,52.73,-0.633333333,83.43,19.65714286,35.75142857,22.1,42.13333333,18.06,38.5,0.2,755.8,90,2,21,-1.3
30,0,21.42666667,37.79,19.5,38.59,20.6,38.59,22.03333333,36.43333333,18.772,52.79,-0.8,83.12333333,19.68,35.79,22.1,42.2,18.08,38.572,0.35,755.8166667,89.83333333,2,21.5,-1.17
20,0,21.39,37.9,19.39,38.36333333,20.6,38.66333333,21.89,36.4,18.7,52.79,-0.733333333,83.39666667,19.6,35.79,22.03333333,42.12666667,18.03333333,38.53,0.5,755.8333333,89.66666667,2,22,-1.03
40,0,21.39,37.9,19.39,38.29,20.6,38.7,21.76333333,36.4,18.7,52.9,-0.566666667,83.76,19.6,35.79,22,42.23,18.1,38.72333333,0.65,755.85,89.5,2,22.5,-0.9
60,0,21.29,37.9,19.29,38.26,20.6,38.7,21.66666667,36.36333333,18.7,52.9,-0.433333333,84.02666667,19.6,35.85285714,22,42.43,18.1,38.86,0.8,755.8666667,89.33333333,2,23,-0.767
50,0,21.29,37.9,19.29,38.12666667,20.6,38.7,21.53333333,36.36333333,18.7,52.9,-0.333333333,84.02666667,19.6,35.978,21.89,42.56666667,18.1,39,0.95,755.8833333,89.16666667,2,23.5,-0.633
50,0,21.26,37.86333333,19.2,38,20.66666667,38.76,21.39,36.29,18.62857143,52.82142857,-0.4,83.83333333,19.6,36.13125,21.82333333,42.7,18.1,39.12666667,1.1,755.9,89,2,24,-0.5
40,0,21.2,37.79,19.2,38.06,20.7,38.82666667,21.29,36.36333333,18.6,52.79,-0.3,84.15666667,19.6,36.22571429,21.85666667,43.12666667,18.1,39.26,1.08,755.8333333,88.83333333,2.166666667,23.83333333,-0.55
40,0,21.1,37.79,19.1,38.12666667,20.7,38.96666667,21.23,36.23,18.6,52.77714286,-0.366666667,83.82333333,19.6,36.44,21.79,43.2,18.1,39.43333333,1.07,755.7666667,88.66666667,2.333333333,23.66666667,-0.6
40,0,21.1,37.79,19.1,38.26,20.7,39,21.1,36.2,18.54,52.7,-0.3,84.06,19.6,36.5,21.7,43.29,18.1,39.56,1.05,755.7,88.5,2.5,23.5,-0.65
50,0,21.06666667,37.76,19,38.43333333,20.7,39.06,21.1,36.2,18.5,52.7,-0.233333333,84.06,19.6,36.5,21.7,43.36333333,18.1,39.73,1.03,755.6333333,88.33333333,2.666666667,23.33333333,-0.7
50,0,21,37.7,19,38.56,20.7,39.09,21,36.09,18.5,52.656,0,84.445,19.6,36.52571429,21.7,43.53,18.1,39.8175,1.02,755.5666667,88.16666667,2.833333333,23.16666667,-0.75
60,0,21,37.7,18.96333333,38.62666667,20.76,39.09,20.92666667,36.09,18.48428571,52.57714286,0.233333333,84.69333333,19.6,36.634,21.7,43.72333333,18.1,39.96666667,1,755.5,88,3,23,-0.8
50,0,20.92666667,37.7,18.96333333,38.76,20.73,39.09,20.85666667,36.09,18.39,52.5,0.366666667,84.83333333,19.6,36.65285714,21.66666667,43.76,18.1,40.03,0.917,755.5,88.33333333,2.666666667,23,-0.833
50,0,20.89,37.62666667,18.89,38.9,20.79,39.09,20.79,36.16333333,18.39,52.47142857,0.533333333,85.09,19.6,36.656,21.6,43.7,18.1,40.09,0.833,755.5,88.66666667,2.333333333,23,-0.867
40,0,20.815,37.6175,18.815,38.9,20.79,39.09,20.7,36.2,18.39,52.4,0.733333333,85.23,19.6,36.7,21.6,43.745,18.1,40.2,0.75,755.5,89,2,23,-0.9
30,0,20.79,37.59,18.79,38.9,20.79,39.09,20.7,36.26,18.39,52.4,0.766666667,85.15666667,19.56,36.754,21.56666667,43.76,18.1,40.26,0.667,755.5,89.33333333,1.666666667,23,-0.933
30,0,20.79,37.59,18.76,39,20.79,39.23,20.6,36.23,18.33,52.378,0.633333333,84.82333333,19.58571429,36.76428571,21.5,43.7,18.1,40.4,0.583,755.5,89.66666667,1.333333333,23,-0.967
20,0,20.79,37.59,18.7,39,20.79,39.29,20.6,36.36333333,18.3025,52.27875,0.4,84.22666667,19.58,36.7,21.5,43.7,18.1,40.46666667,0.5,755.5,90,1,23,-1
40,0,20.7,37.7,18.7,39.09,20.73,39.36333333,20.5,36.5,18.31857143,52.22571429,0.333333333,84.16,19.5,36.7,21.5,43.7,18.1,40.62666667,0.35,755.5,90.83333333,1,29.66666667,-1.02
50,0,20.7,37.7,18.7,39.09,20.7,39.4,20.5,36.5,18.29,52.2,0.2,84.06,19.5,36.736,21.42666667,43.53,18.03333333,40.62666667,0.2,755.5,91.66666667,1,36.33333333,-1.03
50,0,20.7,37.7,18.63333333,39.12666667,20.7,39.4,20.46333333,36.56,18.29,52.15285714,0.2,84,19.5,36.79,21.42666667,43.53,18.06666667,40.76,0.05,755.5,92.5,1,43,-1.05
50,0,20.7,37.7,18.63333333,39.12666667,20.73,39.4,20.39,36.5,18.29,52.134,0.1,84,19.5,36.856,21.39,43.5,18.06666667,40.83333333,-0.1,755.5,93.33333333,1,49.66666667,-1.07
50,0,20.66666667,37.66333333,18.6,39.09,20.79,39.4,20.39,36.5,18.25142857,52.05142857,0.1,84,19.5,36.9,21.39,43.43333333,18.1,40.9,-0.25,755.5,94.16666667,1,56.33333333,-1.08
50,0,20.6,37.59,18.6,39.16333333,20.79,39.5,20.32333333,36.5,18.29,52,0,83.76333333,19.5,37,21.39,43.4,18.1,40.96666667,-0.4,755.5,95,1,63,-1.1
50,0,20.6,37.59,18.53333333,39.23,20.79,39.5,20.29,36.545,18.21285714,51.91428571,-0.2,83.35666667,19.5,37.01285714,21.32333333,43.4,18.1,41.03,-0.5,755.55,95.16666667,1,62.66666667,-1.18
40,0,20.6,37.59,18.53333333,39.29,20.79,39.46333333,20.2,36.43333333,18.2,51.9,-0.466666667,82.59333333,19.5,37.156,21.29,43.36333333,18.1,41.09,-0.6,755.6,95.33333333,1,62.33333333,-1.27
50,0,20.5,37.59,18.5,39.29,20.79,39.53,20.2,36.5,18.2,51.9,-0.7,82.25,19.5,37.2,21.29,43.29,18.1,41.12666667,-0.7,755.65,95.5,1,62,-1.35
50,0,20.5,37.59,18.5,39.29,20.79,39.53,20.2,36.53,18.2,51.9,-0.8,82.2,19.5,37.236,21.23,43.23,18.1,41.2,-0.8,755.7,95.66666667,1,61.66666667,-1.43
50,0,20.5,37.59,18.46333333,39.36333333,20.79,39.59,20.2,36.53,18.2,51.83714286,-1.033333333,81.79666667,19.5,37.35285714,21.23,43.23,18.1,41.2,-0.9,755.75,95.83333333,1,61.33333333,-1.52
50,0,20.42666667,37.53,18.39,39.29,20.79,39.59,20.1,36.56,18.16,51.79,-1.166666667,81.46333333,19.5,37.4,21.2,43.16333333,18.1,41.2225,-1,755.8,96,1,61,-1.6
40,0,20.39,37.5,18.39,39.32666667,20.79,39.59,20.1,36.56,18.2,51.79,-1.323333333,81.36666667,19.5,37.42857143,21.13333333,43.09,18.1,41.36333333,-0.933,755.8166667,96,1.166666667,61.33333333,-1.53
40,0,20.39,37.5,18.32333333,39.4,20.89,39.7,20.06666667,36.56,18.1,51.79,-1.39,81.56,19.5,37.5,21.2,43.2,18.1,41.4,-0.867,755.8333333,96,1.333333333,61.66666667,-1.47
30,0,20.39,37.5,18.29,39.36333333,20.89,39.7,20,36.5,18.1,51.79,-1.29,82.26,19.5,37.554,21.13333333,43.2,18.1,41.4,-0.8,755.85,96,1.5,62,-1.4
20,0,20.39,37.5,18.29,39.3975,20.85666667,39.7,20,36.5,18.1,51.736,-1.23,82.66666667,19.5,37.64,21.1,43.09,18.1,41.5,-0.733,755.8666667,96,1.666666667,62.33333333,-1.33
30,0,20.34,37.5,18.29,39.5,20.79,39.7,20,36.5,18.1,51.7,-0.933333333,83.32333333,19.5,37.718,21.1,43.09,18.1,41.5,-0.667,755.8833333,96,1.833333333,62.66666667,-1.27
70,10,20.29,37.53,18.2,39.4,20.79,39.7,19.96333333,36.59,18.1,51.7,-0.733333333,83.79666667,19.5,37.85,21.1,43.16333333,18.1,41.65666667,-0.6,755.9,96,2,63,-1.2
80,0,20.29,37.79666667,18.2,39.46666667,20.7675,39.7675,19.89,36.59,18.08571429,51.68428571,-0.666666667,83.9,19.5,38.09,21.03333333,43.3,18.1,41.86333333,-0.6,755.9333333,95.83333333,1.833333333,62.66666667,-1.22
60,10,20.29,38.09666667,18.2,39.62666667,20.7,39.73,19.89,36.7,18,51.59,-0.666666667,83.83333333,19.5,37.88,21.1,43.43333333,18.1,41.9,-0.6,755.9666667,95.66666667,1.666666667,62.33333333,-1.23
40,0,20.29,38.49,18.2,39.83333333,20.7,39.66333333,19.89,36.7,18.04285714,51.63714286,-0.833333333,83.29666667,19.434,37.538,21,43.26,18.1,41.82666667,-0.6,756,95.5,1.5,62,-1.25
40,0,20.29,38.5,18.2,40.2,20.7,39.59,19.85666667,36.76,18,51.59,-0.966666667,82.96333333,19.39,37.19428571,21,43.12666667,18.1,41.76,-0.6,756.0333333,95.33333333,1.333333333,61.66666667,-1.27
80,0,20.29,38.43333333,18.13333333,40.26,20.7,39.59,19.79,36.7,18,51.59,-0.9,83.26,19.39,36.96,20.89,42.96666667,18.1,41.7,-0.6,756.0666667,95.16666667,1.166666667,61.33333333,-1.28
210,0,20.23,38.39,18.1,40.33333333,20.63333333,39.46333333,19.79,36.79,18,51.552,-0.833333333,83.59333333,19.30428571,36.4,20.89,42.82666667,18.1,41.56,-0.6,756.1,95,1,61,-1.3
260,0,20.29,38.66333333,18.16666667,40.2,20.6,39.16333333,19.79,36.73,18,51.36857143,-0.5,84.15,19.236,35.698,20.85666667,42.26666667,18.1,41.36,-0.25,756.15,94.16666667,1,60.16666667,-1.08
180,0,20.29,38.63333333,18.13333333,40.06,20.53333333,39.03,19.745,36.645,18,50.94375,-0.033333333,84.76,19.2,35.16857143,20.85666667,41.86,18.06666667,40.96,0.1,756.2,93.33333333,1,59.33333333,-0.867
80,0,20.23,38.36,18.2,39.93333333,20.5,38.9,19.76,36.56,18,50.59,0.233333333,84.96666667,19.1,34.71,20.79,41.33333333,18,40.5,0.45,756.25,92.5,1,58.5,-0.65
60,0,20.2,38.29,18.2,39.76,20.5,38.9,19.76,36.63333333,18,50.38,0.633333333,85.22666667,19.1,34.46571429,20.73,41.06666667,18.06666667,40.1,0.8,756.3,91.66666667,1,57.66666667,-0.433
70,10,20.2,38.29,18.2,39.62666667,20.53333333,38.7,20.23333333,36.86333333,17.978,50.116,0.833333333,85.43333333,19.04,34.152,20.76,40.72333333,18,39.76666667,1.15,756.35,90.83333333,1,56.83333333,-0.217
110,20,20.2,38.23,18.23,39.66333333,20.53333333,38.56666667,20.69333333,36.73,17.89,49.94,0.966666667,85.33,19,33.92857143,20.7,40.46333333,18,39.43,1.5,756.4,90,1,56,0
350,30,20.2,38.29,18.29,39.53,20.39,38.2,21.16333333,36.72333333,17.89,49.656,0.833333333,84.99666667,19,33.7,20.7,40.26,18,39.02,1.75,756.4666667,89.16666667,1.166666667,57.33333333,0.117
250,20,20.2,38.46333333,18.29,39.65666667,20.32333333,38.33333333,21.29,36.39,17.89,49.52428571,0.666666667,84.59333333,18.93714286,33.55428571,20.63333333,40,18,38.65666667,2,756.5333333,88.33333333,1.333333333,58.66666667,0.233
130,20,20.2,38.79666667,18.29,39.86333333,20.29,38.59,21.2,36.06666667,17.912,49.378,0.666666667,84.52666667,18.89,33.418,20.6,39.83333333,18,38.46666667,2.25,756.6,87.5,1.5,60,0.35
100,20,20.2,39.06666667,18.36,40.3,20.35666667,38.59,21.26,36.33333333,17.92142857,49.26428571,1.3,85.5,18.89,33.29,20.53333333,39.62666667,18,38.19333333,2.5,756.6666667,86.66666667,1.666666667,61.33333333,0.467
100,20,20.13333333,39.33333333,18.575,40.5225,20.39,38.59,21.29,36.62666667,17.89,49.156,1.833333333,85.9,18.89,33.2,20.5,39.5,18.03333333,37.86333333,2.75,756.7333333,85.83333333,1.833333333,62.66666667,0.583
100,30,20.15,39.645,18.66666667,40.79666667,20.39,38.59,21.35666667,36.76,17.89,49.03857143,2.03,85.93333333,18.89,33.10571429,20.5,39.43333333,18.03333333,37.65666667,3,756.8,85,2,64,0.7
90,20,20.1,39.86,18.73,41.09,20.5,38.7,21.42666667,36.96333333,17.89,49,2.296666667,86.2,18.89,33.036,20.5,39.245,18.1,37.59,3.25,756.8166667,83.5,2.166666667,56.83333333,0.683
100,20,20.1,40.06,18.85666667,41.16333333,20.5,38.75,21.56666667,37.09,17.89,48.97142857,2.656666667,86.43333333,18.89,32.92857143,20.46333333,39.02666667,18.1,37.59,3.5,756.8333333,82,2.333333333,49.66666667,0.667
80,20,20.1,40.15666667,19.03333333,40.96666667,20.5,38.9,21.63333333,37.12666667,17.89,48.9,2.93,86.56,18.89,32.79,20.39,38.82666667,18.1,37.5,3.75,756.85,80.5,2.5,42.5,0.65
80,30,20.1,40.36333333,19.16666667,40.69333333,20.5,38.93333333,21.76,37.2,17.89,48.80571429,3.266666667,86.72666667,18.89,32.62142857,20.5,38.76,18.1,37.5,4,756.8666667,79,2.666666667,35.33333333,0.633
270,20,20.2,40.43333333,19.29,40.56,20.5,39,21.82333333,37.23,17.89,48.772,3.5925,86.9,18.93714286,32.42714286,20.42666667,38.62666667,18.1,37.46666667,4.25,756.8833333,77.5,2.833333333,28.16666667,0.617
770,20,20.2,40.5,19.29,40.43333333,20.5,39.15666667,21.89,37.29,17.89,48.65285714,3.863333333,87,19,32.272,20.42666667,38.43333333,18.16666667,37.4,4.5,756.9,76,3,21,0.6
540,30,20.2,40.62666667,19.39,40.29666667,20.63333333,39.76333333,22,37.09,17.89,48.554,4.16,87.03,19,32.12142857,20.42666667,38.3,18.2,37.36333333,4.65,756.9166667,74,3.166666667,24.16666667,0.333
360,20,20.26,40.83333333,19.46333333,40.03,20.99333333,41.16666667,22,37.03,17.89,48.52571429,4.366666667,86.89666667,19,31.956,20.39,38.06,18.2,37.29,4.8,756.9333333,72,3.333333333,27.33333333,0.0667
300,20,20.26,41,19.5,39.63333333,21.4,41.69333333,22.1,37,17.89,48.5,4.366666667,86.19666667,19,31.75285714,20.39,37.93333333,18.2,37.26,4.95,756.95,70,3.5,30.5,-0.2
270,30,20.26,41.13333333,19.56666667,39.36,21.76333333,41.86333333,22.13333333,37.03,17.89,48.5,4.833333333,86.59,19.02,31.64,20.39,37.66333333,18.2,37.33333333,5.1,756.9666667,68,3.666666667,33.66666667,-0.467
250,20,20.39,41.4,19.6,39.26,22.03,41.65666667,22.2,36.96333333,17.89,48.5,5.4,84.26,19.1,31.52857143,20.46333333,37.59,18.23,37.65666667,5.25,756.9833333,66,3.833333333,36.83333333,-0.733
230,20,20.39,41.32666667,19.6,39.12666667,22.32333333,41.29666667,22.23,36.82666667,17.86142857,48.47142857,5.333333333,82.86,19.1,31.35,20.39,37.33333333,18.23,37.73,5.4,757,64,4,40,-1
210,20,20.39,41.3,19.6,38.86333333,22.46333333,40.89,22.29,36.82666667,17.85,48.46,5.366666667,75.5,19.15714286,31.14142857,20.39,37.12666667,18.245,37.745,5.52,756.9833333,62.83333333,3.833333333,37.83333333,-1.13
160,30,20.46333333,40.9,19.66666667,38.79,22.6,40.49,22.32333333,36.76,17.89,48.42857143,5.833333333,75.96666667,19.274,30.958,20.5,36.93,18.26,37.63333333,5.63,756.9666667,61.66666667,3.666666667,35.66666667,-1.27
70,20,20.63333333,40.99666667,19.73,38.82666667,22.53333333,40.15666667,22.39,36.56666667,17.89,48.4,6.6,73.46,19.46857143,30.69714286,20.56666667,36.73,18.26,37.56,5.75,756.95,60.5,3.5,33.5,-1.4
80,20,20.7,40.33,19.79,38.82666667,22.35666667,39.83333333,22.46333333,36.29666667,17.89,48.356,6.6,72.26666667,19.456,30.35,20.7,36.56,18.29,37.93333333,5.87,756.9333333,59.33333333,3.333333333,31.33333333,-1.53
350,20,20.7,39.79666667,19.76,38.66333333,22.29,39.7,22.39,35.96333333,17.87571429,48.21,6.126666667,73.36,19.39,30.15571429,20.63333333,36.36,18.29,37.93333333,5.98,756.9166667,58.16666667,3.166666667,29.16666667,-1.67
710,30,20.7,39.53,19.7,38.53,22.2,39.59666667,22.39,35.66333333,17.85,48.036,5.866666667,71.9,19.412,30.1,20.63333333,36.2,18.23,37.82666667,6.1,756.9,57,3,27,-1.8
450,20,20.79,38.93,19.745,38.345,22.26,40.39666667,22.39,35.59,17.89,47.97142857,6.066666667,63.33333333,19.52857143,30.02857143,20.7,36.12666667,18.29,38.43333333,6.03,756.8666667,57.16666667,3.166666667,29.16666667,-1.83
350,20,20.865,38.5425,19.82333333,38.06,22.66333333,41.79333333,22.29,35.43333333,17.89,47.9,6.733333333,62.73333333,19.7,29.85,20.84,35.95,18.29,39.42666667,5.97,756.8333333,57.33333333,3.333333333,31.33333333,-1.87
280,20,20.89,38.06666667,19.89,37.8,23.07,42.65,22.29,35.5,17.89,47.75428571,7.333333333,61.23333333,19.77714286,29.66714286,20.89,35.66333333,18.29,39.9,5.9,756.8,57.5,3.5,33.5,-1.9
300,20,21,38.55666667,19.865,37.4225,23.35666667,42.8,22.35666667,35.59,17.89,47.7,7.26,59.63333333,19.736,29.478,20.82333333,35.46333333,18.29,40.23,5.83,756.7666667,57.66666667,3.666666667,35.66666667,-1.93
250,20,21,39.09,19.82333333,37.32666667,23.5,41.52666667,22.29,35.66333333,17.89,47.66857143,7.14,61.395,19.7,29.36142857,20.85666667,35.36333333,18.29,40.23,5.77,756.7333333,57.83333333,3.833333333,37.83333333,-1.97
230,30,21,39.16,19.79,37.4,23.56666667,40.52666667,22.39,35.7,17.89,47.59,7.093333333,52.59333333,19.6,29.1,20.79,35.23,18.29,39.96666667,5.7,756.7,58,4,40,-2
110,20,21,38.63333333,19.79,37.4,23.63333333,39.56333333,22.39,35.62666667,17.89,47.51285714,6.833333333,53.92666667,19.6,29.1,20.7,35.2,18.29,39.76666667,5.52,756.7166667,60.16666667,3.666666667,40,-1.72
60,20,21,38.4,19.79,37.4,23.63333333,38.89666667,22.39,35.53,17.89,47.48,6.69,55.36,19.6,29.14,20.7,35.2,18.29,39.7,5.33,756.7333333,62.33333333,3.333333333,40,-1.43
60,30,21,38.26,19.79,37.32666667,23.46333333,38.22333333,22.32333333,35.66333333,17.89,47.32142857,6.69,57.43333333,19.6,29.07142857,20.7,35.16333333,18.29,39.62666667,5.15,756.75,64.5,3,40,-1.15
300,20,21,38.02666667,19.76,37.02666667,23.32333333,38.09,22.29,35.7,17.89,47.2,6.033333333,58.82666667,19.6,29,20.7,35.09,18.29,39.46666667,4.97,756.7666667,66.66666667,2.666666667,40,-0.867
290,20,20.92666667,38.1,19.7,36.96666667,23.16666667,38,22.29,35.66333333,17.87571429,47.07142857,4.893333333,64.76,19.5125,29.15,20.66666667,35.2,18.29,39.26666667,4.78,756.7833333,68.83333333,2.333333333,40,-0.583
250,20,20.96333333,38.65666667,19.6,37.45666667,23.1,37.93333333,22.29,35.59,17.83,46.94,4.19,72.49666667,19.43714286,29.26571429,20.6,35.26,18.23,38.59,4.6,756.8,71,2,40,-0.3
230,20,20.96333333,38.99,19.6,38.06333333,23.13333333,37.9,22.2,35.53,17.86142857,46.97142857,4.33,75.83,19.39,29.496,20.53333333,35.43333333,18.29,38.53,4.6,756.7666667,70.66666667,2,38,-0.35
220,20,21,39.5,19.5,38.69333333,23.2,37.82666667,22.2,35.66333333,17.89,47.036,4.433333333,77,19.39,29.72571429,20.53333333,35.56,18.2,38.1,4.6,756.7333333,70.33333333,2,36,-0.4
130,30,21,39.83333333,19.5,39.02666667,23.29,37.76,22.2,35.96333333,17.89,47.15285714,4.56,77.6,19.39,29.934,20.5,35.82666667,18.2,38.03,4.6,756.7,70,2,34,-0.45
80,0,21.03333333,40.03,19.53333333,39.46333333,23.29,37.62666667,22.13333333,36.09,17.89,47.276,5.1,78.49,19.48428571,30.07142857,20.5,35.9,18.26,38.56333333,4.6,756.6666667,69.66666667,2,32,-0.5
80,0,21.1,40.09,19.6,39.72333333,23.26,37.52666667,22.1,35.86333333,17.89,47.42857143,5.493333333,77.42333333,19.5,30,20.53333333,35.93333333,18.26,39.02666667,4.6,756.6333333,69.33333333,2,30,-0.55
80,0,21.06666667,39.96666667,19.56666667,39.79,23.06666667,37.32666667,22.03333333,35.39,17.89,47.634,5.526666667,75.99,19.46857143,29.96857143,20.6,36.13333333,18.26,38.76666667,4.6,756.6,69,2,28,-0.6
70,0,21,39.82666667,19.5,39.79,22.79,37.29,21.89,35.06,17.89,47.71285714,5.26,75.32333333,19.39,29.89,20.7,36.43333333,18.26,38.56333333,4.67,756.6,68.5,2,30,-0.65
80,0,21,39.76,19.445,39.745,22.66333333,37.23,21.82333333,34.93333333,17.89,47.79,5,75.63333333,19.39,29.95285714,20.76,36.56,18.2,38.23,4.73,756.6,68,2,32,-0.7
70,10,21,39.595,19.39,39.63333333,22.46333333,37.29,21.7,34.76,17.89,47.79,4.866666667,75.5,19.37,30,20.89,36.82666667,18.2,38.2,4.8,756.6,67.5,2,34,-0.75
80,0,21,39.22666667,19.32333333,39.5,22.39,37.23,21.63333333,34.62666667,17.89,47.7,4.64,75.445,19.29,30.07142857,20.9175,36.9975,18.2,38.12666667,4.87,756.6,67,2,36,-0.8
90,0,20.89,39,19.29,39.26,22.29,37,21.56666667,34.7,17.89,47.59,4.726666667,76.39666667,19.29,30.1,21.06666667,37.16333333,18.2,38,4.93,756.6,66.5,2,38,-0.85
90,0,20.89,39,19.29,39.2,22.16666667,36.86333333,21.5,34.7,17.89,47.49857143,4.866666667,76.65666667,19.29,30.18571429,21.1,37.43333333,18.2,37.93333333,5,756.6,66,2,40,-0.9
80,0,20.89,38.86333333,19.26,39.06,22.1,36.73,21.46333333,34.76,17.89,47.378,4.933333333,76.93333333,19.272,30.236,21.16666667,37.56,18.2,37.9,4.92,756.6,67.16666667,2.333333333,37.83333333,-0.733
80,0,20.89,38.73,19.2,39,21.96333333,36.62666667,21.32333333,34.7,17.84714286,47.29,5,71,19.2,30.17142857,21.2,37.62666667,18.2,37.82666667,4.83,756.6,68.33333333,2.666666667,35.66666667,-0.567
80,0,20.85666667,38.72333333,19.2,38.86333333,21.89,36.62666667,21.29,34.73,17.89,47.254,4.9,65.96333333,19.2,30.1,21.2,37.7,18.2,37.76,4.75,756.6,69.5,3,33.5,-0.4
100,0,20.79,38.53,19.2,38.79,21.85666667,36.66333333,21.23,34.65666667,17.87571429,47.12428571,4.833333333,66.56333333,19.18571429,30.04285714,21.29,37.7,18.2,37.56666667,4.67,756.6,70.66666667,3.333333333,31.33333333,-0.233
90,0,20.82333333,38.5,19.2,38.56,21.79,36.59,21.2,34.59,17.85,46.98,4.59,67.32666667,19.1,29.978,21.29,37.62666667,18.16666667,37.36333333,4.58,756.6,71.83333333,3.666666667,29.16666667,-0.0667
100,20,20.82333333,38.16666667,19.2,38.3,21.66666667,36.46666667,21.1,34.095,17.89,46.86857143,4.53,67.93333333,19.1,29.89,21.29,37.46666667,18.1,37.23,4.5,756.6,73,4,27,0.1
110,30,20.79,37.76,19.2,37.83333333,21.6,36.4,21,33.79,17.85,46.62,4.466666667,68.12666667,19.1,30.1,21.35666667,37.32666667,18.1,37.06,4.25,756.6666667,74.33333333,3.5,27.33333333,0.0833
720,20,20.85666667,37.76,19.26,37.62666667,21.6,36.36333333,21,33.9,17.87571429,46.51142857,4.333333333,68,19.1,30.31,21.39,37.16333333,18.1,36.93333333,4,756.7333333,75.66666667,3,27.66666667,0.0667
530,20,20.92666667,39.02666667,19.32333333,37.5,21.6,36.29,21,33.96666667,17.83,46.316,4.263333333,66.83,19.1,30.58,21.46333333,37.09,18.1,36.745,3.75,756.8,77,2.5,28,0.05
100,10,21.06666667,45.76666667,19.46333333,38.3,21.6,36.43333333,21.03333333,34.22666667,17.83285714,46.26428571,4.123333333,68.16333333,19.1,30.79285714,21.39,37,18.06666667,36.56,3.5,756.8666667,78.33333333,2,28.33333333,0.0333
100,10,21.2,47.96,19.63333333,40.3,21.6,36.69333333,21.03333333,34.83333333,17.79,46.58,4.06,68.89666667,19.1,31,21.39,36.8,18,36.43333333,3.25,756.9333333,79.66666667,1.5,28.66666667,0.0167
90,10,21.26,45.7,19.7,40.96666667,21.63333333,37.22666667,21.06666667,35.72666667,17.87571429,47.13857143,3.933333333,69.36333333,19.01428571,30.92142857,21.39,36.9,18.06666667,36.36333333,3,757,81,1,29,0
90,0,21.39,43.86,19.82333333,40.66333333,21.7,37.63333333,21,36.13333333,17.89,47.5,3.79,70.06333333,19.075,31.245,21.39,36.96666667,18,36.29,2.88,757.0333333,81.5,1,28.5,-0.0333
100,0,21.39,42.39333333,19.96333333,40.46333333,21.7,37.93333333,21,36.26666667,17.89,47.7,3.7675,70.3425,19.12,31.412,21.5,37.09,18,36.26,2.77,757.0666667,82,1,28,-0.0667
130,0,21.5,41.33333333,20.15,39.995,21.7,37.93333333,21,36.46666667,17.89,47.79,3.626666667,71.2,19.2,31.52857143,21.5,37.16333333,18,36.2,2.65,757.1,82.5,1,27.5,-0.1
120,0,21.5,40.66666667,20.23,39.66333333,21.7,37.86333333,20.89,36.53,17.89,47.79,3.59,71.89666667,19.2,31.7,21.53333333,37.29,18,36.16333333,2.53,757.1333333,83,1,27,-0.133
120,0,21.55,39.995,20.29,39.53,21.7,37.79,20.89,36.59,17.89,47.79,3.463333333,72.03,19.25142857,31.76571429,21.6,37.29,18,36.09,2.42,757.1666667,83.5,1,26.5,-0.167
130,40,21.6,39.52666667,20.32333333,39.16333333,21.745,37.7,20.89,36.76666667,17.84714286,47.75142857,3.026666667,72.35666667,19.29,31.912,21.7,37.29,17.96333333,36.09,2.3,757.2,84,1,26,-0.2
130,20,21.6,39.19333333,20.46333333,39.03,21.79,37.56,21.03,37.02666667,17.85,47.7,2.766666667,73.16333333,19.29,32.02571429,21.79,37.32666667,17.96333333,36.09,2.22,757.2166667,85.16666667,1,32.33333333,-0.1
130,20,21.73,38.93,20.5,38.69333333,21.79,37.5,21.46,37.09,18.26285714,62.27142857,2.73,74.25666667,19.29,32,21.79,37.4,18,36.2,2.13,757.2333333,86.33333333,1,38.66666667,0
160,30,21.79,38.65666667,20.56666667,38.43333333,21.79,37.46666667,21.86666667,37.22333333,19.556,83.936,2.79,74.86333333,19.29,31.89428571,21.89,37.5,18,36.12666667,2.05,757.25,87.5,1,45,0.1
90,20,21.79,38.46666667,20.63333333,38.29,21.79,37.32666667,22.13333333,36.66333333,19.79571429,85.25428571,2.9,75.46333333,19.29,31.89,21.89,37.5,18,36.12666667,1.97,757.2666667,88.66666667,1,51.33333333,0.2
100,20,21.79,38.26666667,20.7,38.23,21.79,37.29,22.2,36.59,19.14625,85.07125,2.9,75.73,19.36142857,32.29285714,21.89,37.5,18,36.2,1.88,757.2833333,89.83333333,1,57.66666667,0.3
90,20,21.89,38.09,20.7,38.26666667,21.79,37.23,22.1,36.36333333,19.04,71.256,2.9,76.19333333,19.456,33.09,21.89,37.56,17.89,36.2,1.8,757.3,91,1,64,0.4
60,30,21.89,38.22333333,20.7,38.52666667,21.79,37.23,22.025,36.1175,19.25142857,61.71285714,2.966666667,76.46666667,19.39,33.25142857,21.85666667,37.7,17.89,36.2,1.85,757.3,91,1,64.16666667,0.45
70,20,22,38.4,20.7,38.73,21.73,37.29,22,35.93333333,19.412,56.078,2.966666667,76.76,19.37,33.4,21.85666667,37.83333333,17.89,36.2,1.9,757.3,91,1,64.33333333,0.5
50,20,22,38.32666667,20.7,38.79,21.7,37.4,21.96333333,35.9,19.5,52.89714286,2.9,77.02666667,19.29,33.47142857,21.85666667,38,17.89,36.2,1.95,757.3,91,1,64.5,0.55
70,20,22.06666667,38.33333333,20.79,38.76,21.7,37.4,21.96333333,35.82666667,19.6,50.39,2.863333333,77.3,19.29,33.634,21.79,38,17.89,36.2,2,757.3,91,1,64.66666667,0.6
80,20,22,38.12666667,20.73,38.7,21.7,37.5,21.89,35.79,19.6,49.00857143,2.79,77.3,19.29,33.72571429,21.76,38.26666667,17.89,36.2,2.05,757.3,91,1,64.83333333,0.65
70,20,22,38.09,20.7,38.66333333,21.63333333,37.5,21.89,35.73,19.6,47.88,2.663333333,77.46333333,19.272,33.678,21.7,38.46666667,17.89,36.23,2.1,757.3,91,1,65,0.7
70,30,22,38.03,20.7,38.53,21.6,37.59,21.89,35.7,19.67142857,47.01,2.5675,77.82,19.2,33.59,21.7,38.5,17.89,36.29,2.12,757.3,90.83333333,1,64.83333333,0.7
60,20,22,37.96666667,20.6,38.4,21.6,37.59,21.89,35.62666667,19.7,46.21,2.5,78.29666667,19.2,33.59,21.7,38.56,17.89,36.2,2.13,757.3,90.66666667,1,64.66666667,0.7
60,20,22,37.9,20.6,38.4,21.56666667,37.73,21.89,35.8,19.61428571,45.71857143,2.5,78.56333333,19.2,33.70428571,21.6,38.56666667,17.89,36.26,2.15,757.3,90.5,1,64.5,0.7
70,20,21.89,37.93333333,20.56666667,38.53,21.5,37.86333333,21.89,36.06,19.6,45.516,2.5,78.83,19.2,33.894,21.6,38.76,17.89,36.36,2.17,757.3,90.33333333,1,64.33333333,0.7
60,30,21.89,38.06,20.4175,38.64,21.39,37.82666667,21.89,36.36,19.57142857,45.36857143,2.5,79.33333333,19.2,34.19428571,21.6,39.09666667,17.89,36.56,2.18,757.3,90.16666667,1,64.16666667,0.7
60,20,21.84,38.145,20.32333333,38.86333333,21.39,37.9,21.89,36.5,19.5,45.156,2.5,79.52666667,19.2,34.5,21.6,39.36333333,17.89,36.73,2.2,757.3,90,1,64,0.7
60,30,21.79,38.29,20.26,39,21.39,38,21.89,36.53,19.5,45.03857143,2.53,79.76,19.2,34.65285714,21.56666667,39.5,17.89,36.86333333,2.17,757.2833333,90.83333333,1,62.16666667,0.783
60,20,21.79,38.36333333,20.2,39.13333333,21.39,37.9,21.89,36.59,19.5,44.918,2.59,79.9,19.2,34.92,21.5,39.6725,17.89,37.03,2.13,757.2666667,91.66666667,1,60.33333333,0.867
60,20,21.7,38.5,20.06666667,39.29,21.39,37.9,21.89,36.86,19.5,44.76428571,2.7,79.96666667,19.2,35.254,21.5,39.93,17.89,37.16333333,2.1,757.25,92.5,1,58.5,0.95
60,20,21.7,38.56,20,39.36333333,21.32333333,38,21.89,37,19.39,44.5,2.7,79.9,19.22571429,35.46571429,21.46333333,40.09,17.89,37.23,2.07,757.2333333,93.33333333,1,56.66666667,1.03
40,0,21.6,38.62666667,19.96333333,39.43333333,21.39,38.06,21.89,36.9,19.39,44.42714286,2.663333333,80.12333333,19.29,35.736,21.39,40.22333333,17.89,37.36333333,2.03,757.2166667,94.16666667,1,54.83333333,1.12
30,0,21.6,38.76,19.89,39.56,21.29,38.06,21.82333333,36.69333333,19.39,44.29,2.59,80.19,19.23857143,35.79,21.35666667,40.46333333,17.89,37.56666667,2,757.2,95,1,53,1.2
30,0,21.5,39.09,19.79,39.4,21.29,38.06,21.76,36.46666667,19.39,44.22571429,2.59,80.3,19.236,35.856,21.29,40.79666667,17.89,37.76,1.97,757.15,94.66666667,1.166666667,52.66666667,1.13
30,0,21.5,39.16333333,19.73,39.46666667,21.29,38.09,21.675,36.295,19.33,44.09,2.59,80.3,19.26428571,35.97142857,21.26,41.23,17.89,38.06666667,1.93,757.1,94.33333333,1.333333333,52.33333333,1.07
40,10,21.39,39.2,19.7,39.4,21.29,38.03,21.6,36.2,19.30428571,44.09,2.5,80.5,19.29,36.134,21.2,41.36333333,17.89,38.33333333,1.9,757.05,94,1.5,52,1
50,0,21.39,39.2,19.63333333,39.32666667,21.2,38,21.5,36.09,19.29,44.036,2.5,80.5,19.29,36.21285714,21.2,41.69333333,17.89,38.5,1.87,757,93.66666667,1.666666667,51.66666667,0.933
50,0,21.35666667,39.29,19.6,39.29,21.2,38,21.42666667,36.03,19.26428571,43.94,2.5,80.695,19.29,36.29,21.13333333,42.1,17.89,38.5,1.83,756.95,93.33333333,1.833333333,51.33333333,0.867
40,0,21.29,39.29,19.53333333,39.29,21.2,38.03,21.39,36,19.2,43.79,2.466666667,80.9,19.29,36.32142857,21.16666667,42.56666667,17.89,38.63333333,1.8,756.9,93,2,51,0.8
60,0,21.29,39.2,19.5,39.2,21.2,38.09,21.32333333,36.06,19.2,43.73375,2.4,80.96666667,19.29,36.5,21.16666667,42.96,17.89,38.86,1.78,756.8666667,93.16666667,1.833333333,52.33333333,0.8
50,0,21.23,39.2,19.5,39.2,21.2,38.09,21.26,36.06,19.2,43.7,2.4,81.12333333,19.29,36.57714286,21.1,43.42666667,17.89,39.06,1.77,756.8333333,93.33333333,1.666666667,53.66666667,0.8
50,0,21.2,39.16333333,19.39,39.2,21.2,38.09,21.2,36,19.2,43.656,2.4,81.12333333,19.29,36.656,21.1,43.9,17.89,39.15666667,1.75,756.8,93.5,1.5,55,0.8
50,0,21.13333333,39.09,19.32333333,39.2,21.2,38.09,21.16666667,36.03,19.2,43.62142857,2.26,80.93333333,19.29,36.76428571,21.1,44.23,17.89,39.36333333,1.73,756.7666667,93.66666667,1.333333333,56.33333333,0.8
40,0,21.1,39.09,19.29,39.2,21.2,38.09,21.1,36.09,19.14,43.59,2.126666667,80.72666667,19.29,36.79,21.03333333,44.23,17.89,39.43333333,1.72,756.7333333,93.83333333,1.166666667,57.66666667,0.8
40,10,21.1,39.09,19.2225,39.2,21.2,38.2,21.06666667,36.06,19.11428571,43.59,1.966666667,80.76,19.29,36.75142857,21.1,44.43333333,17.96333333,39.56,1.7,756.7,94,1,59,0.8
40,0,21,39,19.2,39.26,21.2,38.2,21,36,19.1,43.536,1.9,80.96666667,19.29,36.718,21.03333333,44.43333333,17.89,39.73,1.68,756.65,94,1,57.83333333,0.8
40,0,21,39.045,19.1,39.32666667,21.2,38.29,20.96333333,36,19.1,43.5,1.76,80.83333333,19.29,36.72571429,21,44.4,17.96333333,39.79,1.67,756.6,94,1,56.66666667,0.8
50,0,20.92666667,39.06,19.1,39.4,21.26,38.36333333,20.89,36,19.1,43.46,1.7,81.09333333,19.29,36.79,21,44.4,18,39.9,1.65,756.55,94,1,55.5,0.8
50,0,20.89,39.09,19.06666667,39.5,21.2,38.29,20.89,36,19.1,43.4,1.73,81.66,19.29,36.88428571,20.945,44.5,17.92666667,39.96666667,1.63,756.5,94,1,54.33333333,0.8
30,0,20.89,39.09,19,39.5,21.29,38.4,20.82333333,36,19.04,43.334,1.79,82.06,19.29,36.9,20.96333333,44.5,17.92666667,40.12666667,1.62,756.45,94,1,53.16666667,0.8
30,0,20.79,39,19,39.73,21.29,38.4,20.79,36,19.04285714,43.26428571,1.79,82.3,19.29,36.9,20.89,44.5,18,40.2,1.6,756.4,94,1,52,0.8
20,0,20.79,39,18.92666667,39.93,21.29,38.43333333,20.73,36,19,43.2,1.79,82.22666667,19.29,37.036,20.89,44.46666667,17.92666667,40.32666667,1.57,756.3,93.66666667,1,51.33333333,0.717
40,0,20.76,39,18.96333333,40.03,21.29,38.5,20.7,36.09,19,43.2,1.79,81.96666667,19.29,37.09,20.89,44.4,18,40.46666667,1.53,756.2,93.33333333,1,50.66666667,0.633
40,10,20.7,39,18.82333333,40.09,21.29,38.5,20.7,36.09,19,43.2,1.73,81.69333333,19.29,37.09,20.89,44.4,17.92666667,40.53,1.5,756.1,93,1,50,0.55
60,0,20.7,39,18.79,40.09,21.23,38.5,20.63333333,36.03,19,43.2,1.395,81.195,19.29,37.10571429,20.89,44.4,18,40.66333333,1.47,756,92.66666667,1,49.33333333,0.467
40,0,20.7,39.06,18.79,40.09,21.26,38.56,20.6,36,19,43.09,1.2,81.53333333,19.29,37.2,20.82333333,44.32666667,18,40.73,1.43,755.9,92.33333333,1,48.66666667,0.383
50,0,20.6,39,18.79,40.2,21.2,38.56,20.6,36,19,43.09,1.133333333,81.8,19.2,37.09,20.82333333,44.32666667,18,40.8175,1.4,755.8,92,1,48,0.3
60,0,20.6,39,18.73,40.2,21.23,38.59,20.56666667,36.03,19,43.09,1.1,81.96333333,19.23857143,37.15285714,20.79,44.26,18,40.9,1.25,755.75,92.66666667,1,46.33333333,0.25
50,0,20.6,38.96666667,18.7,40.2,21.29,38.59,20.5,36.09,18.92142857,43.09,1.1,82.23,19.254,37.254,20.79,44.12666667,18,40.93333333,1.1,755.7,93.33333333,1,44.66666667,0.2
40,0,20.53333333,38.96666667,18.7,40.26,21.29,38.59,20.5,36.09,18.89,43.09,1.1,82.56333333,19.25142857,37.29,20.79,44,18,41,0.95,755.65,94,1,43,0.15
40,0,20.5,39,18.6,40.2,21.29,38.66333333,20.5,36.16333333,18.89,43.01285714,1.166666667,82.89666667,19.2,37.254,20.73,43.93333333,18,41.09,0.8,755.6,94.66666667,1,41.33333333,0.1
50,0,20.5,39,18.6,40.26,21.29,38.7,20.5,36.2,18.89,43,1.2,82.96333333,19.2,37.26714286,20.73,43.9,18,41.09,0.65,755.55,95.33333333,1,39.66666667,0.05
50,10,20.46333333,38.96666667,18.6,40.29,21.29,38.7,20.42666667,36.2,18.89,43,1.2,83.03,19.218,37.42,20.73,43.9,18,41.12666667,0.5,755.5,96,1,38,0
40,0,20.46333333,38.96666667,18.575,40.29,21.29,38.79,20.39,36.2,18.85,42.96,1.23,83.16,19.22571429,37.42857143,20.7,43.79,18,41.2,0.6,755.4666667,95.83333333,1,39.33333333,0.0667
50,0,20.39,38.9,18.56666667,40.29,21.29,38.79,20.39,36.2,18.81857143,42.92857143,1.23,83.22666667,19.2,37.4,20.7,43.73,18,41.29,0.7,755.4333333,95.66666667,1,40.66666667,0.133
50,0,20.39,38.9,18.5,40.29,21.29,38.79,20.39,36.2,18.79,42.88625,1.2,83.12333333,19.2,37.4,20.7,43.7,18,41.29,0.8,755.4,95.5,1,42,0.2
50,0,20.32333333,38.9,18.5,40.36333333,21.29,38.79,20.32333333,36.26,18.79,42.812,1.26,83.26333333,19.2,37.42,20.7,43.7,17.89,41.32666667,0.9,755.3666667,95.33333333,1,43.33333333,0.267
50,0,20.29,38.93333333,18.42666667,40.32666667,21.29,38.79,20.29,36.29,18.79,42.82142857,1.29,83.4,19.2,37.5,20.6,43.59,17.96333333,41.4,1,755.3333333,95.16666667,1,44.66666667,0.333
10,0,20.29,38.93333333,18.5,40.4,21.29,38.79,20.29,36.29,18.79,42.79,1.29,83.46666667,19.2,37.4,20.6,43.59,18,41.4,1.1,755.3,95,1,46,0.4
20,0,20.29,39,18.39,40.4,21.29,38.86333333,20.29,36.4,18.79,42.80571429,1.29,83.56,19.2,37.53714286,20.6,43.66333333,18,41.46666667,1.1,755.25,95.16666667,1,44.66666667,0.417
30,0,20.29,39,18.39,40.4,21.29,38.9,20.29,36.4,18.736,42.878,1.29,83.5475,19.2,37.59,20.6,43.79,18,41.5,1.1,755.2,95.33333333,1,43.33333333,0.433
40,0,20.2,38.9,18.35666667,40.5,21.23,38.9,20.2,36.29,18.76428571,42.79,1.29,83.62333333,19.2,37.59,20.6,43.79,18,41.56,1.1,755.15,95.5,1,42,0.45
60,0,20.26,38.96666667,18.35666667,40.5,21.2,38.93333333,20.2,36.29,18.7,42.834,1.29,83.69,19.2,37.634,20.6,43.9,18,41.59,1.1,755.1,95.66666667,1,40.66666667,0.467
50,0,20.2,38.9,18.29,40.59,21.2,39,20.2,36.29,18.7,42.85285714,1.29,83.69,19.2,37.7,20.6,43.96666667,18,41.66333333,1.1,755.05,95.83333333,1,39.33333333,0.483
70,10,20.2,38.9,18.29,40.59,21.2,39,20.2,36.32666667,18.7,42.876,1.26,83.56,19.2,37.76,20.6,44,18,41.745,1.1,755,96,1,38,0.5
70,0,20.2,39.03,18.26,40.59,21.2,39,20.13333333,36.52666667,18.7,43.12142857,1.2,83.22666667,19.2,38,20.6,44.13333333,17.96333333,41.86333333,1.05,754.9833333,95.83333333,1,38.66666667,0.433
40,10,20.2,39.36333333,18.2,40.66333333,21.16666667,38.72333333,20.16666667,36.43333333,18.7,43.67,1.2,83.3,19.2,37.96,20.5,44.16333333,17.96333333,41.79,1,754.9666667,95.66666667,1,39.33333333,0.367
40,0,20.2,39.46333333,18.2,40.82666667,21.16666667,38.59,20.1,36.5,18.61428571,43.83714286,1.2,83.36666667,19.2,37.67857143,20.5,44.03,18,41.76,0.95,754.95,95.5,1,40,0.3
50,0,20.2,39.59,18.2,40.96666667,21.1,38.59,20.1,36.46666667,18.59464286,44.13107143,1.2,83.5,19.2,37.45,20.5,43.72333333,18,41.7,0.9,754.9333333,95.33333333,1,40.66666667,0.233
40,0,20.16666667,39.65666667,18.2,40.96666667,21.1,38.59,20.03333333,36.32666667,18.575,44.425,1.2,83.5,19.08333333,36.74666667,20.42666667,43.39,18,41.63333333,0.85,754.9166667,95.16666667,1,41.33333333,0.167
40,0,20.1,39.73,18.2,40.82666667,21.1,38.46666667,20,36.16333333,18.54,44.594,1.323333333,83.93333333,19,36.074,20.39,42.9,18,41.43333333,0.8,754.9,95,1,42,0.1
80,0,20.1,39.66333333,18.2,40.66333333,21.03333333,38.26666667,20,36.03,18.5,44.89714286,1.463333333,84.06,18.92142857,35.69428571,20.39,42.5,18,41.13333333,0.933,754.9166667,94.83333333,1,44.16666667,0.2
60,0,20.1,39.66333333,18.2,40.4475,21,38.16333333,20,35.96666667,18.5,45.09,1.6,84.09,18.89,35.254,20.29,42.13333333,17.92666667,40.86,1.07,754.9333333,94.66666667,1,46.33333333,0.3
300,0,20.1,39.73,18.2,40.4,20.92666667,38.03,19.92666667,35.9,18.5,45.23571429,1.666666667,84.23,18.89,35.04,20.29,41.8,17.89,40.52666667,1.2,754.95,94.5,1,48.5,0.4
70,0,20.1,39.5925,18.2,40.4,20.89,38,19.89,35.9,18.478,45.334,1.826666667,84.36666667,18.83,34.794,20.26,41.49,17.89,40.26666667,1.33,754.9666667,94.33333333,1,50.66666667,0.5
360,10,20.1,39.4,18.2,40.32666667,20.85666667,37.83333333,19.89,35.82666667,18.39,45.29,2.026666667,84.56,18.79,34.52571429,20.2,41.15666667,17.89,39.96666667,1.47,754.9833333,94.16666667,1,52.83333333,0.6
170,0,20.1,39.29,18.23,40.2,20.79,37.62666667,19.85666667,35.76,18.39,45.29,2.3,84.745,18.79,34.4,20.2,40.93,17.89,39.76666667,1.6,755,94,1,55,0.7
330,0,20.1,39.15666667,18.23,40.06666667,20.7,37.56,19.85666667,35.76,18.39,45.35285714,2.656666667,84.9,18.73857143,34.25428571,20.2,40.73,17.85666667,39.46666667,1.78,755,93,1,56.16666667,0.733
210,0,20,38.96666667,18.29,39.93,20.7,37.43333333,19.89,35.79,18.37,45.4,2.93,84.9,18.7,34.134,20.1,40.5,17.85666667,39.8,1.97,755,92,1,57.33333333,0.767
310,0,20,38.9,18.35666667,39.73,20.66666667,37.29,19.89,35.79,18.31857143,45.4,3.156666667,84.83,18.7,33.99714286,20.1,40.86,17.92666667,41.09666667,2.15,755,91,1,58.5,0.8
350,0,20.03333333,38.82666667,18.42666667,39.59,20.6,37.29,19.82333333,35.73,18.3275,45.4,3.363333333,84.49666667,18.7,33.79,20.1,41.06,18,41.29,2.33,755,90,1,59.66666667,0.833
140,0,20.03333333,38.76666667,18.5,39.53,20.6,37.29,19.815,35.7225,18.29,45.4,3.656666667,84.19,18.7,33.69714286,20.1,41.09,18,41.06,2.52,755,89,1,60.83333333,0.867
90,0,20,38.4,18.5,39.33333333,20.6,37.43,19.85666667,35.76,18.29,45.38428571,3.93,83.85666667,18.7,33.572,20.1,41.09,18,40.93333333,2.7,755,88,1,62,0.9
400,0,20.06666667,38.26,18.5,39.12666667,20.6,37.36333333,19.85666667,35.76,18.29,45.334,4.16,82.5,18.62857143,33.39714286,20,40.9,18,40.6,2.83,754.9333333,86.33333333,1,55,0.75
230,0,20.03333333,38.12666667,18.5,38.96666667,20.6,37.23,19.79,35.7,18.29,45.29,4.366666667,81.16666667,18.6,33.2,20,40.82666667,18,40.22333333,2.97,754.8666667,84.66666667,1,48,0.6
60,0,20.1,38.2,18.5,38.82666667,20.6,36.96666667,19.82333333,35.73,18.236,45.2,4.53,78.92666667,18.6,33.09285714,20,40.72333333,18,40.03,3.1,754.8,83,1,41,0.45
70,0,20.1,38.06,18.53333333,38.56,20.6,36.9,19.82333333,35.65666667,18.23857143,45.12428571,4.73,77,18.6,32.98,20,40.59,18,39.72333333,3.23,754.7333333,81.33333333,1,34,0.3
80,0,20.1,38.06,18.6,38.5,20.56666667,36.79,19.79,35.56,18.2,45,4.963333333,76.36333333,18.6,32.9,19.89,40.5,17.92666667,39.53,3.37,754.6666667,79.66666667,1,27,0.15
70,0,20.1,37.86333333,18.56666667,38.4,20.5,36.79,19.79,35.5,18.2,45,5.156666667,75.69666667,18.56,32.79,19.89,40.43333333,17.89,39.26,3.5,754.6,78,1,20,0
60,0,20.1,37.73,18.56666667,38.32666667,20.5,36.7,19.76,35.5,18.2,44.9,5.366666667,74.06,18.54285714,32.71285714,19.89,40.29,17.89,39.12666667,3.72,754.55,76.16666667,1,20.83333333,-0.15
50,0,20.13333333,37.7,18.6,38.26,20.5,36.7,19.76,35.43333333,18.2,44.83714286,5.56,71.79333333,18.52,32.616,19.89,40.23,17.89,38.93,3.93,754.5,74.33333333,1,21.66666667,-0.3
30,0,20.13333333,37.62666667,18.675,38.15,20.5,36.7,19.79,35.29,18.2,44.79,5.726666667,69.96666667,18.55714286,32.5,19.85666667,40.13333333,17.89,38.73,4.15,754.45,72.5,1,22.5,-0.45
40,0,20.13333333,37.46666667,18.7,37.93333333,20.42666667,36.62666667,19.79,35.29,18.2,44.72571429,5.933333333,68.23333333,18.54,32.29,19.79,39.86,17.89,38.5,4.37,754.4,70.66666667,1,23.33333333,-0.6
50,0,20.2,37.4,18.7,37.76,20.39,36.59,19.76,35.16333333,18.2,44.7,6.4,65.75,18.51428571,32.15,19.79,39.76,17.89,38.5,4.58,754.35,68.83333333,1,24.16666667,-0.75
390,0,20.2,37.245,18.76,37.62666667,20.39,36.53,19.76,35.09,18.2,44.656,6.66,63.66,18.5,31.9675,19.79,39.62666667,17.89,38.26,4.8,754.3,67,1,25,-0.9
410,0,20.2,37.3,18.79,37.59,20.39,36.72333333,19.79,35.09,18.2,44.554,6.993333333,62.8,18.5,31.83,19.79,39.5,17.89,38.2,4.87,754.2333333,66.5,1,25.16666667,-0.95
630,0,20.2,37.43333333,18.79,37.66333333,20.56666667,37.55666667,19.79,35.09,18.2,44.53857143,7.433333333,60.52666667,18.5,31.72571429,19.79,39.36,17.89,37.96666667,4.93,754.1666667,66,1,25.33333333,-1
450,0,20.32333333,38.83,18.82333333,37.86666667,20.82666667,38.42333333,19.7,35.09,18.2,44.5,7.5,56.13333333,18.5,31.6,19.76,39.13333333,17.89,37.9,5,754.1,65.5,1,25.5,-1.05
420,0,20.46333333,41.63,18.89,39,21.26333333,38.96333333,19.7,35.09,18.2,44.52571429,7.966666667,54.12666667,18.54285714,31.43714286,19.7,38.975,17.89,37.86333333,5.07,754.0333333,65,1,25.66666667,-1.1
370,0,20.53333333,41.23,19,40.36,21.59666667,39.16333333,19.79,35.12666667,18.1,44.736,8.233333333,51.73333333,18.5,31.272,19.7,38.82666667,17.89,37.73,5.13,753.9666667,64.5,1,25.83333333,-1.15
170,0,20.6,41.23,19.06666667,41.02666667,21.89,39.29,19.79,35.295,18.15714286,45.09714286,8.46,48.9,18.57142857,31.17142857,19.76,38.79,17.89,37.66333333,5.2,753.9,64,1,26,-1.2
70,0,20.7,41.33333333,19.13333333,41.79666667,21.96333333,39.15666667,19.79,35.46666667,18.2,45.416,8.66,47.63333333,18.6,30.956,19.7,38.73,17.89,37.59,5.27,753.7833333,62.66666667,1,26,-1.43
60,0,20.76,40.92666667,19.2,41.33,22.06666667,38.96,19.79,35.62666667,18.2,45.72571429,8.83,47.62333333,18.6,30.82,19.79,38.66333333,17.89,37.545,5.33,753.6666667,61.33333333,1,26,-1.67
60,0,20.82333333,40.29666667,19.2,40.63333333,21.92666667,38.62666667,19.79,35.7,18.2,45.9,8.963333333,48.03,18.6,30.794,19.73,38.53,17.89,37.26,5.4,753.55,60,1,26,-1.9
70,0,20.89,39.83,19.2,40.22666667,21.76,38.26,19.79,35.66333333,18.2,45.9,9.1,48.19666667,18.6,30.72571429,19.7,38.43,17.89,37.06666667,5.47,753.4333333,58.66666667,1,26,-2.13
70,0,20.89,39.29666667,19.23,39.72333333,21.63333333,38.06666667,19.79,35.59,18.2,45.878,9.1,47.79666667,18.6,30.56,19.7,38.15666667,17.89,36.83333333,5.53,753.3166667,57.33333333,1,26,-2.37
60,0,20.89,38.96333333,19.29,39.39,21.6,37.72333333,19.79,35.46666667,18.175,45.70875,9.066666667,45.72666667,18.6,30.36714286,19.7,37.93,17.89,36.56666667,5.6,753.2,56,1,26,-2.6
70,0,20.89,38.52666667,19.29,38.99,21.53333333,37.46333333,19.79,35.4,18.2,45.56428571,9.066666667,42.26666667,18.6,30.16,19.7,37.73,17.89,36.36333333,5.67,753.1333333,54.16666667,1.166666667,28.33333333,-3.02
60,0,20.89,38.26666667,19.35666667,38.59666667,21.46333333,37.22333333,19.79,35.29,18.2,45.356,8.89,38.19333333,18.62857143,30,19.7,37.43,17.89,36.09666667,5.73,753.0666667,52.33333333,1.333333333,30.66666667,-3.43
40,0,20.89,37.93,19.39,38.19333333,21.39,37.03,19.79,35.29,18.2,45.22285714,8.963333333,36.19333333,18.64,29.79,19.7,37.15666667,17.89,35.69333333,5.8,753,50.5,1.5,33,-3.85
40,0,20.89,37.73,19.4175,37.725,21.39,36.9,19.79,35.26,18.2,45.072,9.19,36.04,18.7,29.62571429,19.7,36.86333333,17.89,35.36,5.87,752.9333333,48.66666667,1.666666667,35.33333333,-4.27
130,0,20.89,37.43,19.5,37.3,21.32333333,36.82666667,19.85666667,35.2,18.15714286,44.85,9.39,35.33,18.7,29.37,19.76,36.73,17.89,35.19333333,5.93,752.8666667,46.83333333,1.833333333,37.66666667,-4.68
40,0,20.89,37.23,19.42666667,36.93,21.245,36.645,19.82333333,35.03,18.2,44.7,9.39,36.53,18.76428571,29.19714286,19.76,36.46666667,17.89,35.66,6,752.8,45,2,40,-5.1
50,0,20.89,36.995,19.5,36.73,21.16666667,36.53,19.89,34.96333333,18.18571429,44.54,9.33,34.13333333,18.79,28.956,19.7,36.32666667,18,36.99333333,5.93,752.7166667,45.83333333,2,40,-4.92
50,0,20.79,36.66333333,19.46333333,36.52666667,21.1,36.53,19.82333333,34.79,18.16,44.378,9.33,34.39333333,18.79,28.75285714,19.7,36.26,18,37.52666667,5.87,752.6333333,46.66666667,2,40,-4.73
60,0,20.79,36.46333333,19.39,36.32666667,21.1,36.36333333,19.82333333,34.65666667,18.12857143,44.22571429,9.19,34.29,18.79,28.62,19.7,36.06666667,17.92666667,38,5.8,752.55,47.5,2,40,-4.55
40,0,20.79,36.26,19.35666667,36.16333333,21.1,36.29,19.79,34.36333333,18.14,44.09,8.99,34.43,18.76428571,28.5,19.7,35.83333333,18,38,5.73,752.4666667,48.33333333,2,40,-4.37
50,0,20.79,36.12666667,19.29,36.03,21.06666667,36.16333333,19.79,34.23,18.11428571,43.95571429,8.396666667,35.26666667,18.7,28.39,19.7,35.62666667,18,37.79666667,5.67,752.3833333,49.16666667,2,40,-4.18
40,0,20.7,36.09,19.26,35.96666667,21,36.09,19.76,34.09,18.1,43.878,8.063333333,36.66666667,18.7,28.45285714,19.7,35.59,18,37.46333333,5.6,752.3,50,2,40,-4
50,0,20.7,36.03,19.2,35.82666667,20.96333333,36.16333333,19.7,34.0225,18.1,43.76428571,7.866666667,36.39666667,18.7,28.4175,19.7,35.56,18,37.26,5.55,752.2333333,53.33333333,2.166666667,37,-3.3
40,0,20.7,35.86333333,19.2,35.76,20.89,36.03,19.7,33.93333333,18.1,43.59,7.8,36.73,18.7,28.37,19.63333333,35.43333333,18,37.12666667,5.5,752.1666667,56.66666667,2.333333333,34,-2.6
50,0,20.7,35.79,19.2,35.62666667,20.96333333,36.2,19.7,33.86333333,18.1,43.53857143,8.13,36.62666667,18.7,28.22571429,19.66666667,35.46666667,17.945,36.895,5.45,752.1,60,2.5,31,-1.9
60,0,20.66666667,35.63333333,19.2,35.46666667,20.89,36.12666667,19.7,33.73,18.1,43.48,8.263333333,35.5,18.6,28,19.6,35.4,18,36.66333333,5.4,752.0333333,63.33333333,2.666666667,28,-1.2
50,0,20.6,35.5,19.2,35.4,20.89,36.03,19.7,33.66333333,18.1,43.36857143,8.16,33.25666667,18.6,27.98428571,19.6,35.26,18,36.53,5.35,751.9666667,66.66666667,2.833333333,25,-0.5
50,0,20.6,35.4,19.16666667,35.26,20.89,36.03,19.63333333,33.53,18.1,43.254,8.1,32.19666667,18.6,27.89,19.6,35.12666667,17.89,36.22333333,5.3,751.9,70,3,22,0.2
40,0,20.6,35.32666667,19.1,35.2,20.85666667,36.06,19.6,33.5,18.1,43.15285714,7.83,31.53,18.6,27.89,19.6,35,17.89,36.03,5.17,751.8833333,70.5,3,22.16666667,0.167
30,0,20.5,35.2,19,35.09,20.79,36,19.6,33.5,18.06,43.08,7.563333333,31.46333333,18.5,27.89,19.53333333,34.93333333,17.89,35.83333333,5.03,751.8666667,71,3,22.33333333,0.133
40,0,20.5,35.2,19,35.09,20.79,35.63333333,19.6,33.4,18.02857143,42.92857143,7.126666667,32.02333333,18.5,27.98428571,19.5,34.9,17.89,35.62666667,4.9,751.85,71.5,3,22.5,0.1
60,0,20.5,35.29,19,35.23,20.79,35.43333333,19.6,33.4,18.06,42.916,6.7975,32.7675,18.5,28.02,19.5,34.96666667,17.85666667,35.43,4.77,751.8333333,72,3,22.66666667,0.0667
80,0,20.42666667,35.23,18.9175,35.3175,20.7,35.2,19.56666667,33.5,18.08571429,42.82142857,6.463333333,35.93333333,18.5,28.17142857,19.6,35.09666667,17.85666667,35.23,4.63,751.8166667,72.5,3,22.83333333,0.0333
100,0,20.39,35.2,18.89,35.46666667,20.7,35.2,19.5,33.56,18.04,42.736,6.126666667,40.06666667,18.5,28.434,19.66666667,35.49,17.79,35.09,4.5,751.8,73,3,23,0
110,0,20.39,35.26,18.82333333,35.53,20.6,35.12666667,19.5,33.73,18,42.7,5.933333333,42.12666667,18.48428571,28.72285714,19.73,35.86,17.79,35.09,4.42,751.8,73.83333333,2.833333333,22.83333333,0.0667
100,0,20.445,35.6,18.89,35.66333333,20.6,35.2225,19.5,33.86333333,18,42.7,5.656666667,44.33333333,18.39,28.872,19.85666667,36.26666667,17.79,35.12666667,4.33,751.8,74.66666667,2.666666667,22.66666667,0.133
90,0,20.39,35.73,18.89,35.79,20.6,35.29,19.5,34.03,18,42.634,5.53,45.46666667,18.39,29.02857143,19.92666667,36.69333333,17.79,35.2,4.25,751.8,75.5,2.5,22.5,0.2
110,0,20.39,35.79,18.96333333,35.79,20.7,35.5,19.42666667,34.09,18,42.65285714,5.3,46.66666667,18.39,29.2,20.06666667,37.16,17.79,35.2,4.17,751.8,76.33333333,2.333333333,22.33333333,0.267
310,0,20.39,35.7,19,35.9,20.63333333,35.43333333,19.46333333,34.29,18,42.656,5.16,47.53333333,18.39,29.29142857,20.1,37.53,17.79,35.2,4.08,751.8,77.16666667,2.166666667,22.16666667,0.333
200,0,20.46333333,36.42666667,19.06666667,35.96666667,20.63333333,35.43333333,19.46333333,34.43,18,42.7,4.966666667,48.49666667,18.33,29.412,20.16666667,37.53,17.79,35.29,4,751.8,78,2,22,0.4
210,10,20.53333333,38.76333333,19.2,36,20.7,35.5,19.39,34.6,18,42.754,4.9,49.36333333,18.29,29.52857143,20.2,37.645,17.79,35.29,3.95,751.7666667,78.16666667,2.166666667,21.83333333,0.383
90,10,20.66666667,39.89666667,19.26,36.06,20.7,35.73,19.39,35,18,42.84,4.763333333,50.23333333,18.29,29.64,20.2,37.6,17.76,35.29,3.9,751.7333333,78.33333333,2.333333333,21.66666667,0.367
90,0,20.7,39.73,19.32333333,36.53,20.7,35.79,19.39,35,18,43,4.623333333,51.03333333,18.29,29.71285714,20.2,37.26666667,17.7,35.29,3.85,751.7,78.5,2.5,21.5,0.35
100,10,20.76,40.12333333,19.39,36.93,20.7,36.06666667,19.39,34.93,18,43.29571429,4.466666667,51.86666667,18.29,29.81,20.2,37.26666667,17.7,35.345,3.8,751.6666667,78.66666667,2.666666667,21.33333333,0.333
100,10,20.79,39.3,19.5,37.36,20.7,36.26,19.39,34.79,18,43.536,4.4,52.06666667,18.31857143,29.99714286,20.26,37.46666667,17.7,35.4,3.75,751.6333333,78.83333333,2.833333333,21.16666667,0.317
80,10,20.79,38.63333333,19.56666667,37.56,20.7,36.4,19.39,34.66333333,18,43.70428571,4.263333333,52.02666667,18.39,30.236,20.35666667,37.62666667,17.7,35.4,3.7,751.6,79,3,21,0.3
90,20,20.89,38.19333333,19.63333333,37.56,20.76,36.4,19.32333333,34.53,18.14,48.714,4.19,51.76666667,18.45285714,30.41,20.35666667,37.7,17.7,35.29,3.65,751.5666667,79.5,2.833333333,20.83333333,0.333
130,40,20.89,37.8,19.7,37.43333333,20.79,36.46666667,19.39,34.63333333,18.67142857,66.66571429,4.026666667,51.66333333,18.5,30.625,20.42666667,37.79,17.7,35.29,3.6,751.5333333,80,2.666666667,20.66666667,0.367
80,30,20.92666667,37.56,19.73,37.26666667,20.79,36.4,19.59666667,35.16,18.736,57.66,3.7675,52.4475,18.56,30.736,20.5,37.86333333,17.7,35.29,3.55,751.5,80.5,2.5,20.5,0.4
90,20,21,37.56,19.79,37.4,20.79,36.4,20.26666667,35.62666667,19.01,52.96428571,3.59,53.73333333,18.6,30.72571429,20.5,37.9,17.7,35.29,3.5,751.4666667,81,2.333333333,20.33333333,0.433
100,0,21.03333333,37.62666667,19.89,37.53,20.79,36.4,20.86666667,35.7,19.274,49.62,3.466666667,55.12333333,18.6,30.89,20.56666667,37.96666667,17.7,35.29,3.45,751.4333333,81.5,2.166666667,20.16666667,0.467
150,0,21.1,37.62666667,19.9175,37.645,20.76,36.4,21.2,35.26666667,19.58,55.25714286,3.326666667,56.12333333,18.61428571,31.05571429,20.63333333,38.03,17.7,35.29,3.4,751.4,82,2,20,0.5
100,10,21.1,37.43,20,37.53,20.76,36.4,21.13333333,34.8,20.874,83.016,3.26,57.13333333,18.66,31.218,20.7,38.09,17.66666667,35.26,3.35,751.3833333,81.66666667,2,20.16666667,0.417
100,0,21.16666667,37.23,20.03333333,37.29,20.82333333,36.4,20.96333333,34.46666667,21.05571429,79.62142857,3.126666667,57.93333333,18.7,31.39285714,20.7,38.09,17.6,35.2,3.3,751.3666667,81.33333333,2,20.33333333,0.333
100,0,21.2,37,20.1,37.29,20.89,36.45,20.82333333,34.32666667,21.212,80.356,3.06,58.89666667,18.7,31.6,20.7,38.09,17.66666667,35.29,3.25,751.35,81,2,20.5,0.25
100,0,21.2675,37,20.1,37.26,20.89,36.46666667,20.66666667,34.16333333,22.26714286,86.96428571,3,59.56333333,18.7,31.69857143,20.7,38.52666667,17.6,35.29,3.2,751.3333333,80.66666667,2,20.66666667,0.167
80,0,21.29,37,20.1,37.2,20.89,36.5,20.6,34.09,21.314,90.14,2.966666667,60.76333333,18.7,31.89,20.76,39.19333333,17.6,35.29,3.15,751.3166667,80.33333333,2,20.83333333,0.0833
90,0,21.29,36.9,20.1,37.09,20.89,36.5,20.5,34.09,20.85714286,90.62285714,2.9,61.69666667,18.73857143,32.09,20.79,39.53,17.6,35.29,3.1,751.3,80,2,21,0
50,10,21.29,36.82666667,20.1,37.09,20.79,36.5,20.42666667,34.03,20.68,89.07,2.863333333,62.15666667,18.7,32.09,20.85666667,39.66333333,17.6,35.29,3.08,751.25,80,2,21.16666667,-0.0333
50,10,21.29,36.7,20.1,37.06,20.79,36.63333333,20.29,34.145,20.57142857,85.36571429,2.656666667,62.49,18.7,32.22,20.89,39.82666667,17.6,35.36333333,3.07,751.2,80,2,21.33333333,-0.0667
50,0,21.29,36.7,20.03333333,36.8,20.7,36.73,20.29,34.56666667,20.40625,80.975,2.56,62.86,18.7,32.5,20.89,40.295,17.63333333,35.76333333,3.05,751.15,80,2,21.5,-0.1
50,0,21.29,36.59,19.96333333,36.7,20.7,36.79,20.23,34.76,20.2,78.354,2.36,63.13333333,18.7,32.72571429,20.89,40.9,17.7,36.7175,3.03,751.1,80,2,21.66666667,-0.133
40,0,21.23,36.59,19.89,36.76,20.7,36.93333333,20.2,34.93333333,20.14285714,77.12857143,2.29,63.99666667,18.7,32.976,20.85666667,41.26666667,17.7,37.06,3.02,751.05,80,2,21.83333333,-0.167
40,0,21.2,36.7,19.85666667,36.79,20.7,37,20.13333333,35,20.04,76.176,2.29,64.19,18.7,33.29857143,20.79,41.52666667,17.7,37.23,3,751,80,2,22,-0.2
40,0,21.2,36.76,19.79,36.86333333,20.6,36.9,20.06666667,35.06,20,75.36857143,2.245,63.7,18.7,33.478,20.79,41.96333333,17.7,37.43,2.78,751,80.83333333,2,21.66666667,-0.267
20,0,21.1,36.93333333,19.7,37,20.6,36.96666667,20,35.06,19.85,74.7,1.99,63.06333333,18.7,33.62142857,20.79,42.22333333,17.7,37.62666667,2.57,751,81.66666667,2,21.33333333,-0.333
20,0,21.1,37.06,19.63333333,36.93333333,20.6,36.9,19.96333333,35.09,19.79,73.83428571,1.663333333,62.86333333,18.7,33.9,20.79,42.46333333,17.7,37.76,2.35,751,82.5,2,21,-0.4
30,0,21.1,37.36,19.56666667,37,20.53333333,36.96666667,19.89,35.16333333,19.736,72.836,1.226666667,63.23,18.7,34.06285714,20.73,42.66333333,17.7,37.9,2.13,751,83.33333333,2,20.66666667,-0.467
60,0,21.03333333,37.5,19.5,37.06,20.5,36.9,19.89,35.2,19.7,71.68142857,0.966666667,63.49,18.7,34.112,20.7,42.89,17.7,37.96666667,1.92,751,84.16666667,2,20.33333333,-0.533
50,0,21,37.4,19.39,37,20.5,36.96666667,19.89,35.2,19.6,70.7,0.833333333,64.19333333,18.7,34.2,20.7,43.09,17.7,38.26666667,1.7,751,85,2,20,-0.6
50,0,21,37.4,19.39,36.93333333,20.5,37.06,19.79,35.2,19.51428571,69.78142857,0.966666667,64.52666667,18.7,34.4,20.7,43.09,17.7,38.46666667,1.78,750.9333333,84,2.166666667,20.33333333,-0.683
40,0,20.96333333,37.36333333,19.29,36.95,20.5,37.06,19.79,35.2,19.478,68.814,1.033333333,64.62333333,18.71285714,34.53714286,20.7,43.03,17.7,38.5,1.87,750.8666667,83,2.333333333,20.66666667,-0.767
40,0,20.89,37.29,19.26,36.96666667,20.5,37.09,19.7,35.2,19.39,67.88285714,1.166666667,64.69,18.73,34.69333333,20.6,42.86333333,17.7,38.5,1.95,750.8,82,2.5,21,-0.85
50,0,20.85666667,37.22333333,19.2,36.96666667,20.5,37.09,19.7,35.2,19.39,67.24,1.323333333,64.65666667,18.7,34.80571429,20.6,42.86333333,17.7,38.65666667,2.03,750.7333333,81,2.666666667,21.33333333,-0.933
50,0,20.79,37.0675,19.1,37,20.5,37.16333333,19.7,35.2,19.30428571,66.57142857,1.39,64.59,18.73857143,34.92857143,20.5,43.06666667,17.7,38.86333333,2.12,750.6666667,80,2.833333333,21.66666667,-1.02
40,0,20.79,37,19.1,37,20.5,37.2,19.63333333,35.12666667,19.272,65.714,1.5,64.56333333,18.79,35.09,20.5,43.26,17.7,39.03,2.2,750.6,79,3,22,-1.1
60,0,20.7,36.9,19,36.93333333,20.5,37.2,19.6,35.16333333,19.2,64.89428571,1.566666667,64.56333333,18.79,34.99857143,20.5,43.43333333,17.7,39.16333333,2.2,750.5833333,78.66666667,3.166666667,22.16666667,-1.15
50,0,20.7,36.9,19,37.06,20.5,37.2,19.6,35.09,19.16,64.014,1.6,64.22666667,18.736,34.96,20.42666667,43.63333333,17.7,39.4,2.2,750.5666667,78.33333333,3.333333333,22.33333333,-1.2
50,0,20.66666667,36.86333333,18.89,37.09,20.5,37.2,19.6,35.09,19.12857143,63.26714286,1.666666667,64.3,18.76428571,35.06428571,20.39,44.03,17.7,39.46666667,2.2,750.55,78,3.5,22.5,-1.25
40,0,20.6,36.79,18.82333333,37.09,20.5,37.2,19.5,35.2,19.1,62.516,1.7,63.99,18.79,35.134,20.39,44.22333333,17.7,39.5,2.2,750.5333333,77.66666667,3.666666667,22.66666667,-1.3
40,0,20.6,36.79,18.79,37.12666667,20.5,37.26,19.5,35.2,19.02857143,61.65285714,1.7,63.565,18.79,35.23857143,20.39,44.69,17.7,39.595,2.2,750.5166667,77.33333333,3.833333333,22.83333333,-1.35
30,0,20.6,36.73,18.79,37.2,20.5,37.2,19.5,35.2,19,60.82,1.7,63.15666667,18.79,35.2,20.39,44.93333333,17.7,39.7,2.2,750.5,77,4,23,-1.4
30,0,20.5,36.7,18.76,37.23,20.5,37.2,19.42666667,35.12666667,18.95285714,60.32857143,1.7,63.16333333,18.76428571,35.12142857,20.39,45,17.7,39.73,2.12,750.4333333,77.5,3.833333333,22.83333333,-1.42
20,0,20.5,36.7,18.7,37.29,20.5,37.2,19.46333333,35.16333333,18.934,59.816,1.633333333,62.83,18.7,35.09,20.29,44.96666667,17.7,39.79,2.03,750.3666667,78,3.666666667,22.66666667,-1.43
40,0,20.5,36.7,18.66666667,37.26,20.42666667,37.2,19.39,35.09,18.89,59.39714286,1.463333333,62.86333333,18.7,35.29857143,20.29,44.96666667,17.7,39.82666667,1.95,750.3,78.5,3.5,22.5,-1.45
50,0,20.5,36.7,18.6,37.26,20.39,37.12666667,19.39,35.09,18.84,59,1.263333333,62.93,18.7,35.334,20.29,45.06,17.7,39.9,1.87,750.2333333,79,3.333333333,22.33333333,-1.47
50,0,20.39,36.62666667,18.6,37.29,20.39,37.2,19.39,35.09,18.81857143,58.55428571,0.866666667,63.83,18.7,35.29,20.29,45,17.7,39.9,1.78,750.1666667,79.5,3.166666667,22.16666667,-1.48
40,0,20.39,36.62666667,18.6,37.29,20.39,37.2,19.39,35.09,18.79,58.17857143,0.6,64.36333333,18.7,35.29,20.29,44.96666667,17.7,39.96666667,1.7,750.1,80,3,22,-1.5
40,0,20.35666667,36.7,18.5,37.32666667,20.39,37.26,19.39,35.16333333,18.79,57.9,0.366666667,65.5,18.71285714,35.44142857,20.29,44.82666667,17.7,40.03,1.63,750.0833333,80.5,3,21.83333333,-1.47
50,0,20.29,36.7,18.5,37.4,20.46333333,37.26,19.29,35.16333333,18.79,57.66857143,0.3,65.9,18.79,35.518,20.2,44.56,17.7,40.16333333,1.57,750.0666667,81,3,21.66666667,-1.43
40,0,20.29,36.7,18.39,37.29,20.39,37.2,19.29,35.09,18.7,57.356,-0.033333333,66.32666667,18.72571429,35.69428571,20.2,44.5,17.7,40.29,1.5,750.05,81.5,3,21.5,-1.4
40,0,20.23,36.62666667,18.39,37.29,20.445,37.245,19.29,35.09,18.7,57.13714286,-0.1,67.32666667,18.79,35.754,20.2,44.46666667,17.7,40.36333333,1.43,750.0333333,82,3,21.33333333,-1.37
50,0,20.2,36.59,18.39,37.29,20.39,37.2,19.29,35.16333333,18.7,56.9,-0.066666667,68.66,18.79,35.75142857,20.2,44.4,17.7,40.5,1.37,750.0166667,82.5,3,21.16666667,-1.33
60,0,20.2,36.59,18.29,37.29,20.46333333,37.26,19.23,35.09,18.7,56.59571429,0.066666667,69.2,18.772,35.79,20.16666667,44.36333333,17.7,40.5,1.3,750,83,3,21,-1.3
50,0,20.1,36.59,18.29,37.29,20.46333333,37.26,19.23,35.09,18.6,56.29,0.166666667,68.86666667,18.76428571,35.79,20.16666667,44.29,17.7,40.59,1.3,749.9833333,82.66666667,3,20.83333333,-1.35
40,0,20.1,36.59,18.2,37.23,20.46333333,37.26,19.2,35.06,18.6,56.13714286,0.166666667,68.93333333,18.736,35.79,20.1,44.29,17.7,40.59,1.3,749.9666667,82.33333333,3,20.66666667,-1.4
50,0,20.1,36.59,18.2,37.23,20.46333333,37.26,19.2,35.06,18.58,55.918,0.25,68.95,18.76428571,35.85285714,20.1,44.29,17.7,40.7,1.3,749.95,82,3,20.5,-1.45
40,0,20.06666667,36.59,18.2,37.29,20.46333333,37.26,19.2,35.09,18.57142857,55.69428571,0.166666667,68.4,18.736,35.96,20.1,44.16333333,17.76,40.7,1.3,749.9333333,81.66666667,3,20.33333333,-1.5
20,0,20,36.59,18.13333333,37.29,20.42666667,37.23,19.1,35.09,18.56,55.4,0.033333333,68.59333333,18.71125,36.01125,20.1,44.09,17.7,40.79,1.3,749.9166667,81.33333333,3,20.16666667,-1.55
30,0,20,36.59,18.1,37.29,20.5,37.29,19.16666667,35.09,18.52857143,55.23857143,0,69,18.72571429,36.09,20.03333333,43.93333333,17.7,40.8725,1.3,749.9,81,3,20,-1.6
30,0,20,36.59,18.1,37.29,20.39,37.23,19.1,35.09,18.5,55.016,0,69.06,18.7,35.96,20.025,43.925,17.76,40.9,1.22,749.9166667,81,3.166666667,20.33333333,-1.68
40,0,19.96333333,36.59,18.06666667,37.26,20.39,37.29,19.1,35.09,18.5,54.86857143,-0.233333333,69.02666667,18.7,36.07857143,20,43.9,17.7,40.9,1.13,749.9333333,81,3.333333333,20.66666667,-1.77
60,0,19.89,36.59,18,37.26,20.39,37.29,19.1,35.09,18.456,54.656,-0.366666667,69.23333333,18.7,36.218,20,43.9,17.7,40.96666667,1.05,749.95,81,3.5,21,-1.85
50,0,19.89,36.59,18,37.32666667,20.39,37.36333333,19.1,35.09,18.45285714,54.53857143,-0.4,70.22666667,18.7,36.19428571,20,43.9,17.7,41,0.967,749.9666667,81,3.666666667,21.33333333,-1.93
40,0,19.89,36.59,18,37.32666667,20.5,37.43333333,19,35,18.478,54.458,-0.466666667,70.16,18.7,36.036,19.96333333,43.9,17.7,41,0.883,749.9833333,81,3.833333333,21.66666667,-2.02
50,0,19.89,36.59,17.96333333,37.43333333,20.5,37.5,19,35,18.39,54.22571429,-0.533333333,70.33,18.7,36.09,19.96333333,43.9,17.73,41.03,0.8,750,81,4,22,-2.1
40,0,19.89,36.59,17.89,37.5,20.5,37.5,19,35,18.39,54.09,-0.533333333,70.93,18.7,36.112,20,43.9,17.73,41.03,0.717,750.0166667,81.5,3.833333333,29.16666667,-2.12
40,0,19.79,36.5,17.89,37.5,20.5,37.5,19,35,18.39,53.99857143,-0.5,71.63333333,18.7,36.22571429,19.92666667,43.9,17.7,41.09,0.633,750.0333333,82,3.666666667,36.33333333,-2.13
40,0,19.79,36.56,17.82333333,37.43333333,20.5,37.5,19,35.06,18.37,53.9,-0.5,71.56666667,18.7,36.334,19.89,43.9,17.7,41.09,0.55,750.05,82.5,3.5,43.5,-2.15
50,0,19.79,36.56,17.79,37.5,20.5,37.5,19,35.06,18.29,53.82142857,-0.466666667,72.33333333,18.7,36.36857143,19.89,43.9,17.76,41.09,0.467,750.0666667,83,3.333333333,50.66666667,-2.17
60,0,19.73,36.5,17.79,37.56,20.5,37.545,18.89,35.09,18.29,53.7,-0.4,72.19333333,18.7,36.4,19.89,43.9,17.7,41.09,0.383,750.0833333,83.5,3.166666667,57.83333333,-2.18
50,0,19.7,36.53,17.79,37.56,20.5,37.5,18.89,35.09,18.29,53.6725,-0.433333333,71.79666667,18.7,36.47142857,19.89,43.9,17.7,41.09,0.3,750.1,84,3,65,-2.2
50,0,19.7,36.59,17.76,37.59,20.5,37.5,18.89,35.09,18.29,53.57714286,-0.5,71.5925,18.7,36.5,19.89,43.9,17.7,41.09,0.317,750.1166667,83.5,3.166666667,57.5,-2.25
40,0,19.7,36.59,17.7,37.59,20.5,37.5,18.89,35.09,18.29,53.48,-0.566666667,71.59333333,18.7,36.5,19.82333333,43.82666667,17.7,41.16333333,0.333,750.1333333,83,3.333333333,50,-2.3
40,0,19.66666667,36.56,17.7,37.7,20.5,37.5,18.85666667,35.06,18.26428571,53.36857143,-0.633333333,71.63333333,18.7,36.5,19.79,43.79,17.7,41.09,0.35,750.15,82.5,3.5,42.5,-2.35
40,0,19.66666667,36.63333333,17.7,37.7,20.5,37.5,18.84,35.0675,18.2,53.29,-0.633333333,71.96666667,18.7,36.5,19.79,43.79,17.7,41.2,0.367,750.1666667,82,3.666666667,35,-2.4
30,0,19.6,36.53,17.6,37.73,20.5,37.5,18.85666667,35.36333333,18.2,53.21285714,-0.5,71.95666667,18.7,36.59,19.79,43.79,17.7,41.12666667,0.383,750.1833333,81.5,3.833333333,27.5,-2.45
40,20,19.6,36.66333333,17.66666667,37.93,20.46333333,37.43,19.19666667,35.93333333,18.2,53.178,-0.433333333,71.56333333,18.7,36.59,19.79,43.86333333,17.7,41.045,0.4,750.2,81,4,20,-2.5
60,20,19.6,36.96333333,17.63333333,38.03,20.39,37.15666667,19.65666667,36.13333333,18.2,53.09,-0.266666667,71.16666667,18.7,36.536,19.79,44.12666667,17.7,40.96666667,0.55,750.3,80.33333333,4,20.33333333,-2.47
70,20,19.66666667,37.16333333,17.7,38.16333333,20.29,37.06,20.16333333,36.2,18.2,53.054,-0.133333333,70.63333333,18.7,36.56428571,19.79,44.26,17.7,40.9,0.7,750.4,79.66666667,4,20.66666667,-2.43
70,30,19.6,37.06,17.7,38.4,20.29,37.06,20.35666667,36.06666667,18.2,53,0.066666667,69.73,18.7,36.656,19.79,44.29,17.7,40.76,0.85,750.5,79,4,21,-2.4
60,10,19.6,37.13333333,17.76,38.46666667,20.39,37.2,20.39,35.83333333,18.14,52.94,0.266666667,68.99666667,18.7,36.79857143,19.79,44.29,17.7,40.62666667,1,750.6,78.33333333,4,21.33333333,-2.37
60,0,19.6,37.26666667,17.79,38.53,20.32333333,37.2,20.39,35.7,18.17142857,52.86857143,0.633333333,67.92333333,18.7,36.96,19.79,44.29,17.7,40.36333333,1.15,750.7,77.66666667,4,21.66666667,-2.33
90,0,19.66666667,37.6,17.85666667,38.66333333,20.29,37.16333333,20.29,35.76,18.1,52.1,0.833333333,66.92333333,18.71125,37.295,19.79,44.2,17.7,40.23,1.3,750.8,77,4,22,-2.3
40,0,19.63333333,37.8,17.92666667,38.82666667,20.29,37.09,20.29,35.76,18.18571429,50.13428571,1.163333333,66.16333333,18.79,37.19428571,19.79,44.2,17.7,40.06,1.58,750.8333333,76,4.333333333,22.33333333,-2.23
60,0,19.7,38.13333333,18,38.96666667,20.29,37.2,20.2,35.76666667,18.218,48.792,1.43,64.49666667,18.754,36.856,19.79,44.23,17.76,39.93333333,1.87,750.8666667,75,4.666666667,22.66666667,-2.17
70,10,19.73,41.33333333,18.13333333,39.19333333,20.29,37.2,20.2,36.16,18.22571429,47.98571429,1.766666667,62.26,18.7,36.58428571,19.79,44.23,17.79,39.52666667,2.15,750.9,74,5,23,-2.1
310,0,19.79,40.46666667,18.2925,39.475,20.29,37.16333333,20.29,36.73,18.2,48.616,2.026666667,61.33333333,18.718,36.554,19.79,44.16333333,17.79,39.4,2.43,750.9333333,73,5.333333333,23.33333333,-2.03
290,0,19.79,39.93,18.46333333,39.5,20.29,37.16333333,20.29,36.73,18.15714286,49.31,2.395,58.95,18.75142857,36.82142857,19.79,44.09,17.82333333,39.16333333,2.72,750.9666667,72,5.666666667,23.66666667,-1.97
60,0,19.79,39.73,18.63333333,39.4,20.29,37.2,20.29,36.6,18.2,49.796,2.73,57.09333333,18.79,36.416,19.79,44.26,17.89,39.03,3,751,71,6,24,-1.9
50,0,19.79,39.52666667,18.76,39.06666667,20.29,37.29,20.29,36.26666667,18.12857143,50,2.99,55.7,18.75142857,35.90571429,19.79,44.06666667,17.89,38.69333333,3.25,751,69.16666667,6,26.66666667,-2.03
60,0,19.79,39.32666667,18.82333333,38.63333333,20.29,37.29,20.2,36.09,18.1,50,3.23,53.82333333,18.754,35.316,19.79,43.69333333,17.89,38.5,3.5,751,67.33333333,6,29.33333333,-2.17
50,10,19.79,39.1,18.89,38.36,20.2,37.16333333,20.26,36.16333333,18.1,49.98571429,3.363333333,52.29,18.79,34.76714286,19.79,43.3,17.89,38.13333333,3.75,751,65.5,6,32,-2.3
130,0,19.79,38.76,19.03333333,38.06,20.2,37.09,20.29,36.06,18.1,49.878,3.53,50.49666667,18.79,34.21,19.89,42.86333333,17.89,37.93333333,4,751,63.66666667,6,34.66666667,-2.43
380,0,19.79,38.62666667,19.1,37.93333333,20.2,37,20.29,35.8975,18.1,49.72571429,3.723333333,49.63,18.80428571,34.34142857,19.82333333,42.26333333,17.89,37.76666667,4.25,751,61.83333333,6,37.33333333,-2.57
320,0,19.79,38.62666667,19.1,38.03,20.13333333,37.06,20.29,35.65666667,18.1,49.554,3.963333333,49.39333333,18.956,34.736,19.92666667,41.72333333,17.89,37.9,4.5,751,60,6,40,-2.7
130,0,19.79,38.7,19.1,38.16333333,20.13333333,37.06,20.29,35.79,18.075,49.41,4.23,48.66666667,19.07142857,34.73857143,20.06666667,41.46333333,17.945,37.8,4.58,751,59,6.166666667,40,-2.87
110,0,19.82333333,38.79,19.1,38.12666667,20.2,37,20.29,35.79,18.01428571,49.23857143,4.433333333,45.99666667,19.1,34.356,20.23,41.16333333,17.89,37.52666667,4.67,751,58,6.333333333,40,-3.03
100,0,19.89,38.79,19.1,38.12666667,20.13333333,37,20.39,35.9,18.1,49.134,4.626666667,42.19666667,19.01428571,33.41857143,20.29,40.96333333,17.89,37.26666667,4.75,751,57,6.5,40,-3.2
100,0,19.89,38.79,19.15,38.045,20.2,36.86,20.39,35.82666667,18.05714286,48.98285714,4.866666667,39.26333333,19,32.516,20.445,40.645,17.89,37.02666667,4.83,751,56,6.666666667,40,-3.37
100,10,19.89,38.73,19.2,37.96666667,20.2,36.9,20.39,35.7,18,48.754,5.126666667,37.65666667,19,31.72857143,20.53333333,40.52666667,17.89,36.76666667,4.92,751,55,6.833333333,40,-3.53
110,0,19.89,38.56,19.2,37.82666667,20.2,36.9,20.46333333,35.7,18,48.63714286,5.226666667,34.16333333,19.04,31.04,20.66666667,40.26666667,17.89,36.46666667,5,751,54,7,40,-3.7
100,0,19.96333333,38.5,19.2,37.66333333,20.2,36.9,20.5,35.66333333,18,48.536,5.433333333,32.69666667,19.20857143,31.04285714,20.73,40.13333333,17.89,36.19333333,5.08,750.9666667,53.5,7.166666667,40,-3.75
90,0,20,38.13333333,19.2,37.59,20.2,36.9,20.5,35.53,18,48.42857143,5.726666667,30.4,19.372,31,20.85666667,39.93333333,17.89,35.99,5.17,750.9333333,53,7.333333333,40,-3.8
100,0,20.06666667,37.93333333,19.23,37.53,20.2,36.9,20.6,35.43,18,48.29,5.866666667,29.8,19.57142857,30.92142857,21.03333333,39.66333333,17.89,35.73,5.25,750.9,52.5,7.5,40,-3.85
100,0,20.1,37.66333333,19.29,37.53,20.2,36.9,20.6,35.23,18,48.15,6.09,28.1,19.7,30.79,21.22666667,39.46333333,17.89,35.46666667,5.33,750.8666667,52,7.666666667,40,-3.9
70,0,20.16666667,37.53,19.29,37.36333333,20.23,36.82666667,20.6,35.09,18,48.072,6.366666667,28.89666667,19.82,30.86285714,21.36,39.16333333,17.96333333,35.32666667,5.42,750.8333333,51.5,7.833333333,40,-3.95
70,0,20.23,37.43333333,19.29,37.2675,20.29,36.9,20.66666667,35.16333333,18,47.92857143,6.626666667,28.83,19.872,31.06,21.56666667,39.03,18,35.62666667,5.5,750.8,51,8,40,-4
70,10,20.29,37.63333333,19.29,37.12666667,20.245,36.845,20.6,34.93,18,47.754,6.69,27.23333333,20.075,31.125,21.73,38.86333333,18,35.83333333,5.63,750.7833333,50.83333333,7.833333333,40,-3.92
50,0,20.32333333,37.62666667,19.39,37.09,20.2,36.86333333,20.6,34.53,18,47.7,6.763333333,27.82666667,20.12857143,30.92142857,21.79,38.65666667,18,36.15666667,5.77,750.7666667,50.66666667,7.666666667,40,-3.83
120,0,20.39,37.76,19.39,37.09,20.2,36.79,20.56666667,34.13333333,18,47.616,6.933333333,26.96666667,20.2,30.5,21.89,38.56,18,36.29,5.9,750.75,50.5,7.5,40,-3.75
480,0,20.39,37.395,19.39,36.96666667,20.2,36.79,20.5,34,18,47.5,7.126666667,26.09333333,20.25142857,30.57142857,21.96333333,38.22666667,18,36.76333333,6.03,750.7333333,50.33333333,7.333333333,40,-3.67
330,0,20.5,37.06333333,19.39,36.96666667,20.2,36.99,20.5,34.03,18,47.46,7.123333333,25.53333333,20.29,30.316,22,37.69333333,18,37.82333333,6.17,750.7166667,50.16666667,7.166666667,40,-3.58
290,10,20.5,36.93,19.42666667,36.52666667,20.46,37.86666667,20.5,34.09,18,47.23857143,7.19,26.06666667,20.36142857,29.82428571,22.06666667,37.36,18,38.59666667,6.3,750.7,50,7,40,-3.5
260,0,20.53333333,37.36,19.5,36.32666667,20.72666667,38.33333333,20.5,34.03,18,47.072,7.333333333,26.03333333,20.5,29.56,22.1,36.9,18.06666667,38.99,6.33,750.7333333,49.66666667,6.833333333,40,-3.57
220,0,20.6,37.5,19.5,36.2,21.13333333,38.56,20.5,33.9,18,46.97142857,7.333333333,25.36666667,20.55714286,29.19714286,22.1,36.56666667,18.1,39.245,6.37,750.7666667,49.33333333,6.666666667,40,-3.63
190,0,20.7,37.73,19.5,36.12666667,21.32666667,38.5,20.5,33.9,18,46.9,7.123333333,25.49666667,20.6,28.896,22.2,36.22333333,18.1,39.43333333,6.4,750.8,49,6.5,40,-3.7
70,0,20.76,37.79,19.5,36.09,21.53333333,38.29666667,20.5,33.76,18,46.80571429,7.19,26.09666667,20.67142857,28.6,22.2,35.96333333,18.1,39.56,6.43,750.8333333,48.66666667,6.333333333,40,-3.77
70,0,20.79,37.76,19.56666667,36.03,21.6,37.89,20.5,33.7,18,46.79,7.123333333,25.86333333,20.736,28.254,22.23,35.76,18.1,39.7,6.47,750.8666667,48.33333333,6.166666667,40,-3.83
60,0,20.85666667,37.62666667,19.6,35.96666667,21.56666667,37.43,20.5,33.59,18,46.72571429,7.263333333,26.39,20.79,28.04142857,22.315,35.57,18.1,39.76,6.5,750.9,48,6,40,-3.9
60,0,20.89,37.43,19.6,35.82666667,21.42666667,37.09666667,20.5,33.59,18,46.656,7.366666667,25.66666667,20.85,27.852,22.39,35.32666667,18.1,39.79,6.43,750.95,48,6.166666667,40,-3.95
80,0,20.89,37.15666667,19.6,35.76,21.39,36.86333333,20.5,33.5,18,46.53857143,7.3,24.93333333,20.86142857,27.64285714,22.39,35.13333333,18.16666667,39.79,6.37,751,48,6.333333333,40,-4
60,10,20.92666667,36.69333333,19.6,35.62666667,21.32333333,36.65666667,20.5,33.43333333,18,46.37,7.35,24.245,20.89,27.35,22.39,34.93333333,18.13333333,39.86333333,6.3,751.05,48,6.5,40,-4.05
60,0,21,36.36,19.7,35.56,21.29,36.46666667,20.5,33.4,18,46.272,7.366666667,24.72666667,20.90571429,27.18142857,22.5,34.83333333,18.2,39.86333333,6.23,751.1,48,6.666666667,40,-4.1
60,0,20.96333333,36.16333333,19.7,35.43333333,21.29,36.32666667,20.5,33.32666667,18,46.12142857,7.3,25.53333333,20.956,27.018,22.5,34.7,18.13333333,39.9,6.17,751.15,48,6.833333333,40,-4.15
60,0,20.96333333,36.03,19.7,35.26,21.26,36.26,20.46333333,33.26,18,46,7.3,25.22666667,21,26.81857143,22.53333333,34.56,18.2,39.9,6.1,751.2,48,7,40,-4.2
70,0,21,35.86333333,19.7225,35.1725,21.2,36.12666667,20.39,33.12666667,18,45.85142857,7.226666667,24.96,21,26.66,22.6,34.43333333,18.16666667,39.82666667,6.08,751.2166667,48.66666667,6.833333333,38.16666667,-4.03
40,0,21,35.73,19.79,35.03,21.2,36,20.39,33.09,18,45.772,7.19,24.92666667,21.08571429,26.61428571,22.6,34.26,18.16666667,39.9,6.07,751.2333333,49.33333333,6.666666667,36.33333333,-3.87
40,0,21,35.59,19.79,34.9,21.16666667,35.83333333,20.39,33.09,18,45.7,7.19,25.46666667,21.1,26.478,22.6,34.12666667,18.2,39.79,6.05,751.25,50,6.5,34.5,-3.7
50,0,21,35.53,19.79,34.82666667,21.1,35.7,20.39,33,18,45.554,7.09,25.09666667,21.1,26.36142857,22.7,34.06,18.13333333,39.79,6.03,751.2666667,50.66666667,6.333333333,32.66666667,-3.53
60,0,21.03333333,35.4,19.79,34.7,21.1,35.56,20.39,32.93333333,18,45.44285714,7.03,25.49666667,21.2,26.16,22.7,34,18.2,39.79,6.02,751.2833333,51.33333333,6.166666667,30.83333333,-3.37
60,0,21.025,35.175,19.79,34.5,21.03333333,35.5,20.29,32.63333333,18,45.36,6.866666667,25.96,21.15714286,26.04285714,22.7,33.9,18.2,39.79,6,751.3,52,6,29,-3.2
60,0,21,34.76666667,19.76,34.16333333,21,35.4,20.29,32.475,18,45.12142857,6.726666667,27.16666667,21.14,25.934,22.7,33.9,18.2,39.79,5.8,751.3,53,5.833333333,29,-3.13
70,0,21,34.62666667,19.7,34.03,21,35.4,20.29,32.32666667,18,44.96,6.433333333,28.03333333,21.07142857,25.81857143,22.6,33.7,18.2,39.79,5.6,751.3,54,5.666666667,29,-3.07
60,10,21,34.76,19.66666667,33.83333333,20.96333333,35.29,20.2,32.09,18,44.79285714,6.1,29.49333333,20.98166667,25.73,22.53333333,33.7,18.15,39.79,5.4,751.3,55,5.5,29,-3
80,0,20.96333333,34.22333333,19.53333333,33.36,20.89,35.23,20.2,32.03,18,44.616,5.73,31.15666667,20.88,25.787,22.46333333,33.63333333,18.16666667,39.7,5.2,751.3,56,5.333333333,29,-2.93
80,0,20.89,34.22333333,19.5,33.32666667,20.79,35.09,20.16666667,32.09,17.95285714,44.47142857,5.463333333,32.69,20.83,26.174,22.39,33.5675,18.1,39.7,5,751.3,57,5.166666667,29,-2.87
90,10,20.89,34.89,19.5,33.46666667,20.79,35.09,20.1,32.09,17.89,44.356,5.126666667,33.86666667,20.79,26.46857143,22.39,33.82666667,18.1,39.7,4.8,751.3,58,5,29,-2.8
100,0,20.89,35.03,19.46333333,33.65666667,20.79,35.03,20,32,17.89,44.29,4.866666667,34.66666667,20.7,26.716,22.39,33.96666667,18.1,39.7,4.63,751.3666667,58.5,5.166666667,28.66666667,-2.85
90,10,20.85666667,34.82666667,19.39,33.93,20.79,35.09,20,32,17.89,44.272,4.495,36.05,20.7,27.25142857,22.39,34.145,18.1,39.7,4.47,751.4333333,59,5.333333333,28.33333333,-2.9
100,0,20.79,34.9,19.39,34.12666667,20.73,35.06,19.96333333,32,17.89,44.2,4.23,37.39333333,20.7,27.5,22.35666667,34.43333333,18.1,39.7,4.3,751.5,59.5,5.5,28,-2.95
90,10,20.79,35.32666667,19.39,34.33333333,20.79,35,19.89,32,17.89,44.2,3.963333333,38.33333333,20.62857143,27.39285714,22.35666667,34.69333333,18.1,39.7,4.13,751.5666667,60,5.666666667,27.66666667,-3
90,10,20.85666667,35.19333333,19.42666667,34.59666667,20.76,35.09,19.85666667,31.96333333,17.89,44.10571429,3.663333333,39.49,20.56,27.254,22.39,35.33,18.1,39.7,3.97,751.6333333,60.5,5.833333333,27.33333333,-3.05
80,10,20.89,35.42666667,19.56666667,34.79,20.7,35.09,19.79,31.89,17.89,44.09,3.53,41.23,20.5,27.2,22.39,35.59,18.1,39.79,3.8,751.7,61,6,27,-3.1
80,10,20.96333333,35.96,19.6,34.79,20.73,35.12666667,19.76,31.89,17.89,44.12142857,3.433333333,41.29,20.434,27.08,22.29,35.29,18.1,39.79,3.67,751.8333333,61.5,5.833333333,26.83333333,-3.12
80,0,21.03333333,35.96666667,19.675,34.9475,20.79,35.26,19.7,31.89,17.89,44.2,3.433333333,41.29,20.36142857,27,22.29,35.43,18.06666667,39.76,3.53,751.9666667,62,5.666666667,26.66666667,-3.13
80,0,21.1,35.76666667,19.76,35.33333333,20.79,35.29,19.7,31.96333333,17.89,44.25142857,3.223333333,41,20.29,27,22.29,36.09666667,18.06666667,39.7,3.4,752.1,62.5,5.5,26.5,-3.15
140,10,21.13333333,35.5,19.79,35.5,20.79,35.29,19.7,31.96333333,18.1075,55.72,2.963333333,41.39333333,20.23857143,26.99857143,22.29,36.36333333,18.1,39.23333333,3.27,752.2333333,63,5.333333333,26.33333333,-3.17
110,10,21.2,35.5,19.85666667,35.43333333,20.79,35.29,19.6,31.99333333,18.66,69.58,2.863333333,41.53,20.18,26.772,22.29,36.59,18.1,38.96666667,3.13,752.3666667,63.5,5.166666667,26.16666667,-3.18
100,0,21.29,35.29,19.89,35.32666667,20.82333333,35.32666667,19.66666667,32.4,18.42142857,70.15,2.79,42.05666667,20.1,26.7,22.29,36.59,18.06666667,38.83333333,3,752.5,64,5,26,-3.2
110,10,21.315,35.2675,19.96333333,35.32666667,20.89,35.32666667,19.7,32.92666667,18.35,69.574,2.59,43.03,20,26.6,22.29,36.59,18.06666667,38.56,2.88,752.6,64.5,5,26,-3.22
100,0,21.39,35.12666667,20.1,35.4,20.89,35.2,19.7,33.025,18.29,68.61142857,2.53,43.43,20,26.76285714,22.29,36.59,18,37.99,2.77,752.7,65,5,26,-3.23
100,0,21.42666667,35.12666667,20.1,35.4,20.96333333,35.12666667,19.7,32.82666667,18.236,67.214,2.333333333,44.16666667,19.934,26.79,22.29,36.5,18,37.565,2.65,752.8,65.5,5,26,-3.25
110,0,21.5,35.12666667,20.23,35.4,21,35.09,19.6,32.56,18.2,65.49714286,2.126666667,44.96666667,19.89,26.79,22.29,36.43333333,18,37.15666667,2.53,752.9,66,5,26,-3.27
110,0,21.6,35.09,20.29,35.4,21,35.09,19.6,32.43333333,18.1,62.76,2.09,46.36,19.85,26.754,22.29,36.26,18.06666667,36.9,2.42,753,66.5,5,26,-3.28
110,0,21.6,35.03,20.29,35.4,21.03333333,35.12666667,19.6,32.29,18.12857143,60.80857143,2.03,46.5,19.75142857,26.7,22.29,36.12666667,18,36.56666667,2.3,753.1,67,5,26,-3.3
110,0,21.7,35,20.35666667,35.4,21.1,35.12666667,19.6,32.23,18.1,59.13,1.95,47.145,19.772,26.7,22.29,36.06,18,36.36333333,2.25,753.1333333,66.83333333,5,26,-3.37
100,0,21.7,35,20.39,35.4,21.1,35.09,19.56666667,32.09,18.1,57.92285714,1.79,47.69333333,19.7,26.72571429,22.23,35.93333333,18,36.15666667,2.2,753.1666667,66.66666667,5,26,-3.43
100,0,21.7,35,20.39,35.4,21.1,35.09,19.5,32.03,18.04,56.71,1.79,48.3,19.66,26.754,22.2,35.66333333,18,35.96666667,2.15,753.2,66.5,5,26,-3.5
100,0,21.7,35,20.39,35.46666667,21.1,35,19.5,31.96333333,18.05714286,55.89571429,1.7,48.42666667,19.6,26.7,22.2,35.53,18,35.82666667,2.1,753.2333333,66.33333333,5,26,-3.57
90,0,21.7,34.9,20.39,35.46666667,21.1,35.06,19.5,31.89,18,55.18,1.566666667,48.62666667,19.6,26.7,22.2,35.45,17.92666667,35.76,2.05,753.2666667,66.16666667,5,26,-3.63
90,10,21.7,34.82666667,20.39,35.43333333,21.1,35,19.5,31.79,18,54.49714286,1.5,49.22666667,19.5625,26.78,22.2,35.29,18,35.62666667,2,753.3,66,5,26,-3.7
50,10,21.7,34.9,20.39,35.43333333,21.1,35,19.42666667,31.85666667,18,54.054,1.5,49.5,19.52857143,27.21142857,22.2,35.43,17.92666667,35.66666667,1.95,753.35,66.5,5,25.83333333,-3.65
60,10,21.63333333,34.82666667,20.29,35.19333333,21,35.03,19.39,32.12666667,18,53.94285714,1.43,49.5,19.64,28.216,22.23,35.83,18,36.6,1.9,753.4,67,5,25.66666667,-3.6
50,0,21.6,34.76,20.2225,34.95,20.92666667,35.16333333,19.39,32.33333333,17.978,53.878,1.356666667,49.83333333,19.7,28.89857143,22.29,36.36333333,18,37.5,1.85,753.45,67.5,5,25.5,-3.55
60,0,21.6,34.7,20.13333333,35,20.945,35.345,19.39,32.43333333,17.89,53.79,1.356666667,50.15666667,19.7,29.376,22.32333333,36.8,18,37.76,1.8,753.5,68,5,25.33333333,-3.5
80,0,21.5,34.73,20.06666667,35,20.89,35.53,19.39,32.56,17.89,53.656,1.29,50.29,19.7,29.79285714,22.32333333,37.13333333,18,37.93333333,1.75,753.55,68.5,5,25.16666667,-3.45
80,0,21.5,34.86333333,20,35.06,20.82333333,35.59,19.39,32.62666667,17.89,53.53857143,1.166666667,50.36666667,19.7,30.14,22.29,37.56666667,18,38.06,1.7,753.6,69,5,25,-3.4
80,0,21.5,35,19.89,35.09,20.89,35.7,19.39,32.76,17.89,53.48,1.033333333,50.96,19.7,30.51,22.29,37.76,18,38.23,1.6,753.65,69.66666667,5,24.5,-3.38
70,0,21.42666667,35,19.82333333,35.03,20.82333333,35.7,19.39,32.9,17.89,53.4,1.066666667,51.65666667,19.7,30.872,22.39,37.96333333,18,38.29,1.5,753.7,70.33333333,5,24,-3.37
80,10,21.39,35.045,19.76,34.96666667,20.85666667,35.79,19.39,33,17.89,53.254,0.933333333,52.06333333,19.7,31.07142857,22.39,38.16333333,18,38.32666667,1.4,753.75,71,5,23.5,-3.35
70,0,21.35666667,35.12666667,19.7,34.9,20.79,35.79,19.32333333,33,17.89,53.2,0.766666667,52.32333333,19.7,31.14,22.32333333,38.2,18,38.3725,1.3,753.8,71.66666667,5,23,-3.33
60,0,21.29,35.2,19.66666667,34.96666667,20.89,35.9,19.29,33.09,17.84714286,53.04,0.7,53.1425,19.7,31.25142857,22.39,38.26,18,38.36333333,1.2,753.85,72.33333333,5,22.5,-3.32
50,0,21.29,35.29,19.53333333,34.9,20.89,35.96666667,19.29,33.16333333,17.81,52.9,0.7,53.79333333,19.7,31.332,22.35666667,38.46333333,18,38.5,1.1,753.9,73,5,22,-3.3
60,0,21.23,35.23,19.5,34.82666667,20.89,36,19.29,33.2,17.81857143,52.79571429,0.666666667,54.1,19.62857143,31.45285714,22.29,38.66333333,18,38.5,1.05,753.9,73.16666667,4.833333333,22,-3.3
50,0,21.2,35.2,19.42666667,34.82666667,20.89,36.06,19.29,33.2,17.79,52.59,0.533333333,54.49333333,19.64,31.64,22.29,38.86,18,38.56666667,1,753.9,73.33333333,4.666666667,22,-3.3
40,0,21.13333333,35.2,19.39,35.06666667,20.89,36.09,19.29,33.23,17.79,52.53857143,0.6,55.09666667,19.67142857,31.91,22.23,39,18,38.83333333,0.95,753.9,73.5,4.5,22,-3.3
60,0,21.1,35.2,19.32333333,35.2,20.89,36.16333333,19.23,33.23,17.79,52.44,0.6,55.36333333,19.64,32.076,22.2,39.12666667,18,38.93333333,0.9,753.9,73.66666667,4.333333333,22,-3.3
30,0,21.1,35.2,19.26,35.29,20.89,36.23,19.2,33.23,17.79,52.32142857,0.6,55.4,19.67142857,32.26428571,22.2,39.26,18,39.06,0.85,753.9,73.83333333,4.166666667,22,-3.3
40,0,21,35.09,19.2,35.29,20.89,36.29,19.2,33.23,17.79,52.2,0.6,55.4,19.66,32.46,22.06666667,39.5,18,39.2,0.8,753.9,74,4,22,-3.3
30,0,21,35.09,19.16666667,35.4,20.89,36.29,19.2,33.23,17.79,52.13714286,0.5,55.66666667,19.6,32.52428571,22,39.5,18,39.26,0.783,753.9166667,74,4.166666667,22.16666667,-3.33
40,0,20.89,35.06,19.1,35.4,20.82333333,36.23,19.2,33.29,17.772,52.036,0.5,56.19333333,19.62,32.74,21.92666667,39.5,18,39.43333333,0.767,753.9333333,74,4.333333333,22.33333333,-3.37
50,0,20.89,35.06,19.06666667,35.5,20.79,36.23,19.2,33.32666667,17.76428571,51.92857143,0.5,56.43333333,19.62857143,32.85285714,21.89,39.5,18,39.56,0.75,753.95,74,4.5,22.5,-3.4
60,0,20.89,35.09,19,35.5,20.79,36.29,19.2,33.4,17.7,51.856,0.433333333,56.56,19.6,32.9,21.82333333,39.56,18,39.7,0.733,753.9666667,74,4.666666667,22.66666667,-3.43
50,0,20.82333333,35.03,18.89,35.59,20.79,36.29,19.2,33.4,17.7,51.77714286,0.466666667,56.46666667,19.6,33.03714286,21.79,39.73,18,39.7,0.717,753.9833333,74,4.833333333,22.83333333,-3.47
50,0,20.79,35,18.85666667,35.59,20.79,36.29,19.2,33.4,17.736,51.7,0.333333333,56.4,19.6,33.112,21.73,39.86333333,18,39.7,0.7,754,74,5,23,-3.5
60,0,20.73,35,18.79,35.59,20.79,36.29,19.2,33.4,17.72571429,51.62142857,0.266666667,56.86,19.6,33.2,21.7,40.15666667,18,39.7,0.667,754.05,74,5,23,-3.53
50,0,20.7,35,18.79,35.7,20.73,36.4,19.13333333,33.4,17.7,51.554,0.2,56.66666667,19.6,33.29,21.7,40.43,18.03333333,39.79,0.633,754.1,74,5,23,-3.57
60,0,20.7,35,18.79,35.7,20.79,36.4,19.1,33.45,17.7,51.48571429,0.25,56.69,19.6,33.44,21.63333333,40.69333333,18.03333333,39.73,0.6,754.15,74,5,23,-3.6
60,0,20.6,35,18.7,35.73,20.79,36.4,19.1,33.5,17.7,51.4,0.166666667,56.42666667,19.6,33.51285714,21.63333333,40.9,18,39.79,0.567,754.2,74,5,23,-3.63
40,0,20.6,35,18.7,35.79,20.79,36.4,19.1,33.5,17.7,51.4,0.1,56.76,19.6,33.59,21.56666667,41.09666667,18,39.7675,0.533,754.25,74,5,23,-3.67
50,0,20.6,35,18.6,35.7,20.79,36.5,19,33.4,17.7,51.29,0,56.76666667,19.6,33.55142857,21.5,41.36333333,18.06666667,39.76,0.5,754.3,74,5,23,-3.7
50,0,20.5,35,18.6,35.7,20.79,36.5,19.06666667,33.46666667,17.7,51.27714286,0,56.9,19.6,33.59,21.5,41.5,18.06666667,39.76,0.45,754.3166667,74.16666667,5,23.5,-3.72
50,0,20.5,35.06,18.6,35.79,20.79,36.53,19.03333333,33.43333333,17.7,51.2,0,57.06,19.6,33.59,21.5,41.56,18,39.7,0.4,754.3333333,74.33333333,5,24,-3.73
40,0,20.5,35.09,18.53333333,35.79,20.79,36.53,19.03333333,33.43333333,17.7,51.2,-0.133333333,57.06,19.6,33.656,21.5,41.56,18,39.7,0.35,754.35,74.5,5,24.5,-3.75
30,0,20.5,35.09,18.46333333,35.86333333,20.73,36.5,19,33.4,17.7,51.09,-0.1,57.73,19.6,33.7,21.42666667,41.43333333,18,39.76,0.3,754.3666667,74.66666667,5,25,-3.77
30,0,20.39,35.09,18.46333333,35.86333333,20.73,36.5,19,33.46666667,17.64285714,50.98142857,-0.166666667,57.65666667,19.6,33.7,21.46333333,41.46666667,18,39.79,0.25,754.3833333,74.83333333,5,25.5,-3.78
40,0,20.32333333,35.09,18.39,35.9,20.7,36.5,19,33.46666667,17.6,50.9,-0.233333333,58.06,19.6,33.76714286,21.32333333,41.4,18,39.79,0.2,754.4,75,5,26,-3.8
50,0,20.35666667,35.09,18.39,35.9,20.7,36.5,19,33.46666667,17.6,50.878,-0.3,58.33333333,19.58,33.92,21.39,41.29,18,39.79,0.15,754.4833333,75.5,5,25.66666667,-3.75
50,0,20.29,35.16333333,18.29,35.93333333,20.7,36.5,18.92666667,33.5,17.6,50.79,-0.333333333,58.53,19.54285714,34,21.39,41.23,18,39.79,0.1,754.5666667,76,5,25.33333333,-3.7
40,0,20.26,35.16333333,18.29,36,20.63333333,36.5,19,33.5,17.6,50.754,-0.4,58.59,19.5,34.09,21.29,41.145,18,39.79,0.05,754.65,76.5,5,25,-3.65
50,0,20.2,35.09,18.29,35.96666667,20.66666667,36.56,18.89,33.5,17.6,50.7,-0.5,59.43333333,19.52857143,34.02571429,21.26,41.06,18,39.86333333,0,754.7333333,77,5,24.66666667,-3.6
50,0,20.2,35.12666667,18.29,35.96666667,20.6,36.5,18.89,33.5,17.6,50.7,-0.566666667,59.63333333,19.5,34.174,21.26,41,18,39.82666667,-0.05,754.8166667,77.5,5,24.33333333,-3.55
60,0,20.2,35.2,18.2,35.95,20.6,36.59,18.89,33.5,17.6,50.66857143,-0.533333333,60.02666667,19.5,34.29,21.2,40.86333333,18,39.82666667,-0.1,754.9,78,5,24,-3.5
70,0,20.16666667,35.2,18.2,36,20.6,36.59,18.89,33.5,17.6,50.59,-0.55,60.22,19.5,34.29,21.2,40.79,18,39.79,-0.1,754.9333333,77.66666667,5.166666667,24.33333333,-3.55
50,0,20.1,35.2,18.2,36,20.6,36.59,18.89,33.59,17.6,50.59,-0.533333333,60.4,19.5,34.35285714,21.13333333,40.76,18,39.79,-0.1,754.9666667,77.33333333,5.333333333,24.66666667,-3.6
50,0,20.1,35.2,18.1,36.09,20.6,36.59,18.865,33.5675,17.54,50.536,-0.533333333,60.76,19.5,34.4,21.2,40.7,18,39.7,-0.1,755,77,5.5,25,-3.65
60,0,20.1,35.12666667,18.1,36.09,20.6,36.66333333,18.79,33.5,17.52857143,50.5,-0.533333333,60.7,19.5,34.4,21.1,40.76,18,39.76,-0.1,755.0333333,76.66666667,5.666666667,25.33333333,-3.7
40,0,20.06666667,35.16333333,18.06666667,36.06,20.6,36.59,18.89,33.59,17.54,50.4,-0.5,60.66333333,19.5,34.4,21.1,40.76,18,39.79,-0.1,755.0666667,76.33333333,5.833333333,25.66666667,-3.75
50,0,20,35.09,18,36.06,20.6,36.59,18.89,33.59,17.55714286,50.4,-0.566666667,60.59,19.5,34.4,21.06666667,40.66333333,18,39.79,-0.1,755.1,76,6,26,-3.8
30,0,20,35.09,18,36.09,20.6,36.7,18.79,33.59,17.54,50.334,-0.7,60.8,19.5,34.44,21.06666667,40.66333333,18,39.79,-0.15,755.15,76.66666667,6,25.5,-3.75
40,0,20,35.09,18,36.09,20.6,36.7,18.79,33.59,17.5,50.29,-0.7,61.26666667,19.5,34.47142857,21,40.59,18,39.79,-0.2,755.2,77.33333333,6,25,-3.7
40,0,20,35.09,18,36.12666667,20.6,36.7,18.79,33.59,17.5,50.29,-0.7,61.32666667,19.5,34.475,21,40.59,18,39.79,-0.25,755.25,78,6,24.5,-3.65
50,0,19.89,35.09,17.92666667,36.12666667,20.53333333,36.7,18.79,33.59,17.5,50.21285714,-0.766666667,61.52666667,19.5,34.5,21,40.5,18.03333333,39.82666667,-0.3,755.3,78.66666667,6,24,-3.6
50,0,19.89,35.09,17.89,36.12666667,20.5,36.62666667,18.79,33.62666667,17.5,50.134,-0.7,61.76,19.40571429,34.41428571,21,40.5,18.03333333,39.82666667,-0.35,755.35,79.33333333,6,23.5,-3.55
50,0,19.89,35.09,17.89,36.2,20.5,36.7,18.79,33.62666667,17.5,50.09,-0.7,61.7,19.39,34.4,20.96333333,40.5,18,39.79,-0.4,755.4,80,6,23,-3.5
50,0,19.82333333,35.03,17.85666667,36.2,20.42666667,36.65666667,18.7,33.59,17.5,50.09,-0.8,61.89,19.39,34.36857143,20.89,40.5,17.92666667,39.79,-0.383,755.5333333,79.66666667,5.833333333,23,-3.53
50,0,19.85666667,35,17.79,36.2,20.5,36.73,18.7,33.66333333,17.5,50.03857143,-0.8,62.09,19.39,34.4,20.89,40.56,18,40,-0.367,755.6666667,79.33333333,5.666666667,23,-3.57
50,0,19.79,35,17.79,36.2,20.46333333,36.76,18.7,33.7,17.5,50,-0.833333333,62.2,19.39,34.45714286,20.89,40.5,18,39.93333333,-0.35,755.8,79,5.5,23,-3.6
60,0,19.79,35,17.79,36.2,20.39,36.7,18.7,33.7,17.5,50,-0.9,62.2675,19.39,34.5,20.79,40.43333333,18,40,-0.333,755.9333333,78.66666667,5.333333333,23,-3.63
50,0,19.79,35,17.73,36.29,20.39,36.7,18.7,33.7,17.434,49.834,-0.9,62.29,19.39,34.56428571,20.79,40.45,18,40,-0.317,756.0666667,78.33333333,5.166666667,23,-3.67
90,0,19.79,35,17.73,36.29,20.39,36.7,18.7,33.7,17.43714286,49.83714286,-0.766666667,62.22333333,19.35,34.59,20.79,40.56,18,40.15666667,-0.3,756.2,78,5,23,-3.7
70,0,19.73,35.26666667,17.79,36.29,20.39,36.56666667,18.7,33.66333333,17.39,49.65625,-0.633333333,61.96333333,19.37571429,34.49714286,20.79,40.52666667,18,40.36333333,-0.15,756.3333333,77.16666667,5.166666667,23,-3.7
90,0,19.7,35.73,17.79,36.36333333,20.39,36.26,18.7,33.46333333,17.39,49.334,-0.433333333,61.49,19.37,34.196,20.73,40.19333333,18,40.22333333,-5.55E-17,756.4666667,76.33333333,5.333333333,23,-3.7
50,0,19.7,35.99,17.79,36.29,20.32333333,36.2,18.66666667,33.13333333,17.46857143,49.06428571,-0.233333333,60.89666667,19.29,33.7,20.7,39.69333333,18,39.96333333,0.15,756.6,75.5,5.5,23,-3.7
30,10,19.79,35.9,17.89,36.4,20.29,36.09,18.675,32.875,17.456,48.674,0.033333333,60.02666667,19.2,32.776,20.7,39.36,18,39.63333333,0.3,756.7333333,74.66666667,5.666666667,23,-3.7
30,10,19.79,35.9,17.89,36.32666667,20.29,36.03,18.63333333,32.56666667,17.39,48.28428571,0.233333333,59.22666667,19.2,32.45571429,20.63333333,38.96666667,18,39.3,0.45,756.8666667,73.83333333,5.833333333,23,-3.7
50,10,19.79,35.96666667,18,36.06,20.2,35.9,18.66666667,32.36333333,17.434,48.052,0.466666667,57.69666667,19.254,32.378,20.63333333,38.76666667,18,38.83333333,0.6,757,73,6,23,-3.7
70,10,19.79,35.75,18,35.86,20.2,35.82666667,18.66666667,32.49,17.39,47.86857143,0.666666667,56.42333333,19.29,32.12142857,20.6,38.66333333,18,38.425,0.75,757,72.33333333,6.166666667,23.5,-3.68
90,0,19.79,35.56666667,18.1,35.72333333,20.1,35.79,18.7,32.96333333,17.39,47.554,0.866666667,55.16666667,19.29,31.85,20.6,38.53,18,38.06666667,0.9,757,71.66666667,6.333333333,24,-3.67
150,0,19.79,35.43333333,18.16666667,35.53,20.1,35.73,18.76,33.16333333,17.39,47.3,1.066666667,54.09333333,19.29,31.73857143,20.56666667,38.46666667,18,37.6,1.05,757,71,6.5,24.5,-3.65
70,0,19.73,36.22666667,18.23,35.43333333,20.1,35.7,18.79,33.16333333,17.39,47.096,1.133333333,52.93,19.29,31.794,20.5,38.4,18.06666667,37.26666667,1.2,757,70.33333333,6.666666667,25,-3.63
50,0,19.79,36.7,18.29,35.5,20.1,35.62666667,18.85666667,33.29666667,17.39,46.82142857,1.326666667,52.32333333,19.29,31.81142857,20.53333333,38.5,18,36.66333333,1.35,757,69.66666667,6.833333333,25.5,-3.62
50,0,19.73,36.16666667,18.39,35.26,20.1,35.56,18.89,33.36333333,17.39,46.79,1.533333333,51.16666667,19.33,32.236,20.6,38.76666667,18,36.59,1.5,757,69,7,26,-3.6
50,0,19.7,35.72333333,18.46333333,35.12666667,20.1,35.56,18.96333333,33.29,17.43714286,46.95428571,1.8,50.62666667,19.39,32.38428571,20.6,38.79,18.03333333,36.56666667,1.83,757.05,67.66666667,7.333333333,26,-3.58
50,0,19.7,35.53,18.53333333,35.06,20.1,35.62666667,19.03333333,33.32666667,17.434,47.036,2.19,48.595,19.39,32.36,20.6,38.73,18.1,36.62666667,2.17,757.1,66.33333333,7.666666667,26,-3.57
60,0,19.7,35.4,18.72666667,35,20.1,35.7,19.16666667,33.4,17.39,47.02571429,2.626666667,46.86333333,19.39,32.09571429,20.5,38.79,18.1,37.25666667,2.5,757.15,65,8,26,-3.55
50,0,19.76,35.4,18.92666667,34.96666667,20.1,35.62666667,19.23,33.53,17.434,47.134,2.833333333,46.32333333,19.39,31.89,20.56666667,38.65666667,18.1,38.05666667,2.83,757.2,63.66666667,8.333333333,26,-3.53
60,0,19.79,35.36333333,19.06666667,34.9,20.1,35.7,19.23,33.53,17.40571429,47.10571429,3.066666667,45.22333333,19.4175,31.8025,20.5,38.46666667,18.1,38.72666667,3.17,757.25,62.33333333,8.666666667,26,-3.52
30,0,19.79,35.29,19.1,34.79,20.1,35.7,19.32333333,33.62666667,17.39,47.09,3.333333333,44.49666667,19.5,31.71285714,20.5,38.32666667,18.1,39.13333333,3.5,757.3,61,9,26,-3.5
30,0,19.79,35.32666667,19.16666667,34.73,20.1,35.745,19.39,33.7,17.39,47.02571429,3.626666667,42,19.5,31.62,20.55,38.245,18.1,39.43333333,3.65,757.3,59.83333333,9,26,-3.6
30,0,19.85666667,35.46666667,19.29,34.7,20.1,35.62666667,19.42666667,33.73,17.39,47,3.76,38.93333333,19.5,31.5,20.6,38.2,18.1,39.56,3.8,757.3,58.66666667,9,26,-3.7
30,0,19.89,35.5,19.39,34.56,20.06666667,35.63333333,19.5,33.79,17.39,46.94285714,4.063333333,37.56666667,19.5,31.5,20.6,38.12666667,18.2,39.73,3.95,757.3,57.5,9,26,-3.8
50,0,19.89,35.56,19.39,34.43333333,20,35.5,19.5,33.845,17.39,46.9,4.263333333,35.83333333,19.51428571,31.40571429,20.6,38.09,18.13333333,39.79,4.1,757.3,56.33333333,9,26,-3.9
60,0,19.92666667,35.56,19.42666667,34.4,20,35.53,19.6,33.9,17.39,46.9,4.496666667,35.69666667,19.62,31.312,20.6,38.03,18.2,39.9,4.25,757.3,55.16666667,9,26,-4
60,0,20,35.43333333,19.5,34.4,20,35.59,19.66666667,33.96666667,17.39,46.79,4.69,34.63,19.72571429,31.17142857,20.7,38,18.2,39.96666667,4.4,757.3,54,9,26,-4.1
50,0,20.03333333,35.29,19.5,34.4,20,35.53,19.73,34,17.39,46.79,4.833333333,33.46666667,19.83,31.04,20.7,37.93333333,18.15,40,4.57,757.3,53.83333333,9,28.33333333,-4.02
50,0,20.125,35.2675,19.56666667,34.46666667,20,35.53,19.79,34,17.39,46.77875,4.966666667,32.99333333,19.96714286,31.04285714,20.86,37.86333333,18.1,40,4.73,757.3,53.66666667,9,30.66666667,-3.93
50,0,20.26,35.2,19.6,34.53,20.1,35.46666667,19.89,34,17.39,46.7,5.16,32.26,20.12,30.958,21.06666667,37.79,18.16666667,40.06,4.9,757.3,53.5,9,33,-3.85
50,0,20.42666667,35.2,19.66666667,34.66333333,20.1,35.4,19.89,34,17.39,46.7,5.366666667,31.59333333,20.29285714,30.83285714,21.16333333,37.59,18.2,40,5.07,757.3,53.33333333,9,35.33333333,-3.77
60,0,20.56666667,35.12666667,19.7,34.73,20.1,35.4,20,34,17.39,46.656,5.5,29.12666667,20.5,30.79,21.35666667,37.46333333,18.2,40,5.23,757.3,53.16666667,9,37.66666667,-3.68
50,0,20.63333333,35.03,19.7,34.73,20.1,35.32666667,20,34.06,17.39,46.59,5.56,29.2,20.64285714,30.77714286,21.46,37.26,18.2,39.96666667,5.4,757.3,53,9,40,-3.6
50,0,20.76,35.03,19.79,34.7,20.13333333,35.36333333,20,34.12666667,17.39,46.59,5.745,27.995,20.774,30.7,21.6,37.12666667,18.2,39.9,5.45,757.3,52.83333333,8.833333333,38,-3.57
60,0,20.82333333,35,19.79,34.62666667,20.2,35.29,20,34.2,17.39,46.59,5.8,27.29666667,20.92142857,30.62857143,21.73,37.02666667,18.23,39.93333333,5.5,757.3,52.66666667,8.666666667,36,-3.53
40,0,20.89,34.93333333,19.79,34.66333333,20.2,35.29,20.03333333,34.23,17.39,46.554,5.8,27.43,21.1,30.5,21.85666667,36.9,18.29,39.93333333,5.55,757.3,52.5,8.5,34,-3.5
30,0,20.92666667,34.86333333,19.85666667,34.66333333,20.2,35.23,20.1,34.36333333,17.39,46.5,5.963333333,27.53333333,21.15714286,30.42285714,22,36.66333333,18.29,39.9,5.6,757.3,52.33333333,8.333333333,32,-3.47
30,0,21.06666667,34.86333333,19.89,34.59,20.2,35.2,20.1,34.5,17.434,46.536,6.09,26.86666667,21.274,30.33,22.06666667,36.59,18.29,39.9,5.65,757.3,52.16666667,8.166666667,30,-3.43
30,0,21.1,34.79,19.89,34.66333333,20.2,35.2,20.16666667,34.5,17.39,46.45714286,6.3,26.19,21.46857143,30.29,22.2,36.36333333,18.32333333,39.79,5.7,757.3,52,8,28,-3.4
50,0,21.16666667,34.73,19.89,34.7,20.2,35.2,20.2,34.53,17.39,46.4,6.226666667,26.45666667,21.6,30.2,22.26,36.29,18.39,39.73,5.75,757.35,51.83333333,8.166666667,30,-3.43
60,0,21.2,34.59,19.89,34.76,20.2,35.2,20.2,34.59,17.43714286,46.44285714,6.226666667,26.69333333,21.73714286,30.18571429,22.32333333,36.16333333,18.39,39.7,5.8,757.4,51.66666667,8.333333333,32,-3.47
60,0,21.26,34.59,20,34.79,20.2,35.2,20.2,34.62666667,17.39,46.4,6.3,26.56666667,21.872,30.08,22.4975,35.9975,18.39,39.7,5.85,757.45,51.5,8.5,34,-3.5
60,0,21.39,34.5,20.03333333,34.82666667,20.23,35.23,20.26,34.76,17.39,46.4,6.333333333,24.85666667,22,29.96857143,22.6,35.82666667,18.5,39.7,5.9,757.5,51.33333333,8.666666667,36,-3.53
50,0,21.46333333,34.5,20.1,34.82666667,20.29,35.29,20.29,34.845,17.456,46.416,6.4,24.06333333,22.1,29.85,22.7,35.66333333,18.42666667,39.62666667,5.95,757.55,51.16666667,8.833333333,38,-3.57
60,0,21.53333333,34.46666667,20.1,34.79,20.29,35.29,20.29,34.93333333,17.42142857,46.32142857,6.3,24.06,22.23714286,29.79,22.7,35.53,18.5,39.7,6,757.6,51,9,40,-3.6
40,0,21.6,34.4,20.16666667,34.79,20.35666667,35.29,20.29,35,17.39,46.29,6.366666667,25.06,22.32333333,29.73,22.79,35.4,18.5,39.7,5.97,757.6333333,50.33333333,8.833333333,40,-3.8
50,0,21.6,34.4,20.2,34.76,20.39,35.29,20.39,35.03,17.39,46.29,6.4,24.5,22.42666667,29.66666667,22.85666667,35.4,18.5,39.59,5.93,757.6666667,49.66666667,8.666666667,40,-4
50,0,21.66666667,34.4,20.26,34.76,20.39,35.29,20.39,35.09,17.39,46.29,6.466666667,24.36,22.5,29.53333333,22.92666667,35.26,18.5,39.59,5.9,757.7,49,8.5,40,-4.2
50,0,21.7,34.4,20.29,34.76,20.39,35.29,20.39,35.09,17.39,46.29,6.466666667,24.12666667,22.5,29.46333333,23,35.2,18.5,39.59,5.87,757.7333333,48.33333333,8.333333333,40,-4.4
60,0,21.7,34.36333333,20.29,34.7,20.46333333,35.36333333,20.39,35.09,17.39,46.29,6.333333333,23.79333333,22.5,29.32333333,23,35.09,18.5,39.59,5.83,757.7666667,47.66666667,8.166666667,40,-4.6
50,0,21.7,34.03,20.22666667,33.62333333,20.46333333,35.33333333,20.22666667,32.26333333,17.46333333,46.36333333,6.245,23.5,22.46333333,29.26,23,35.09,18.5,39.59,5.8,757.8,47,8,40,-4.8
40,0,21.56666667,32.59333333,20.1,32.29,20.39,35,19.96,30.79666667,17.39,46.145,6.19,23.56333333,22.39,29.26,22.89,35.06,18.5,39.7,5.75,757.8333333,47.5,7.833333333,40,-4.7
30,0,21.5,32.06666667,20.06666667,31.92666667,20.46333333,34.4,19.85666667,30.93,17.39,45.86333333,6.123333333,23.43,22.35666667,29.2,22.82333333,34.93333333,18.5,39.76,5.7,757.8666667,48,7.666666667,40,-4.6
20,0,21.46333333,31.76,20,31.6,20.32333333,34.12666667,19.79,30.72333333,17.46333333,45.73,6.09,23.86666667,22.23,29.13333333,22.76,34.86333333,18.5,39.79,5.65,757.9,48.5,7.5,40,-4.5
40,0,21.39,31.42666667,19.89,31.46333333,20.26,34.09,19.79,30.89,17.42666667,45.5,6.09,23.79333333,22.16666667,29.1,22.7,34.79,18.5,39.79,5.6,757.9333333,49,7.333333333,40,-4.4
60,0,21.35666667,31.53333333,19.89,31.39,20.2,34.16333333,19.79,30.89,17.42666667,45.3,6.09,24.66333333,22.1,29.03333333,22.6,34.59,18.5,39.79,5.55,757.9666667,49.5,7.166666667,40,-4.3
40,0,21.29,31.66666667,19.89,31.56666667,20.2,34.23,19.73,31,17.39,45.16333333,6.09,25.45666667,22,29,22.53333333,34.59,18.5,39.86333333,5.5,758,50,7,40,-4.2
60,0,21.29,31.92666667,19.82333333,31.7,20.2,34.29,19.73,31.06666667,17.39,45.03,5.966666667,25.96333333,21.92666667,28.92666667,22.46333333,34.59,18.5,39.9,5.4,758.0833333,50.5,6.833333333,40,-4.17
60,0,21.29,32.06,19.79,31.95666667,20.2,34.4,19.7,31.23,17.46333333,45.06,5.833333333,25.69666667,21.85666667,28.96333333,22.39,34.66333333,18.5,39.9,5.3,758.1666667,51,6.666666667,40,-4.13
60,0,21.26,32.26,19.73,32.22333333,20.2,34.4,19.7,31.35666667,17.39,45,5.763333333,25.5,21.79,28.96333333,22.29,34.79,18.46333333,39.86333333,5.2,758.25,51.5,6.5,40,-4.1
50,0,21.2,32.33333333,19.7,32.45,20.2,34.4,19.66666667,31.5,17.39,44.9,5.69,25.69333333,21.7,28.92666667,22.23,34.73,18.46333333,39.86333333,5.1,758.3333333,52,6.333333333,40,-4.07
50,0,21.2,32.53,19.66666667,32.59,20.23,34.5,19.6,31.63333333,17.46333333,44.96666667,5.56,26.36666667,21.63333333,28.86,22.15,34.845,18.39,39.79,5,758.4166667,52.5,6.166666667,40,-4.03
50,0,21.2,32.66333333,19.6,32.66333333,20.29,34.56,19.6,31.795,17.39,44.9,5.366666667,27.3,21.6,28.89,22.06666667,35,18.46333333,39.86333333,4.9,758.5,53,6,40,-4
50,0,21.1,32.82666667,19.56666667,32.82666667,20.29,34.53,19.6,31.95666667,17.46333333,44.96666667,5.156666667,28.36333333,21.53333333,28.96333333,22,35,18.46333333,39.86333333,4.75,758.6,53.66666667,6,40,-3.97
60,0,21.1,32.9,19.5,32.96666667,20.29,34.59,19.53333333,32.16333333,17.42666667,44.96333333,4.963333333,29.55666667,21.46333333,29.06666667,21.96333333,35.09,18.39,39.79,4.6,758.7,54.33333333,6,40,-3.93
40,0,21.06666667,32.93333333,19.39,33.03,20.29,34.7,19.5,32.62666667,17.42666667,45.03,4.656666667,30.95666667,21.365,29,21.89,35.16333333,18.39,39.9,4.45,758.8,55,6,40,-3.9
30,0,21,33,19.32333333,33.16333333,20.23,34.7,19.5,32.7,17.39,45,4.53,31.23,21.29,29.06666667,21.76,35.12666667,18.39,39.9,4.3,758.9,55.66666667,6,40,-3.87
40,0,21,33,19.29,33.4,20.2,34.59,19.5,32.7,17.39,45,4.35,31.645,21.26,29.16666667,21.7,35.2,18.39,39.9,4.15,759,56.33333333,6,40,-3.83
40,0,20.89,33.2,19.23,33.4,20.2,34.66333333,19.5,32.76,17.39,45.03,4.156666667,32.19,21.2,29.16666667,21.66666667,35.16333333,18.39,39.9,4,759.1,57,6,40,-3.8
50,0,20.89,33.26,19.2,33.62666667,20.2,34.7,19.39,32.73,17.39,45.09,4.03,33.26333333,21.1,29.23,21.6,35.16333333,18.39,39.96666667,3.97,759.25,57,6.166666667,40,-3.85
60,0,20.85666667,33.36333333,19.13333333,33.76,20.2,34.7,19.39,32.65666667,17.39,45.09,3.863333333,34.5,21.1,29.29,21.5,35.2,18.39,40,3.93,759.4,57,6.333333333,40,-3.9
40,0,20.79,33.36333333,19.1,33.93333333,20.2,34.79,19.39,32.59,17.32333333,45.09,3.79,34.96,21,29.39,21.5,35.26,18.32333333,40,3.9,759.55,57,6.5,40,-3.95
50,0,20.79,33.53,19.03333333,34,20.2,34.86333333,19.32333333,32.59,17.39,45.16333333,3.663333333,35.5,21,29.46333333,21.39,35.29,18.29,40,3.87,759.7,57,6.666666667,40,-4
50,0,20.73,33.59,18.96333333,34.12666667,20.16666667,35.06666667,19.29,32.73,17.39,45.2,3.59,35.76,20.89,29.53333333,21.39,35.36333333,18.29,40.06,3.83,759.85,57,6.833333333,40,-4.05
60,0,20.7,33.7,18.89,34.2,20.1,35.2,19.29,32.79,17.39,45.2,3.5,36.03,20.89,29.6,21.29,35.4,18.35666667,40.09,3.8,760,57,7,40,-4.1
60,0,20.7,33.76,18.89,34.29,20.1,35.23,19.29,32.93333333,17.29,45.2,3.433333333,36.42333333,20.85666667,29.66666667,21.23,35.32666667,18.35666667,40.09,3.65,760.05,57.83333333,6.666666667,38.16666667,-4.03
80,10,20.7,33.79,18.82333333,34.29,20.1,35.29,19.29,33.06,17.29,45.2,3.363333333,36.89,20.79,29.66666667,21.2,35.4,18.29,40.09,3.5,760.1,58.66666667,6.333333333,36.33333333,-3.97
130,10,20.63333333,33.73,18.79,34.32666667,20.1,35.26,19.2,33.09,17.69,56.26666667,3.23,37.16333333,20.7,29.73,21.13333333,35.52666667,18.29,39.83,3.35,760.15,59.5,6,34.5,-3.9
110,20,20.6,33.73,18.79,34.4,20.1,35.2,19.2,33.16333333,19.16333333,81.33333333,3.163333333,37.8,20.7,29.79,21.13333333,35.86,18.29,39.93333333,3.2,760.2,60.33333333,5.666666667,32.66666667,-3.83
100,10,20.6,33.79,18.7,34.59,20.1,35.2,19.2,33.06333333,19.92666667,86.66666667,3.09,38.26666667,20.6,29.6,21.26,36,18.29,39.93333333,3.05,760.25,61.16666667,5.333333333,30.83333333,-3.77
80,10,20.56666667,33.86333333,18.7,34.1,20.06666667,35.13333333,19.2,32.5925,20.33333333,88.8,2.863333333,38.92666667,20.53333333,29.6,21.29,35.56333333,18.29,39.42333333,2.9,760.3,62,5,29,-3.7
100,0,20.5,33.65666667,18.63333333,33.56666667,19.92666667,34.93333333,19.13333333,32.26666667,20.93,89.83333333,2.73,39.4,20.5,29.19333333,21.29,35.2725,18.29,39.16333333,2.83,760.3,62.33333333,5,30.83333333,-3.68
110,0,20.5,33.43,18.6,33.02666667,19.89,34.79,19.1,31.9,20.45666667,90.3,2.5,40.06666667,20.42666667,28.92666667,21.35666667,35.52666667,18.29,38.96,2.77,760.3,62.66666667,5,32.66666667,-3.67
120,0,20.42666667,33.15666667,18.6,32.9,19.89,34.79,19.1,31.63333333,19.9,92.23,2.433333333,40.8,20.39,29.1,21.42666667,35.73,18.29,38.5,2.7,760.3,63,5,34.5,-3.65
70,0,20.39,33.12666667,18.5,33.09,19.79,34.79,19.06666667,31.46333333,19.56666667,92.89666667,2.245,41.7,20.315,29.075,21.5,35.79,18.245,37.7,2.63,760.3,63.33333333,5,36.33333333,-3.63
70,0,20.39,33.12666667,18.5,33.16333333,19.79,34.86333333,19,31.32333333,19.35666667,92.49,2.2,43.3,20.29,28.92666667,21.6,35.96333333,18.23,37.02666667,2.57,760.3,63.66666667,5,38.16666667,-3.62
70,0,20.35666667,33.09,18.5,33.23,19.79,34.79,18.96333333,31.29,19.23,91.63,2.126666667,43.83333333,20.2,28.76,21.53333333,36.09,18.23,36.63333333,2.5,760.3,64,5,40,-3.6
60,10,20.315,33.195,18.5,33.29,19.79,34.79,18.96333333,31.29,19.16666667,89.79666667,1.93,44.43333333,20.2,28.7,21.5,36.09,18.2,36.22333333,2.4,760.3666667,65,5.166666667,40,-3.52
50,0,20.32333333,33.36333333,18.5,33.36,19.76,34.79,18.92666667,31.52333333,19.03333333,87.73,1.863333333,45.56666667,20.2,29.26333333,21.42666667,36.16333333,18.2,36.36333333,2.3,760.4333333,66,5.333333333,40,-3.43
50,0,20.29,33.32666667,18.42666667,33.43333333,19.7,34.79,18.92666667,31.93,18.89,85.195,1.9,46.26666667,20.2,29.59666667,21.39,36.5,18.2,36.62666667,2.2,760.5,67,5.5,40,-3.35
60,0,20.29,33.4,18.39,33.5,19.7,34.93333333,18.89,32.12666667,18.79,82.89333333,1.826666667,46.93333333,20.2,30.06666667,21.39,36.83333333,18.2,36.96,2.1,760.5666667,68,5.666666667,40,-3.27
50,0,20.23,33.4,18.39,33.56,19.76,35.06,18.89,32.26,18.73,81.7,1.666666667,47.79333333,20.2,30.32666667,21.39,37.3,18.2,37.23,2,760.6333333,69,5.833333333,40,-3.18
30,0,20.23,33.32666667,18.29,33.62666667,19.7,35.09,18.89,32.4,18.7,80.23,1.6,48.59333333,20.2,30.66333333,21.39,37.63333333,18.2,37.29,1.9,760.7,70,6,40,-3.1
40,0,20.2,33.29,18.29,33.76,19.76,35.09,18.89,32.46666667,18.63333333,79.09666667,1.5,49.66666667,20.2,30.99666667,21.39,37.96333333,18.2,37.4,1.87,760.7,70,6,40,-3.13
30,0,20.13333333,33.29,18.29,33.93333333,19.7,35.2,18.89,32.53,18.5,77.73,1.5,50.19333333,20.2,31.36,21.39,38.29666667,18.2,37.46666667,1.83,760.7,70,6,40,-3.17
40,0,20.1,33.36333333,18.23,34,19.7,35.2,18.89,32.59,18.42666667,76.59666667,1.39,50.86,20.2,31.63333333,21.39,38.56666667,18.2,37.53,1.8,760.7,70,6,40,-3.2
60,0,20.1,33.29,18.2,34.09,19.6,35.145,18.79,32.59,18.39,75.49,1.39,51.19333333,20.16666667,31.99333333,21.39,38.83333333,18.2,37.66333333,1.77,760.7,70,6,40,-3.23
50,0,20.1,33.32666667,18.13333333,34.16333333,19.6,35.2,18.79,32.59,18.39,74.63,1.356666667,51.36666667,20.16666667,32.4,21.29,39.39,18.2,37.76666667,1.73,760.7,70,6,40,-3.27
60,0,20.03333333,33.32666667,18.1,34.3,19.6,35.26,18.79,32.7,18.29,73.46,1.29,51.96,20.2,32.73,21.29,39.72333333,18.2,37.9,1.7,760.7,70,6,40,-3.3
70,0,20,33.29,18.1,34.4,19.6,35.29,18.79,32.7,18.29,72.53333333,1.166666667,52.19333333,20.2,32.86333333,21.29,39.93333333,18.2,38.15666667,1.65,760.7166667,70.5,6,40,-3.23
50,0,20,33.36333333,18.03333333,34.32666667,19.6,35.29,18.79,32.76,18.2,71.45666667,1.1,52.8225,20.2,33,21.29,40,18.2,38.43,1.6,760.7333333,71,6,40,-3.17
50,0,19.96333333,33.5,18,34.43333333,19.6,35.4,18.79,32.79,18.2,70.93,1.1,53.36333333,20.13333333,33.06,21.29,40.145,18.2,38.59,1.55,760.75,71.5,6,40,-3.1
60,0,19.89,33.5,18,34.56,19.6,35.4,18.73,32.79,18.1,70.3,1.1,53.76666667,20.16666667,33.09,21.2,40.09,18.2,38.72333333,1.5,760.7666667,72,6,40,-3.03
50,0,19.89,33.53,17.89,34.59,19.6,35.4,18.7,32.9,18.1,69.5,1.1,53.9,20.1,33.16333333,21.2,40.09,18.2,39.1,1.45,760.7833333,72.5,6,40,-2.97
40,0,19.89,33.59,17.89,34.66333333,19.6,35.4,18.7,32.9,18,68.23,1,54.09666667,20.1,33.45,21.16666667,40.26666667,18.2,39.36,1.4,760.8,73,6,40,-2.9
30,0,19.85666667,33.59,17.89,34.73,19.6,35.43333333,18.7,32.93333333,18,67.29,1,54.36333333,20.1,33.59,21.1,40.52666667,18.2,39.56,1.4,760.8166667,73,6,40,-2.9
40,0,19.79,33.59,17.89,34.79,19.6,35.5,18.7,33,17.96333333,66.39333333,1,54.46333333,20.1,33.59,21.1,40.86,18.2,39.73,1.4,760.8333333,73,6,40,-2.9
30,0,19.79,33.59,17.79,34.79,19.6,35.5,18.7,33,17.89,65.66666667,1,54.72333333,20.1,33.7,21.1,41.06,18.2,39.86333333,1.4,760.85,73,6,40,-2.9
60,0,19.79,33.59,17.79,34.79,19.6,35.5,18.7,33,17.89,64.745,0.966666667,54.96333333,20.1,33.76,21,41.12666667,18.2,40.03,1.4,760.8666667,73,6,40,-2.9
50,0,19.79,33.59,17.76,34.9,19.53333333,35.59,18.7,33.09,17.85666667,63.92333333,0.9,55.29666667,20.1,33.86333333,21,41.33333333,18.2,40.16333333,1.4,760.8833333,73,6,40,-2.9
50,0,19.7,33.7,17.7,34.9,19.53333333,35.59,18.7,33.09,17.85666667,63.46333333,0.866666667,55.79,20.1,33.86333333,21,41.76666667,18.2,40.32666667,1.4,760.9,73,6,40,-2.9
50,0,19.7,33.7,17.7,35,19.53333333,35.59,18.6,33.03,17.79,62.79666667,0.733333333,56.06333333,20.1,34,21,41.96666667,18.2,40.4,1.35,760.9333333,73.5,5.833333333,40,-2.88
60,0,19.7,33.73,17.7,35,19.53333333,35.59,18.6,33.09,17.79,62.39,0.666666667,56.03,20.03333333,34,20.96333333,42.15666667,18.2,40.53,1.3,760.9666667,74,5.666666667,40,-2.87
40,0,19.63333333,33.73,17.66666667,35,19.53333333,35.62666667,18.6,33.09,17.79,61.99,0.466666667,56.43,20,34.03,20.89,42.36333333,18.2,40.59,1.25,761,74.5,5.5,40,-2.85
60,0,19.6,33.73,17.66666667,35.06,19.6,35.7,18.6,33.09,17.79,61.59666667,0.333333333,57.4,20,34.16333333,20.89,42.59666667,18.16666667,40.7,1.2,761.0333333,75,5.333333333,40,-2.83
60,0,19.6,33.79,17.6,35,19.6,35.7,18.6,33.12666667,17.76,61.29666667,0.066666667,57.59333333,20,34.2,20.89,42.79,18.1,40.76,1.15,761.0666667,75.5,5.166666667,40,-2.82
50,0,19.6,33.79,17.6,35,19.7,35.9,18.6,33.12666667,17.7,61.03,-0.05,59.495,20,34.12666667,20.89,43,18.2,40.82666667,1.1,761.1,76,5,40,-2.8
50,0,19.6,33.86333333,17.6,35.09,19.7,35.82666667,18.6,33.2,17.7,60.66333333,-0.133333333,60.55666667,20,34.09,20.89,43.06,18.2,40.9,0.95,761.1,77,4.833333333,40,-2.77
30,0,19.6,33.9,17.5,35.2,19.7,35.79,18.56666667,33.2,17.7,60.46333333,-0.133333333,61.36333333,20,34.09,20.82333333,42.9,18.2,41,0.8,761.1,78,4.666666667,40,-2.73
30,0,19.53333333,33.9,17.5,35.2,19.7,35.93,18.56666667,33.26,17.7,60.16333333,-0.1,62.3,20,34.09,20.89,42.9,18.2,41,0.65,761.1,79,4.5,40,-2.7
30,0,19.5,34,17.46333333,35.26,19.7,36,18.5,33.26,17.7,59.96333333,-0.1,62.76666667,20,34.09,20.79,42.7,18.2,41.09,0.5,761.1,80,4.333333333,40,-2.67
40,0,19.5,34,17.46333333,35.26,19.7,36,18.5,33.26,17.7,59.76,-0.166666667,63.32333333,19.96333333,34.23,20.7675,42.595,18.2,41.09,0.35,761.1,81,4.166666667,40,-2.63
60,0,19.5,34.03,17.46333333,35.29,19.7,36.03,18.5,33.29,17.63333333,59.5,-0.3,64.39,19.89,34.36333333,20.7,42.5,18.2,41.09,0.2,761.1,82,4,40,-2.6
60,0,19.42666667,34.03,17.39,35.29,19.7,36.09,18.5,33.36333333,17.6,59.33333333,-0.233333333,64.83,19.89,34.45,20.73,42.4,18.2,41,0.167,761.1,82.83333333,4.166666667,40,-2.5
50,0,19.39,34.09,17.39,35.4,19.7,36.09,18.5,33.4,17.6,59.12666667,-0.366666667,64.62333333,19.89,34.62666667,20.73,42.4,18.2,41,0.133,761.1,83.66666667,4.333333333,40,-2.4
50,0,19.39,34.09,17.39,35.4,19.7,36.09,18.5,33.4,17.6,58.96666667,-0.466666667,66.16666667,19.89,34.76,20.7,42.29,18.13333333,40.96666667,0.1,761.1,84.5,4.5,40,-2.3
50,0,19.32333333,34.09,17.35666667,35.43333333,19.76,36.2,18.39,33.29,17.6,58.82666667,-0.266666667,67.7,19.89,34.76,20.7,42.23,18.2,40.96666667,0.0667,761.1,85.33333333,4.666666667,40,-2.2
50,0,19.29,34.2,17.29,35.5,19.7,36.2,18.39,33.29,17.6,58.645,-0.166666667,67.69,19.89,34.7,20.7,42.29,18.16666667,41.03,0.0333,761.1,86.16666667,4.833333333,40,-2.1
50,0,19.29,34.26,17.29,35.5,19.7,36.29,18.39,33.4,17.56666667,58.36333333,-0.3,68.23,19.89,34.82666667,20.63333333,42.15666667,18.16666667,41.09,0,761.1,87,5,40,-2
50,0,19.29,34.29,17.29,35.56,19.7,36.29,18.39,33.4,17.5,58.23,-0.466666667,68.42666667,19.89,34.9,20.6,42,18.16666667,41.09,0.0167,761.1666667,87,4.833333333,40,-1.97
50,0,19.29,34.36333333,17.29,35.66333333,19.7,36.4,18.39,33.4,17.5,58.06,-0.533333333,69.9,19.82333333,34.86,20.66666667,42.06,18.16666667,41.09,0.0333,761.2333333,87,4.666666667,40,-1.93
40,0,19.2,34.29,17.29,35.66333333,19.76,36.4,18.39,33.4,17.5,57.93333333,-0.433333333,71.16666667,19.89,35,20.6,42,18.16666667,41.09,0.05,761.3,87,4.5,40,-1.9
40,0,19.2,34.29,17.2,35.59,19.79,36.4,18.39,33.5,17.5,57.76,-0.5,71.7225,19.89,35.12666667,20.6,42,18.1,41.09,0.0667,761.3666667,87,4.333333333,40,-1.87
40,0,19.2,34.4,17.2,35.66333333,19.79,36.4,18.39,33.5,17.5,57.56666667,-0.433333333,72.33,19.89,35.26,20.6,42,18.1,41,0.0833,761.4333333,87,4.166666667,40,-1.83
30,0,19.2,34.4,17.2,35.7,19.73,36.4,18.32333333,33.5,17.5,57.4,-0.5,72.56666667,19.82333333,35.23,20.6,41.93333333,18.1,41,0.1,761.5,87,4,40,-1.8
50,0,19.1,34.4,17.2,35.76,19.7,36.5,18.32333333,33.5,17.5,57.32666667,-0.5,72.96666667,19.82333333,35.15666667,20.5,41.9,18.2,41.09,0.05,761.55,87.5,4,37.33333333,-1.77
60,0,19.1,34.46666667,17.1,35.79,19.7,36.5,18.29,33.545,17.39,57.06,-0.566666667,73.63,19.79,35.16333333,20.5,41.9,18.13333333,41.09,0,761.6,88,4,34.66666667,-1.73
40,0,19.16666667,34.5,17.1,35.9,19.7,36.5,18.29,33.59,17.39,56.93333333,-0.5,74.15666667,19.79,35.09,20.5,42,18.1,41.09,-0.05,761.65,88.5,4,32,-1.7
80,10,19.1,34.5,17.1,35.9,19.7,36.5,18.29,33.59,17.39,56.7675,-0.5,74.4,19.79,35.39,20.42666667,41.86,18.1,41.16333333,-0.1,761.7,89,4,29.33333333,-1.67
70,0,19.1,34.59,17.1,35.93333333,19.7,36.59,18.29,33.62666667,17.39,56.7,-0.566666667,74.26,19.79,35.66333333,20.39,41.79,18.1,41.2,-0.15,761.75,89.5,4,26.66666667,-1.63
60,10,19.1,34.72333333,17.1,36.13333333,19.7,36.59,18.29,33.7,17.39,56.79,-0.6,74.99666667,19.79,35.56,20.39,41.79,18.1,41.1175,-0.2,761.8,90,4,24,-1.6
50,0,19.1,34.66333333,17,36.06,19.7,36.46666667,18.29,33.7,17.39,56.79,-0.6,75.59666667,19.73,35.36,20.39,41.995,18.1,41.03,-0.2,761.8166667,90.33333333,4,23.66666667,-1.57
50,0,19.03333333,34.39,16.92666667,35.93333333,19.7,36.32666667,18.23,33.7,17.39,56.53,-0.633333333,75.9,19.7,35.1,20.39,41.93,18.1,40.86333333,-0.2,761.8333333,90.66666667,4,23.33333333,-1.53
40,0,19,34,16.89,35.82666667,19.6,36.09,18.2,33.7,17.32333333,56.66333333,-0.7,76.3,19.7,34.86333333,20.32333333,41.73,18.03333333,40.65666667,-0.2,761.85,91,4,23,-1.5
40,10,19,34.1175,16.89,35.96666667,19.6,36.03,18.2,33.7,17.32333333,56.7,-0.666666667,76.93,19.63333333,34.65666667,20.35666667,41.56,18.1,40.46666667,-0.2,761.8666667,91.33333333,4,22.66666667,-1.47
50,0,19,34.62333333,16.89,36.06666667,19.6,35.83333333,18.2,33.73,17.39,56.7,-0.6,77.45666667,19.6,34.46666667,20.29,41.36,18.1,40.26666667,-0.2,761.8833333,91.66666667,4,22.33333333,-1.43
30,0,19,34.86,16.89,36.33333333,19.53333333,35.62666667,18.2,33.79,17.29,56.645,-0.5,77.69,19.6,34.32666667,20.29,41.16333333,18,39.96666667,-0.2,761.9,92,4,22,-1.4
130,0,19,35.13333333,17,36.62666667,19.46333333,35.36333333,18.2,33.79,17.29,56.66333333,-0.4,77.745,19.5,34.22333333,20.29,41.03,18,39.82666667,-0.0333,762.0333333,90.33333333,4.166666667,23,-1.48
400,0,19,35.2,16.92666667,36.7,19.39,35.43,18.2,33.86333333,17.29,56.59,-0.3,77.56333333,19.5,34.03,20.2,40.79,18,39.66333333,0.133,762.1666667,88.66666667,4.333333333,24,-1.57
320,0,19,35.26,17,36.82666667,19.42666667,35.53,18.2,33.9,17.29,55.59,-0.166666667,77.09333333,19.5,33.96666667,20.2,40.73,18,39.59,0.3,762.3,87,4.5,25,-1.65
350,0,19,35.43333333,17,36.96666667,19.42666667,35.53,18.2,33.9,17.35666667,55.66333333,-0.033333333,76.5,19.5,33.9,20.2,40.59,18,39.46666667,0.467,762.4333333,85.33333333,4.666666667,26,-1.73
110,0,19,35.5,17.03333333,37,19.39,35.53,18.2,33.79666667,17.29,55.76,0.166666667,75.42666667,19.46333333,33.33333333,20.13333333,40.46333333,18,39.4,0.633,762.5666667,83.66666667,4.833333333,27,-1.82
70,0,18.89,35.56,17.1,37,19.39,35.5225,18.2,33.46333333,17.29,55.56666667,0.366666667,74.02666667,19.39,32.8,20.16666667,40.06333333,18,39.13333333,0.8,762.7,82,5,28,-1.9
70,0,18.89,35.5,17.13333333,36.76,19.32333333,35.43333333,18.2,33.4,17.29,55.22333333,0.566666667,71.46666667,19.29,32.29666667,20.16666667,39.65666667,18,38.8,1.07,762.75,80.33333333,5.166666667,28.16666667,-1.95
80,0,18.89,35.36333333,17.32,36.4975,19.39,35.4,18.2675,33.45,17.29,54.96333333,0.833333333,69.13333333,19.29,31.95666667,20.1,39.26,18.1,38.39333333,1.33,762.8,78.66666667,5.333333333,28.33333333,-2
80,0,18.96333333,35.23,17.63333333,36.09666667,19.32333333,35.4,18.35666667,33.32666667,17.29,54.6,1.163333333,65.63333333,19.29,31.59666667,20.1,39.06666667,18.16666667,37.8,1.6,762.85,77,5.5,28.5,-2.05
80,0,19,35.09,17.96,35.6,19.29,35.43333333,18.42666667,33.2,17.29,54.32666667,1.43,63.1,19.23,31.26333333,20.06666667,38.79666667,18.13333333,37.56,1.87,762.9,75.33333333,5.666666667,28.66666667,-2.1
40,0,19,35.03,18.16666667,35.13333333,19.29,35.43333333,18.5,33.2,17.2,53.93,1.766666667,59.6,19.2,30.93,20.06666667,38.59,18.2,37.63333333,2.13,762.95,73.66666667,5.833333333,28.83333333,-2.15
40,0,19,34.96666667,18.32333333,34.72333333,19.29,35.29,18.53333333,33.09,17.26,53.65666667,2.026666667,57.72666667,19.2,30.66333333,20,38.33333333,18.2,37.62666667,2.4,763,72,6,29,-2.2
50,0,19.06666667,34.9,18.39,34.46333333,19.29,35.36333333,18.6,33.03,17.2,53.29666667,2.36,55.56666667,19.2,30.26,20,38.06666667,18.2,37.925,2.62,762.9666667,69.66666667,6.166666667,30.83333333,-2.47
340,0,19.06666667,34.79666667,18.42666667,34.12666667,19.26,35.22333333,18.7,33,17.2,52.89,2.56,53.96,19.26,30.2,20,37.83333333,18.2,38.46,2.83,762.9333333,67.33333333,6.333333333,32.66666667,-2.73
390,0,19.06666667,34.66333333,18.56666667,34.06666667,19.2,35.16333333,18.76,33.06,17.2,52.63333333,2.86,51.22333333,19.29,29.945,20,37.4975,18.2,38.83,3.05,762.9,65,6.5,34.5,-3
600,0,19.1,34.59,18.7,33.86333333,19.23,35.23,18.79,33.06,17.2,52.3,3.06,49.42333333,19.29,29.63333333,20,37.09666667,18.13333333,39.22333333,3.27,762.8666667,62.66666667,6.666666667,36.33333333,-3.27
700,0,19.1,34.7175,18.76,33.65666667,19.29,35.36333333,18.85666667,33.13333333,17.2,51.93,3.245,45.995,19.29,29.36,20,36.72333333,18.2,39.43333333,3.48,762.8333333,60.33333333,6.833333333,38.16666667,-3.53
430,0,19.1,34.83333333,18.89,33.59,19.46,35.99333333,18.89,33.06,17.2,51.65666667,3.53,44.3,19.29,29.06666667,20,36.46333333,18.2,39.56,3.7,762.8,58,7,40,-3.8
320,0,19.2,34.9,18.96333333,33.59,19.72666667,36.6,18.89,32.93333333,17.2,51.3,3.663333333,42.02666667,19.29,28.86,20,36.13333333,18.2,39.73,3.83,762.8166667,57.83333333,7,37.83333333,-3.73
250,0,19.26,35.02666667,19.03333333,33.53,20.06666667,36.82666667,19,32.86333333,17.16666667,50.93,3.933333333,40.53,19.29,28.63333333,20,35.93333333,18.2,39.79,3.97,762.8333333,57.66666667,7,35.66666667,-3.67
240,0,19.32333333,35.1,19.1,33.46333333,20.26,36.76666667,19,32.65666667,17.1,50.65666667,4.126666667,38.13,19.29,28.42666667,20.1,35.76,18.2,39.79,4.1,762.85,57.5,7,33.5,-3.6
140,0,19.39,34.43333333,18.96333333,32.03,20.5,35.63333333,19.1,32.56,17.1,50.43,4.333333333,35.83333333,19.39,28.16666667,20.03333333,35.5,18.2,39.79,4.23,762.8666667,57.33333333,7,31.33333333,-3.53
70,0,19.39,33.33333333,18.89,31.35666667,20.5,34.43333333,19.16666667,32.36,17.1,50.23,4.466666667,35.16666667,19.46333333,28.03333333,20.1,35.33333333,18.16666667,39.9,4.37,762.8833333,57.16666667,7,29.16666667,-3.47
80,0,19.46333333,33.2,18.92666667,31.46,20.56666667,33.9,19.23,32.12666667,17.1,49.9,4.53,33.83333333,19.63333333,27.79,20.1,35,18.16666667,39.82666667,4.5,762.9,57,7,27,-3.4
110,0,19.53333333,33.26,19,31.66666667,20.3925,33.595,19.29,32.12666667,17.1,49.56666667,4.656666667,33.96,19.76,27.66333333,20.23,34.76,18.1,39.86333333,4.62,762.85,56.16666667,7,27.16666667,-3.48
660,0,19.6,33.2,19.03333333,31.95666667,20.23,33.43333333,19.32333333,32.09,17.1,49.22333333,4.833333333,34.06,19.92666667,27.46333333,20.35666667,34.56666667,18.16666667,39.79,4.73,762.8,55.33333333,7,27.33333333,-3.57
610,0,19.82333333,34.96666667,19.125,32.2225,20.39,34.32333333,19.39,32.09,17.1,48.96333333,4.966666667,32.66666667,20.06666667,27.39,20.53333333,34.33333333,18.2,39.9,4.85,762.75,54.5,7,27.5,-3.65
390,0,19.89,34.96666667,19.2,32.46666667,20.53,35.19666667,19.46333333,32.09,17.1,48.76,5.03,32.83,20.23,27.2,20.66666667,34.12666667,18.2,39.9,4.97,762.7,53.66666667,7,27.66666667,-3.73
360,0,20.03333333,34.86666667,19.29,32.73,20.96,36.13,19.5,32.09,17.1,48.7,5.156666667,31.62333333,20.35666667,27.06666667,20.86,33.86333333,18.2,39.79,5.08,762.65,52.83333333,7,27.83333333,-3.82
260,0,20.16666667,33.92666667,19.29,32.79,21.29333333,37.05666667,19.5,32.03,17.1,48.56,5.333333333,31.69333333,20.53333333,27.06666667,21.06666667,33.73,18.2,39.73,5.2,762.6,52,7,28,-3.9
250,0,20.23,33.43,19.29,32.76,21.66333333,37.89,19.5,32,17.1,48.43333333,5.4,30.63333333,20.66666667,26.92666667,21.23,33.43,18.2,39.66333333,5.27,762.55,52,6.833333333,30,-3.87
220,0,20.35666667,33.15666667,19.29,32.7,21.85666667,38.22333333,19.5,32,17.1,48.26,5.433333333,30.59333333,20.82333333,26.79,21.29,33.15666667,18.2,39.4975,5.33,762.5,52,6.666666667,32,-3.83
150,10,20.42666667,34.06666667,19.39,32.62666667,22.06666667,37.56666667,19.5,32.03,17.1,48.12666667,5.56,30.66666667,20.96333333,26.73,21.46,32.96666667,18.26,39.4,5.4,762.45,52,6.5,34,-3.8
100,0,20.56666667,34.4,19.39,32.76,21.92666667,36.49333333,19.5,32.09,17.1,48,5.745,28.245,21.1,26.56666667,21.625,32.7225,18.29,39.26,5.47,762.4,52,6.333333333,36,-3.77
600,0,20.6,34.32666667,19.39,33.23,21.76,35.49,19.6,32.06,17.1,47.93333333,5.8,27.76333333,21.1975,26.3425,21.76,32.53,18.29,39.2,5.53,762.35,52,6.166666667,38,-3.73
590,0,20.6975,35,19.32333333,33.36333333,21.63333333,35.29,19.6,31.92666667,17.1,47.9,5.933333333,27.43,21.35666667,26.23,21.89,32.36333333,18.35666667,39,5.6,762.3,52,6,40,-3.7
370,0,20.79,35.26,19.29,33.43333333,21.76333333,35.62666667,19.6,31.89,17.1,47.9,5.9,25.16666667,21.5,26.03,21.96333333,32.23,18.29,38.93333333,5.68,762.2833333,50.83333333,6,40,-3.93
290,0,20.92666667,35.43333333,19.29,33.56,21.96333333,35.7,19.6,31.82333333,17.1,47.9,5.9,25.62666667,21.63333333,25.82333333,22.13333333,32.02333333,18.39,38.76,5.77,762.2666667,49.66666667,6,40,-4.17
230,0,21.06666667,35.43333333,19.29,33.62666667,22.13333333,35.76,19.63333333,31.86,17.1,47.9,6.03,26.23333333,21.73,25.6,22.26,31.82333333,18.39,38.7,5.85,762.25,48.5,6,40,-4.4
250,0,21.2,35.16333333,19.29,33.7,22.32666667,35.7,19.7,32.13333333,17.1,47.82666667,6.156666667,24.96666667,21.85666667,25.53333333,22.42666667,31.56666667,18.39,38.7,5.93,762.2333333,47.33333333,6,40,-4.63
210,0,21.26,35.03,19.39,33.7,22.42666667,35.5,19.7,32.29,17.1,47.76,6.123333333,24.73,22.03333333,25.29,22.5,31.36,18.39,38.7,6.02,762.2166667,46.16666667,6,40,-4.87
130,0,21.42666667,34.79,19.39,33.7,22.5,35.36,19.76,32.29,17.1,47.7,6.19,24.52333333,22.1,25.23,22.6,31.03,18.46333333,38.76,6.1,762.2,45,6,40,-5.1
90,0,21.5,34.73,19.42666667,33.7,22.53333333,35.02666667,19.73,32.13333333,17.1,47.59,6.226666667,23.96333333,22.23,25,22.72666667,31.03,18.46333333,38.5,6.1,762.2333333,45.16666667,5.833333333,40,-5.03
580,0,21.6,34.62666667,19.5,33.76,22.575,34.8725,19.79,32,17.1,47.53,6.366666667,23.55666667,22.35666667,25,22.79,31.03,18.5,38.5,6.1,762.2666667,45.33333333,5.666666667,40,-4.97
610,0,21.66666667,34.56666667,19.53333333,33.9,22.5,34.93,19.79,31.84,17.1,47.5,6.5,23.86,22.42666667,24.85666667,22.85666667,30.89,18.5,38.43333333,6.1,762.3,45.5,5.5,40,-4.9
390,0,21.7,33.79666667,19.6,33.9,22.66333333,36.23333333,19.79,31.7,17.1,47.5,6.5,24.06666667,22.56666667,24.73,22.92666667,30.6,18.5,38.4,6.1,762.3333333,45.66666667,5.333333333,40,-4.83
320,0,21.7,33.39,19.65,33.79,22.85666667,37.09333333,19.79,31.63333333,17.1,47.4,6.4,24.19,22.63333333,24.6,23,30.46,18.5,38.32666667,6.1,762.3666667,45.83333333,5.166666667,40,-4.77
290,0,21.73,33.02666667,19.7,33.56,23.23,37.92666667,19.79,31.6,17.16666667,47.32666667,6.4,24.26333333,22.7,24.46,23.03333333,30.29,18.5,38.29,6.1,762.4,46,5,40,-4.7
270,0,21.79,32.82666667,19.7,33.43333333,23.35666667,38.4,19.79,31.53333333,17.1,47.26,6.366666667,23.96666667,22.79,24.26,23.1,30.23,18.5,38.23,6.07,762.4166667,46.66666667,5,40,-4.57
240,0,21.73,32.93333333,19.79,33.26,23.6,38.46666667,19.79,31.46333333,17.16666667,47.2,6.3,22.76,22.79,24.13333333,23.1,30.06666667,18.5,38.2,6.03,762.4333333,47.33333333,5,40,-4.43
230,0,21.79,33.66,19.79,33.2,23.53333333,37.33333333,19.79,31.39,17.1,47.09,6.3,23.75,22.82333333,24,23.1,30,18.55,38.2,6,762.45,48,5,40,-4.3
190,0,21.79,33.7,19.79,33.2,23.5,36.05666667,19.76,31.42666667,17.1,47.09,6.3,25.22333333,22.89,23.92666667,23.1,29.89,18.56666667,38.2,5.97,762.4666667,48.66666667,5,40,-4.17
70,0,21.79,33.56666667,19.79,33.06666667,23.5,35.39,19.76,31.56666667,17.1,47,6.226666667,24.82333333,22.79,23.66666667,23.1,29.82333333,18.6,38.03,5.93,762.4833333,49.33333333,5,40,-4.03
50,0,21.79,33.33333333,19.79,32.9,23.5,35.13333333,19.73,31.73,17.16666667,46.93333333,6.19,25.63,22.84,23.575,23.1,29.7,18.53333333,38.09,5.9,762.5,50,5,40,-3.9
50,0,21.79,33,19.79,32.82666667,23.36,34.72666667,19.79,31.93,17.2,46.76,6.123333333,26.63,22.79,23.42666667,23.1,29.675,18.6,38.09,5.67,762.5833333,52,4.833333333,40,-3.63
60,0,21.7,32.645,19.89,32.72333333,23.06666667,34.33333333,19.79,32,17.2,46.595,6.06,26.56333333,22.79,23.29,23.03333333,29.6,18.6,38.09,5.43,762.6666667,54,4.666666667,40,-3.37
410,0,21.7,32.43333333,19.89,32.39,22.86,34.06666667,19.73,31.92666667,17.2,46.43333333,5.933333333,26.95666667,22.73,23.29,22.96333333,29.6,18.5,38.2,5.2,762.75,56,4.5,40,-3.1
340,0,21.63333333,32.43333333,19.79,32.03,22.66666667,33.9,19.7,31.85666667,17.2,46.22333333,5.763333333,28.29666667,22.66666667,23.26,22.89,29.72666667,18.56666667,38.2,4.97,762.8333333,58,4.333333333,40,-2.83
280,0,21.6,32.92666667,19.73,32.16333333,22.66666667,34.3,19.7,31.85666667,17.2,46.03,5.623333333,29.82333333,22.53333333,23.2,22.89,30.13,18.5,38.2,4.73,762.9166667,60,4.166666667,40,-2.57
300,20,21.6,33.26,19.66666667,32.32666667,22.96,35.13333333,19.7,32.12666667,17.26,46.06,5.296666667,32.86,22.46333333,23.23,22.89,30.53,18.5,38.2,4.5,763,62,4,40,-2.3
280,20,21.6,32.86333333,19.6,32.52666667,23.1,35.52666667,19.7,32.33333333,17.2,46,4.896666667,34.46666667,22.32333333,23.29,22.89,30.86,18.5,38.23,4.18,763.0666667,64,3.833333333,38,-2.2
510,20,21.53333333,32.99,19.56666667,32.69333333,23.23,35.73,19.7,32.53,17.2,45.96666667,4.56,36.16,22.16666667,23.32333333,22.89,31.13333333,18.5,38.29,3.87,763.1333333,66,3.666666667,36,-2.1
530,20,21.5,33.75666667,19.5,33.16,23.2225,35.42,19.7,32.66333333,17.2,45.9,4.366666667,37.43333333,22.03333333,23.46333333,22.89,31.46,18.5,38.29,3.55,763.2,68,3.5,34,-2
210,20,21.5,34.63,19.39,34.2,23.2,34.96333333,19.7,32.79,17.2,46.06666667,4.126666667,38.96666667,21.96333333,23.56666667,22.89,31.72666667,18.5,38.29,3.23,763.2666667,70,3.333333333,32,-1.9
260,10,21.5,36.36,19.39,35.92666667,23.39,35.06,19.79,32.83333333,17.2,46.4,3.933333333,40.1,21.89,23.76,22.89,32.06666667,18.5,38.29,2.92,763.3333333,72,3.166666667,30,-1.8
110,10,21.56666667,38.02666667,19.39,36.75,23.26333333,34.93333333,19.79,32.76,17.2,46.8,3.76,41.39666667,21.79,24.03333333,22.82333333,32.12666667,18.42666667,38.23,2.6,763.4,74,3,28,-1.7
100,10,21.5,37.83333333,19.29,37,23.06666667,34.86333333,19.76,33.19333333,17.2,47.19333333,3.626666667,42.06333333,21.73,24.03333333,22.76,32.09666667,18.46333333,38.26,2.42,763.4333333,74.5,3,27.66666667,-1.77
90,20,21.56666667,37.36,19.29,36.8,23,34.79,19.7,33.46666667,17.2,47.4,3.3,43.045,21.56666667,24.03333333,22.7,32.43,18.39,38.2,2.23,763.4666667,75,3,27.33333333,-1.83
80,0,21.6,37.06,19.29,36.43,22.76,34.66333333,19.7,33.4,17.26,47.46666667,2.9,44.5,21.5,24.16666667,22.7,32.76666667,18.39,38.23,2.05,763.5,75.5,3,27,-1.9
100,10,21.6,36.86,19.29,36.29,22.63333333,34.53,19.7,33.4,17.29,47.36333333,2.5,44.83333333,21.35666667,24.23,22.76,33.1,18.39,38.29,1.87,763.5333333,76,3,26.66666667,-1.97
90,10,21.6,36.69333333,19.29,36.16333333,22.5,34.5,19.6,33.26,17.23,47.23,1.9,45.76666667,21.29,24.35666667,22.79,33.46333333,18.39,38.29,1.68,763.5666667,76.5,3,26.33333333,-2.03
130,20,21.6,36.3,19.29,36.03,22.42666667,34.43333333,19.6,33.2,17.5,56.79,1.493333333,46.83333333,21.2,24.42666667,22.79,33.66333333,18.39,38.03,1.5,763.6,77,3,26,-2.1
120,30,21.6,35.99666667,19.39,35.89,22.39,34.4,19.63333333,33.66666667,18.16666667,73.73,1.066666667,48.73333333,21.13333333,24.56666667,22.79,34.03,18.39,38.03,1.25,763.6,77.5,2.833333333,25.33333333,-2.25
110,20,21.6,35.53,19.39,36.49666667,22.39,34.46666667,19.96666667,34.13333333,18.03333333,61,1,51.12666667,21.05,24.7,22.79,34.22333333,18.39,37.96333333,1,763.6,78,2.666666667,24.66666667,-2.4
110,30,21.6,35.46666667,19.5,37.09,22.35666667,34.62666667,20.63,34.06,18.175,54.445,0.6,51.23,21,24.79,22.79,34.45,18.39,38.09,0.75,763.6,78.5,2.5,24,-2.55
100,20,21.625,35.4,19.5,36.96333333,22.29,34.7,21.09666667,33.86,18.26,51.06666667,0.133333333,51.56333333,20.92666667,24.85666667,22.73,34.65666667,18.39,38.2,0.5,763.6,79,2.333333333,23.33333333,-2.7
80,20,21.7,35.32666667,19.6,36.66333333,22.26,34.7,21.63333333,33.49666667,18.42666667,48.59666667,-0.4,52.79333333,20.85666667,24.89,22.79,34.93,18.39,38.26,0.25,763.6,79.5,2.166666667,22.66666667,-2.85
80,20,21.79,35.16333333,19.6,36.53,22.2,34.7,21.7,32.89,18.5,47.19666667,-0.8,53.73333333,20.79,24.89,22.79,35.26666667,18.35666667,38.29,0,763.6,80,2,22,-3
80,30,21.79,35.03,19.7,36.46666667,22.1,34.7,21.6,32.59,18.6,45.63,-1.066666667,54.82333333,20.7,25,22.79,35.46666667,18.29,38.36333333,-0.0333,763.5666667,80.83333333,1.833333333,21.66666667,-2.92
110,20,21.82333333,34.96666667,19.7,36.32666667,22.03333333,34.62666667,21.46,32.46333333,18.66666667,44.63,-1.26,55.82333333,20.63333333,25,22.73,35.62666667,18.35666667,38.29,-0.0667,763.5333333,81.66666667,1.666666667,21.33333333,-2.83
110,20,21.89,34.9,19.7,36.26,21.96333333,34.59,21.39,32.43333333,18.73,43.62333333,-1.533333333,56.72666667,20.6,25.03333333,22.79,35.7,18.35666667,38.29,-0.1,763.5,82.5,1.5,21,-2.75
110,30,21.89,34.76,19.7,36.12666667,21.89,34.59,21.32333333,32.43333333,18.79,43.03,-1.6,57.8,20.53333333,25.1,22.79,35.79,18.29,38.29,-0.133,763.4666667,83.33333333,1.333333333,20.66666667,-2.67
110,20,21.89,34.7,19.7,36,21.89,34.645,21.2,32.29,18.82333333,42.4,-1.6,59.29333333,20.5,25.13333333,22.79,35.86333333,18.29,38.29,-0.167,763.4333333,84.16666667,1.166666667,20.33333333,-2.58
100,20,21.89,34.56,19.7,36,21.85666667,34.66333333,21.1,32.2,18.89,42.06666667,-1.6975,59.795,20.42666667,25.2,22.79,36.09,18.29,38.29,-0.2,763.4,85,1,20,-2.5
90,30,21.89,34.43333333,19.745,35.845,21.79,34.53,21.1,32.2,19,41.6,-1.93,60.23333333,20.39,25.23,22.79,36.22333333,18.29,38.23,-0.4,763.4666667,85.83333333,1.166666667,27.16666667,-2.55
60,20,21.96333333,34.5,19.76,35.96333333,21.79,34.53,21,32.19333333,19,41.32666667,-1.76,62.36,20.39,25.43,22.82333333,36.36,18.29,38.16333333,-0.6,763.5333333,86.66666667,1.333333333,34.33333333,-2.6
50,20,21.89,34.7,19.7,36.16333333,21.73,34.72333333,21,32.52666667,19,41.4,-1.76,62.56666667,20.39,25.86,22.82333333,36.5,18.29,38.09,-0.8,763.6,87.5,1.5,41.5,-2.65
70,20,21.92666667,34.7,19.7,36.32666667,21.66666667,34.93333333,21.09666667,33.06666667,19,41.32666667,-1.833333333,63.75666667,20.39,26.13333333,22.79,36.62666667,18.29,38.26666667,-1,763.6666667,88.33333333,1.666666667,48.66666667,-2.7
60,30,21.92666667,34.7,19.7,36.46666667,21.6,35.06,21.49666667,33.46666667,19,41.16333333,-1.633333333,65.43,20.39,26.36,22.73,36.83333333,18.29,38.4975,-1.2,763.7333333,89.16666667,1.833333333,55.83333333,-2.75
60,20,21.89,34.73,19.6,36.53,21.5,35.23,22.06666667,33.59,19,41.09,-1.5,66.42666667,20.39,26.56666667,22.66666667,37.03,18.29,38.66333333,-1.4,763.8,90,2,63,-2.8
60,20,21.89,34.79,19.6,36.66333333,21.5,35.29,22.32666667,33.39,19.03333333,41,-1.566666667,66.69333333,20.39,26.76333333,22.6,37.22333333,18.29,38.7,-1.33,763.7666667,90.33333333,1.833333333,62.83333333,-2.68
40,20,21.89,34.82666667,19.6,36.79,21.39,35.29,22.26,33.16333333,19.03333333,40.93333333,-1.7,67.03333333,20.32333333,26.96333333,22.6,37.56666667,18.29,38.7,-1.27,763.7333333,90.66666667,1.666666667,62.66666667,-2.57
40,20,21.89,34.9,19.53333333,36.86333333,21.39,35.29,22.2,33.16333333,19.1,40.96666667,-1.76,67.1,20.29,27.15,22.6,37.83333333,18.29,38.7,-1.2,763.7,91,1.5,62.5,-2.45
40,30,21.79,34.9,19.5,37.03,21.29,35.2,22.1,33.3,19.075,40.8725,-1.826666667,68.26333333,20.26,27.32333333,22.5,38.15666667,18.29,38.7,-1.13,763.6666667,91.33333333,1.333333333,62.33333333,-2.33
40,20,21.79,34.9975,19.42666667,37.09,21.23,35.2,22.03333333,33.5,19,40.79,-1.966666667,68.45666667,20.2,27.39,22.5,38.565,18.29,38.79,-1.07,763.6333333,91.66666667,1.166666667,62.16666667,-2.22
70,20,21.79,35.09,19.39,37.12666667,21.16666667,35.09,21.85666667,33.7,19,40.7,-2.066666667,68.43333333,20.2,27.53333333,22.5,39.06333333,18.29,38.86333333,-1,763.6,92,1,62,-2.1
60,20,21.76,35.29,19.32333333,37.2,21.1,35.16333333,21.79,33.76,19,40.7,-2.126666667,69.03333333,20.2,27.6,22.39,39.43333333,18.29,38.9,-1.12,763.55,92.66666667,1,60,-2.12
60,20,21.7,35.43,19.29,37.29,21.1,35.29,21.76,33.9,18.92666667,40.59,-2.09,69.69,20.2,27.73,22.39,39.5,18.29,38.9,-1.23,763.5,93.33333333,1,58,-2.13
60,30,21.66666667,35.43,19.23,37.29,21.1,35.29,21.7,33.96666667,19,40.59,-2.1175,69.57,20.2,27.85666667,22.29,39.59,18.29,39,-1.35,763.45,94,1,56,-2.15
60,20,21.6,35.29,19.2,37.32666667,21.1,35.32666667,21.66666667,34.06,18.96333333,40.59,-2.2,70.06333333,20.2,27.92666667,22.29,39.59,18.29,38.93333333,-1.47,763.4,94.66666667,1,54,-2.17
60,20,21.6,35.4,19.13333333,37.4,21.1,35.32666667,21.6,34.06,18.89,40.53,-2.2,69.89333333,20.13333333,28,22.2,39.59,18.29,38.86333333,-1.58,763.35,95.33333333,1,52,-2.18
50,20,21.53333333,35.32666667,19.06666667,37.5,21,35.29,21.55,34.2,18.89,40.5,-2.26,69.96,20.1,28.1,22.2,39.59,18.29,38.79,-1.7,763.3,96,1,50,-2.2
60,30,21.5,35.4,19,37.5,21,35.26,21.5,34.23,18.82333333,40.43333333,-2.566666667,68.79666667,20.1,28.16666667,22.1,39.73,18.29,38.86333333,-1.83,763.25,96,1,47.5,-2.35
60,20,21.42666667,35.32666667,18.89,37.59,21,35.2,21.5,34.29,18.79,40.29,-2.833333333,68.65666667,20.1,28.2,22.03333333,39.86333333,18.29,38.86333333,-1.97,763.2,96,1,45,-2.5
60,10,21.39,35.83,18.79,37.53,21,35.23,21.39,34.12666667,18.79,40.29,-3.03,68.62333333,20.03333333,28.2,22.06666667,40.23,18.29,38.76,-2.1,763.15,96,1,42.5,-2.65
50,0,21.32333333,36.03,18.79,37.53,20.92666667,35.23,21.32333333,34.26,18.79,40.29,-3.223333333,68.76333333,20,28.29,22,40.36333333,18.29,38.7,-2.23,763.1,96,1,40,-2.8
20,0,21.29,36.15666667,18.76,37.59,20.96333333,35.26,21.26,34.16333333,18.79,40.29,-3.29,69.15666667,20,28.29,21.96333333,40.59,18.29,38.7,-2.37,763.05,96,1,37.5,-2.95
20,0,21.29,36.29,18.7,37.59,20.89,35.2,21.13333333,34.09,18.7,40.26,-3.29,69.75666667,20,28.39,21.89,40.59,18.29,38.73,-2.5,763,96,1,35,-3.1
30,0,21.2,36.26,18.7,37.5,20.85666667,35.09,21.06666667,34.09,18.76,40.2,-3.26,69.96333333,20,28.39,21.89,40.82666667,18.29,38.86333333,-2.53,763,96,1.166666667,35.33333333,-3.13
40,0,21.2,36.2,18.7,37.5,20.85666667,35.16333333,21,34.09,18.7,40.2,-3.26,69.82333333,19.89,28.39,21.82333333,40.96666667,18.29,39,-2.57,763,96,1.333333333,35.66666667,-3.17
50,0,21.16666667,36.09,18.6,37.2,20.82333333,35.26666667,20.85666667,34.09,18.7,40.2,-3.4,69.76,19.89,28.46333333,21.79,41.22666667,18.29,38.93333333,-2.6,763,96,1.5,36,-3.2
50,0,21.1,36.09,18.6,37.12666667,20.89,35.4,20.79,34.09,18.7,40.2,-3.466666667,69.96666667,19.89,28.5,21.79,41.56,18.29,38.9,-2.63,763,96,1.666666667,36.33333333,-3.23
50,0,21.1,36.09,18.5,37.06,20.89,35.43333333,20.66666667,34.09,18.7,40.2,-3.433333333,70.15666667,19.89,28.525,21.7,41.76666667,18.29,38.82666667,-2.67,763,96,1.833333333,36.66666667,-3.27
60,0,21.03333333,35.96333333,18.5,37,20.89,35.5,20.6,34.09,18.65,40.1,-3.5,70.03,19.89,28.66666667,21.76,41.96666667,18.29,38.82666667,-2.7,763,96,2,37,-3.3
40,0,21,35.845,18.39,36.9,20.89,35.5,20.5,34,18.6,40.09,-3.5,70.65,19.79,28.6,21.7,42.1,18.29,38.82666667,-2.75,762.9166667,96,2,36,-3.33
40,0,20.96333333,35.79,18.39,36.9,20.96333333,35.5,20.42666667,34,18.6,40.09,-3.59,70.53,19.79,28.6,21.66666667,42.16333333,18.29,38.82666667,-2.8,762.8333333,96,2,35,-3.37
50,0,20.89,35.79,18.35666667,36.9,21,35.59,20.39,34,18.6,40.09,-3.463333333,70.92333333,19.79,28.6,21.6,42.03,18.29,38.82666667,-2.85,762.75,96,2,34,-3.4
40,0,20.85666667,35.76,18.29,36.96666667,21,35.66333333,20.32333333,34,18.6,40.09,-3.4,71.19333333,19.79,28.66666667,21.6,41.86333333,18.29,38.73,-2.9,762.6666667,96,2,33,-3.43
40,0,20.79,35.7,18.29,37,21,35.7,20.26,33.96666667,18.56666667,40.09,-3.4,71.46666667,19.76,28.7,21.6,41.73,18.29,38.73,-2.95,762.5833333,96,2,32,-3.47
60,0,20.79,35.7,18.29,37.06,21,35.7,20.2,33.9,18.56666667,40.09,-3.4,71.59,19.7,28.7,21.6,41.66333333,18.29,38.73,-3,762.5,96,2,31,-3.5
30,0,20.79,35.7,18.2,37.09,21,35.745,20.2,33.9,18.5,40.09,-3.4,71.65666667,19.7,28.7,21.53333333,41.59,18.29,38.73,-3,762.45,96.16666667,2,31.33333333,-3.48
30,0,20.7,35.7,18.2,37.16333333,21,35.7,20.1,33.9,18.5,40.09,-3.363333333,72.13333333,19.7,28.76,21.56666667,41.43333333,18.29,38.7,-3,762.4,96.33333333,2,31.66666667,-3.47
20,0,20.7,35.7,18.1,37.245,21,35.7,20.03333333,33.82666667,18.5,40.09,-3.29,72.4,19.7,28.79,21.5,41.43333333,18.29,38.76,-3,762.35,96.5,2,32,-3.45
30,0,20.66666667,35.66333333,18.1,37.29,21,35.79,20,33.79,18.5,40.09,-3.26,72.35666667,19.7,28.79,21.46333333,41.33333333,18.29,38.9,-3,762.3,96.66666667,2,32.33333333,-3.43
50,0,20.6,35.59,18.03333333,37.23,21,35.86333333,19.92666667,33.79,18.42666667,40.03,-3.066666667,73.09666667,19.6,28.73,21.39,41.2,18.23,38.82666667,-3,762.25,96.83333333,2,32.66666667,-3.42
40,0,20.6,35.56,18,37.29,20.89,35.93333333,19.89,33.79,18.42666667,40.03,-2.723333333,73.93,19.6,28.79,21.42666667,41.12666667,18.29,38.845,-3,762.2,97,2,33,-3.4
40,0,20.53333333,35.5,18,37.29,20.89,35.93333333,19.82333333,33.73,18.39,40,-2.463333333,74.45666667,19.6,28.79,21.42666667,41.06666667,18.29,38.9,-2.72,762.1333333,97.16666667,2,33,-3.1
50,0,20.5,35.59,17.89,37.43333333,20.89,36,19.79,33.7,18.39,40,-2.163333333,75.03333333,19.6,28.79,21.39,40.96666667,18.29,38.9,-2.43,762.0666667,97.33333333,2,33,-2.8
50,0,20.42666667,35.53,17.89,37.5,20.89,36,19.79,33.7,18.39,40,-1.963333333,75.43333333,19.6,28.89,21.39,40.9,18.29,38.9,-2.15,762,97.5,2,33,-2.5
50,0,20.39,35.5,17.89,37.53,20.89,36,19.7,33.79,18.39,40,-1.745,75.745,19.53333333,28.96333333,21.29,40.86333333,18.29,38.9,-1.87,761.9333333,97.66666667,2,33,-2.2
40,0,20.39,35.5,17.82333333,37.53,20.96333333,36,19.7,33.79,18.32333333,40.09,-1.566666667,76.26,19.5,29,21.29,40.79,18.29,38.93333333,-1.58,761.8666667,97.83333333,2,33,-1.9
40,0,20.29,35.5,17.79,37.53,21,36,19.7,33.79,18.32333333,40.09,-1.5,76.52666667,19.5,29.025,21.29,40.79,18.29,39,-1.3,761.8,98,2,33,-1.6
50,0,20.29,35.56,17.79,37.59,21,36,19.63333333,33.79,18.34,40.09,-1.356666667,76.79333333,19.5,29.1,21.23,40.79,18.29,39,-1.18,761.75,98,2,32.5,-1.48
50,0,20.29,35.59,17.7,37.62666667,20.96333333,36.03,19.6,33.79,18.29,40.09,-1.29,77.06,19.5,29.1,21.2,40.79,18.23,38.93333333,-1.07,761.7,98,2,32,-1.37
40,0,20.23,35.53,17.7,37.7,20.89,36.09,19.6,33.79,18.29,40.16333333,-1.2,77.12333333,19.42666667,29.1,21.2,40.845,18.29,39,-0.95,761.65,98,2,31.5,-1.25
30,0,20.23,35.53,17.7,37.79,20.96333333,36.09,19.56666667,33.79,18.29,40.2,-1.133333333,77.39666667,19.46333333,29.16666667,21.2,40.79,18.23,38.93333333,-0.833,761.6,98,2,31,-1.13
30,0,20.2,35.5,17.7,37.86333333,20.89,36.09,19.5,33.79,18.29,40.2,-1.066666667,77.72666667,19.39,29.16666667,21.13333333,40.9,18.2,39,-0.717,761.55,98,2,30.5,-1.02
40,0,20.2,35.5,17.7,37.9,20.89,36.09,19.5,33.82666667,18.23,40.23,-0.933333333,77.93333333,19.39,29.2,21.13333333,40.9,18.2,39,-0.6,761.5,98,2,30,-0.9
30,10,20.2,35.53,17.63333333,37.9,20.89,36.16333333,19.42666667,33.82666667,18.29,40.43,-0.866666667,78.06333333,19.39,29.2,21.1,41,18.2,39.23,-0.55,761.4333333,97.83333333,2.166666667,30.5,-0.867
70,20,20.13333333,35.59,17.6,37.86333333,20.84,36.145,19.39,33.79,18.2,40.89,-0.733333333,78.26333333,19.35666667,28.85666667,21.1,40.8,18.2,39.29,-0.5,761.3666667,97.66666667,2.333333333,31,-0.833
70,30,20.1,35.62666667,17.6,37.65666667,20.7,36,19.56666667,34.22666667,18.2,41.22333333,-0.666666667,78.6,19.29,28.73,21.06666667,40.23333333,18.2,39.16333333,-0.45,761.3,97.5,2.5,31.5,-0.8
50,20,20.1,35.7,17.7,37.545,20.7,35.93333333,19.82666667,34.5,18.1,41.53,-0.533333333,78.86666667,19.2,28.46333333,21,39.69333333,18.2,39.03,-0.4,761.2333333,97.33333333,2.666666667,32,-0.767
60,10,20.1,35.56,17.7,37.36333333,20.7,35.86333333,20,34.06,18.1,41.46333333,-0.366666667,79.13333333,19.2,28.32333333,20.96333333,39.22333333,18.2,38.66333333,-0.35,761.1666667,97.16666667,2.833333333,32.5,-0.733
90,0,20.1,35.56,17.7,37.29,20.63333333,35.73,20.06666667,34,18.1,41.06666667,-0.233333333,79.4,19.1,28.29,20.89,38.96333333,18.2,38.59,-0.3,761.1,97,3,33,-0.7
70,0,20.06666667,35.76,17.7,37.4,20.63333333,35.7,20,33.63333333,18.1,41.46,-0.066666667,79.72666667,19.1,28.29,20.89,38.63333333,18.2,38.495,-0.15,761.0333333,96.33333333,3,34.5,-0.65
70,0,20,35.7,17.7,37.46666667,20.63333333,35.62666667,19.92666667,33.43333333,18,41.86,0.1,79.9725,19.1,28.2,20.82333333,38.36,18.16666667,38.16333333,-5.55E-17,760.9666667,95.66666667,3,36,-0.6
50,0,20,35.62666667,17.7,37.46666667,20.6,35.5,19.89,33.26,18,42.13333333,0.266666667,80.23,19.03333333,28.13333333,20.79,38.16333333,18.16666667,37.96333333,0.15,760.9,95,3,37.5,-0.55
60,0,20,35.7,17.7,37.4,20.53333333,35.43333333,19.82333333,33.12666667,17.89,42.36,0.4,80.33333333,19,28.13333333,20.73,37.96333333,18.1,37.76,0.3,760.8333333,94.33333333,3,39,-0.5
140,0,20,35.73,17.7,37.4,20.5,35.4,19.76,33,17.89,42.56,0.533333333,80.4,19,28.2,20.7,37.79,18.1,37.56666667,0.45,760.7666667,93.66666667,3,40.5,-0.45
170,10,20,35.79,17.7,37.32666667,20.5,35.4,19.7,33.06,17.89,42.65666667,0.866666667,80.56333333,19,28.2,20.7,37.65666667,18.13333333,37.56666667,0.6,760.7,93,3,42,-0.4
50,0,20,35.7,17.7,37.16333333,20.5,35.26,19.66666667,33,17.82333333,42.73,1.133333333,80.83,19,28.2225,20.6,37.46666667,18.2,37.96,0.8,760.5833333,92,3.5,45.16666667,-0.367
30,0,20,35.62666667,17.7,37.16333333,20.5,35.12666667,19.6,33,17.79,42.79,1.46,81.03,19,28.29,20.6,37.4,18.2,38.69333333,1,760.4666667,91,4,48.33333333,-0.333
50,0,20,35.645,17.73,37.2,20.46333333,35.02666667,19.56666667,33,17.79,42.9,1.666666667,81.03,18.89,28.39,20.6,37.36333333,18.2,38.96666667,1.2,760.35,90,4.5,51.5,-0.3
50,0,19.89,35.7,17.79,37.2,20.39,34.96666667,19.5,33,17.79,42.96666667,2.03,80.96666667,18.89,28.39,20.53333333,37.29,18.2,39.23,1.4,760.2333333,89,5,54.66666667,-0.267
50,0,19.96333333,35.7,17.79,37.26,20.39,34.93,19.5,33.09,17.79,43,2.223333333,80.76,18.89,28.39,20.5,37.2,18.2,39.29,1.6,760.1166667,88,5.5,57.83333333,-0.233
50,0,19.89,35.79,17.85666667,37.2,20.32333333,34.79,19.5,33.03,17.79,43.06,2.656666667,80.59,18.89,28.39,20.5,37.16333333,18.2,39.26,1.8,760,87,6,61,-0.2
40,0,19.89,35.73,18,36.96666667,20.29,34.7,19.42666667,33.03,17.7,43.09,2.99,80.25666667,18.89,28.42666667,20.42666667,37.03,18.2,39,2.03,759.85,86,6,61.66666667,-0.133
50,10,19.89,35.76,18.06666667,36.9,20.29,34.7675,19.4175,33.0225,17.7,43.09,3.3,78.39666667,18.89,28.5,20.39,37,18.2,38.72333333,2.27,759.7,85,6,62.33333333,-0.0667
50,0,19.89,35.83333333,18.13333333,36.83333333,20.29,34.86333333,19.39,33,17.7,43.03,3.633333333,75.92333333,18.89,28.5,20.39,36.93333333,18.2,38.59,2.5,759.55,84,6,63,0
50,0,20,39.52666667,18.2,36.7,20.29,34.93333333,19.39,33,17.7,43.09,4.1,72.25666667,18.89,28.5,20.35666667,36.9,18.2,38.46666667,2.73,759.4,83,6,63.66666667,0.0667
60,10,20,38.52666667,18.245,36.845,20.29,35,19.39,33,17.7,43.09,4.366666667,68.79666667,18.89,28.5,20.29,36.82666667,18.2,38.26666667,2.97,759.25,82,6,64.33333333,0.133
100,0,20,37.83333333,18.29,36.76,20.29,35.09,19.32333333,33,17.7,43.09,4.545,65.2,18.89,28.5,20.29,36.76,18.13333333,38.02666667,3.2,759.1,81,6,65,0.2
70,10,20,37.76,18.29,36.62666667,20.29,35.09,19.32333333,33,17.7,43.09,4.59,63.23333333,18.79,28.5,20.29,36.7,18.13333333,37.76666667,3.28,758.9333333,81,6.333333333,57.5,0.283
370,10,20,37.56,18.29,36.56,20.26,34.76666667,19.29,33,17.7,43.16333333,4.59,62.23333333,18.79,28.5,20.26,36.66333333,18.2,37.545,3.37,758.7666667,81,6.666666667,50,0.367
50,10,19.92666667,37.36,18.29,36.43333333,20.13333333,34.89333333,19.29,33,17.6,43,4.793333333,62.55666667,18.79,28.5,20.26,36.66333333,18.1,37.4,3.45,758.6,81,7,42.5,0.45
20,0,19.92666667,37.46333333,18.32333333,36.4,20.32333333,35.65666667,19.29,33,17.6,43,5,62.89,18.79,28.5,20.2,36.56,18.1,37.32666667,3.53,758.4333333,81,7.333333333,35,0.533
50,0,19.92666667,37.66333333,18.39,36.4,20.39,35.65666667,19.29,33.13333333,17.6,43,5,63.63,18.79,28.63333333,20.2,36.5,18.1,37.16333333,3.62,758.2666667,81,7.666666667,27.5,0.617
120,0,19.89,37.5,18.39,36.4,20.39,35.79,19.26,33.26,17.6,43,5,64.49,18.79,28.7,20.13333333,36.59,18.1,37.09,3.7,758.1,81,8,20,0.7
100,10,19.89,37.36,18.39,36.32666667,20.39,35.86333333,19.2,33.26,17.6,42.96666667,4.866666667,64.76333333,18.79,28.79,20.13333333,36.59,18.1,37,3.67,757.9833333,82.16666667,8.166666667,24,0.85
70,0,20,39.03,18.39,36.6,20.39,35.86333333,19.2,33.43333333,17.6,42.96666667,4.726666667,65.16333333,18.745,28.865,20.1,36.7,18.1,36.93333333,3.63,757.8666667,83.33333333,8.333333333,28,1
50,0,20,37.95666667,18.39,37.13333333,20.39,35.79,19.2,33.56,17.6,43.09,4.623333333,66.49,18.73,28.96333333,20.1,36.7,18.1,36.86333333,3.6,757.75,84.5,8.5,32,1.15
60,0,20,37.49,18.39,37.26,20.39,35.79,19.2,33.73,17.6,43.2,4.69,67.15666667,18.7,29.13333333,20.06666667,36.7,18.1,36.79,3.57,757.6333333,85.66666667,8.666666667,36,1.3
60,0,20,37.195,18.39,37.12666667,20.39,35.79,19.2,33.86333333,17.6,43.2,4.626666667,67.95666667,18.7,29.2,20,36.62666667,18.1,36.76,3.53,757.5166667,86.83333333,8.833333333,40,1.45
60,0,20,37.09,18.39,37.06,20.39,35.79,19.2,34,17.6,43.2,4.5,69.62333333,18.7,29.32333333,20,36.62666667,18.03333333,36.62666667,3.5,757.4,88,9,44,1.6
60,0,20,36.96666667,18.46333333,37.06,20.39,35.79,19.2,34.06,17.6,43.2,4.4,71.83333333,18.7,29.39,19.9725,36.7225,18,36.59,3.52,757.1833333,89,8.833333333,43.5,1.78
70,0,20,36.82666667,18.5,37.09,20.35666667,35.79,19.16666667,34.23,17.56666667,43.2,4.333333333,73.16666667,18.7,29.42666667,19.96333333,36.79,18,36.59,3.53,756.9666667,90,8.666666667,43,1.97
130,0,20,36.83,18.5,37.09,20.29,35.79,19.1,34.3425,17.5,43.2,4.263333333,75.36,18.7,29.56666667,19.96333333,36.9,18,36.59,3.55,756.75,91,8.5,42.5,2.15
430,10,20,37.03,18.46333333,37.06,20.29,35.79,19.1,34.5,17.5,43.2,4.19,76.56666667,18.7,29.7,19.89,36.9,18,36.53,3.57,756.5333333,92,8.333333333,42,2.33
160,0,20.03333333,39.06666667,18.39,37,20.29,35.79,19.1,34.62666667,17.5,43.2,4.09,78.545,18.7,29.76,19.89,37,18,36.5,3.58,756.3166667,93,8.166666667,41.5,2.52
80,0,20.1,40.73333333,18.39,37.495,20.35666667,35.79,19.1,34.83333333,17.5,43.32666667,4.19,80.53333333,18.7,29.92666667,19.89,37,18,36.5,3.6,756.1,94,8,41,2.7
20,0,20.1,39.56666667,18.5,38.26666667,20.39,35.93333333,19.03333333,35.06666667,17.5,43.52666667,4.19,81.13333333,18.63333333,30,19.82333333,37.03,18,36.5,3.75,755.9333333,93.5,8.166666667,45,2.77
20,0,20.1,39.29333333,18.5,38.4,20.39,36,19.1,35.26,17.5,43.73,4.3,81.79333333,18.6,30.13333333,19.82333333,37.09,18,36.5,3.9,755.7666667,93,8.333333333,49,2.83
40,0,20.2,38.6,18.53333333,38.36333333,20.35666667,36.09,19.1,35.46333333,17.5,43.86333333,4.366666667,82.12666667,18.6,30.26,19.79,37.2,18,36.59,4.05,755.6,92.5,8.5,53,2.9
60,0,20.2,38.26666667,18.6,38.23,20.29,36.09,19.1,35.59,17.5,43.93333333,4.433333333,82.22666667,18.6,30.42666667,19.79,37.2,18,36.59,4.2,755.4333333,92,8.666666667,57,2.97
50,0,20.26,37.93,18.63333333,38.23,20.29,36.09,19.03333333,35.65666667,17.5,44,4.5,82.3,18.6,30.5,19.79,37.29,17.92666667,36.59,4.35,755.2666667,91.5,8.833333333,61,3.03
60,0,20.26,37.73,18.7,38.23,20.35666667,36.09,19.03333333,35.73,17.5,44,4.53,82.19,18.6,30.63333333,19.79,37.36333333,17.89,36.7,4.5,755.1,91,9,65,3.1
40,0,20.32333333,37.5,18.73,38.2,20.39,36.09,19.1,35.93333333,17.5,44,4.656666667,82.19,18.6,30.76,19.76,37.4,17.89,36.7,4.48,754.9666667,92,9,57.33333333,3.25
40,0,20.32333333,37.5,18.79,38.12666667,20.39,36.03,19.03333333,35.93333333,17.5,44,4.69,82.12333333,18.6,30.82333333,19.7,37.46666667,17.89,36.7,4.47,754.8333333,93,9,49.66666667,3.4
50,0,20.39,37.36333333,18.89,38.06,20.46333333,36.06,19,36,17.5,44.0675,4.69,82.33,18.6,30.9175,19.7,37.5,17.89,36.76,4.45,754.7,94,9,42,3.55
40,0,20.46333333,37.29,18.89,37.93333333,20.46333333,36.06,19,36.06,17.5,44.09,4.59,82.93,18.6,31.06666667,19.7,37.56,17.89,36.79,4.43,754.5666667,95,9,34.33333333,3.7
50,10,20.5,37.16333333,18.92666667,37.9,20.5,36.06,19,36.23,17.5,44.09,4.656666667,83.52333333,18.56666667,31.2,19.7,37.62666667,17.89,36.86333333,4.42,754.4333333,96,9,26.66666667,3.85
50,0,20.525,37.0675,19,37.82666667,20.5,36,19,36.36333333,17.5,44.09,4.69,83.99666667,18.5,31.32666667,19.7,37.7,17.89,36.9,4.4,754.3,97,9,19,4
50,0,20.6,36.93333333,19,37.76,20.5,36,19,36.43333333,17.5,44.09,4.69,84.33,18.6,31.42666667,19.7,37.73,17.89,36.96666667,4.5,754.1833333,96.5,9,26.5,4.02
50,0,20.63333333,36.9,19,37.7,20.5,36,19,36.56,17.5,44.09,4.726666667,84.62333333,18.6,31.56666667,19.63333333,37.79,17.89,37,4.6,754.0666667,96,9,34,4.03
50,0,20.7,36.9,19.03333333,37.7,20.5,36,19,36.645,17.5,44.09,4.825,84.8225,18.5,31.73,19.6,37.9,17.89,37,4.7,753.95,95.5,9,41.5,4.05
40,0,20.7,36.79,19.1,37.7,20.575,36,19,36.79,17.5,44.09,4.9,85.06,18.5,31.79,19.6,37.93333333,17.89,37.09,4.8,753.8333333,95,9,49,4.07
30,0,20.7,36.79,19.1,37.7,20.6,36,19,36.86333333,17.5,44.2,5,85.19,18.5,31.92666667,19.6,38,17.89,37.09,4.9,753.7166667,94.5,9,56.5,4.08
20,0,20.79,36.76,19.1,37.7,20.6,36,19,36.93333333,17.5,44.2,5.06,85.26333333,18.5,32.06,19.6,38.09,17.79,37.09,5,753.6,94,9,64,4.1
20,0,20.79,36.7,19.2,37.645,20.6,35.93333333,19,37.06,17.5,44.2,5.09,85.43333333,18.5,32.12666667,19.6,38.16333333,17.79,37.09,5.08,753.4666667,94.16666667,9.166666667,59.83333333,4.22
30,10,20.79,36.7,19.2,37.59,20.56666667,35.9,19,37.12666667,17.5,44.2,5.09,85.5,18.5,32.26,19.6,38.23,17.85666667,37.26,5.17,753.3333333,94.33333333,9.333333333,55.66666667,4.33
60,0,20.79,36.76,19.2,37.59,20.5,35.96666667,19,37.2,17.5,44.23,5.226666667,85.66,18.5,32.36,19.53333333,38.29,17.79,37.2225,5.25,753.2,94.5,9.5,51.5,4.45
80,0,20.79,37.09,19.2,37.82666667,20.5,36.03,19,37.42666667,17.5,44.29,5.3,85.8,18.5,32.5,19.56666667,38.56666667,17.79,37.29,5.33,753.0666667,94.66666667,9.666666667,47.33333333,4.57
90,0,20.79,37.16333333,19.2,37.9,20.5,36.16333333,19.06666667,37.96,17.42666667,44.36,5.4,85.8,18.5,32.53,19.56666667,39.16,17.79,37.32666667,5.42,752.9333333,94.83333333,9.833333333,43.16666667,4.68
100,0,20.79,37.2,19.2,38.03,20.53333333,36.29,19.1,38.26666667,17.5,44.56,5.4,85.8,18.5,32.66333333,19.63333333,39.59666667,17.79,37.4,5.5,752.8,95,10,39,4.8
110,10,20.79,37.26,19.2,38.16333333,20.6,36.36333333,19.1,38.46666667,17.5,44.73,5.5,86,18.5,32.82666667,19.76,39.93,17.79,37.5,5.57,752.8,95.16666667,9.833333333,40.5,4.88
570,30,20.89,37.43333333,19.2,38.29,20.6,36.43333333,19.1,38.62666667,17.42666667,44.73,5.56,86,18.5,32.9,19.92666667,40.23,17.79,37.5,5.63,752.8,95.33333333,9.666666667,42,4.97
430,20,20.89,37.76666667,19.2,38.29,20.6,36.56,19.16666667,38.9,17.42666667,44.86,5.59,86,18.5,33.03,20.06666667,40.43,17.79,37.53,5.7,752.8,95.5,9.5,43.5,5.05
280,10,20.89,41.13333333,19.23,38.6,20.6,36.76666667,19.29,39.2,17.445,45.05,5.656666667,86.06,18.5,33.1725,20.23,40.56666667,17.79,37.59,5.77,752.8,95.66666667,9.333333333,45,5.13
90,10,20.96333333,42.86,19.29,39.39333333,20.6,36.96666667,19.29,39.12666667,17.42666667,45.26,5.726666667,86.09,18.5,33.26,20.29,40.7,17.79,37.7,5.83,752.8,95.83333333,9.166666667,46.5,5.22
110,0,21.2,42.69666667,19.42666667,40.25666667,20.6,37.5,19.29,39.06,17.5,45.8,5.866666667,86.15666667,18.5,33.43333333,20.32333333,40.53,17.79,37.7,5.9,752.8,96,9,48,5.3
90,0,21.2675,41.9475,19.5,40.72333333,20.6,37.76,19.29,38.93333333,17.5,46.19333333,5.963333333,86.22666667,18.5,33.56,20.32333333,40.72333333,17.79,37.79,6.02,752.6833333,96,8.833333333,47.5,5.42
90,0,21.35666667,41.1,19.6,40.76,20.7,38.03,19.2,39,17.42666667,46.5,6.115,86.3,18.5,33.7,20.39,40.86,17.79,37.86333333,6.13,752.5666667,96,8.666666667,47,5.53
90,0,21.39,40.29666667,19.6,40.62666667,20.7,38.09,19.2,39.33333333,17.5,46.76,6.263333333,86.36666667,18.5,33.83333333,20.39,41.13333333,17.79,37.93333333,6.25,752.45,96,8.5,46.5,5.65
90,0,21.39,39.89,19.7,40.52666667,20.7,38.09,19.2,39.545,17.5,46.9,6.4,86.4,18.5,33.93333333,20.5,41.53,17.79,38,6.37,752.3333333,96,8.333333333,46,5.77
90,20,21.42666667,39.56,19.7,40.32666667,20.745,38.09,19.2,39.7,17.42666667,46.82666667,6.4,86.4,18.42666667,34,20.525,41.695,17.79,38.12666667,6.48,752.2166667,96,8.166666667,45.5,5.88
100,20,21.42666667,39.36,19.7,40.16333333,20.76,38.09,19.26,39.9,17.52333333,46.83333333,6.53,86.5,18.39,34.23,20.6,41.86333333,17.79,38.26,6.6,752.1,96,8,45,6
120,20,21.39,39.16333333,19.7,40.03,20.79,38.09,19.29,40,17.99666667,46.29333333,6.656666667,86.56,18.39,34.29,20.63333333,42.15666667,17.79,38.4,6.7,752.0166667,96,8,47.66666667,6.1
100,30,21.39,39.03,19.745,40,20.79,38.09,19.43,40.26666667,18.32333333,45.46,6.726666667,86.53,18.39,34.43333333,20.7,42.43,17.79,38.46666667,6.8,751.9333333,96,8,50.33333333,6.2
110,20,21.5,38.96666667,19.7,39.9,20.82333333,38.12666667,19.92666667,40.33333333,18.53,45,6.8,86.53,18.39,34.56,20.79,42.62666667,17.79,38.5,6.9,751.85,96,8,53,6.3
80,20,21.5,38.82666667,19.7,39.9,20.89,38.2,20.4,39.92666667,18.63333333,44.66333333,6.933333333,86.59,18.39,34.7,20.79,42.76,17.79,38.5,7,751.7666667,96,8,55.66666667,6.4
80,20,21.42666667,38.73,19.76,39.86333333,20.89,38.09,20.7,39.59,18.7,44.46333333,7,86.59,18.39,34.76,20.89,43.03,17.79,38.5,7.1,751.6833333,96,8,58.33333333,6.5
80,20,21.42666667,38.73,19.7,39.86333333,20.89,38.09,20.63333333,39.53,18.79,44.16333333,7.03,86.62333333,18.42666667,34.96333333,20.89,43.09,17.79,38.5,7.2,751.6,96,8,61,6.6
100,20,21.39,38.59,19.7,39.9,20.85666667,38.06,20.6,39.53,18.85666667,44.03,7.156666667,86.69,18.5,35.16333333,21,43.2,17.79,38.56,7.23,751.5,96.16666667,7.666666667,58.5,6.67
90,30,21.39,38.59,19.7,39.9,20.85666667,38.06,20.6,39.59,18.89,43.9,7.19,86.69,18.39,35.23,21,43.2,17.79,38.73,7.27,751.4,96.33333333,7.333333333,56,6.73
90,0,21.39,38.59,19.7,39.9,20.82333333,38.12666667,20.6,39.59,20.29666667,70.83333333,7.263333333,86.76333333,18.39,35.29,21.06666667,43.33,17.79,38.79,7.3,751.3,96.5,7,53.5,6.8
90,0,21.39,38.66333333,19.7,39.96666667,20.89,38.12666667,20.53333333,39.53,20.66,81.09333333,7.4,86.8,18.445,35.495,21,44.13,17.79,38.82666667,7.33,751.2,96.66666667,6.666666667,51,6.87
120,0,21.35666667,38.73,19.7,40.09,20.89,38.12666667,20.46333333,39.36333333,20.6,87.02,7.466666667,86.8,18.42666667,35.65666667,21.03333333,45,17.79,38.96666667,7.37,751.1,96.83333333,6.333333333,48.5,6.93
60,0,21.29,38.79,19.7,40.16333333,20.89,38.2,20.39,39.29,21.06666667,88.93333333,7.5,86.8,18.5,35.86333333,21.03333333,45.12666667,17.79,39.06666667,7.4,751,97,6,46,7
60,0,21.29,38.93333333,19.7,40.36,20.89,38.12666667,20.29,39.4,20.19,89.43333333,7.56,86.8,18.39,35.93333333,21.1,45.43333333,17.79,39.2,7.52,750.9333333,97,6.166666667,49.16666667,7.1
60,0,21.29,39.06,19.63333333,40.56,20.82333333,38.12666667,20.23,39.4,19.59666667,84.56,7.64,86.85,18.46333333,36.06,21.1,45.56,17.79,39.23,7.63,750.8666667,97,6.333333333,52.33333333,7.2
50,10,21.29,39.245,19.6,40.86,20.79,38.09,20.16666667,39.53,19.53333333,74.06666667,7.726666667,86.9,18.46333333,36.2,21.1,45.59,17.79,39.29,7.75,750.8,97,6.5,55.5,7.3
40,0,21.29,39.62666667,19.6,41.13333333,20.79,38.16333333,20.1,39.66333333,19.53333333,67.26,7.8,86.83333333,18.39,36.2,21.03333333,45.59,17.79,39.43333333,7.87,750.7333333,97,6.666666667,58.66666667,7.4
50,0,21.29,39.76,19.6,41.36333333,20.79,38.23,20.05,39.645,19.46333333,61.22333333,7.9,86.9,18.5,36.06,21.1,45.86,17.85666667,39.76666667,7.98,750.6666667,97,6.833333333,61.83333333,7.5
50,10,21.2,39.9,19.6,41.29,20.7225,38.3175,19.96333333,39.59,19.39,57.63,7.9,86.9,18.5,35.93333333,21.1,46.13333333,17.89,40.03,8.1,750.6,97,7,65,7.6
60,0,21.2,39.9,19.6,41.43333333,20.7,38.4,19.89,39.59,19.39,54.86,8,86.86666667,18.5,35.86333333,21.05,46.345,17.89,40.16333333,8.17,750.5333333,96.5,7.333333333,58.66666667,7.6
50,0,21.16666667,40.03,19.53333333,41.56,20.7,38.4,19.85666667,39.56,19.32333333,53.33333333,8,86.8,18.5,35.79,21.06666667,46.53,17.89,40.23,8.23,750.4666667,96,7.666666667,52.33333333,7.6
40,0,21.1,40.09,19.5,41.645,20.7,38.4,19.79,39.5,19.29,51.99666667,8.1,86.96666667,18.5,35.79,21,46.59,17.89,40.29,8.3,750.4,95.5,8,46,7.6
20,0,21.1,40.12666667,19.5,41.7,20.66666667,38.36333333,19.7,39.5,19.29,51.59,8.16,86.9,18.5,35.79,20.89,46.66333333,17.89,40.32666667,8.37,750.3333333,95,8.333333333,39.66666667,7.6
20,0,21.1,40.2,19.5,41.76,20.6,38.29,19.7,39.5,19.2,49.7,8.226666667,86.93333333,18.5,35.79,20.89,46.66333333,17.89,40.4,8.43,750.2666667,94.5,8.666666667,33.33333333,7.6
30,10,21.06666667,40.16333333,19.39,41.7,20.6,38.4,19.66666667,39.46666667,19.2,49.5975,8.3,86.93333333,18.5,35.73,20.82333333,46.76666667,17.89,40.46666667,8.5,750.2,94,9,27,7.6
40,0,21,40.09,19.39,41.7,20.6,38.46666667,19.6,39.46666667,19.2,49.09666667,8.3,86.9,18.5,35.79,20.82333333,46.96666667,17.89,40.53,8.5,750.0833333,92.33333333,8.833333333,29.16666667,7.33
60,0,21,40.2,19.39,41.7,20.5,38.5,19.6,39.43333333,19.2,48.6,8.226666667,86.83333333,18.5,35.73,20.79,47.26666667,17.96333333,40.59,8.5,749.9666667,90.66666667,8.666666667,31.33333333,7.07
50,0,21,40.2,19.32333333,41.7,20.5,38.56,19.53333333,39.5,19.13333333,48.26666667,8.1,86.8,18.5,35.76,20.79,47.52666667,18,40.73,8.5,749.85,89,8.5,33.5,6.8
50,0,21,40.29,19.29,41.76,20.53333333,38.59,19.5,39.5,19.1,47.9,8.033333333,86.72666667,18.5,35.7,20.79,47.76666667,18,40.79,8.5,749.7333333,87.33333333,8.333333333,35.66666667,6.53
50,0,20.92666667,40.29,19.29,41.7,20.6,38.59,19.5,39.5,19.1,47.62666667,8,86.59,18.5,35.7,20.73,47.96666667,17.92666667,40.9,8.5,749.6166667,85.66666667,8.166666667,37.83333333,6.27
50,0,20.89,40.29,19.26,41.66333333,20.6,38.59,19.39,39.46666667,19.1,47.33333333,8,86.53,18.53333333,35.66333333,20.7,48.3,18,40.9,8.5,749.5,84,8,40,6
50,0,20.89,40.29,19.26,41.66333333,20.6,38.59,19.39,39.4,19.075,47.0425,8.05,86.5,18.53333333,35.59,20.7,48.63333333,17.92666667,41.03,8.45,749.4166667,84.5,8,40,6.02
40,10,20.79,40.2,19.2,41.59,20.6,38.53,19.39,39.4,19,46.73,8.033333333,86.26333333,18.5,35.59,20.7,48.93333333,18,41.16333333,8.4,749.3333333,85,8,40,6.03
50,0,20.79,40.2,19.2,41.59,20.6,38.59,19.32333333,39.4,19,46.46666667,8.1,86.06333333,18.5,35.59,20.7,49.13333333,18,41.23,8.35,749.25,85.5,8,40,6.05
50,0,20.79,40.09,19.16666667,41.56,20.6,38.59,19.29,39.4,19,46.32666667,8.16,85.79666667,18.5,35.5,20.7,49.4,18,41.29,8.3,749.1666667,86,8,40,6.07
50,0,20.7675,40.09,19.1,41.5,20.6,38.59,19.29,39.4,19,46.16333333,8.1,85.46333333,18.5,35.5,20.63333333,49.4,18,41.4,8.25,749.0833333,86.5,8,40,6.08
50,0,20.7,40.09,19.1,41.59,20.6,38.59,19.29,39.4,19,46.03,8.1,85.09333333,18.5,35.5,20.66666667,49.52666667,18,41.46666667,8.2,749,87,8,40,6.1
50,0,20.7,40.09,19.1,41.59,20.6,38.59,19.2,39.29,18.96333333,45.9,8.1,84.69333333,18.5,35.5,20.6,49.4,18,41.59,8.1,748.9,87.83333333,7.666666667,43.16666667,6.13
40,0,20.7,40.09,19.06666667,41.56,20.6,38.59,19.2,39.29,18.89,45.82666667,8.1,83.86333333,18.5,35.46666667,20.6,49.4,18,41.59,8,748.8,88.66666667,7.333333333,46.33333333,6.17
40,0,20.7,40.12666667,19,41.5,20.6,38.59,19.2,39.29,18.89,45.66333333,8.1,83.39666667,18.5,35.4,20.6,49.36333333,18,41.7,7.9,748.7,89.5,7,49.5,6.2
30,0,20.63333333,40.06666667,19,41.5,20.66666667,38.66333333,19.2,39.29,18.89,45.59,8.1,83.06,18.5,35.36333333,20.53333333,49.36333333,18.06666667,41.76,7.8,748.6,90.33333333,6.666666667,52.66666667,6.23
20,10,20.6,40,19,41.5,20.7,38.7,19.16666667,39.29,18.89,45.5,8.033333333,83.2,18.5,35.29,20.56666667,49.43333333,18.06666667,41.86333333,7.7,748.5,91.16666667,6.333333333,55.83333333,6.27
30,0,20.6,40.06,19,41.5,20.7,38.7,19.1,39.29,18.89,45.43333333,7.9,83.66,18.5,35.36333333,20.56666667,49.5,18.075,41.8725,7.6,748.4,92,6,59,6.3
50,0,20.6,40.09,18.89,41.5,20.7,38.7,19.1,39.29,18.82333333,45.23,7.9,83.93333333,18.5,35.36333333,20.5,49.7,18.1,41.96666667,7.6,748.2666667,90.83333333,6.166666667,53.5,6.12
50,0,20.53333333,40.09,18.89,41.56,20.7,38.76,19.1,39.29,18.82333333,45.23,7.9,83.93333333,18.5,35.4,20.5,49.76,18.1,42.03,7.6,748.1333333,89.66666667,6.333333333,48,5.93
50,0,20.5,40.09,18.85666667,41.56,20.73,38.79,19.1,39.29,18.79,45.16333333,7.833333333,83.53333333,18.5,35.4,20.5,49.79,18.1,42.09,7.6,748,88.5,6.5,42.5,5.75
40,0,20.5,40.09,18.79,41.5,20.79,38.79,19.1,39.29,18.79,45.09,7.656666667,83.26666667,18.5,35.4,20.5,49.79,18.1,42.2,7.6,747.8666667,87.33333333,6.666666667,37,5.57
50,0,20.46333333,40.09,18.79,41.5,20.7,38.79,19,39.23,18.79,45,7.59,82.79333333,18.5,35.4,20.5,49.79,18.1,42.2,7.6,747.7333333,86.16666667,6.833333333,31.5,5.38
50,0,20.39,40.03,18.79,41.5,20.7,38.79,19,39.29,18.79,45,7.59,82.09666667,18.5,35.4,20.5,49.73,18.1,42.29,7.6,747.6,85,7,26,5.2
30,0,20.39,40.09,18.76,41.56,20.7,38.79,19,39.2,18.79,44.9,7.59,81.1175,18.5,35.4,20.5,49.7,18.1,42.29,7.6,747.55,84.33333333,7,26.5,5.08
60,0,20.39,40.09,18.76,41.56,20.7,38.79,19,39.2,18.79,44.8175,7.53,79.8,18.5,35.4,20.5,49.62666667,18.1,42.4,7.6,747.5,83.66666667,7,27,4.97
50,0,20.35666667,40,18.7,41.5,20.79,38.79,18.96333333,39.2,18.73,44.79,7.5,78.89333333,18.5,35.29,20.5,49.46666667,18.1,42.4,7.6,747.45,83,7,27.5,4.85
50,0,20.35666667,40,18.7,41.5,20.79,38.86333333,18.89,39.2,18.7,44.7,7.5,78.03333333,18.5,35.29,20.5,49.4,18.1,42.4,7.6,747.4,82.33333333,7,28,4.73
50,0,20.35666667,40,18.7,41.5,20.79,38.9,18.89,39.2,18.7,44.62666667,7.4,76.76666667,18.5,35.26,20.5,49.26,18.1,42.4,7.6,747.35,81.66666667,7,28.5,4.62
40,0,20.29,40,18.7,41.5,20.79,38.9,18.89,39.1175,18.7,44.56,7.4,76.22666667,18.5,35.2,20.5,49.12666667,18.1,42.43333333,7.6,747.3,81,7,29,4.5
50,0,20.23,40,18.6,41.4,20.85666667,38.9,18.89,39.09,18.7,44.5,7.466666667,75.52333333,18.5,35.2,20.46333333,48.93,18.1,42.43333333,7.55,747.2166667,80.83333333,7,30.83333333,4.43
30,0,20.29,40,18.6,41.4,20.84,38.95,18.89,39.06,18.7,44.46666667,7.4,75.19,18.5,35.12666667,20.39,48.79,18.1,42.43333333,7.5,747.1333333,80.66666667,7,32.66666667,4.37
50,0,20.23,39.93333333,18.6,41.36333333,20.85666667,38.96666667,18.89,39,18.7,44.4,7.4,75.29666667,18.5,35.09,20.39,48.76,18.1,42.43333333,7.45,747.05,80.5,7,34.5,4.3
40,0,20.2,39.9,18.6,41.29,20.79,39,18.79,38.9,18.7,44.29,7.4,74.89666667,18.5,35.09,20.39,48.6725,18.2,42.5,7.4,746.9666667,80.33333333,7,36.33333333,4.23
30,0,20.13333333,39.9,18.56666667,41.29,20.79,39,18.79,38.9,18.63333333,44.23,7.4,73.66666667,18.42666667,35,20.39,48.53,18.13333333,42.5,7.35,746.8833333,80.16666667,7,38.16666667,4.17
30,0,20.1,39.9,18.5,41.2675,20.79,39,18.79,38.9,18.6,44.09,7.4,72.86,18.5,35,20.35666667,48.4,18.1,42.5,7.3,746.8,80,7,40,4.1
30,0,20.1,39.9,18.5,41.2,20.79,39,18.79,38.82666667,18.6,44.09,7.366666667,71.9,18.46333333,34.96666667,20.29,48.32666667,18.1,42.53,7.27,746.6833333,80.5,7.166666667,37.66666667,4.13
30,0,20.1,39.9,18.5,41.2,20.79,39,18.79,38.79,18.6,44,7.3,71.9,18.39,34.82666667,20.29,48.16333333,18.16666667,42.59,7.23,746.5666667,81,7.333333333,35.33333333,4.17
50,0,20.1,39.9,18.46333333,41.16333333,20.79,39,18.79,38.73,18.6,43.93333333,7.19,72.32666667,18.39,34.79,20.29,48.03,18.16666667,42.59,7.2,746.45,81.5,7.5,33,4.2
50,0,20,39.79,18.39,41.09,20.79,39.09,18.79,38.7,18.6,43.9,7.19,72.86666667,18.39,34.79,20.29,47.9,18.16666667,42.66333333,7.17,746.3333333,82,7.666666667,30.66666667,4.23
40,0,20,39.79,18.46333333,41.16333333,20.79,39.09,18.79,38.7,18.6,43.82666667,7.263333333,73.46333333,18.39,34.79,20.29,47.9,18.2,42.7,7.13,746.2166667,82.5,7.833333333,28.33333333,4.27
40,10,20,39.79,18.39,41.09,20.7,39.09,18.7,38.7,18.5,43.93333333,7.19,74.0425,18.39,34.79,20.29,48,18.13333333,42.76,7.1,746.1,83,8,26,4.3
70,0,20,39.86333333,18.39,41.09,20.7,39.09,18.7,38.7,18.56666667,43.93333333,7.123333333,74.52666667,18.39,34.79,20.29,47.86,18.2,42.79,7,746.0666667,83,8.166666667,28.33333333,4.2
60,0,20,40.09,18.39,41.09,20.7,39,18.7,38.7,18.56666667,44.16666667,6.763333333,75.46666667,18.39,34.93333333,20.2,47.26666667,18.13333333,42.73,6.9,746.0333333,83,8.333333333,30.66666667,4.1
60,0,20,40.16333333,18.39,41,20.7,39,18.7,38.7,18.5,44.36,6.623333333,77.32666667,18.32333333,35,20.2,46.8,18.2,42.56,6.8,746,83,8.5,33,4
70,0,20,40.2,18.46333333,41,20.66666667,38.76,18.7,38.7,18.5,44.145,6.56,76.2,18.29,35,20.1,46.13333333,18.13333333,42.5,6.7,745.9666667,83,8.666666667,35.33333333,3.9
60,30,20,40.2,18.39,40.9,20.6,38.7,18.7,38.7,18.46333333,44.72666667,6.433333333,75.6,18.29,34.93333333,20.16666667,45.86,18.2,42.36333333,6.6,745.9333333,83,8.833333333,37.66666667,3.8
230,20,20,40.16333333,18.39,40.9,20.6,38.7,18.76333333,38.92666667,18.39,45.26666667,6.4,75.76333333,18.29,34.86333333,20.16666667,45.43,18.13333333,42.23,6.5,745.9,83,9,40,3.7
230,20,20,40.145,18.39,40.9,20.6,38.7,19.2925,39.3225,18.39,45.8,6.4,74.89666667,18.29,34.79,20.03333333,45.03,18.13333333,42.02666667,6.17,746.05,83.66666667,8.333333333,40,3.5
240,30,20,40.03,18.39,40.9,20.5,38.7,20.03333333,39.23,18.39,46.06,6.5,73.59333333,18.26,34.72333333,20.03333333,44.63333333,18.13333333,41.82666667,5.83,746.2,84.33333333,7.666666667,40,3.3
70,20,20,40.03,18.39,40.79,20.5,38.7,20.59666667,38.83333333,18.29,46.55666667,6.5,71.52666667,18.2,34.59,20.03333333,44.3,18.1,41.66333333,5.5,746.35,85,7,40,3.1
210,30,20,40.09,18.39,40.73,20.5,38.7,20.93,38.62666667,18.43,49.69666667,6.53,67.75666667,18.2,34.36333333,20,44.02666667,18.1,41.53,5.17,746.5,85.66666667,6.333333333,40,2.9
70,20,20,40.16333333,18.5,40.76,20.53333333,38.59,21.26333333,38.29666667,18.63333333,51.16666667,6.656666667,67.15666667,18.2,34.23,20,43.9,18.1,41.36333333,4.83,746.65,86.33333333,5.666666667,40,2.7
80,30,20,40.09,18.5,40.76,20.53333333,38.53,21.39,37.89,18.7,49.5,6.59,64.5,18.2,34.1,19.89,43.6,18.1,41.23,4.5,746.8,87,5,40,2.5
40,20,20,40,18.65,40.745,20.5,38.5,21.29,37.52666667,18.6,47.83333333,6.53,62.02666667,18.2,33.56666667,19.89,43.22333333,18.1,40.995,4.78,746.75,84.16666667,5.333333333,40,2.27
260,20,20.06666667,40,18.86,40.43,20.5,38.5,21.29,37.32666667,18.6,46.83333333,6.4,61.33,18.26333333,35.69666667,19.89,42.96333333,18.13333333,40.36333333,5.07,746.7,81.33333333,5.666666667,40,2.03
410,0,20.03333333,39.82666667,19.06666667,40.15666667,20.5,38.5,21.29,37.29,18.6,45.73,6.4,62.66333333,18.46333333,36.22333333,19.89,42.63333333,18.2,39.89,5.35,746.65,78.5,6,40,1.8
110,0,20.1,39.69333333,19.32333333,39.83333333,20.5,38.5,21.29,37.29,18.53333333,45.99,6.4,56.39,18.56666667,36.53,19.82333333,41.83333333,18.23,39.86666667,5.63,746.6,75.66666667,6.333333333,40,1.57
70,0,20.1,39.66333333,19.445,39.6,20.5,38.5,21.26,37.16333333,18.39,46.32666667,6.425,55.4725,18.5,36.33,19.79,41.1,18.29,40.12666667,5.92,746.55,72.83333333,6.666666667,40,1.33
90,0,20.16666667,39.59,19.65,39.27,20.42666667,38.43333333,21.2,37.03,18.39,46.46666667,6.56,55.3,18.5,35.56333333,19.79,41.43333333,18.2,38.79666667,6.2,746.5,70,7,40,1.1
60,10,20.2,39.46666667,19.76,38.8,20.5,38.5,21.29,37.09,18.35666667,46.5,6.69,55.09333333,18.5,35.09666667,19.79,41.2,18.2,38.72333333,6.25,746.5,69.33333333,7.333333333,40,1
190,0,20.2,39.26666667,19.92666667,38.4,20.5,38.43333333,21.29,37.09,18.35666667,46.43333333,6.69,53.9,18.5,34.44,19.79,41.12666667,18.26,40.86333333,6.3,746.5,68.66666667,7.666666667,40,0.9
230,0,20.23,39.12666667,20.06666667,38.2,20.5,38.43333333,21.29,36.9,18.29,46.46333333,6.933333333,52.82666667,18.5,33.9,19.79,40.9,18.26,40.72333333,6.35,746.5,68,8,40,0.8
130,0,20.29,39.2,20.23,38,20.56666667,38.5,21.29,36.82666667,18.35666667,46.66333333,7.126666667,50.56666667,18.5,33.56666667,19.79,40.76666667,18.29,41.19333333,6.4,746.5,67.33333333,8.333333333,40,0.7
60,0,20.32333333,39.16333333,20.35666667,37.86,20.6,38.46666667,21.26,36.66333333,18.29,46.845,7.726666667,50.76666667,18.6,33.22333333,19.79,40.19333333,18.29,41.6,6.45,746.5,66.66666667,8.666666667,40,0.6
90,0,20.39,39.09,20.39,38.23,20.6,38.4,21.2,36.59,18.29,47,8,48.23333333,18.6,32.96333333,19.79,39.93333333,18.29,42.03,6.5,746.5,66,9,40,0.5
120,0,20.46333333,39.4,20.46333333,38.23,20.6,38.4,21.2,36.7,18.29,47,8.033333333,43.96666667,18.6,32.72333333,19.79,39.79666667,18.35666667,42.16333333,6.72,746.4333333,64.83333333,9,40,0.45
70,0,20.46333333,39.52666667,20.5,38.49,20.6,38.4,21.15,36.6725,18.29,47.09,8.16,43.3,18.6,32.46333333,19.79,39.46333333,18.39,42.2,6.93,746.3666667,63.66666667,9,40,0.4
60,0,20.55,40.45,20.5,38.23,20.6,38.4,21.2,36.53,18.23,47.03,8.1,41.19666667,18.6,32.22333333,19.79,39.22333333,18.39,42.26,7.15,746.3,62.5,9,40,0.35
110,0,20.63333333,41.92666667,20.5,38.12666667,20.6,38.62666667,21.2,36.59,18.2,47.12666667,8.16,40.72333333,18.66666667,32.03,19.79,39.03,18.39,42.23,7.37,746.2333333,61.33333333,9,40,0.3
70,0,20.7,41.66666667,20.5,38.2,20.66666667,38.76,21.2,36.59,18.2,47.26,8.3,38.63,18.79,31.69333333,19.82333333,38.86333333,18.39,42.23,7.58,746.1666667,60.16666667,9,40,0.25
140,0,20.7,40.46,20.42666667,38.09,20.7,38.79,21.29,36.65666667,18.2,47.29,8.36,36.29666667,18.85666667,31.42666667,19.89,38.73,18.39,42.16333333,7.8,746.1,59,9,40,0.2
70,0,20.7,40.2,20.5,37.96333333,20.7,38.79,21.29,36.93,18.2,47.29,8.46,34.55666667,19,31.16666667,20,38.33333333,18.39,42.09,7.93,745.9333333,58.16666667,8.833333333,40,0.133
50,0,20.79,40.19666667,20.5,37.7,20.7,38.59,21.29,37.69333333,18.2,47.2,8.6,34.69666667,19.06666667,31.03333333,20.075,38.07,18.39,42.09,8.07,745.7666667,57.33333333,8.666666667,40,0.0667
50,0,20.79,40.33,20.5,37.7,20.7,38.72333333,21.29,37.82666667,18.2,47.12666667,8.793333333,35.8,19.1,30.79,20.1,37.9,18.39,42,8.2,745.6,56.5,8.5,40,0
60,0,20.89,39.9,20.5,37.62666667,20.7,39.03,21.23,37.4,18.2,47.09,9.066666667,36.52666667,19.1,30.73,20.1,37.72333333,18.39,42,8.33,745.4333333,55.66666667,8.333333333,40,-0.0667
50,0,20.89,39.5,20.46333333,37.4,20.7,39.09,21.23,37.32666667,18.2,47.03,9.4,34.29,19.2,30.56666667,20.16666667,37.59,18.39,41.96666667,8.47,745.2666667,54.83333333,8.166666667,40,-0.133
150,0,20.89,38.99,20.39,37.12666667,20.7,39.06,21.2,37.06,18.2,46.9,9.726666667,32.45666667,19.2,30.42666667,20.16666667,37.4,18.39,41.9,8.6,745.1,54,8,40,-0.2
40,0,20.96333333,38.79,20.39,36.96666667,20.7,38.93333333,21.13333333,36.66666667,18.2,46.82666667,9.933333333,31.39666667,19.2,30.26,20.1,37.32666667,18.39,41.9,8.38,744.9,57,8.333333333,40,0.267
80,0,21.03333333,38.9,20.39,36.9,20.7,38.76,21.1,36.1,18.13333333,46.66333333,10.19666667,31.65666667,19.2,30.2,20.13333333,37.32666667,18.39,41.9,8.17,744.7,60,8.666666667,40,0.733
80,0,21.16666667,39.9,20.46333333,36.53,20.7,38.7,21.03333333,35.76666667,18.2,46.59,10.66333333,30.85666667,19.34,30.15,20.32666667,37.52666667,18.39,41.9,7.95,744.5,63,9,40,1.2
100,0,21.16666667,37.59333333,20.32333333,35.45666667,20.66666667,38.63333333,20.96333333,35.56333333,18.16666667,46.5,10.59,31.06,19.39,29.96333333,20.53333333,37.59,18.39,41.82666667,7.73,744.3,66,9.333333333,40,1.67
70,10,21.1,37.06666667,20.23,35.32666667,20.6,38.36,20.89,35.23,18.16666667,46.36,9.796666667,38.26666667,19.39,29.96333333,20.66666667,37.66333333,18.39,41.79,7.52,744.1,69,9.666666667,40,2.13
70,0,21.13333333,36.96666667,20.29,35.4,20.6,38.13333333,20.82333333,35.12666667,18.15,46.045,9.733333333,42.23333333,19.42666667,30.13333333,20.82333333,37.86,18.46333333,41.86333333,7.3,743.9,72,10,40,2.6
70,0,21.2,36.96666667,20.29,35.5,20.6,37.86,20.82333333,35.12666667,18.16666667,45.86333333,9.793333333,41.5,19.5,30.2,20.96333333,37.86,18.46333333,41.86333333,7.47,743.7,70.5,9.833333333,38.16666667,2.42
80,0,21.29,37.09,20.29,35.56,20.6,37.56,20.79,35.12666667,18.16666667,45.73,8.733333333,51.22666667,19.6,30.32333333,21.03333333,37.82666667,18.46333333,41.86333333,7.63,743.5,69,9.666666667,36.33333333,2.23
60,0,21.29,37.03,20.29,35.73,20.6,37.43333333,20.79,35.2675,18.13333333,45.59,8.66,51.3,19.66666667,30.46333333,21.1,37.82666667,18.5,41.9,7.8,743.3,67.5,9.5,34.5,2.05
70,0,21.29,37.09,20.29,35.86333333,20.65,37.4,20.73,35.23,18.13333333,45.53,8.83,47.29,19.7,30.53333333,21.2,37.66333333,18.5,41.9,7.97,743.1,66,9.333333333,32.66666667,1.87
60,0,21.29,37,20.29,35.93333333,20.7,37.36333333,20.7,35.2,18.1,45.5,9.09,44.89666667,19.7,30.53333333,21.13333333,37.59,18.5,41.86333333,8.13,742.9,64.5,9.166666667,30.83333333,1.68
60,0,21.29,37,20.29,35.93333333,20.7,37.29,20.63333333,35.06666667,18.1,45.5,9.666666667,40.32666667,19.6,30.35666667,21.1,37.46666667,18.5,41.79,8.3,742.7,63,9,29,1.5
60,0,21.29,36.96666667,20.26,35.83333333,20.7,37.29,20.6,34.93,18.1,45.4,9.8,36.8,19.6,30.23,21.1,37.4,18.5,41.76,8.05,742.6333333,64.16666667,9.166666667,28.16666667,1.53
60,0,21.29,36.9,20.26,35.7,20.63333333,37.23,20.6,34.79,18.1,45.32666667,9.86,34.39,19.6,30.06666667,21.1,37.2,18.5,41.7,7.8,742.5666667,65.33333333,9.333333333,27.33333333,1.57
80,0,21.23,36.79,20.16666667,35.59,20.6,37.2,20.56666667,34.7,18.1,45.26,9.726666667,33.99666667,19.6,29.92666667,21.1,37.2,18.445,41.645,7.55,742.5,66.5,9.5,26.5,1.6
80,0,21.23,36.59666667,20.075,35.5675,20.6,37.2,20.5,34.7,18.1,45.2,8.945,40.45,19.5,29.82333333,21.1,37.595,18.46333333,41.63333333,7.3,742.4333333,67.66666667,9.666666667,25.66666667,1.63
80,0,21.16666667,36.29,20,35.5,20.5,37.2,20.39,34.73,18.1,45.2,7.8,51.03,19.5,29.96333333,21.13333333,38.13333333,18.46333333,41.5,7.05,742.3666667,68.83333333,9.833333333,24.83333333,1.67
80,0,21.1,36.36333333,19.89,35.62666667,20.5,37.2,20.39,34.79,18.1,45.2,7.133333333,57.42333333,19.39,30.06666667,21.26,38.86,18.42666667,41.43333333,6.8,742.3,70,10,24,1.7
70,0,21.1,36.53,19.82333333,35.7,20.5,37.2,20.35666667,34.93333333,18.1,45.09,5.826666667,62.03333333,19.39,30.26,21.29,39.83,18.42666667,41.5,6.33,742.3333333,72.66666667,9.666666667,26.66666667,1.72
80,0,21.1,36.59,19.7,35.82666667,20.5,37.26,20.29,35.06,18.03333333,45.03,5.033333333,66.03333333,19.29,30.42666667,21.29,40.22333333,18.39,41.5,5.87,742.3666667,75.33333333,9.333333333,29.33333333,1.73
90,0,21,36.5,19.7,35.96666667,20.5,37.23,20.2,35,18.1,45.06,4.8,68.59666667,19.29,30.5,21.32333333,40.59,18.39,41.5,5.4,742.4,78,9,32,1.75
80,0,21,36.56,19.6,36.06666667,20.5,37.29,20.2,35.06,18.03333333,45,4.8,69.39666667,19.2,30.55,21.39,40.53,18.39,41.46666667,4.93,742.4333333,80.66666667,8.666666667,34.66666667,1.77
110,0,20.92666667,36.62666667,19.6,36.26,20.5,37.29,20.1,35.12666667,18.06666667,44.96666667,4.933333333,70.03,19.2,30.63333333,21.53333333,40.4,18.39,41.4,4.47,742.4666667,83.33333333,8.333333333,37.33333333,1.78
120,0,21,36.76,19.7,36.5,20.5,37.29,20.1,35.2,18.06666667,44.96666667,4.933333333,70.03,19.13333333,30.76,21.6,40.26666667,18.39,41.43333333,4,742.5,86,8,40,1.8
120,0,20.96333333,36.76,19.7,36.5,20.5,37.29,20.1,35.29,18.05,44.845,4.866666667,70.36666667,19.1,30.82333333,21.63333333,40,18.39,41.5,3.92,742.5166667,86.83333333,7.5,40,1.87
100,0,20.89,36.76,19.7,36.62666667,20.5,37.29,20.03333333,35.36333333,18,44.79,4.8,70.63333333,19.1,30.89,21.7,39.86,18.39,41.36333333,3.83,742.5333333,87.66666667,7,40,1.93
100,0,20.89,36.7,19.76,36.7,20.53333333,37.26,20,35.45,18,44.79,4.656666667,71.5,19,30.92666667,21.7,39.76,18.39,41.03,3.75,742.55,88.5,6.5,40,2
90,0,20.89,36.76,19.82333333,36.73,20.6,37.2,20,35.53,18,44.79,4.59,72.36,19,31,21.7,39.62666667,18.39,40.29666667,3.67,742.5666667,89.33333333,6,40,2.07
290,0,21,36.93333333,19.89,36.79,20.6,37.09,20,35.66333333,18,44.86333333,4.5,73.06333333,19,31.1,21.7,39.59,18.39,39.96333333,3.58,742.5833333,90.16666667,5.5,40,2.13
330,0,21.1,38.2725,20,36.76,20.63333333,37.15666667,19.96333333,35.76666667,18,45.03,4.433333333,73.26333333,18.92666667,31.16666667,21.7,39.59,18.39,39.63333333,3.5,742.6,91,5,40,2.2
220,0,21.2,41.22333333,20.06666667,36.83333333,20.7,37.69666667,19.89,35.96666667,18,45.09,4.4,73.83333333,18.89,31.23,21.7,39.59,18.32333333,39.36,3.53,742.6833333,90,5.5,40,2.05
210,0,21.29,42.23333333,20.2,37.36,20.73,38.75666667,19.89,36.3,18,45.32666667,4.4,74.02666667,18.89,31.29,21.7,39.66333333,18.35666667,39.13333333,3.57,742.7666667,89,6,40,1.9
260,0,21.29,42.9,20.26,37.63333333,20.79,39.36333333,19.89,36.63333333,18,45.52666667,4.4,74.09,18.85666667,31.29,21.79,39.76666667,18.29,38.86,3.6,742.85,88,6.5,40,1.75
250,0,21.39,42.86666667,20.32333333,37.93333333,20.89,39.76666667,19.89,36.93333333,18,45.76666667,4.263333333,73.16,18.79,31.29,21.79,40.02666667,18.29,38.7,3.63,742.9333333,87,7,40,1.6
250,0,21.39,41.92666667,20.39,38.0225,20.89,39.82666667,19.89,37.06,18,45.96666667,3.996666667,72.56,18.79,31.29,21.79,40.3,18.29,38.7,3.67,743.0166667,86,7.5,40,1.45
630,0,21.39,42.1,20.39,38.09,20.89,39.76,19.85666667,37.16333333,18,46.12666667,3.526666667,73.52333333,18.79,31.29,21.815,40.6725,18.29,38.62666667,3.7,743.1,85,8,40,1.3
90,10,21.53,48.43333333,20.5,38.49,20.89,40.16666667,19.79,37.29666667,18,46.26,3.326666667,74.93,18.79,31.29,21.76333333,40.45666667,18.29,38.46666667,3.38,743.2666667,86.5,7.5,42.16666667,1.23
70,10,21.7,49.93,20.5,39.69666667,21,41.03,19.79,38.1,18,46.63333333,3.363333333,76.13333333,18.79,31.29,21.7,39.83333333,18.29,38.32666667,3.07,743.4333333,88,7,44.33333333,1.17
110,10,21.7,46.65666667,20.5,39.93,21,41.29,19.85666667,38.83333333,18,47.1,3.363333333,76.26,18.7,31.29,21.63333333,39.62666667,18.29,38.26,2.75,743.6,89.5,6.5,46.5,1.1
120,30,21.7,44.66666667,20.5,39.73,21,41.26,19.79,39.19333333,18,47.53,3.433333333,76.4,18.7,31.29,21.63333333,39.59,18.29,38.12666667,2.43,743.7666667,91,6,48.66666667,1.03
140,30,21.7,43.53333333,20.5,39.46666667,21,41.2,19.93,39.6,18,47.66333333,3.633333333,76,18.7,31.29,21.7,39.53,18.29,38.09,2.12,743.9333333,92.5,5.5,50.83333333,0.967
170,20,21.73,42.05666667,20.56666667,39.26666667,21.03333333,41.06,20.42666667,39.52666667,18.5,55.56666667,3.826666667,73.63,18.7,31.26,21.79,39.36333333,18.29,38.09,1.8,744.1,94,5,53,0.9
130,10,21.79,41.19666667,20.6,39.03,21.1,40.8,21.03333333,39.13333333,18.96,68.03333333,3.826666667,72.15666667,18.7,31.2,21.79,39.29,18.29,37.96666667,1.92,744.1333333,92.83333333,5.666666667,49,0.85
110,20,21.82333333,40.52666667,20.66666667,39.16333333,21.13333333,40.29666667,21.42666667,38.26333333,18.945,61.65,2.4,77.85666667,18.66666667,31.16666667,21.89,39.26,18.29,37.76666667,2.03,744.1666667,91.66666667,6.333333333,45,0.8
130,20,21.89,40.13333333,20.73,38.83333333,21.13333333,39.89,21.42666667,37.39666667,19.16333333,60.49333333,2.066666667,80.73,18.6,31.03333333,21.96333333,39.12666667,18.2,37.56,2.15,744.2,90.5,7,41,0.75
130,20,21.92666667,39.56333333,20.79,38.5,21,39.66333333,21.34,37.19,19.35666667,59.3,1.73,81.66666667,18.6,31,21.89,39.06,18.2,37.43333333,2.27,744.2333333,89.33333333,7.666666667,37,0.7
130,20,22,39.09666667,20.82333333,38.13333333,21,39.53,21.29,37.36333333,19.5,57.69666667,1.663333333,82.06,18.6,30.92666667,21.96333333,38.93333333,18.2,37.26,2.38,744.2666667,88.16666667,8.333333333,33,0.65
130,20,22,38.63333333,20.89,37.86,21,39.345,21.29,37.29,19.42666667,56.63,1.6,82.22666667,18.6,30.89,22,38.76,18.2,37.2,2.5,744.3,87,9,29,0.6
140,30,22.075,38.32,20.89,37.52666667,20.96333333,39.16333333,21.29,37.29,19.26,55.59333333,1.666666667,82.3,18.6,30.89,22,38.62666667,18.2,37.09,2.5,744.3,86.66666667,9,30.83333333,0.533
100,20,22.1,38.06666667,20.89,37.32666667,20.96333333,39.03,21.23,37.15666667,19.2,54.79333333,1.79,82.3,18.6,30.82333333,22.1,38.56,18.13333333,37.03,2.5,744.3,86.33333333,9,32.66666667,0.467
90,10,22.1,37.83333333,20.89,37.13333333,21,38.9,21.26,37.06,19.06666667,53.92333333,1.9,82.36666667,18.6,30.89,22.1,38.56,18.2,36.96666667,2.5,744.3,86,9,34.5,0.4
80,0,22.1,37.62666667,20.89,37,20.92666667,38.76666667,21.2,36.93333333,19,53.25666667,1.966666667,82.3,18.6,30.92666667,22,38.76666667,18.13333333,36.9,2.5,744.3,85.66666667,9,36.33333333,0.333
80,10,22.1,37.5,20.89,37.03,20.96333333,38.66333333,21.16666667,36.4,18.96333333,52.56333333,1.1,81.83,18.6,30.92666667,22,39.02666667,18.15,36.9,2.5,744.3,85.33333333,9,38.16666667,0.267
70,0,22.1,37.43333333,20.89,37.09,20.89,38.59,21.03333333,35.92666667,18.89,52.03,0.833333333,81.56333333,18.56666667,30.79,21.89,39.2,18.16666667,36.79,2.5,744.3,85,9,40,0.2
80,0,22.1,37.26,20.79,37,20.89,38.59,20.89,35.63333333,18.79,51.26666667,0.7,81.4,18.56666667,30.73,21.82333333,39.12666667,18.1,36.73,2.5,744.4,85.66666667,8.5,37.83333333,0.317
60,0,22.03333333,37.06666667,20.76,37,20.89,38.59,20.82333333,35.36,18.79,50.8,0.7,81.33333333,18.5,30.7,21.79,39.09,18.1,36.59,2.5,744.5,86.33333333,8,35.66666667,0.433
60,10,22,36.96666667,20.7,36.93333333,20.89,38.52666667,20.7,35.16333333,18.76,50.4,0.7,81.3,18.5,30.7,21.79,39.2,18.1,36.53,2.5,744.6,87,7.5,33.5,0.55
70,0,22,36.96666667,20.66666667,36.79666667,20.82333333,38.4,20.63333333,35.09,18.7,50.06666667,0.766666667,81.3,18.5,30.73,21.73,39.26,18.1,36.69666667,2.5,744.7,87.66666667,7,31.33333333,0.667
40,0,21.96333333,37,20.53333333,36.59,20.79,38.5,20.6,35.53,18.7,49.93333333,0.8,81.4,18.5,30.99666667,21.7,39.4,18.1,37.42333333,2.5,744.8,88.33333333,6.5,29.16666667,0.783
50,0,21.89,37,20.46333333,36.66333333,20.79,38.5,20.53333333,35.66333333,18.7,50,0.8,81.4,18.5,31.34,21.7,39.66,18.13333333,37.93333333,2.5,744.9,89,6,27,0.9
50,0,21.85666667,37.09,20.39,36.66333333,20.79,38.46666667,20.5,35.82666667,18.6,50,0.8,81.43333333,18.56666667,31.5,21.66666667,40.03,18.2,38.06,2.33,744.8666667,89.83333333,5.666666667,29.16666667,0.85
50,0,21.79,37.09,20.35666667,36.7,20.79,38.4,20.42666667,35.82666667,18.6,50.06,0.733333333,81.56,18.5,31.56666667,21.6,40.16333333,18.1,38.32666667,2.17,744.8333333,90.66666667,5.333333333,31.33333333,0.8
50,0,21.79,37.2,20.29,36.76,20.76,38.4,20.35666667,35.82666667,18.55,50,0.7,81.59,18.53333333,31.73,21.5,40.5,18.16666667,38.46666667,2,744.8,91.5,5,33.5,0.75
30,0,21.79,37.2,20.16666667,36.79,20.76,38.4,20.29,35.9,18.5,50,0.633333333,81.53,18.53333333,31.79,21.5,40.9,18.13333333,38.59,1.83,744.7666667,92.33333333,4.666666667,35.66666667,0.7
60,0,21.7,37.32666667,20.1,36.86333333,20.7,38.46666667,20.29,36,18.5,50,0.6,81.5,18.5,31.82333333,21.39,41.42666667,18.2,38.59,1.67,744.7333333,93.16666667,4.333333333,37.83333333,0.65
50,0,21.7,37.46666667,20,36.82666667,20.76,38.4,20.2,36,18.5,50,0.625,81.5225,18.5,31.89,21.39,41.9,18.2,38.65666667,1.5,744.7,94,4,40,0.6
50,0,21.6,37.5,20,36.9,20.7,38.5,20.2,36.06,18.5,50,0.7,81.53,18.53333333,31.92666667,21.35666667,42.32666667,18.2,38.86333333,1.63,744.6333333,93.16666667,4.166666667,40,0.617
50,0,21.53333333,37.56,19.89,36.93333333,20.73,38.5,20.16666667,36.09,18.46333333,49.86333333,0.733333333,81.5,18.53333333,32,21.29,42.6,18.2,39.06666667,1.77,744.5666667,92.33333333,4.333333333,40,0.633
40,0,21.55,37.59,19.82333333,36.93333333,20.79,38.5,20.1,36.09,18.39,49.79,0.866666667,81.5,18.56666667,32.09,21.29,43.36666667,18.2,39.26,1.9,744.5,91.5,4.5,40,0.65
50,0,21.5,37.59,19.76,37.03,20.79,38.46666667,20.06666667,36.16333333,18.39,49.76,1.033333333,81.53,18.5,32.09,21.29,43.96,18.13333333,39.43333333,2.03,744.4333333,90.66666667,4.666666667,40,0.667
50,0,21.42666667,37.53,19.7,37.09,20.79,38.4,20,36.09,18.39,49.7,1.166666667,81.59,18.5,32.09,21.29,44.59,18.175,39.6725,2.17,744.3666667,89.83333333,4.833333333,40,0.683
40,0,21.39,37.5,19.66666667,37.16333333,20.79,38.5,20,36.2,18.35666667,49.73,1.133333333,81.56,18.5,32.16333333,21.29,44.72333333,18.16666667,39.86333333,2.3,744.3,89,5,40,0.7
50,0,21.39,37.5,19.6,37.09,20.79,38.5,20,36.2,18.29,49.79,1.26,81.56,18.5,32.2,21.2,44.93333333,18.2,39.96333333,2.4,744.2333333,89.16666667,5.166666667,37.16666667,0.817
50,0,21.29,37.5,19.5,37.245,20.79,38.5,19.89,36.2,18.29,49.76,1.426666667,81.59,18.5,32.2,21.2,45.13333333,18.2,40.16333333,2.5,744.1666667,89.33333333,5.333333333,34.33333333,0.933
50,0,21.29,37.5,19.46333333,37.29,20.79,38.56,19.89,36.26,18.29,49.7,1.566666667,81.59,18.5,32.29,21.2,45.32666667,18.2,40.32666667,2.6,744.1,89.5,5.5,31.5,1.05
50,0,21.26,37.46666667,19.39,37.36333333,20.79,38.59,19.79,36.2,18.29,49.66333333,1.73,81.56,18.5,32.29,21.2,45.4,18.2,40.46666667,2.7,744.0333333,89.66666667,5.666666667,28.66666667,1.17
40,0,21.2,37.4,19.35666667,37.5,20.85666667,38.66333333,19.79,36.2,18.29,49.59,1.863333333,81.5,18.5,32.29,21.13333333,45.4,18.2,40.53,2.8,743.9666667,89.83333333,5.833333333,25.83333333,1.28
40,0,21.16666667,37.4,19.29,37.56,20.89,38.66333333,19.79,36.23,18.26,49.5,2.126666667,81.65666667,18.5,32.29,21.1,45.5,18.2,40.59,2.9,743.9,90,6,23,1.4
30,0,21.1,37.4,19.26,37.66333333,20.89,38.59,19.73,36.29,18.2,49.43333333,2.2,81.53,18.5,32.4,21.1,45.56,18.2,40.7,2.72,743.8166667,91,5.833333333,30,1.37
30,0,21.1,37.4,19.2,37.66333333,20.89,38.7,19.7,36.29,18.2,49.36333333,2.2,81.59,18.5,32.5,21.1,45.56,18.2,40.76,2.53,743.7333333,92,5.666666667,37,1.33
20,0,21.1,37.4,19.2,37.7,20.89,38.7,19.7,36.29,18.2,49.29,2.126666667,81.59,18.5,32.5,21.1,45.5,18.2,40.9,2.35,743.65,93,5.5,44,1.3
40,0,21,37.4,19.13333333,37.7,20.89,38.73,19.7,36.32666667,18.2,49.245,2,81.5,18.5,32.5,21.06666667,45.4,18.2,40.96666667,2.17,743.5666667,94,5.333333333,51,1.27
50,0,21,37.4,19.1,37.79,20.82333333,38.73,19.7,36.4,18.16666667,49.2,2,81.56,18.5,32.5,21,45.32666667,18.2,41,1.98,743.4833333,95,5.166666667,58,1.23
60,0,20.92666667,37.4,19.1,37.79,20.89,38.82666667,19.6,36.29,18.1,49.2,2,81.5,18.5,32.5,21,45.43333333,18.2,41.06,1.8,743.4,96,5,65,1.2
50,0,20.92666667,37.4,19.06666667,37.9,20.89,38.8175,19.6,36.29,18.13333333,49.16333333,2.09,81.56,18.5,32.5,21,45.5,18.23,41.12666667,1.95,743.3,96,5.166666667,58.5,1.35
40,0,20.89,37.4,19,37.9,20.89,38.79,19.6,36.36333333,18.2,49.09,2.163333333,81.5,18.5,32.59,20.96333333,45.5,18.23,41.2,2.1,743.2,96,5.333333333,52,1.5
60,0,20.82333333,37.32666667,19,38,20.96333333,38.79,19.6,36.4,18.1,49.09,2.23,81.46333333,18.5,32.59,20.89,45.5,18.23,41.23,2.25,743.1,96,5.5,45.5,1.65
40,0,20.79,37.4,18.92666667,38.06,20.89,38.79,19.53333333,36.4,18.1,49.09,2.363333333,81.53,18.46333333,32.56,20.89,45.4,18.29,41.36333333,2.4,743,96,5.666666667,39,1.8
50,0,20.79,37.4,18.89,38.09,20.89,38.9,19.5,36.43333333,18.1,49.23,2.433333333,81.53,18.39,32.56,20.89,45.4,18.29,41.43333333,2.55,742.9,96,5.833333333,32.5,1.95
40,0,20.79,37.4,18.89,38.16333333,20.89,38.9,19.5,36.5,18.1,49.36333333,2.56,81.46333333,18.46333333,32.66333333,20.89,45.36,18.245,41.45,2.7,742.8,96,6,26,2.1
50,0,20.7,37.43333333,18.85666667,38.2,20.92666667,38.9,19.5,36.5,18.1,49.4,2.826666667,81.53,18.39,32.59,20.89,45.5,18.29,41.5,2.9,742.7333333,95.33333333,5.833333333,28.33333333,2.2
50,0,20.7,37.5,18.79,38.2,21,38.9,19.5,36.56,18.1,49.32666667,2.966666667,81.59,18.39,32.7,20.82333333,45.69333333,18.29,41.5,3.1,742.6666667,94.66666667,5.666666667,30.66666667,2.3
50,0,20.7,37.5,18.79,38.29,20.92666667,38.9,19.46333333,36.56,18,49.2,3.03,81.62333333,18.39,32.7,20.82333333,45.82666667,18.29,41.56,3.3,742.6,94,5.5,33,2.4
40,0,20.7,37.56,18.79,38.4,21,38.9,19.39,36.56,18,49.2,3.163333333,81.69,18.39,32.79,20.79,45.79,18.29,41.62666667,3.5,742.5333333,93.33333333,5.333333333,35.33333333,2.5
50,0,20.6,37.5,18.79,38.46666667,21,38.9,19.39,36.59,18.03333333,49.12666667,3.2,81.69,18.39,32.79,20.79,45.79,18.29,41.7,3.7,742.4666667,92.66666667,5.166666667,37.66666667,2.6
40,0,20.6,37.56,18.76,38.43333333,21,38.9,19.39,36.66333333,18.1,49.12666667,3.2,81.69,18.39,32.9,20.79,45.895,18.26,41.66333333,3.9,742.4,92,5,40,2.7
50,0,20.6,37.59,18.7,38.5,21,38.9,19.39,36.7,18.06666667,49.06,3.03,81.72666667,18.39,32.9,20.76,46.09,18.26,41.72333333,3.98,742.45,90.5,5.166666667,40,2.55
40,0,20.6,37.59,18.7,38.59,21,38.9,19.39,36.76,18,49,3.2925,81.745,18.39,32.9,20.7,46.09,18.29,41.82666667,4.07,742.5,89,5.333333333,40,2.4
60,0,20.56666667,37.59,18.7,38.66333333,21,38.9,19.35666667,36.79,18,48.9,3.56,81.72666667,18.39,33,20.7,46.23,18.29,41.9,4.15,742.55,87.5,5.5,40,2.25
40,0,20.5,37.66333333,18.66666667,38.66333333,21,38.9,19.29,36.79,18,48.82666667,3.626666667,81.72666667,18.39,33,20.7,46.29,18.29,42,4.23,742.6,86,5.666666667,40,2.1
20,0,20.5,37.7,18.6,38.66333333,21,39,19.29,36.9,18,48.79,3.7,81.8,18.39,33,20.7,46.29,18.29,42,4.32,742.65,84.5,5.833333333,40,1.95
30,0,20.42666667,37.7,18.6,38.7,21,39,19.29,36.9,18,48.79,3.7,81.8,18.39,33,20.7,46.29,18.29,42.03,4.4,742.7,83,6,40,1.8
20,0,20.39,37.7,18.6,38.7,21,38.93333333,19.29,36.9,18,48.79,3.566666667,81.86666667,18.39,33,20.7,46.29,18.29,42.09,4.25,742.7666667,84,5.833333333,38.16666667,1.8
40,0,20.39,37.76,18.6,38.73,20.9175,39,19.29,36.9,17.96333333,48.76,3.26,81.86666667,18.39,33.06,20.7,46.23,18.29,42.09,4.1,742.8333333,85,5.666666667,36.33333333,1.8
40,0,20.35666667,37.79,18.53333333,38.79,20.89,39.06,19.23,36.82666667,17.96333333,48.7,3.2,81.8,18.39,33.09,20.7,46.2,18.29,42.16333333,3.95,742.9,86,5.5,34.5,1.8
50,0,20.29,37.79,18.5,38.79,20.89,39.2,19.2,36.79,17.89,48.59,3.26,81.76333333,18.39,33.03,20.7,46.12666667,18.29,42.2,3.8,742.9666667,87,5.333333333,32.66666667,1.8
50,0,20.29,37.82666667,18.5,38.79,20.89,39.2,19.2,36.79,17.89,48.59,3.2,81.69,18.35666667,33.06,20.6,46.06,18.29,42.2,3.65,743.0333333,88,5.166666667,30.83333333,1.8
40,0,20.29,37.9,18.5,38.79,20.89,39.23,19.2,36.79,17.89,48.66333333,3.163333333,81.83333333,18.29,33.06,20.6,46,18.29,42.2,3.5,743.1,89,5,29,1.8
60,10,20.23,37.9,18.5,38.79,20.89,39.29,19.2,36.79,17.89,48.59,3.03,81.76,18.29,33.09,20.6,46.12666667,18.29,42.2675,3.42,743.1666667,89.66666667,4.833333333,28,1.83
50,20,20.2,38,18.5,38.86333333,20.89,39.2,19.2,36.82666667,17.89,48.59,2.9,81.8,18.29,33.09,20.66666667,46.12666667,18.29,42.23,3.33,743.2333333,90.33333333,4.666666667,27,1.87
70,10,20.2,38.19333333,18.5,38.86333333,20.89,39.2,19.26,37.16,17.89,48.59,2.9,81.8,18.29,33.09,20.6,45.63333333,18.29,42.16333333,3.25,743.3,91,4.5,26,1.9
50,0,20.2,38.46333333,18.39,38.9,20.89,39.06,19.53333333,37.56,17.89,48.59,2.863333333,81.76333333,18.29,33.09,20.6,45.36,18.29,42.09,3.17,743.3666667,91.66666667,4.333333333,25,1.93
50,10,20.2,38.66333333,18.42666667,39,20.89,39,19.66666667,37.43333333,17.89,48.59,2.79,81.69,18.29,33.09,20.5,44.79666667,18.29,42.09,3.08,743.4333333,92.33333333,4.166666667,24,1.97
50,0,20.2,38.79,18.5,39.26,20.85666667,38.86333333,19.7,37.4,17.89,48.5,2.9,81.69,18.29,33.09,20.5,44.33,18.29,42.03,3,743.5,93,4,23,2
50,0,20.2,38.86333333,18.46333333,39.4,20.79,38.79,19.7,37.4,17.89,48.5,2.9,81.665,18.29,33.09,20.46333333,43.76666667,18.29,42,3.12,743.6,93,4.166666667,24,2.1
100,30,20.2,38.9,18.46333333,39.46666667,20.79,38.79,19.6,37.32666667,17.82333333,47.99333333,2.966666667,81.59,18.29,33.1175,20.39,43.32,18.29,42,3.23,743.7,93,4.333333333,25,2.2
60,20,20.2,39.02666667,18.46333333,39.59,20.73,38.79,19.66666667,37.52666667,17.96333333,46.93333333,3.2,81.69,18.29,33.12666667,20.39,43.12666667,18.29,41.86333333,3.35,743.8,93,4.5,26,2.3
70,20,20.2,39.23,18.39,39.72333333,20.7,38.66333333,20.06666667,37.73,18.1,46.06333333,3.26,81.76333333,18.29,33.13333333,20.39,42.93,18.29,41.79,3.47,743.9,93,4.666666667,27,2.4
60,30,20.2,39.29,18.39,39.93333333,20.7,38.59,20.4,37.79,18.16666667,45.59666667,3.26,81.65666667,18.23,32.93333333,20.32333333,42.65666667,18.29,41.66333333,3.58,744,93,4.833333333,28,2.5
60,20,20.2,39.26,18.39,40,20.7,38.56,20.89333333,37.66333333,18.2,44.94,3.333333333,81.65666667,18.2,32.82666667,20.29,42.33333333,18.29,41.46333333,3.7,744.1,93,5,29,2.6
60,30,20.2,39.12666667,18.39,40.06,20.7,38.43333333,21.125,37.47,18.29,44.6,3.53,81.76333333,18.2,32.9,20.29,42.12666667,18.23,41.16333333,3.7,744.25,93.16666667,5,29,2.63
160,40,20.2,38.86333333,18.39,39.93333333,20.56666667,37.56666667,21.2,37.09666667,18.29,44.26666667,3.59,81.62333333,18.16666667,32.86333333,20.2,41.76,18.23,40.89,3.7,744.4,93.33333333,5,29,2.67
200,30,20.13333333,38.79,18.39,39.63333333,20.295,37.27,21.1,37,18.23,43.96666667,3.73,81.65666667,18.1,32.86333333,20.2,41.7,18.2,40.63333333,3.7,744.55,93.5,5,29,2.7
70,30,20.1,38.66333333,18.39,39.5,20.03333333,37.26,21.1,36.93333333,18.29,43.76666667,3.79,81.59,18.13333333,32.86333333,20.16666667,41.5,18.2,40.69333333,3.7,744.7,93.66666667,5,29,2.73
130,30,20.1,38.53,18.39,39.36333333,19.92666667,37.56666667,21,36.73,18.26,43.62666667,3.826666667,81.59,18.13333333,32.86333333,20.16666667,41.5,18.29,41.93333333,3.7,744.85,93.83333333,5,29,2.77
90,30,20.1,38.76,18.39,39.23,19.92666667,37.56666667,21,36.93,18.2,44.03333333,3.966666667,81.53,18.1,32.9,20.16666667,41.59,18.29,42.4,3.7,745,94,5,29,2.8
80,30,20.1,38.54,18.39,39.09,19.89,37.7,21.1,37.23,18.1,44.5,4.09,81.59,18.1,32.96666667,20.1,41.53,18.29,42.214,3.72,745.25,93.16666667,5.166666667,28.33333333,2.68
80,30,20.06666667,38.46666667,18.39,39.09,19.92666667,37.7,21.1,37.26714286,18.1,44.8725,4.1925,81.4975,18.1,33,20.1,41.425,18.29,41.99666667,3.73,745.5,92.33333333,5.333333333,27.66666667,2.57
70,30,20.06666667,38.5,18.5,39.32666667,19.89,37.82666667,21.1,37.23,18.1,45.09,4.366666667,81.43333333,18.1,33,20.07777778,41.15666667,18.29,41.69333333,3.75,745.75,91.5,5.5,27,2.45
70,40,20.06666667,38.46666667,18.69666667,39.32666667,19.89,37.96,21.16666667,37.29,18.1,45.23,4.51125,81.59,18.2,32.88777778,20.05,40.8425,18.34714286,41.38285714,3.77,746,90.66666667,5.666666667,26.33333333,2.33
70,30,20.025,38.6175,18.8925,39.245,19.85666667,38.06,21.218,37.156,18.1,45.26,4.638571429,81.51,18.2,32.81444444,20.05555556,40.63666667,18.39,41.112,3.78,746.25,89.83333333,5.833333333,25.66666667,2.22
50,30,20.05,38.745,19.06666667,39.2,19.81,38.134,21.29,37.09666667,18.06,45.316,4.594,81.67,18.2,32.72,20.03333333,40.44444444,18.39,40.952,3.8,746.5,89,6,25,2.1
50,20,20.06666667,39.19333333,19.1,39.09666667,19.79,38.2,21.30428571,36.89857143,18,45.29,4.511428571,81.72142857,18.2,32.62666667,20.0625,40.30875,18.39,40.76,4.05,746.6666667,88.33333333,5.833333333,24.83333333,2.23
60,20,20.1,38.82333333,19.1,38.42666667,19.82333333,38.12666667,21.39,36.71,18,45.35875,4.623,81.83,18.25142857,32.59571429,20.05714286,40.12142857,18.39,40.99666667,4.3,746.8333333,87.66666667,5.666666667,24.66666667,2.37
80,20,20,38.1675,19.1,37.89666667,19.79,38.09,21.456,36.678,18,45.3175,4.88,81.96,18.29,32.5675,20.1,39.96857143,18.412,41.214,4.55,747,87,5.5,24.5,2.5
90,30,20.06666667,38.16333333,19.2,37.66,19.79,38.06,21.5,36.7,18,45.23857143,5.074,82.114,18.40375,32.475,20.1,39.77714286,18.43714286,41.45714286,4.8,747.1666667,86.33333333,5.333333333,24.33333333,2.63
70,20,20.1,38.23,19.26,37.66333333,19.84,37.96666667,21.67142857,36.84285714,18,45.09,5.375,82.42375,18.57142857,32.42857143,20.11428571,39.7,18.46333333,41.59666667,5.05,747.3333333,85.66666667,5.166666667,24.16666667,2.77
80,30,20.125,38.29,19.29,37.62666667,19.89,37.925,21.77875,36.925,18,45.045,5.652,82.872,18.625,32.30375,20.2,39.545,18.478,41.572,5.3,747.5,85,5,24,2.9
80,20,20.2,38.4,19.39,37.5675,19.9175,37.9,21.83285714,37.03857143,18,45,5.866666667,83.26,18.7,32.2675,20.23857143,39.41428571,18.5,41.59,5.58,747.5833333,82.83333333,5.166666667,26.66666667,2.78
80,30,20.21285714,38.35285714,19.39,37.45,19.93714286,37.85285714,21.92142857,37,18,45,6.123333333,83.695,18.75142857,32.12142857,20.29,39.29,18.478,41.518,5.87,747.6666667,80.66666667,5.333333333,29.33333333,2.67
250,20,20.27,38.35111111,19.39,37.29,20,37.79,22,37,18,45,6.287777778,83.9,18.79,32.01285714,20.29,39.2,18.46333333,41.56,6.15,747.75,78.5,5.5,32,2.55
80,30,20.33285714,38.85428571,19.5,37.475,20,37.83714286,22,36.975,18,44.9125,6.333333333,83.96666667,18.84,32.0225,20.34125,39.05625,18.5,41.76428571,6.43,747.8333333,76.33333333,5.666666667,34.66666667,2.43
90,20,20.43714286,38.80857143,19.5,37.5,20.0625,37.9625,22.04285714,37.03857143,18,44.92857143,6.4,83.19333333,19.11428571,31.84714286,20.53333333,38.91333333,18.5,41.8175,6.72,747.9166667,74.16666667,5.833333333,37.33333333,2.32
330,20,20.55,38.6225,19.5625,37.5,20.1,38,22.1,37.02571429,17.9725,44.975,6.52,81.075,19.29375,31.68375,20.69714286,38.68142857,18.5,41.9,7,748,72,6,40,2.2
100,30,20.67142857,38.4,19.6,37.5,20.2,37.975,22.1,36.88285714,17.98428571,45,6.98,79.50666667,19.45285714,31.46857143,20.84714286,38.36857143,18.5,41.9,6.83,748.05,73,6,40,2.23
430,20,20.7,38.28,19.7,37.59,20.2,37.9,22.125,36.73375,17.98625,45,7.168888889,74.91666667,19.5,31.36142857,20.89,38.22571429,18.5,41.9,6.67,748.1,74,6,40,2.27
80,20,20.75142857,38.06428571,19.7,37.59,20.2,37.9,22.18571429,36.7,17.98428571,45,7.37,70.25428571,19.52857143,31.27714286,20.95285714,38.06428571,18.5125,41.9,6.5,748.15,75,6,40,2.3
240,30,20.8275,37.92375,19.77875,37.49875,20.2,37.9,22.2,36.59571429,17.95875,45,7.53,66.72666667,19.7225,31.175,21.11428571,37.92714286,18.54285714,41.83714286,6.33,748.2,76,6,40,2.33
260,20,20.92142857,37.73857143,19.79,37.36857143,20.2,37.9,22.2,36.42857143,17.98428571,45.02571429,7.93625,64.74625,19.86142857,31.02571429,21.23857143,37.72285714,18.6,41.75625,6.17,748.25,77,6,40,2.37
70,0,21,37.68428571,19.89,37.2675,20.2,37.97142857,22.2225,36.3175,18,45,8.3,61.99666667,19.945,30.85375,21.29,37.56428571,18.6,41.7,6,748.3,78,6,40,2.4
80,10,21.07142857,37.57714286,19.89,37.2,20.2,38,22.2,36.08285714,18,45,8.025714286,63.20714286,20,30.73,21.29,37.41285714,18.6,41.63125,6.28,748.35,76.66666667,5.666666667,40,2.42
60,0,21.08571429,37.47,19.89,37.27,20.2,38,22.075,35.785,18,45,7.126666667,65.59666667,19.95875,30.6875,21.26428571,37.26428571,18.6,41.7,6.57,748.4,75.33333333,5.333333333,40,2.43
60,0,21.075,37.245,19.95285714,37.22571429,20.21125,37.9125,21.96857143,35.5,17.93125,44.9625,6.441428571,64.67142857,19.86142857,30.6,21.2,37.16857143,18.6,41.7,6.85,748.45,74,5,40,2.45
200,0,21.1,37.2,20,37.13714286,20.27714286,37.82142857,21.89,35.2675,17.92142857,44.9,6.34,64.116,19.865,30.525,21.2,37.09,18.6,41.65875,7.13,748.5,72.66666667,4.666666667,40,2.47
400,0,21.17142857,37.11428571,20,36.95,20.29,37.79,21.79,34.93333333,17.89,44.845,6.634,63.418,20.06,30.35,21.35666667,36.99666667,18.6,41.55142857,7.42,748.55,71.33333333,4.333333333,40,2.48
100,0,21.21285714,37.03857143,20,36.82142857,20.29,37.7,21.79,34.9,17.945,44.79,6.95,63.3,20.26875,30.24375,21.49714286,36.76428571,18.6375,41.53375,7.7,748.6,70,4,40,2.5
50,0,21.29,37.09,20.0625,36.85875,20.33285714,37.7,21.75625,34.9,17.98428571,44.79,7.345,61.55,20.43714286,30.15714286,21.67142857,36.59,18.7,41.5,7.72,748.65,69,4.166666667,40,2.32
50,0,21.37571429,37.01,20.1,36.82428571,20.39,37.59,21.7,34.845,17.9725,44.79,7.8375,57.14,20.525,29.9825,21.745,36.4375,18.7,41.47142857,7.73,748.7,68,4.333333333,40,2.13
60,0,21.39,36.83714286,20.08571429,36.72571429,20.39,37.55,21.62222222,34.60444444,17.95111111,44.77,7.768571429,54.91,20.48625,29.84,21.7,36.28125,18.6625,41.4625,7.75,748.75,67,4.5,40,1.95
50,0,21.39,36.62,20,36.60571429,20.45285714,37.55142857,21.55714286,34.48571429,17.95875,44.71125,7.53375,54.07,20.39,29.65,21.65,36.1175,18.62857143,41.42857143,7.77,748.8,66,4.666666667,40,1.77
40,0,21.39,36.45714286,20,36.59,20.42666667,37.43333333,21.46333333,34.36333333,17.89,44.7,7.475,54.77,20.39,29.58,21.62,36,18.61428571,41.41428571,7.78,748.85,65,4.833333333,40,1.58
50,0,21.42666667,36.4,20,36.5,20.5,37.5,21.42142857,34.32142857,17.89,44.63714286,7.56875,55.3225,20.4725,29.5,21.71285714,35.92857143,18.67142857,41.4,7.8,748.9,64,5,40,1.4
50,0,21.5,36.33714286,20,36.42857143,20.5,37.4,21.39,34.35285714,17.96857143,44.59,7.62,57.75428571,20.5,29.45285714,21.79,35.74833333,18.7,41.4,7.67,748.95,64.33333333,4.833333333,40,1.35
70,0,21.5,36.19428571,20,36.4,20.5,37.3175,21.3025,34.38625,17.89,44.5675,7.488888889,58.78666667,20.46857143,29.45285714,21.7225,35.995,18.7,41.4,7.53,749,64.66666667,4.666666667,40,1.3
80,0,21.5,36.13714286,20,36.42857143,20.52222222,37.23,21.2675,34.3725,17.97555556,44.5,7.371428571,58.35142857,20.39,29.39,21.77875,36.3225,18.65,41.345,7.4,749.05,65,4.5,40,1.25
230,0,21.46857143,36.40714286,20,36.47142857,20.6,37.09,21.2,34.33125,17.93714286,44.5,7.03125,58.0825,20.34714286,29.43714286,21.79,36.61142857,18.64285714,41.31142857,7.27,749.1,65.33333333,4.333333333,40,1.2
280,0,21.5,37.12142857,20,36.53,20.6,37.16333333,21.2,34.44,17.96333333,44.5,6.971428571,59.43857143,20.39,29.5,21.89,36.92,18.64285714,41.25428571,7.13,749.15,65.66666667,4.166666667,40,1.15
240,0,21.6,39.11,20,37.42,20.6,37.41142857,21.1,34.55625,17.93714286,44.62142857,7.05625,57.9675,20.365,29.4175,21.96857143,37,18.7,41.29,7,749.2,66,4,40,1.1
220,0,21.7,39.28333333,20,38.36857143,20.6875,37.8,21.07142857,34.56428571,17.945,44.94375,7.07875,53.8075,20.39,29.28,22.08571429,37.01285714,18.7,41.23857143,6.85,749.2666667,67,3.666666667,40,1.13
100,0,21.65714286,40.81285714,20.07142857,38.74,20.7,38.06,21.01666667,34.515,18,45.28,6.871428571,53.75142857,20.30666667,29.2,22.12,37.036,18.675,41.1725,6.7,749.3333333,68,3.333333333,40,1.17
110,0,21.6,39.36857143,20.05714286,38.72,20.7,38.2,21,34.5,18,45.515,6.7175,54.2975,20.29,29.18,22.2,36.98333333,18.67142857,41.16857143,6.55,749.4,69,3,40,1.2
110,0,21.61428571,38.82142857,20,38.42571429,20.7,38.156,20.978,34.5,18,45.612,6.545,54.58375,20.218,29.04,22.2675,36.925,18.6,41.09,6.4,749.4666667,70,2.666666667,40,1.23
120,0,21.64285714,38.45428571,20,38.26428571,20.7,38.05142857,20.89,34.57875,17.9725,45.65875,6.3875,55.41,20.2,29.05714286,22.34,37,18.62857143,41.09,6.25,749.5333333,71,2.333333333,40,1.27
90,0,21.6,38.07,20,38.13714286,20.7,37.95,20.86142857,34.65285714,18,45.57714286,6.342857143,56.42142857,20.12857143,29.1,22.39,37,18.61428571,41.01285714,6.1,749.6,72,2,40,1.3
110,0,21.64285714,37.92285714,19.90375,37.99625,20.7,37.81142857,20.79,34.7675,17.90571429,45.51285714,6.4,56.9075,20.075,29.075,22.39,37.09,18.61428571,41.01285714,5.82,749.6833333,73.16666667,2.166666667,40,1.27
90,10,21.6,37.62666667,19.89,37.845,20.7,37.6725,20.79,34.85285714,17.89,45.4,6.29625,55.845,20,29.01428571,22.39,37.09,18.64285714,41.03857143,5.53,749.7666667,74.33333333,2.333333333,40,1.23
90,10,21.6,37.66857143,19.89,37.6925,20.72571429,37.59,20.75625,34.73375,17.95285714,45.26428571,5.89625,54.925,19.96857143,29.1,22.39,37.09,18.6,41,5.25,749.85,75.5,2.5,40,1.2
90,0,21.61428571,37.76428571,19.89,37.53857143,20.75625,37.59,20.7,34.78285714,17.89,45.2,5.565714286,56.25142857,19.89,29.1,22.36142857,37.15285714,18.6,41.09,4.97,749.9333333,76.66666667,2.666666667,40,1.17
80,10,21.62222222,37.59444444,19.90375,37.45,20.79,37.5,20.7,34.94285714,17.89,45.2,5.095,59.477,19.82333333,29.08333333,22.29,37.32666667,18.6,41.09,4.68,750.0166667,77.83333333,2.833333333,40,1.13
80,10,21.65714286,37.54,20,37.4,20.79,37.4,20.6,35.08,17.89,45.2,4.4975,61.295,19.79,29.2,22.29,37.31142857,18.6,41.09,4.4,750.1,79,3,40,1.1
90,0,21.67142857,38.12142857,20,37.32142857,20.81857143,37.42857143,20.6,35.2225,17.89,45.1725,3.93,62.5725,19.72571429,29.29,22.25625,37.13625,18.6,41.09,4.1,750.05,80.5,2.833333333,40,1.05
90,0,21.65714286,37.49857143,20,37.44285714,20.815,37.45,20.6,35.02571429,17.92142857,45.10571429,3.445,63.57,19.7,29.31857143,22.2,37.23,18.6,41.09,3.8,750,82,2.666666667,40,1
100,10,21.6,37.13428571,20.05714286,37.5,20.81857143,37.42857143,20.5625,34.85875,17.89,45.10571429,2.997777778,65.51555556,19.68571429,29.37571429,22.2,37.38142857,18.6,40.93571429,3.5,749.95,83.5,2.5,40,0.95
120,10,21.6,36.98428571,20.1,37.42857143,20.865,37.3975,20.5,34.79,18.02285714,53.22428571,2.73125,66.92,19.6,29.39,22.2,37.56428571,18.6,40.63714286,3.2,749.9,85,2.333333333,40,0.9
130,0,21.67142857,36.95714286,20.25142857,37.35285714,20.95285714,37.32142857,20.5,34.76428571,18.55,66.47375,2.325,67.525,19.57142857,29.46857143,22.2,37.63714286,18.6,40.14142857,2.9,749.85,86.5,2.166666667,40,0.85
100,0,21.71285714,36.98571429,20.34714286,37.33714286,21.0625,37.23375,20.39,34.6175,20.41142857,87.08142857,1.97125,68.09625,19.54285714,29.51428571,22.18571429,37.48428571,18.6,39.67857143,2.6,749.8,88,2,40,0.8
110,0,21.81857143,36.9,20.45285714,37.27714286,21.2,37.2,20.39,34.65285714,20.78285714,86.22285714,1.75,68.85,19.5,29.6,22.18571429,38.15714286,18.58571429,39.31,2.42,749.8,88.5,2,38,0.7
100,0,21.92142857,36.83714286,20.54285714,37.2,21.2,37.16857143,20.365,34.7,20.26428571,87.62714286,1.532222222,70.15888889,19.43714286,29.54285714,22.18571429,38.63714286,18.58571429,38.96428571,2.23,749.8,89,2,36,0.6
90,0,22,36.86857143,20.64285714,37.23857143,21.25625,37.15875,20.29,34.7,20,81.95428571,1.3275,70.76875,19.40571429,29.6,22.2,38.79,18.52857143,38.79,2.05,749.8,89.5,2,34,0.5
70,0,22.0875,37.02125,20.75142857,37.32142857,21.29,37.25142857,20.29,34.7,20.05714286,69.87142857,1.166666667,71.28777778,19.39,29.6,22.13333333,38.99833333,18.5,38.46428571,1.87,749.8,90,2,32,0.4
80,0,22.18571429,37.12142857,20.79,37.45714286,21.29,37.3725,20.29,34.66857143,20.1,57.80875,1.0375,71.6325,19.33285714,29.7,22.18571429,39.32142857,18.5,38.08285714,1.68,749.8,90.5,2,30,0.3
80,0,22.23857143,37.22571429,20.89,37.59,21.29,37.51285714,20.27875,34.6175,20.2,52.84285714,0.9125,71.9375,19.29,29.7,22.1,39.35285714,18.5,37.73857143,1.5,749.8,91,2,28,0.2
80,0,22.29,37.2,20.89,37.545,21.37571429,37.59,20.2,34.53857143,20.2,49.92,0.8,72.835,19.29,29.7,22.1,39.32142857,18.5,37.49625,1.47,749.7333333,91.16666667,2.166666667,27.16666667,0.183
90,0,22.31857143,37.12142857,20.93714286,37.45714286,21.39,37.59,20.2,34.55625,20.29,47.47857143,0.722222222,73.18222222,19.29,29.7,22.02857143,39.22571429,18.5,37.25142857,1.43,749.6666667,91.33333333,2.333333333,26.33333333,0.167
70,0,22.37571429,37.03857143,20.96857143,37.29,21.46857143,37.65285714,20.2,34.5,20.31857143,45.90714286,0.7625,73.76875,19.2675,29.675,22,39.22571429,18.5,37.06428571,1.4,749.6,91.5,2.5,25.5,0.15
60,0,22.39,36.8725,21,37.25142857,21.45285714,37.55142857,20.18571429,34.5,20.39,44.64285714,0.877777778,74.54666667,19.2,29.64285714,21.96857143,39.29,18.42142857,36.85,1.37,749.5333333,91.66666667,2.666666667,24.66666667,0.133
60,0,22.42142857,36.92857143,21,37.45714286,21.34714286,37.5,20.1625,34.59,20.39,43.92428571,0.925,75.0375,19.2,29.93714286,21.95285714,39.51,18.40375,36.73375,1.33,749.4666667,91.83333333,2.833333333,23.83333333,0.117
40,0,22.45285714,36.98571429,21,37.59,21.25625,37.6475,20.1,34.66857143,20.36142857,44.14714286,1.033333333,75.70666667,19.25142857,30.16857143,21.89,39.76714286,18.39,36.73857143,1.3,749.4,92,3,23,0.1
50,10,22.5,36.96666667,21,37.57714286,21.11428571,37.72571429,20.1,34.7925,20.11428571,45.63857143,1.1125,76.235,19.27875,30.39375,21.89,40.06714286,18.39,36.94285714,1.42,749.3,92,3,23,0.217
50,0,22.5,36.9,21,37.5,21.05,37.8175,20.1,34.9,19.89375,47.215,1.2,76.44875,19.21285714,30.46857143,21.89,40.45428571,18.39,37.11142857,1.53,749.2,92,3,23,0.333
60,0,22.5,36.9,20.9725,37.5,21,37.88428571,20.075,34.95,19.75142857,48.30714286,1.2,76.67888889,19.2,30.62857143,21.89,40.76,18.39,37.2925,1.65,749.1,92,3,23,0.45
50,0,22.42142857,36.75714286,20.90833333,37.5,20.9725,37.9,20.04285714,35,19.65714286,49.15285714,1.23375,76.96875,19.2,30.75625,21.87571429,41,18.39,37.4,1.77,749,92,3,23,0.567
50,0,22.39,36.7,20.83285714,37.44285714,20.92142857,37.92857143,20,35.0225,19.57142857,49.82571429,1.27875,77.335,19.2,30.83285714,21.815,41.195,18.39,37.48571429,1.88,748.9,92,3,23,0.683
60,0,22.39,36.815,20.79,37.42857143,20.89,37.9,20,35.09,19.5,50.42285714,1.23375,77.13375,19.2,30.96857143,21.82333333,41.32666667,18.39,37.60571429,2,748.8,92,3,23,0.8
40,10,22.39,36.79,20.72571429,37.45714286,20.89,37.83714286,20,35.1175,19.4175,50.8975,1.175,76.9625,19.2,31.05,21.79,41.3175,18.39,37.71285714,2.12,748.6666667,91,3,24,0.767
50,0,22.365,36.79,20.7,37.4,20.865,37.8175,20,35.23857143,19.36142857,51.31428571,1.15,77.2475,19.2,31.15714286,21.715,41.4,18.39,37.83714286,2.23,748.5333333,90,3,25,0.733
40,10,22.29,37.00428571,20.65714286,37.35285714,20.89,38,19.9725,35.29,19.29,51.68142857,1.1,77.23125,19.2,31.2,21.7,41.5,18.39,37.92857143,2.35,748.4,89,3,26,0.7
40,0,22.29,37.17857143,20.55714286,37.29,20.84714286,37.95714286,19.92142857,35.30571429,19.245,51.8975,1.21,77.79444444,19.15,31.2675,21.72571429,41.52571429,18.42142857,38.52571429,2.47,748.2666667,88,3,27,0.667
60,0,22.29,37.12142857,20.5,37.29,20.81857143,37.92857143,19.9175,35.33125,19.2,52.06428571,1.3525,78.28375,19.15714286,31.29,21.65714286,41.45714286,18.5,38.82142857,2.58,748.1333333,87,3,28,0.633
60,10,22.23857143,37.01285714,20.39,37.29,20.79,38,19.89,35.38428571,19.14285714,52.12142857,1.445,78.45875,19.1,31.3525,21.6,41.46666667,18.5,39.02571429,2.7,748,86,3,29,0.6
50,0,22.2,36.92857143,20.34714286,37.29,20.79,37.9,19.89,35.4,19.1,52.33125,1.55,78.5,19.1,31.39,21.55714286,41.62142857,18.5,39.15285714,2.78,747.8333333,85.33333333,3.166666667,30.83333333,0.55
40,0,22.13333333,36.9,20.29,37.29,20.79,37.9,19.86142857,35.36857143,19.05714286,52.47142857,1.6375,78.4625,19.1,31.43714286,21.5,41.88285714,18.46857143,39.29571429,2.87,747.6666667,84.66666667,3.333333333,32.66666667,0.5
40,0,22.1,36.9,20.2,37.2,20.79,37.9,19.79,35.29,19,52.56428571,1.6975,78.4625,19.1,31.5,21.5,42.1225,18.5,39.425,2.95,747.5,84,3.5,34.5,0.45
60,0,22.1,36.80571429,20.15714286,37.22571429,20.7675,37.9,19.79,35.29,18.9725,52.63125,1.83375,78.27125,19.07142857,31.5,21.43714286,42.4,18.5,39.53857143,3.03,747.3333333,83.33333333,3.666666667,36.33333333,0.4
40,0,22,36.57714286,20.11428571,37.2,20.76428571,37.9,19.79,35.29,18.90833333,52.7,2.0475,77.975,19.1,31.6,21.48166667,42.71166667,18.5,39.62666667,3.12,747.1666667,82.66666667,3.833333333,38.16666667,0.35
50,0,22,36.52571429,20.08571429,37.09285714,20.72571429,37.9,19.79,35.29,18.89,52.75625,2.23125,77.68,19.0625,31.5625,21.45285714,43.08,18.5,39.7,3.2,747,82,4,40,0.3
50,0,21.92142857,36.48571429,20,37,20.7225,37.9,19.79,35.29,18.81857143,52.72571429,2.44875,77.16,19.06666667,31.56666667,21.42142857,43.58285714,18.46857143,39.76428571,3.33,746.8333333,81.16666667,4.166666667,40,0.283
50,0,21.89,36.42857143,19.93714286,36.95714286,20.79,37.9,19.79,35.29,18.79,52.7,2.608571429,76.35,19.025,31.5625,21.39,43.73857143,18.5,39.85285714,3.47,746.6666667,80.33333333,4.333333333,40,0.267
60,0,21.83,36.378,19.89,36.9,20.79,37.9,19.73375,35.29,18.79,52.7,2.83125,75.35875,19,31.6,21.39,43.97142857,18.48428571,39.92857143,3.6,746.5,79.5,4.5,40,0.25
40,10,21.79,36.29,19.83285714,36.9,20.79,37.92857143,19.7,35.29,18.79,52.75142857,2.9625,74.29375,19,31.575,21.36142857,44.06428571,18.46857143,39.97142857,3.73,746.3333333,78.66666667,4.666666667,40,0.233
50,0,21.79,36.29,19.79,36.9,20.79,37.9,19.7,35.3175,18.72571429,52.72571429,3.137142857,73.16142857,19,31.6,21.30428571,44.39285714,18.48428571,40.03714286,3.87,746.1666667,77.83333333,4.833333333,40,0.217
40,0,21.71285714,36.29,19.71285714,36.86857143,20.79,37.9,19.7,35.29,18.7,52.7,3.25625,71.88375,19,31.6,21.30428571,44.72285714,18.5,40.09,4,746,77,5,40,0.2
40,0,21.7,36.22571429,19.7,36.88428571,20.79,38,19.7,35.29,18.65714286,52.65285714,3.3725,70.25,19,31.62857143,21.29,44.9,18.5,40.18625,4.07,745.8333333,76.33333333,5.5,40,0.15
50,0,21.63333333,36.2,19.65714286,36.88428571,20.79,37.925,19.7,35.29,18.68888889,52.68777778,3.4625,68.93125,18.96333333,31.6,21.29,44.8475,18.5,40.245,4.13,745.6666667,75.66666667,6,40,0.1
50,0,21.6,36.09,19.6,36.88428571,20.79,38,19.67777778,35.29,18.6,52.5675,3.59,67.6175,18.9175,31.6875,21.27,44.72555556,18.5,40.35285714,4.2,745.5,75,6.5,40,0.05
50,0,21.6,36.09,19.57142857,36.94285714,20.815,38.03375,19.62857143,35.29,18.6,52.56428571,3.6725,66.70875,18.93714286,31.65714286,21.23857143,44.63714286,18.5,40.44285714,4.27,745.3333333,74.33333333,7,40,0
50,0,21.51428571,36.09,19.5,37,20.81857143,38.06428571,19.6,35.29,18.55,52.57875,3.868571429,65.66571429,18.9175,31.625,21.2,44.5,18.5,40.53857143,4.33,745.1666667,73.66666667,7.5,40,-0.05
40,0,21.5,36.09,19.48428571,37.07714286,20.8775,38.18625,19.6,35.29,18.57142857,52.57714286,3.975,64.4925,18.89,31.67142857,21.2,44.51285714,18.5,40.59,4.4,745,73,8,40,-0.1
60,10,21.445,36.045,19.39,37.09,20.89,38.2,19.6,35.29,18.51428571,52.5,4.07875,64.3475,18.89,31.7,21.2,44.675,18.5,40.7,4.32,744.75,74.33333333,7.833333333,43.5,0.0667
20,0,21.39,36,19.39,37.10571429,20.89,38.2,19.6,35.29,18.5,52.5,4.09,64.08,18.89,31.7,21.2,44.72571429,18.5,40.7,4.23,744.5,75.66666667,7.666666667,47,0.233
30,0,21.39,36.03,19.35666667,37.2,20.92142857,38.2,19.6,35.29,18.5,52.48571429,4.051428571,65.37,18.89,31.7,21.2,44.72,18.5,40.754,4.15,744.25,77,7.5,50.5,0.4
30,0,21.31857143,36.09,19.29,37.29,20.89,38.25142857,19.6,35.29,18.45285714,52.36714286,3.9,67.52,18.89,31.7,21.2,44.59,18.5,40.79,4.07,744,78.33333333,7.333333333,54,0.567
30,0,21.29,36.09,19.29,37.29,20.89,38.29,19.5625,35.29,18.39,52.29,3.75625,69.75,18.89,31.73857143,21.2,44.55142857,18.5,40.83714286,3.98,743.75,79.66666667,7.166666667,57.5,0.733
50,0,21.29,36.09,19.29,37.4,20.89,38.29,19.51428571,35.38428571,18.39,52.23375,3.668571429,71.52571429,18.89,31.79,21.14285714,44.5,18.5,40.9,3.9,743.5,81,7,61,0.9
50,0,21.275,36.18166667,19.2,37.36857143,20.89,38.3725,19.5,35.4,18.39,52.2,3.645,72.47125,18.89,31.79,21.1,44.5,18.5,40.96666667,3.92,743.2666667,81.66666667,7,57.5,1.02
50,0,21.2,36.09,19.2,37.44285714,20.90571429,38.36857143,19.5,35.48571429,18.39,52.10375,3.694285714,73.12428571,18.84,31.84,21.1,44.5,18.5,41,3.93,743.0333333,82.33333333,7,54,1.13
50,0,21.2,36.13714286,19.18333333,37.5,20.93714286,38.36857143,19.5,35.53375,18.39,52.09,3.80875,73.3375,18.79,31.83285714,21.1,44.5,18.5,41.06428571,3.95,742.8,83,7,50.5,1.25
40,10,21.15714286,36.2,19.1,37.53857143,20.89,38.4,19.5,35.59,18.37571429,52.06428571,3.98625,73.2975,18.79,31.89,21.1,44.5,18.5,41.13714286,3.97,742.5666667,83.66666667,7,47,1.37
40,0,21.1,36.21285714,19.1,37.59,20.95285714,38.47142857,19.5,35.6175,18.29,52.09,4.105714286,73.60857143,18.79,31.93125,21.1,44.59,18.5,41.2,3.98,742.3333333,84.33333333,7,43.5,1.48
50,0,21.1,36.29,19.0875,37.68625,20.89,38.5225,19.43714286,35.63714286,18.29,52.09,4.223,74.016,18.79,32,21.1,44.7,18.5,41.22,4,742.1,85,7,40,1.6
40,0,21.05,36.30375,19.0375,37.73375,20.89,38.52571429,19.43125,35.65875,18.29,52.02571429,4.214444444,74.91666667,18.79,32,21.1,44.65285714,18.5,41.29,3.95,741.8833333,86,7.166666667,43.5,1.72
60,0,21,36.29,19,37.79,20.89,38.59,19.39,35.7,18.29,52,4.1025,76.11875,18.79,32.06428571,21.07142857,44.56428571,18.5,41.29,3.9,741.6666667,87,7.333333333,47,1.83
40,0,21,36.32142857,19,37.9,21,38.59,19.39,35.7,18.29,51.925,4.03375,76.9575,18.79,32.09,21.05714286,44.56428571,18.5,41.4,3.85,741.45,88,7.5,50.5,1.95
60,0,20.93714286,36.4,18.93714286,37.94285714,21,38.59,19.39,35.79,18.23857143,51.82142857,4,77.51,18.79,32.16857143,21.025,44.595,18.5,41.4,3.8,741.2333333,89,7.666666667,54,2.07
40,0,20.96333333,36.45,18.92666667,37.96666667,21,38.65875,19.39,35.83125,18.25142857,51.75142857,3.925,77.95875,18.79,32.2,21.03333333,44.62666667,18.5,41.41428571,3.75,741.0166667,90,7.833333333,57.5,2.18
50,0,20.89,36.5,18.89,38.05142857,21,38.59,19.39,35.9,18.22571429,51.7,3.884285714,78.36857143,18.79,32.25625,21.02857143,44.55714286,18.5,41.48571429,3.7,740.8,91,8,61,2.3
40,0,20.89,36.56428571,18.89,38.09,21,38.66857143,19.39,35.9125,18.2,51.6175,3.9,78.97125,18.79,32.29,21,44.5,18.5,41.5,3.72,740.7547619,91.04761905,7.857142857,60.5,2.33
40,10,20.80428571,36.59,18.89,38.18428571,21,38.7,19.36142857,35.94285714,18.2,51.59,3.9,79.2975,18.75142857,32.33714286,20.98428571,44.5,18.5,41.5225,3.74,740.7095238,91.0952381,7.714285714,60,2.36
50,0,20.79,36.59,18.83285714,38.2,21,38.7,19.365,36,18.2,51.545,3.9375,79.47375,18.71125,32.4,20.93714286,44.53857143,18.5,41.59,3.76,740.6642857,91.14285714,7.571428571,59.5,2.39
40,0,20.79,36.63714286,18.79,38.2,21,38.7675,19.30428571,36.06428571,18.2,51.5,3.99875,79.69125,18.7,32.4,20.89,44.60571429,18.5,41.60571429,3.79,740.6190476,91.19047619,7.428571429,59,2.42
50,0,20.79,36.7,18.79,38.245,21,38.79,19.29,36.1175,18.17142857,51.5,4.051428571,79.75285714,18.7,32.48571429,20.89,44.82142857,18.5,41.72571429,3.81,740.5738095,91.23809524,7.285714286,58.5,2.45
40,0,20.71285714,36.77714286,18.79,38.29,21,38.82142857,19.29,36.16857143,18.1625,51.425,4.09,79.875,18.7,32.5,20.89,44.86333333,18.5,41.9,3.83,740.5285714,91.28571429,7.142857143,58,2.49
20,0,20.7,37.02285714,18.79,38.4,21,38.75625,19.29,36.2225,18.15714286,51.31428571,4.09,79.95714286,18.7,32.55142857,20.89,45.045,18.5,41.9,3.85,740.4833333,91.33333333,7,57.5,2.52
30,0,20.7,37.145,18.7,38.62666667,20.92142857,38.62142857,19.29,36.23857143,18.23375,49.0875,4.09,80,18.7,32.59,20.89,44.88571429,18.5,41.91666667,3.87,740.4380952,91.38095238,6.857142857,57,2.55
20,0,20.68333333,37.29333333,18.7,38.98285714,20.89,38.52571429,19.2675,36.2675,18.34714286,47.65428571,4.09,80.06428571,18.7,32.62142857,20.86142857,44.41142857,18.5,41.9,3.89,740.3928571,91.42857143,6.714285714,56.5,2.58
50,0,20.6,37.36333333,18.7,39.24166667,20.8025,38.4125,19.27714286,36.29,18.39,46.67142857,4.09,80.1275,18.7,32.68428571,20.81857143,44.22571429,18.5,41.9,3.91,740.347619,91.47619048,6.571428571,56,2.61
50,20,20.6,37.59666667,18.7,39.41428571,20.79,38.4,19.245,36.345,18.42142857,46.2,4.09,80.29714286,18.7,32.7,20.79,43.92857143,18.5,42.08,3.94,740.302381,91.52380952,6.428571429,55.5,2.64
80,10,20.6,37.72571429,18.7,39.36333333,20.6625,37.80875,19.245,36.475,18.3275,46.725,4.1025,80.4125,18.67142857,32.58,20.76428571,43.59571429,18.53333333,42.06,3.96,740.2571429,91.57142857,6.285714286,55,2.67
50,0,20.6,37.76,18.7,39.09666667,20.6,37.77714286,19.29,36.59,18.29,47.25428571,4.161428571,80.53857143,18.6,32.55625,20.7,43.20714286,18.5,41.89714286,3.98,740.2119048,91.61904762,6.142857143,54.5,2.7
50,10,20.58333333,38.06,18.7,39,20.6,37.84285714,19.29,36.65875,18.26428571,47.45714286,4.175714286,80.67857143,18.6,32.59,20.7,42.81142857,18.5,41.66333333,4,740.1666667,91.66666667,6,54,2.73
50,0,20.53333333,38.23,18.65,38.95,20.6,37.8175,19.29,36.7,18.2,47.62,4.245,80.925,18.6,32.62142857,20.62857143,42.40714286,18.51666667,41.43333333,4.02,740.1214286,91.71428571,5.857142857,53.5,2.76
50,0,20.5,38.16333333,18.6,38.91666667,20.6,37.9,19.29,36.75625,18.2,47.7,4.3,81.10666667,18.52857143,32.66857143,20.6,42.12428571,18.5,41.26,4.04,740.0761905,91.76190476,5.714285714,53,2.8
40,0,20.5,38.09,18.6,38.92,20.6,37.9,19.27714286,36.79,18.2,47.79,4.383333333,81.19,18.5,32.71125,20.57142857,41.92857143,18.5,41.018,4.06,740.0309524,91.80952381,5.571428571,52.5,2.83
50,10,20.46333333,37.99666667,18.6,38.96,20.6,38,19.25142857,36.77714286,18.17142857,47.79,4.485714286,81.37,18.5,32.76428571,20.52857143,41.73857143,18.5,40.856,4.09,739.9857143,91.85714286,5.428571429,52,2.86
40,0,20.39,37.86333333,18.6,39,20.6,38,19.2675,36.7675,18.15714286,47.86857143,4.623333333,81.56333333,18.5,32.86857143,20.5,41.615,18.5,40.76,4.11,739.9404762,91.9047619,5.285714286,51.5,2.89
40,0,20.42142857,37.89714286,18.6,39,20.6,38,19.22571429,36.72571429,18.175,47.9,4.67,81.67,18.48625,32.9,20.5,41.4625,18.46333333,40.62666667,4.13,739.8952381,91.95238095,5.142857143,51,2.92
50,0,20.39,37.96,18.6,39,20.6,38,19.2,36.7,18.15714286,47.9,4.726666667,81.69,18.43714286,32.94285714,20.5,41.36333333,18.5,40.53,4.15,739.85,92,5,50.5,2.95
50,0,20.39,37.9,18.55714286,39.02571429,20.6,38,19.2,36.7,18.125,48,4.8875,81.87375,18.43125,33.02125,20.445,41.245,18.42142857,40.25714286,4.17,739.8047619,92.04761905,4.857142857,50,2.98
50,0,20.39,37.845,18.6,39.06428571,20.6,38,19.2,36.7,18.1,48,4.95,81.9,18.42142857,33.09571429,20.42666667,41.12666667,18.39,40.12142857,4.19,739.7595238,92.0952381,4.714285714,49.5,3.01
50,0,20.29,37.92,18.6,39.09,20.6,38,19.15714286,36.71285714,18.1,48,4.9625,81.78375,18.4725,33.2,20.39,41.2,18.39,40.02125,4.21,739.7142857,92.14285714,4.571428571,49,3.04
50,0,20.32333333,38,18.6,39.03857143,20.6,37.96666667,19.18571429,36.7,18.1,47.95,4.55,80.9,18.39,33.12666667,20.39,41.2,18.39,39.93333333,4.24,739.6690476,92.19047619,4.428571429,48.5,3.07
50,0,20.39,38,18.62857143,39,20.6,37.85875,19.1,36.62142857,18.07142857,47.84285714,4.09625,81.06875,18.4175,33.02125,20.39,40.97142857,18.39,39.7925,4.26,739.6238095,92.23809524,4.285714286,48,3.1
20,0,20.33285714,38,18.68571429,39,20.6,37.79,19.1,36.5,18.1,47.79,3.88625,81.38375,18.39,32.9,20.29,40.85285714,18.39,39.65285714,4.28,739.5785714,92.28571429,4.142857143,47.5,3.14
20,0,20.39,37.92857143,18.73375,38.9,20.57142857,37.79,19.1,36.42857143,18.05,47.63375,3.79,81.5,18.39,32.75625,20.29,40.62142857,18.39,39.52571429,4.3,739.5333333,92.33333333,4,47,3.17
30,0,20.39,37.79,18.79,38.86857143,20.52857143,37.79,19.1,36.36857143,18,47.42714286,3.7675,81.5,18.39,32.65285714,20.29,40.47142857,18.39,39.38285714,4.32,739.4880952,92.38095238,3.857142857,46.5,3.2
30,0,20.39,37.7,18.86142857,38.83714286,20.5,37.83125,19.1,36.29,18,47.26428571,3.9375,81.4875,18.39,32.59,20.26428571,40.29571429,18.39,39.2225,4.34,739.4428571,92.42857143,3.714285714,46,3.23
60,0,20.39,37.56428571,18.93714286,38.76142857,20.5,37.79,19.1,36.22571429,18,47.19714286,3.96125,81.4375,18.39,32.52571429,20.26,40.145,18.31857143,39.05142857,4.36,739.397619,92.47619048,3.571428571,45.5,3.26
50,0,20.43714286,38.26857143,19.02857143,38.59,20.5,37.79,19.07142857,36.16857143,18,47.36857143,4.222857143,81.51,18.39,32.5,20.2,39.95714286,18.34714286,38.95714286,4.39,739.352381,92.52380952,3.428571429,45,3.29
50,0,20.5,39.43714286,19.12857143,38.53857143,20.5,37.79,19.0375,36.13125,18,47.44285714,4.4975,81.45,18.39,32.47142857,20.2,39.85285714,18.31857143,38.82142857,4.41,739.3071429,92.57142857,3.285714286,44.5,3.32
50,0,20.57142857,41.52571429,19.21125,38.51125,20.55,37.83125,19.02857143,36.12142857,18.01428571,47.38285714,4.79625,81.60375,18.39,32.5,20.17142857,39.79,18.31857143,38.71285714,4.43,739.2619048,92.61904762,3.142857143,44,3.35
40,0,20.6,41.475,19.29,38.53857143,20.6,37.92857143,19.0625,36.15875,18,47.23857143,4.99875,81.665,18.39,32.52571429,20.15714286,39.79,18.29,38.7,4.45,739.2166667,92.66666667,3,43.5,3.38
50,0,20.6,40.75666667,19.34,38.5,20.6,38,19.05,36.18166667,18,47.2,5.115,81.7175,18.39,32.59,20.11666667,39.79,18.31857143,38.7,4.47,739.1714286,92.71428571,2.857142857,43,3.41
50,0,20.62,41.396,19.42666667,38.4,20.6,38,19,36.2,18,47.06,5.436,81.714,18.39,32.656,20.14,39.772,18.33,38.7,4.49,739.1261905,92.76190476,2.714285714,42.5,3.45
40,0,20.7,41.712,19.52,38.378,20.6,38.13,19.01666667,36.215,18,46.96666667,5.995,81.70833333,18.39,32.775,20.1,39.7,18.29,38.7,4.51,739.0809524,92.80952381,2.571428571,42,3.48
60,0,20.7,40.7,19.6,38.27714286,20.6,38.16333333,19.01666667,36.23,18.01428571,46.9,6.4,81.92375,18.39,32.79,20.1,39.75142857,18.29,38.7,4.54,739.0357143,92.85714286,2.428571429,41.5,3.51
50,0,20.7,39.82428571,19.68571429,38.23857143,20.61428571,38.10571429,19.025,36.29,18,46.79,6.428571429,82.11857143,18.39,32.85285714,20.1,39.71285714,18.30428571,38.7,4.56,738.9904762,92.9047619,2.285714286,41,3.54
70,0,20.7,39.2,19.7,38.2,20.64285714,38.13714286,19.02857143,36.32142857,18.02857143,46.79,6.66625,82.23125,18.39,32.9,20.06666667,39.66333333,18.33285714,38.7,4.58,738.9452381,92.95238095,2.142857143,40.5,3.57
340,0,20.775,38.79666667,19.7,38.145,20.7,38.09,19,36.30833333,18,46.7,6.721428571,82.4,18.39,32.95,20.02857143,39.62142857,18.34,38.7,4.6,738.9,93,2,40,3.6
270,0,20.79,38.5725,19.75625,38.1475,20.675,38.15875,19,36.4,18,46.62666667,6.877777778,82.47777778,18.39,33,20,39.59,18.365,38.7,4.8,738.8833333,92.33333333,2.333333333,40,3.68
100,0,20.79,38.312,19.83,38.018,20.7,38.156,19,36.4,18,46.59,7,82.48,18.39,33.072,20,39.59,18.29,38.7,5,738.8666667,91.66666667,2.666666667,40,3.77
50,0,20.82333333,38.32666667,19.90833333,37.915,20.67142857,38.16857143,19,36.46666667,18,46.59,7.22125,82.53375,18.39,33.09,20,39.55142857,18.29,38.65285714,5.2,738.85,91,3,40,3.85
50,0,20.89,38.29,20.05,37.745,20.68571429,38.18428571,19,36.5,18,46.5,7.551428571,82.59,18.39,33.2,20,39.5,18.34714286,38.7,5.4,738.8333333,90.33333333,3.333333333,40,3.93
70,0,20.956,38.732,20.1,37.60833333,20.7,38.2,19.02857143,36.57714286,18,46.46666667,7.825714286,82.76857143,18.45285714,33.25142857,20,39.5,18.37,38.7,5.6,738.8166667,89.66666667,3.666666667,40,4.02
60,0,20.98625,38.80875,20.2,37.56428571,20.71285714,38.2,19.08571429,36.68428571,18,46.4,8.082857143,82.82857143,18.46857143,33.36857143,20,39.5,18.39,38.7,5.8,738.8,89,4,40,4.1
80,0,21.04285714,39.15714286,20.29,37.56428571,20.79,38.27714286,19.1,36.68428571,18,46.4,8.0475,83.00875,18.5,33.32142857,20,39.5,18.39,38.7,5.67,738.8,88.5,3.833333333,38,3.88
60,0,21.1,39.55428571,20.29,37.62428571,20.81857143,38.32142857,19.1,36.62142857,18.03333333,46.43333333,7.425714286,82.65,18.57142857,33.22571429,20,39.45714286,18.39,38.7,5.53,738.8,88,3.666666667,36,3.67
40,0,21.1,39.03,20.29,37.7,20.79,38.26428571,19.1,36.62142857,18,46.4,7.245,82.59625,18.57142857,33.05142857,20,39.378,18.39,38.7,5.4,738.8,87.5,3.5,34,3.45
520,0,21.1,38.70714286,20.29,37.7,20.80428571,38.26857143,19.1,36.5675,18,46.4,7.471428571,82.78,18.52857143,32.91428571,20,39.2675,18.39,38.7,5.27,738.8,87,3.333333333,32,3.23
680,0,21.1,38.9,20.29,37.56,20.92666667,38.83,19.1,36.5,18.05,46.45,7.4625,82.445,18.5,32.83714286,20,39.15285714,18.40571429,38.71285714,5.13,738.8,86.5,3.166666667,30,3.02
390,0,21.08571429,38.34285714,20.09285714,36.49571429,21.20875,40.46625,19.1,36.45,18,46.345,7.524285714,82.49571429,18.58571429,32.77714286,20,39.09,18.39,38.7,5,738.8,86,3,28,2.8
350,0,20.92142857,36.16142857,19.26857143,35.86714286,21.47833333,40.5,19.11428571,36.28285714,18.025,46.30625,8.00875,82.72,18.75142857,32.72571429,20.1,39.03857143,18.5,38.88,5.4,738.85,83.5,2.666666667,30,2.73
270,0,20.77875,35.32125,18.89,35.38,21.6625,39.5375,19.2,36.0975,18.05,46.2175,8.3175,80.4975,18.9175,32.4975,20.2,38.86857143,18.5,39.22,5.8,738.9,81,2.333333333,32,2.67
260,0,20.79,36.17333333,19.11428571,35.92428571,21.72571429,38.70857143,19.2,36,18.025,46.0225,7.87125,78.15,18.98428571,32.32142857,20.22571429,38.69428571,18.5,39.12142857,6.2,738.95,78.5,2,34,2.6
260,0,20.81857143,37.82142857,19.26428571,37.28142857,21.92142857,39.09714286,19.17142857,36,18.06666667,45.96666667,7.41,77.1375,18.92142857,32.25142857,20.2,38.59,18.5,39.06428571,6.6,739,76,1.666666667,36,2.53
210,0,20.89,38.58285714,19.42142857,37.93714286,22.1,39.36857143,19.17142857,36,18,45.88166667,7.342857143,77.9,18.92142857,32.2,20.2,38.5,18.5,39.07714286,7,739.05,73.5,1.333333333,38,2.47
190,0,20.89,38.76428571,19.52714286,38.19714286,22.23375,39.105,19.1,36,18.03333333,45.96666667,7.497142857,78.18285714,18.89,32.18428571,20.14285714,38.5,18.5,39.09,7.4,739.1,71,1,40,2.4
90,0,20.89,38.72571429,19.6,38.13714286,22.30428571,38.71,19.125,36.0675,18,46.07714286,7.79625,78.635,18.89,32.09,20.14285714,38.4,18.5,38.88428571,7.42,739.1166667,69.66666667,1,40,2.15
390,0,20.89,38.72571429,19.6,38.12142857,22.29,38.52571429,19.15714286,36.09,18.02857143,46.12142857,8.18625,78.92,18.89,32.06428571,20.1,38.4,18.5,38.79,7.43,739.1333333,68.33333333,1,40,1.9
270,0,20.89,38.76428571,19.6,38.13714286,22.33285714,38.88285714,19.175,36.09,18.03333333,46.15666667,8.11,75.52428571,18.89,32,20.1,38.30571429,18.5,38.79,7.45,739.15,67,1,40,1.65
250,0,20.89,38.79,19.6,38.23857143,22.445,39,19.1,36.13714286,18.025,46.14,7.6675,74.355,18.89,32.0675,20.12857143,38.29,18.5,38.79,7.47,739.1666667,65.66666667,1,40,1.4
240,0,20.92142857,38.88428571,19.65,38.31166667,22.62857143,38.75428571,19.1,36.04142857,18.03333333,46.15666667,7.398571429,69.30714286,19,31.87857143,20.15714286,38.22571429,18.5,38.79,7.48,739.1833333,64.33333333,1,40,1.15
240,0,21,38.79,19.68571429,38.26142857,22.77714286,38.38142857,19.1,35.9,18,46.2,7.105714286,68.62857143,19,31.62857143,20.16666667,38.06,18.5,38.79,7.5,739.2,63,1,40,0.9
210,0,20.93714286,38.7,19.7,38.27714286,22.87333333,38.17833333,19.1,35.97142857,18.03333333,46.23,6.7425,69.795,19,31.7,20.15714286,38,18.5,38.79,7.27,739.2166667,65.16666667,1,37.16666667,1.12
180,0,21,38.59,19.736,38.178,22.96333333,37.71166667,19.1,35.79666667,18.06666667,46.36333333,6.78625,65.0225,19.05714286,31.57142857,20.18333333,37.96666667,18.5,38.76142857,7.03,739.2333333,67.33333333,1,34.33333333,1.33
100,0,21,38.59,19.79,37.985,22.96857143,37.39714286,19.1,35.585,18.1,46.3175,6.8,59.42285714,19.1,31.365,20.23857143,37.95571429,18.54285714,38.55142857,6.8,739.25,69.5,1,31.5,1.55
70,0,21,38.29571429,19.79,37.58142857,22.79,37.02857143,19.1,35.36857143,18.1,46.29,6.64,57.4225,19.2,31.05428571,20.35666667,38.09,18.52857143,38.44285714,6.57,739.2666667,71.66666667,1,28.66666667,1.77
90,0,21,37.99714286,19.90875,37.20375,22.625,36.75,19.1,35.29,18.1,46.058,6.3475,60.62,19.2,30.79,20.5375,38.23375,18.575,38.2675,6.33,739.2833333,73.83333333,1,25.83333333,1.98
90,0,21,37.86857143,19.86,37.04833333,22.51666667,36.645,19.1,35.29,18.13333333,45.93333333,5.79625,63.83625,19.2,30.79,20.71,38.29,18.6,38.215,6.1,739.3,76,1,23,2.2
90,0,20.96857143,37.78,19.68571429,37.26428571,22.39,36.59,19.1,35.36857143,18.13333333,45.73,5.20875,65.6225,19.2,30.79,20.85666667,38.36333333,18.6,38.18625,5.7,739.3666667,77.83333333,1,25.83333333,2.12
90,0,20.95285714,37.85285714,19.525,37.41,22.3025,36.55625,19.1,35.4125,18.1,45.59,4.61,67.07125,19.2,30.89,20.95875,38.5,18.54285714,38.09,5.3,739.4333333,79.66666667,1,28.66666667,2.03
110,0,20.90571429,38.01142857,19.43714286,37.55428571,22.23857143,36.44285714,19.05714286,35.46857143,18.1,45.59,4.038571429,68.67714286,19.16666667,30.89,21.03333333,38.53,18.5,38.09,4.9,739.5,81.5,1,31.5,1.95
90,0,20.90571429,37.9,19.34714286,37.75428571,22.11428571,36.45714286,19.02857143,35.49714286,18.1,45.5,3.596666667,70.12555556,19.1125,30.945,21.07142857,38.56428571,18.5,38.09,4.5,739.5666667,83.33333333,1,34.33333333,1.87
100,10,20.945,37.815,19.29,37.96666667,22.06666667,36.46666667,19,35.5,18.1,45.5,3.2475,71.49375,19.1,31,21.17142857,38.63714286,18.5,38.09,4.1,739.6333333,85.16666667,1,37.16666667,1.78
310,10,21,37.71285714,19.29,38.15,22,36.545,19,35.5,18.1,45.43333333,3.00875,72.49625,19.08571429,30.98428571,21.23857143,38.68142857,18.5,38.01125,3.7,739.7,87,1,40,1.7
330,10,21.1,37.9975,19.29,38.2,21.96857143,36.59,19,35.59,18.03333333,45.32666667,2.804444444,73.34111111,19.0375,31.025,21.31857143,38.79,18.5,38,3.5,739.7333333,87.83333333,1,37,1.63
90,10,21.17142857,39.74285714,19.29,38.42714286,21.89,36.60571429,19,35.59,18.025,45.3175,2.652857143,73.76857143,19,31,21.29,38.70833333,18.5,37.9,3.3,739.7666667,88.66666667,1,34,1.57
100,0,21.23,39.66333333,19.29,38.99714286,21.84714286,36.82142857,18.89,35.59,18.02,45.458,2.5225,74.3975,18.96333333,31,21.29,38.55142857,18.48428571,37.75142857,3.1,739.8,89.5,1,31,1.5
110,10,21.29,39.315,19.29,39.174,21.79,36.9,18.89,35.62142857,18.03333333,45.56666667,2.457142857,75.21428571,18.93714286,31,21.29,38.59,18.43714286,37.62428571,2.9,739.8333333,90.33333333,1,28,1.43
100,10,21.34714286,38.81142857,19.29,39.35875,21.79,37.02571429,18.89,35.63714286,18.05,45.6675,2.4125,75.47125,18.90571429,31.02857143,21.39,38.59,18.42142857,37.52571429,2.7,739.8666667,91.16666667,1,25,1.37
100,10,21.39,38.49857143,19.29,39.4,21.79,37.09,18.89,35.65875,18.1,45.79,2.45,76.17,18.89,31.08571429,21.46857143,38.66857143,18.39,37.45714286,2.5,739.9,92,1,22,1.3
100,20,21.39,38.26333333,19.29,39.4,21.79,37.09,18.89,35.645,18.1,45.79,2.4375,76.19375,18.89,31.1,21.55714286,38.7,18.40571429,37.38285714,2.47,739.9166667,92.16666667,1.166666667,22,1.28
120,20,21.39,37.98285714,19.29,39.36857143,21.71285714,37.09,18.89,35.75428571,18.06666667,45.76,2.30625,76.19,18.79,31,21.6,38.7,18.39,37.30571429,2.43,739.9333333,92.33333333,1.333333333,22,1.27
120,20,21.39,37.79857143,19.29,39.13714286,21.7,37.09,18.96857143,36.78142857,18.1,45.79,2.1725,76.395,18.79,31.05714286,21.62857143,38.72571429,18.39,37.22571429,2.4,739.95,92.5,1.5,22,1.25
130,20,21.39,37.53857143,19.29,39,21.68571429,37.07714286,19.07142857,37.55142857,18.1,45.73,2.1725,76.83375,18.79,31.1,21.68571429,38.77714286,18.39,37.2,2.37,739.9666667,92.66666667,1.666666667,22,1.23
140,20,21.42142857,37.35285714,19.29,38.9,21.6,37,19.2925,37.97,18.1,45.7,2.1725,77.115,18.76428571,31.1,21.73857143,38.7,18.34714286,37.09,2.33,739.9833333,92.83333333,1.833333333,22,1.22
130,20,21.5,37.29,19.29,38.92857143,21.6,36.98571429,19.72428571,38.15285714,18.1,45.645,2.09375,76.85625,18.72571429,31.15714286,21.79,38.62666667,18.33285714,37.07714286,2.3,740,93,2,22,1.2
110,10,21.5,37.245,19.29,39,21.6,36.93333333,20.38285714,37.76428571,18.13333333,45.42333333,1.83125,76.23125,18.7,31.12857143,21.81857143,38.62142857,18.34714286,37,2.2,740.05,93,2,22.33333333,1.1
150,0,21.5,37.16857143,19.29,39,21.6,36.9,20.58571429,37.01,18.90857143,66.42571429,1.745,76.53375,18.7,31.1,21.89,38.59,18.29,37,2.1,740.1,93,2,22.66666667,1
100,0,21.57142857,37.09,19.29,39.03857143,21.6,36.9,20.54285714,36.53857143,19.51333333,77.71666667,1.6375,76.60375,18.7,31.1,21.89,38.56428571,18.31857143,36.94285714,2,740.15,93,2,23,0.9
90,0,21.6,37.09,19.29,39.09,21.6,36.8175,20.36142857,36.05714286,19.23857143,68.52571429,1.51125,76.3625,18.7,31.1,22,38.46,18.29,36.9,1.9,740.2,93,2,23.33333333,0.8
110,0,21.57142857,37.09,19.29,39.16857143,21.52857143,36.85285714,20.27714286,35.80857143,19.1,62.79857143,1.23125,75.47125,18.7,31.07142857,22,38.4,18.29,36.86857143,1.8,740.25,93,2,23.66666667,0.7
120,0,21.6,37,19.21285714,39.10571429,21.46857143,36.86857143,20.15714286,35.57714286,19.01428571,58.48142857,1.033333333,75.19166667,18.64285714,30.93714286,22.04285714,38.42857143,18.29,36.79,1.7,740.3,93,2,24,0.6
120,0,21.6,37,19.2,39.09,21.39,36.76,20,35.4,19,56.33,1.0625,76.01875,18.63333333,30.92666667,22.1,38.38166667,18.29,36.7,1.63,740.3166667,92.83333333,1.833333333,23.83333333,0.517
110,0,21.6,37,19.2,39.06428571,21.39,36.72571429,19.89,35.29,18.96857143,54.66142857,1.025,76.18125,18.6,30.89,22.15714286,38.21,18.29,36.65285714,1.57,740.3333333,92.66666667,1.666666667,23.66666667,0.433
70,0,21.51666667,37,19.14285714,39.09,21.39,36.82142857,19.83285714,35.28,18.89,53.1,0.9375,75.97125,18.6,31.05428571,22.215,38.16,18.29,36.71,1.5,740.35,92.5,1.5,23.5,0.35
50,0,21.5,37.09,19.1,39.09,21.39,36.96666667,19.79,35.46666667,18.89,51.73428571,0.9,76.26857143,18.6,31.218,22.29,38.36,18.29,37.19333333,1.43,740.3666667,92.33333333,1.333333333,23.33333333,0.267
60,10,21.5,37.156,19.05,39.19666667,21.39,37,19.7,35.59,18.815,50.55,0.9,76.19,18.6,31.39,22.218,38.652,18.29,37.44666667,1.37,740.3833333,92.16666667,1.166666667,23.16666667,0.183
40,0,21.5,37.2,19,39.36333333,21.39,37.13333333,19.7,35.73,18.85666667,49.86666667,0.8,76.06333333,18.6,31.53333333,22.16666667,39.15666667,18.29,37.66333333,1.3,740.4,92,1,23,0.1
40,0,21.39,37.23,18.89,39.53,21.39,37.29,19.63333333,35.79,18.79,48.92333333,0.8,76.33,18.6,31.66666667,22.1,39.49,18.29,37.82666667,1.17,740.4166667,92.83333333,1,29.5,0.1
50,0,21.39,37.29,18.89,39.59,21.39,37.36333333,19.56666667,35.9,18.79,48.39,0.866666667,76.46666667,18.6,31.79,21.96333333,39.7,18.29,38.02666667,1.03,740.4333333,93.66666667,1,36,0.1
40,0,21.39,37.4,18.85666667,39.7,21.39,37.43333333,19.5,35.96666667,18.79,47.79666667,0.8,76.4,18.6,31.79,21.89,39.76,18.29,38.23,0.9,740.45,94.5,1,42.5,0.1
50,0,21.32333333,37.4,18.79,39.7,21.39,37.5,19.46333333,36,18.79,47.39,0.9,77.03,18.6,31.92666667,21.79,39.86,18.29,38.36333333,0.767,740.4666667,95.33333333,1,49,0.1
40,0,21.29,37.4,18.76,39.79,21.39,37.59,19.39,36,18.79,46.93,0.9,77.03,18.6,32,21.79,40.06,18.29,38.56666667,0.633,740.4833333,96.16666667,1,55.5,0.1
50,0,21.23,37.32666667,18.7,39.79,21.39,37.59,19.39,36.12666667,18.73,46.65666667,0.9,77.26,18.6,32.09,21.7,40.32666667,18.29,38.7,0.5,740.5,97,1,62,0.1
60,0,21.2,37.29,18.66666667,39.86333333,21.39,37.59,19.32333333,36.2,18.7,46.33333333,0.966666667,77.46666667,18.6,32.09,21.7,40.52666667,18.29,38.7,0.517,740.5,97,1,62,0.117
50,10,21.2,37.36333333,18.6,39.86333333,21.39,37.59,19.29,36.2,18.7,46.06666667,1.1,77.69,18.6,32.12666667,21.66666667,40.86,18.35666667,38.83333333,0.533,740.5,97,1,62,0.133
50,0,21.16666667,37.4,18.56666667,39.9,21.39,37.62666667,19.29,36.26,18.7,45.83333333,1.1,77.69,18.6,32.2,21.6,41.06,18.29,39.03,0.55,740.5,97,1,62,0.15
40,0,21.1,37.4,18.5,39.9,21.39,37.7,19.26,36.26,18.7,45.62666667,1.1,77.8,18.6,32.2,21.6,41.32666667,18.35666667,39.09,0.567,740.5,97,1,62,0.167
40,0,21.1,37.4,18.5,40,21.42666667,37.73,19.2,36.2,18.66666667,45.4,1.1,77.8,18.6,32.2,21.6,41.52666667,18.29,39.23,0.583,740.5,97,1,62,0.183
50,0,21.1,37.4,18.5,39.93333333,21.42666667,37.73,19.13333333,36.29,18.66666667,45.26,1.133333333,77.93333333,18.6,32.2,21.5,41.82666667,18.35666667,39.36333333,0.6,740.5,97,1,62,0.2
40,0,21,37.29,18.39,39.79,21.39,37.79,19.2,36.29,18.66666667,45.13333333,1.133333333,77.93333333,18.53333333,32.2,21.42666667,42.02666667,18.39,39.53,0.6,740.4666667,97,1.166666667,61.83333333,0.2
40,0,21,37.23,18.39,39.79,21.39,37.79,19.1,36.29,18.6,44.93333333,1.066666667,77.83,18.53333333,32.23,21.42666667,42.42666667,18.32333333,39.66333333,0.6,740.4333333,97,1.333333333,61.66666667,0.2
30,0,20.92666667,37.2,18.35666667,39.9,21.39,37.79,19.1,36.29,18.6,44.79,0.875,77.3225,18.53333333,32.29,21.42666667,42.76,18.35666667,39.73,0.6,740.4,97,1.5,61.5,0.2
30,0,20.92666667,37.2,18.29,39.9,21.39,37.79,19.06666667,36.29,18.6,44.73,0.7,76.72666667,18.5,32.29,21.39,43.03,18.35666667,39.86333333,0.6,740.3666667,97,1.666666667,61.33333333,0.2
30,10,20.89,37.2,18.29,39.9,21.39,37.82666667,19,36.29,18.6,44.59,0.6,76.46666667,18.5,32.29,21.39,43.09,18.32333333,40,0.6,740.3333333,97,1.833333333,61.16666667,0.2
50,0,20.89,37.2,18.2225,39.9,21.365,37.9,19,36.29,18.6,44.5225,0.6,76.46666667,18.5,32.29,21.29,43.06,18.39,40.0675,0.6,740.3,97,2,61,0.2
40,0,20.84,37.2,18.2,39.96666667,21.29,37.9,19,36.29,18.6,44.43333333,0.5,76.53,18.5,32.29,21.29,43.0675,18.39,40.16333333,0.517,740.2833333,97.33333333,1.666666667,59.83333333,0.15
50,0,20.79,37.2,18.16666667,40,21.26,37.86333333,18.92666667,36.29,18.6,44.29,0.5,76.79666667,18.5,32.29,21.23,43.09,18.39,40.23,0.433,740.2666667,97.66666667,1.333333333,58.66666667,0.1
40,0,20.73,37.2,18.1,40,21.2,37.79,18.92666667,36.29,18.6,44.23,0.533333333,77.06333333,18.5,32.29,21.26,43.16333333,18.39,40.36333333,0.35,740.25,98,1,57.5,0.05
50,0,20.7,37.2,18,40,21.1,37.7,18.92666667,36.29,18.6,44.16333333,0.6,77.19,18.5,32.29,21.2,43.22333333,18.39,40.43333333,0.267,740.2333333,98.33333333,0.666666667,56.33333333,0
60,0,20.7,37.2,18,40,21.1,37.7,18.89,36.29,18.53333333,44.03,0.6,77.43333333,18.5,32.29,21.2,43.36,18.39,40.5,0.183,740.2166667,98.66666667,0.333333333,55.16666667,-0.05
50,0,20.7,37.2,17.89,40.03,21.1,37.7,18.89,36.29,18.5,44,0.666666667,77.76666667,18.5,32.29,21.13333333,43.56,18.39,40.53,0.1,740.2,99,0,54,-0.1
50,0,20.63333333,37.12666667,17.89,40.09,21.1,37.7,18.89,36.29,18.5,43.93333333,0.7,77.65666667,18.5,32.29,21.16666667,43.62666667,18.39,40.59,0.1,740.2,99,0.166666667,53.66666667,-0.1
50,10,20.6,37.2,17.89,40.09,21.03333333,37.62666667,18.82333333,36.23,18.5,43.9,0.7,77.65666667,18.5,32.29,21.1,43.7,18.39,40.7,0.1,740.2,99,0.333333333,53.33333333,-0.1
40,0,20.6,37.2,17.89,40.03,21.03333333,37.62666667,18.79,36.2,18.5,43.9,0.8,77.99666667,18.5,32.32666667,21.16666667,43.59,18.39,40.76,0.1,740.2,99,0.5,53,-0.1
40,0,20.56666667,37.2,17.79,40,21,37.73,18.79,36.2,18.5,43.76,0.866666667,78.33,18.5,32.4,21.1,43.59,18.39,40.79,0.1,740.2,99,0.666666667,52.66666667,-0.1
50,0,20.5,37.2,17.73,40,21,37.73,18.79,36.2,18.5,43.7,0.9,78.36666667,18.46333333,32.29,21.1,43.59,18.39,40.86333333,0.1,740.2,99,0.833333333,52.33333333,-0.1
40,0,20.5,37.2,17.7,40.09,20.89,37.7,18.73,36.2,18.46333333,43.66333333,0.9,78.36666667,18.39,32.29,21.03333333,43.59,18.39,40.93333333,0.1,740.2,99,1,52,-0.1
40,0,20.5,37.2,17.7,40.09,20.89,37.7,18.7,36.2,18.46333333,43.66333333,1,78.595,18.5,32.32666667,21,43.5,18.39,41,0.15,740.2333333,99,1,49.33333333,-0.05
60,0,20.39,37.09,17.6,40.09,20.89,37.66333333,18.7,36.2,18.42666667,43.53,1.066666667,78.65666667,18.5,32.4,21,43.5,18.39,41.03,0.2,740.2666667,99,1,46.66666667,0
50,0,20.39,37.09,17.6,40.16333333,20.89,37.66333333,18.7,36.2,18.42666667,43.53,1.066666667,78.79666667,18.39,32.29,21,43.4,18.39,41.09,0.25,740.3,99,1,44,0.05
50,0,20.35666667,37.12666667,17.56666667,40.23,20.89,37.66333333,18.7,36.26,18.46333333,43.56,1.23,78.96333333,18.39,32.29,21,43.4,18.39,41.09,0.3,740.3333333,99,1,41.33333333,0.1
40,0,20.35666667,37.2,17.56666667,40.29,20.89,37.59,18.7,36.23,18.39,43.5,1.29,79.09,18.39,32.32666667,20.92666667,43.4,18.39,41.16333333,0.35,740.3666667,99,1,38.66666667,0.15
40,0,20.29,37.2,17.5,40.29,20.89,37.59,18.7,36.29,18.39,43.5,1.29,79.09,18.39,32.32666667,20.92666667,43.32666667,18.39,41.2,0.4,740.4,99,1,36,0.2
20,0,20.29,37.2,17.5,40.4475,20.865,37.5675,18.63333333,36.29,18.39,43.45,1.29,79.09,18.39,32.4,20.89,43.36333333,18.39,41.2,0.433,740.4166667,98.66666667,1,37.33333333,0.2
20,0,20.29,37.2,17.5,40.5,20.79,37.56,18.7,36.29,18.39,43.43333333,1.39,79.09,18.39,32.4,20.89,43.29,18.39,41.26,0.467,740.4333333,98.33333333,1,38.66666667,0.2
30,0,20.26,37.16333333,17.5,40.5,20.79,37.59,18.63333333,36.29,18.39,43.4,1.463333333,79.15666667,18.39,32.4,20.89,43.29,18.39,41.29,0.5,740.45,98,1,40,0.2
50,0,20.2,37.09,17.42666667,40.5,20.73,37.53,18.6,36.29,18.39,43.4,1.5,79.19,18.39,32.4,20.79,43.2,18.39,41.36333333,0.533,740.4666667,97.66666667,1,41.33333333,0.2
50,0,20.2,37.12666667,17.39,40.5,20.7,37.59,18.6,36.29,18.29,43.4,1.5,79.19,18.39,32.4,20.85666667,43.26,18.39,41.4,0.567,740.4833333,97.33333333,1,42.66666667,0.2
50,0,20.2,37.2,17.39,40.5,20.7,37.59,18.6,36.29,18.29,43.4,1.6,79.19,18.39,32.4,20.79,43.2,18.39,41.4,0.6,740.5,97,1,44,0.2
40,0,20.16666667,37.2,17.35666667,40.5,20.7,37.62666667,18.6,36.29,18.29,43.4,1.6,79.19,18.39,32.46666667,20.79,43.2,18.39,41.4,0.7,740.5666667,96.83333333,1,44.33333333,0.267
50,0,20.1,37.2,17.29,40.5,20.76,37.7,18.6,36.4,18.29,43.32666667,1.633333333,79.22666667,18.39,32.4,20.79,43.29,18.39,41.46666667,0.8,740.6333333,96.66666667,1,44.66666667,0.333
40,0,20.1,37.2,17.29,40.59,20.79,37.73,18.53333333,36.4,18.29,43.4,1.7,79.3,18.39,32.46666667,20.79,43.23,18.39,41.5,0.9,740.7,96.5,1,45,0.4
50,0,20.1,37.2,17.29,40.59,20.79,37.79,18.5,36.4,18.29,43.4,1.826666667,79.43333333,18.35666667,32.5,20.7,43.29,18.39,41.5,1,740.7666667,96.33333333,1,45.33333333,0.467
40,0,20.1,37.29,17.29,40.62666667,20.79,37.79,18.5,36.4,18.29,43.29,1.9,79.425,18.35666667,32.5,20.7,43.29,18.39,41.5,1.1,740.8333333,96.16666667,1,45.66666667,0.533
50,0,20.03333333,37.29,17.29,40.62666667,20.79,37.86333333,18.5,36.43333333,18.29,43.29,1.9,79.4,18.29,32.5,20.7,43.32666667,18.39,41.56,1.2,740.9,96,1,46,0.6
60,0,20,37.29,17.2,40.59,20.82333333,37.93333333,18.5,36.5,18.29,43.29,1.9,79.4,18.29,32.5,20.7,43.46666667,18.39,41.59,1.2,740.9333333,96.16666667,1,44,0.633
50,0,20,37.29,17.2,40.59,20.89,38,18.5,36.5,18.29,43.29,1.9,79.4,18.29,32.5,20.7,43.53,18.39,41.59,1.2,740.9666667,96.33333333,1,42,0.667
40,0,20,37.29,17.2,40.59,20.89,38,18.5,36.5,18.29,43.32666667,1.9,79.3,18.29,32.5,20.7,43.66333333,18.39,41.59,1.2,741,96.5,1,40,0.7
50,0,19.92666667,37.29,17.2,40.66333333,20.89,38,18.5,36.5,18.29,43.32666667,1.9,79.3,18.29,32.56,20.7,43.7,18.39,41.59,1.2,741.0333333,96.66666667,1,38,0.733
30,0,19.89,37.32666667,17.2,40.7,20.89,38,18.42666667,36.5,18.29,43.29,1.9,79.33333333,18.29,32.56,20.7,43.7,18.39,41.62666667,1.2,741.0666667,96.83333333,1,36,0.767
50,0,19.89,37.4,17.2,40.7,20.89,38.06,18.39,36.43333333,18.23,43.29,1.966666667,79.4,18.29,32.53,20.66666667,43.76,18.39,41.76,1.2,741.1,97,1,34,0.8
40,0,19.89,37.4,17.2,40.7,20.92666667,38.09,18.39,36.5,18.26,43.36333333,2.03,79.46333333,18.29,32.59,20.6,43.7,18.39,41.7,1.3,741.1666667,96.83333333,1,35.33333333,0.867
40,0,19.89,37.4,17.1,40.79,20.8925,38.0475,18.39,36.5,18.2,43.3175,2.163333333,79.59,18.29,32.59,20.6,43.7,18.42666667,41.82666667,1.4,741.2333333,96.66666667,1,36.66666667,0.933
80,0,19.79,37.745,17.1,40.93,20.79,37.7,18.39,36.53,18.2,43.4,2.23,79.62333333,18.29,32.59,20.6,43.7,18.42666667,41.9,1.5,741.3,96.5,1,38,1
30,0,19.82333333,38.26666667,17.1,41.2,20.79,37.66333333,18.39,36.59,18.23,43.33333333,2.363333333,79.69,18.29,32.53,20.6,43.66333333,18.39,41.76,1.6,741.3666667,96.33333333,1,39.33333333,1.07
30,0,19.89,38.52666667,17.1,41.2,20.73,37.53,18.39,36.76666667,18.29,43,2.5,79.83333333,18.2,32.26,20.6,43.3975,18.39,41.62666667,1.7,741.4333333,96.16666667,1,40.66666667,1.13
30,0,19.85666667,38.33333333,17.2,41.06,20.7,37.46666667,18.39,36.9,18.29,42.66333333,2.56,79.83333333,18.2,32.2,20.53333333,43.06666667,18.39,41.33333333,1.8,741.5,96,1,42,1.2
40,0,19.79,38.12666667,17.13333333,40.93333333,20.7,37.32666667,18.39,37,18.29,42.46333333,2.73,79.93333333,18.16666667,32.06,20.5,42.79666667,18.39,41.06666667,1.95,741.5166667,95.16666667,1,45.33333333,1.22
40,0,19.79,38.06,17.2,40.93333333,20.6,37.16333333,18.39,37,18.29,42.26,2.79,79.93333333,18.1,32,20.5,42.59,18.39,40.72333333,2.1,741.5333333,94.33333333,1,48.66666667,1.23
50,0,19.79,38,17.2,41,20.6,37.09,18.39,37.09,18.29,42.4,2.933333333,80.03,18.1,32,20.5,42.36333333,18.32333333,40.53,2.25,741.55,93.5,1,52,1.25
50,0,19.79,37.86333333,17.2,40.96666667,20.6,37.12666667,18.39,37.03,18.26,42.96333333,3.095,80.09,18.1,31.92666667,20.5,42.29,18.35666667,40.1,2.4,741.5666667,92.66666667,1,55.33333333,1.27
60,0,19.79,37.79,17.26,40.82666667,20.6,37.12666667,18.39,37,18.2,43.29666667,3.333333333,80.15666667,18.1,31.85666667,20.5,42.29,18.29,39.82666667,2.55,741.5833333,91.83333333,1,58.66666667,1.28
60,0,19.79,37.56,17.29,40.63333333,20.5,36.96666667,18.39,37,18.2,43.5,3.656666667,80.33333333,18.1,31.79,20.5,42.43,18.29,39.76,2.7,741.6,91,1,62,1.3
50,0,19.79,37.43333333,17.29,40.43333333,20.5,36.9,18.39,36.96666667,18.2,43.79,3.93,80.4,18.1,31.76,20.5,42.56,18.29,39.62666667,2.75,741.6666667,91.16666667,1.166666667,59.83333333,1.38
50,0,19.79,37.26,17.32333333,40.13333333,20.5,36.86333333,18.39,36.9,18.125,43.79,4.226666667,80.46666667,18.1,31.7,20.5,42.43333333,18.29,39.43,2.8,741.7333333,91.33333333,1.333333333,57.66666667,1.47
70,0,19.79,37.2,17.39,39.93333333,20.5,36.79,18.39,36.9,18.1,43.86333333,4.366666667,80.4,18.1,31.66666667,20.5,42.26,18.29,39.23,2.85,741.8,91.5,1.5,55.5,1.55
70,0,19.79,37.16333333,17.39,39.86333333,20.46333333,36.7,18.39,36.82666667,19.06,68.75666667,4.623333333,80.26666667,18.1,31.6,20.5,42,18.29,39.06,2.9,741.8666667,91.66666667,1.666666667,53.33333333,1.63
80,0,19.79,37.09,17.39,39.73,20.46333333,36.76,18.39,36.79,21,84.09666667,4.563333333,77.79333333,18.1,31.46333333,20.42666667,41.46666667,18.29,38.86,2.95,741.9333333,91.83333333,1.833333333,51.16666667,1.72
90,0,19.7,36.96666667,17.39,39.56,20.5,36.76,18.39,36.79,20.22333333,85.4,4.263333333,71.26,18.1,31.32333333,20.5,42.13333333,18.26,38.66333333,3,742,92,2,49,1.8
80,0,19.7,36.82666667,17.39,39.36,20.42666667,36.56666667,18.29,36.545,19.63,86.46666667,4.19,65.46666667,18.1,31.03,20.63333333,42.13333333,18.26,38.59,3.15,742.0166667,90.83333333,2,51.5,1.77
90,0,19.7,36.66333333,17.39,39.045,20.39,36.4,18.29,36.36333333,19.22666667,85.29333333,4.6,65.23333333,18.1,30.7225,20.76,41.8,18.2,38.19,3.3,742.0333333,89.66666667,2,54,1.73
90,0,19.7,36.53,17.39,38.86333333,20.39,36.3725,18.35666667,36.23,18.9975,83.6725,4.933333333,63.96666667,18.1,30.53333333,20.82333333,41.36333333,18.2,37.93,3.45,742.05,88.5,2,56.5,1.7
60,0,19.7,36.4,17.46333333,38.86333333,20.39,36.23,18.29,36.2,18.76333333,80.73,5.16,66.35666667,18.1,30.6,20.96333333,41.23,18.2,37.73,3.6,742.0666667,87.33333333,2,59,1.67
50,0,19.7,36.3175,17.5,38.79,20.29,36.06,18.29,36.2,18.63333333,75.83333333,5.433333333,67.23,18.1,30.66666667,21.03333333,41.06,18.2,37.59,3.75,742.0833333,86.16666667,2,61.5,1.63
60,0,19.7,36.29,17.56666667,38.73,20.29,35.93333333,18.35666667,36.2,18.7,71.96666667,5.963333333,66.22666667,18.1,30.7,21.1,41,18.2,37.53,3.9,742.1,85,2,64,1.6
90,0,19.7,36.29,17.6,38.56,20.26,35.76,18.35666667,36.2,18.7,66.06333333,6.09,62.76666667,18.1,30.7,21.15,40.745,18.2,37.46666667,4.02,742.1333333,85.66666667,1.833333333,62.16666667,1.82
80,0,19.7,36.29,17.6,38.43333333,20.2,35.7,18.39,36.2,18.63333333,60.05666667,6.123333333,61.6,18.1,30.7,21.23,40.56,18.2,37.4,4.13,742.1666667,86.33333333,1.666666667,60.33333333,2.03
70,0,19.7,36.29,17.7,38.46666667,20.2,35.7,18.32333333,36.26,18.56666667,55.86333333,6.2175,62.67,18.1,30.76,21.35666667,40.43333333,18.2,37.29,4.25,742.2,87,1.5,58.5,2.25
80,0,19.7,36.29,17.7,38.4,20.2,35.76,18.29,36.29,18.56666667,53.66333333,6.433333333,62.09333333,18.1,30.82333333,21.39,40.36333333,18.2,37.29,4.37,742.2333333,87.66666667,1.333333333,56.66666667,2.47
90,0,19.7,36.29,17.73,38.36333333,20.2,35.79,18.35666667,36.36333333,18.5,51.72666667,6.726666667,62.2,18.1,30.89,21.39,40.29,18.2,37.23,4.48,742.2666667,88.33333333,1.166666667,54.83333333,2.68
80,0,19.7,36.29,17.79,38.29,20.2,35.86333333,18.39,36.4,18.5,50.39333333,7,61.53333333,18.1,31,21.42666667,40.29,18.2,37.29,4.6,742.3,89,1,53,2.9
70,10,19.7,36.29666667,17.79,37.93333333,20.2,35.83333333,18.39,36.4,18.5,49.19666667,7.063333333,60.82666667,18.1,31,21.5,40.15666667,18.2,37.29,4.77,742.35,86.16666667,1,48.16666667,2.57
80,0,19.63333333,35.75666667,17.73,37.32666667,20.06666667,35.5,18.35666667,36.13333333,18.5,48.45666667,7.33,60.1,18.1,31,21.53333333,39.93333333,18.2,37.29,4.93,742.4,83.33333333,1,43.33333333,2.23
80,0,19.6,35.92666667,17.79,37.4,20,35.46333333,18.35666667,36.06,18.5,47.56333333,7.6,60.6,18.1,31,21.6,40.13333333,18.2,37.29,5.1,742.45,80.5,1,38.5,1.9
70,0,19.6,36.4,17.79,37.46666667,20,35.66333333,18.35666667,35.96666667,18.5,46.95666667,8,62.06666667,18.1,30.89,21.6,40.23,18.2,37.23,5.27,742.5,77.66666667,1,33.66666667,1.57
80,0,19.6,36.66333333,17.82333333,37.65666667,20.1,35.82666667,18.29,35.9,18.5,46.19333333,8.166666667,60.9,18.1,30.82333333,21.66666667,40.56333333,18.2,37.16333333,5.43,742.55,74.83333333,1,28.83333333,1.23
360,0,19.6,36.66333333,17.89,37.86333333,20.1,35.9,18.29,35.9,18.5,45.93333333,8.5,61.09333333,18.1,30.79,21.7,40.96666667,18.2,37.03,5.6,742.6,72,1,24,0.9
610,0,19.6,36.59,17.89,37.93333333,20.1,36,18.29,35.9975,18.46333333,45.95666667,8.463333333,57.23,18.1,30.73,21.7,40.96666667,18.29,37.32666667,5.65,742.6166667,70.33333333,1,26.66666667,0.6
190,0,19.6,36.59,17.89,38.26666667,20.1,36.06,18.29,36.09,18.39,46.69666667,8.463333333,58.69666667,18.1,30.7,21.73,40.79666667,18.29,37.46666667,5.7,742.6333333,68.66666667,1,29.33333333,0.3
120,0,19.6,36.73,17.945,38.895,20.1,36.2,18.32333333,36.09,18.39,47.3,8.36,56.86333333,18.1,30.7,21.73,40.53,18.245,37.345,5.75,742.65,67,1,32,0
90,0,19.6,36.93,18,38.73,20.1,36.12666667,18.39,36.09,18.39,47.63333333,8.166666667,56.66333333,18.1,30.7,21.79,40.16,18.2,37.29,5.8,742.6666667,65.33333333,1,34.66666667,-0.3
90,0,19.6,36.9,18,38.73,20.1,36.12666667,18.35666667,36.03,18.34,47.845,7.896666667,55.76,18.16666667,30.66666667,21.79,39.76666667,18.2,37.23,5.85,742.6833333,63.66666667,1,37.33333333,-0.6
100,0,19.6,36.8725,18,38.59,20.1,36.06,18.29,36.09,18.29,48,7.563333333,55.09333333,18.16666667,30.6,21.79,39.59,18.2,37.09,5.9,742.7,62,1,40,-0.9
110,0,19.6,36.86333333,18,38.53,20.03333333,36,18.39,36.26666667,18.29,48,7.263333333,49.46666667,18.32333333,30.7,21.85666667,39.72333333,18.2,37.16333333,6.17,742.7166667,60.5,1,38,-1.02
120,0,19.7,36.9,18,38.5,20,35.96666667,18.39,36.4,18.35666667,47.96666667,7.2425,54.5975,18.53,30.56666667,22.06666667,40,18.29,37.43333333,6.43,742.7333333,59,1,36,-1.13
350,0,19.76,36.9,18,38.43333333,20.06666667,36.02666667,18.5,36.5,18.29,47.9,7.4,49.72333333,18.73,30.22666667,22.2925,39.8975,18.29,37.56,6.7,742.75,57.5,1,34,-1.25
480,0,19.79,36.86333333,18,38.4,20.13333333,36.19333333,18.56666667,36.5,18.29,47.79,7.466666667,48.19333333,18.85666667,30.03333333,22.46333333,39.65666667,18.32333333,37.82666667,6.97,742.7666667,56,1,32,-1.37
330,0,19.79,36.79,18.06666667,38.4,20.26,36.99333333,18.53333333,36.5,18.29,47.79,7.4,47.26666667,19,29.69333333,22.5,39.19333333,18.39,37.96666667,7.23,742.7833333,54.5,1,30,-1.48
450,0,19.89,37.06666667,18.1,38.26,20.69666667,38.42666667,18.6,36.5,18.29,47.66333333,7.23,45.86,19.06666667,29.5,22.5,38.72666667,18.39,37.96333333,7.5,742.8,53,1,28,-1.6
590,0,19.89,37.26,18.1,38.06666667,21.03,38.9,18.6,36.5,18.23,47.53,7.09,46.93333333,19.1,29.22666667,22.53333333,38.19333333,18.46333333,38.09,7.25,742.8333333,55.33333333,1.166666667,30,-1.3
340,0,19.92666667,37.26,18.1,37.9,21.39333333,38.96666667,18.6,36.5,18.2,47.5,7.09,48.03333333,19.1,29.03333333,22.53333333,37.86,18.39,37.86333333,7,742.8666667,57.66666667,1.333333333,32,-1
210,0,20,37.06666667,18.1,37.82666667,21.66666667,38.76666667,18.6,36.4,18.2,47.36,7.156666667,51.29333333,19.13333333,28.82666667,22.5,37.52666667,18.39,37.79,6.75,742.9,60,1.5,34,-0.7
140,0,20.03333333,36.7,18.1,37.76,21.92666667,38.46,18.6,36.4,18.2,47.26,7.156666667,48.89,19.2,28.63333333,22.5,37.26666667,18.46333333,37.83333333,6.5,742.9333333,62.33333333,1.666666667,36,-0.4
70,0,20.1,36.62666667,18.1,37.7,22,37.92666667,18.6,36.36333333,18.2,47.2,6.963333333,48.16333333,19.1,28.39,22.39,36.83333333,18.39,37.56666667,6.25,742.9666667,64.66666667,1.833333333,38,-0.1
70,0,20.06666667,35.76666667,18.06666667,37.02666667,22.06666667,37.19666667,18.6,36.03,18.2,47.16333333,6.56,49.29333333,19.1,28.32333333,22.32333333,36.56666667,18.39,37.33333333,6,743,67,2,40,0.2
70,0,20,34.56666667,17.92666667,36.43333333,21.86,35.99666667,18.5,35.19333333,18.2,47.03,6.433333333,51.56666667,19.1,28.73333333,22.29,36.33333333,18.39,37.12666667,5.77,743.05,67.33333333,2.166666667,40,0.0667
60,10,20,34.23,17.89,36.43333333,21.7,35.1,18.5,34.8425,18.13333333,46.9,6.466666667,51.45666667,19.1,29.13333333,22.23,36.06666667,18.35666667,37.06,5.53,743.1,67.66666667,2.333333333,40,-0.0667
60,10,20,34.23,17.82333333,36.43333333,21.63333333,34.76666667,18.42666667,34.65666667,18.13333333,46.82666667,6.26,50.93,19,29,22.1,36.06,18.35666667,36.93333333,5.3,743.15,68,2.5,40,-0.2
60,10,20,34.4,17.79,36.85,21.5,34.7,18.39,34.62666667,18.1,46.66333333,6.19,52.22333333,18.9725,28.9175,22.03333333,35.93333333,18.29,36.845,5.07,743.2,68.33333333,2.666666667,40,-0.333
60,10,20,34.46666667,17.82333333,37.2,21.39,34.59,18.39,34.76,18.1,46.5675,6.063333333,51.63,18.89,28.89,21.96333333,35.86333333,18.29,36.7,4.83,743.25,68.66666667,2.833333333,40,-0.467
60,10,20,34.73,18.03,37.12666667,21.32333333,34.59,18.39,34.82666667,18.1,46.43333333,5.73,52.03333333,18.89,28.82333333,21.89,35.79,18.29,36.62666667,4.6,743.3,69,3,40,-0.6
320,10,20,35.1675,18.1,36.9,21.26,34.66333333,18.39,34.96666667,18.1,46.4,5.32,52.8475,18.89,28.89,21.79,35.66333333,18.29,36.46666667,4.25,743.35,71.16666667,3,40,-0.55
320,10,20.06666667,37.36666667,18.1,37.02666667,21.2,34.53,18.35666667,35.12666667,18.1,46.4,4.896666667,53.76333333,18.85666667,28.79,21.79,35.53,18.29,36.32666667,3.9,743.4,73.33333333,3,40,-0.5
270,10,20.1,38.6,18.13333333,38.56333333,21.06666667,34.69333333,18.29,35.26,18.1,46.4,4.396666667,55.12333333,18.79,28.79,21.7,35.5,18.29,36.26,3.55,743.45,75.5,3,40,-0.45
100,20,20.1,39.46666667,18.2,40.03,21,35.23333333,18.29,35.56666667,18.1,46.52666667,3.996666667,56.45666667,18.79,28.79,21.7,35.96,18.29,36.2,3.2,743.5,77.66666667,3,40,-0.4
90,10,20.13333333,39.76666667,18.26,41.02666667,20.89,35.89,18.29,35.83333333,18,46.86,3.6,57.86666667,18.79,28.85666667,21.7,36.495,18.2,36.06,2.85,743.55,79.83333333,3,40,-0.35
80,20,20.26,39.3,18.2,40.76666667,20.89,36.22333333,18.29,36.3,18.06666667,47.19333333,3.193333333,58.46,18.7,28.92666667,21.63333333,36.76666667,18.2,36,2.5,743.6,82,3,40,-0.3
90,10,20.29,38.76666667,18.2,40.43,20.89,36.29,18.29,36.63333333,18.03333333,47.46333333,2.633333333,59.73333333,18.7,29,21.7,36.9,18.2,35.9,2.42,743.6333333,82.66666667,2.833333333,40,-0.267
220,10,20.29,38.3,18.13333333,40.15666667,20.82333333,36.29,18.29,36.82666667,18.03333333,47.53,2.433333333,61.06666667,18.7,29.03333333,21.66666667,36.76,18.2,35.82666667,2.33,743.6666667,83.33333333,2.666666667,40,-0.233
80,20,20.29,38.65666667,18.1,40.13,20.79,36.29,18.29,36.9,18,47.56,2.463333333,62.83333333,18.63333333,29.03333333,21.6,36.62666667,18.2,35.76,2.25,743.7,84,2.5,40,-0.2
90,20,20.35666667,39.06333333,18.1,40.86333333,20.73,36.29,18.29,37.03,18,47.56,2.663333333,63.76666667,18.6,29.03333333,21.6,36.32666667,18.2,35.7,2.17,743.7333333,84.66666667,2.333333333,40,-0.167
90,30,20.39,39,18.1,41.02666667,20.7,36.36,18.29,37.16333333,18,47.7,2.626666667,64.1,18.6,29.1,21.53333333,36.4,18.2,35.66333333,2.08,743.7666667,85.33333333,2.166666667,40,-0.133
90,20,20.39,38.79333333,18.1,40.69333333,20.63333333,36.3,18.2,37.23,18,47.7,2.7,64.49333333,18.53333333,29.13333333,21.5,36.43,18.2,35.59,2,743.8,86,2,40,-0.1
70,20,20.29,38.33333333,18,40.13333333,20.39,36.15666667,18.26,37.36333333,18,47.7,2.7,65.06333333,18.53333333,29.2,21.5,36.29,18.1,35.59,2.2,743.85,86.16666667,2.166666667,37,0.117
70,30,20.29,38.12666667,17.92666667,39.93333333,20.39,36.29,18.2,37.345,18,47.62666667,2.7,65.59666667,18.5,29.29,21.46333333,36.02666667,18.1,35.53,2.4,743.9,86.33333333,2.333333333,34,0.333
70,20,20.26,37.83333333,17.89,39.63333333,20.29,36.43333333,18.2,37.29,18,47.56,2.79,66.6,18.5,29.35666667,21.39,35.76666667,18.1,35.5,2.6,743.95,86.5,2.5,31,0.55
70,30,20.2,37.5,17.82333333,39.3,20.29,36.56,18.2,37.29,17.92666667,47.63333333,2.93,67.66666667,18.46333333,29.39,21.39,35.66333333,18.1,35.5,2.8,744,86.66666667,2.666666667,28,0.767
90,20,20.2,37.33333333,17.84,39.145,20.29,36.59,18.2,37.29,18.16666667,56.99666667,3.156666667,70.09666667,18.445,29.5725,21.39,35.59,18.1,35.5,3,744.05,86.83333333,2.833333333,25,0.983
70,20,20.13333333,37.2,17.79,39.09,20.23,36.53,18.13333333,37.36333333,18.6,65.8725,3.3175,71.47,18.39,29.76,21.29,35.59,18.1,35.5,3.2,744.1,87,3,22,1.2
70,20,20.1,37.2,17.73,39.16333333,20.29,36.59,18.1,37.29,18.82666667,64.16,3.4,72.52333333,18.39,29.96,21.29,35.66333333,18.03333333,35.5,3.17,744.1333333,88.33333333,3,22.5,1.37
70,20,20.1,37.2,17.7,39.23,20.2,36.5,18.1,37.29,19.06666667,59.99333333,3.433333333,73.43,18.39,30.16666667,21.29,35.7,18,35.53,3.13,744.1666667,89.66666667,3,23,1.53
130,20,20,37.2,17.7,39.29,20.2,36.5,18.1,37.2,19.26,60.13333333,3.5,73.89666667,18.39,30.36,21.23,35.7,18,35.59,3.1,744.2,91,3,23.5,1.7
90,10,20,37.23,17.7,39.4,20.1,36.53,18.1,37.2,20.03333333,81.4,3.5,74.19333333,18.39,30.56666667,21.2,35.7,18,35.7,3.07,744.2333333,92.33333333,3,24,1.87
90,10,20,37.29,17.7,39.46666667,20.1,36.59,18.06666667,37.06,19.96,78.06666667,3.56,74.52666667,18.39,30.63333333,21.2,35.76,18,35.76,3.03,744.2666667,93.66666667,3,24.5,2.03
90,20,20,37.29,17.7,39.62666667,20.1,36.59,18,37,19.66666667,73.36,3.59,74.86666667,18.39,30.76,21.2,35.79,18,35.9,3,744.3,95,3,25,2.2
100,10,20,37.29,17.63333333,39.7,20.1,36.66333333,18,36.9,19.53333333,70.76,3.59,75.06,18.35666667,30.89,21.15,35.79,18,35.9,3.03,744.3166667,94.83333333,3.166666667,25,2.22
100,20,19.89,37.43333333,17.6,39.7,20.1,36.7,18,36.9,19.32666667,67.93333333,3.626666667,75.16,18.29,30.96333333,21.13333333,35.79,17.92666667,35.93333333,3.07,744.3333333,94.66666667,3.333333333,25,2.23
100,10,19.89,37.5,17.6,39.76,20.1,36.76,18,36.9,19.2,65.8,3.7,75.36666667,18.29,31.03333333,21.1,35.82666667,18,36,3.1,744.35,94.5,3.5,25,2.25
80,20,19.89,37.56666667,17.6,39.82666667,20.1,36.79,18,36.9,19.1,63.4,3.7,75.19,18.29,31.1,21.1,35.9,18,36,3.13,744.3666667,94.33333333,3.666666667,25,2.27
80,0,19.89,37.76,17.6,39.9,20.1,36.79,18,36.9,19.03333333,61.52666667,3.626666667,75.19,18.29,31.13333333,21.03333333,35.86,18,36,3.17,744.3833333,94.16666667,3.833333333,25,2.28
60,0,19.79,37.9,17.6,39.96666667,20.1,36.9,18,36.9,19,60.26666667,3.59,75.33333333,18.29,31.26,21.1,36.19333333,17.92666667,36.19333333,3.2,744.4,94,4,25,2.3
40,0,19.79,37.82666667,17.6,39.96666667,20.1,36.96666667,17.96333333,37,18.92666667,59.72666667,3.663333333,75.46666667,18.29,31.39,21.13333333,36.69333333,18,36.6,3.23,744.4166667,93.66666667,4,27.5,2.28
50,0,19.76,37.79,17.56666667,40,20.1,37,17.89,37,18.85666667,59.16,3.59,75.26333333,18.35666667,31.46333333,21.2,37.16,18,36.93333333,3.27,744.4333333,93.33333333,4,30,2.27
50,0,19.7,37.79,17.5,40,20.1,37,17.89,37,18.79,58.76666667,3.59,75.26333333,18.29,31.5,21.2,37.8,18,37.13333333,3.3,744.45,93,4,32.5,2.25
30,0,19.7,37.79,17.5,40,20.1,37.09,17.89,37.09,18.79,58.29666667,3.59,75.3,18.29,31.56666667,21.2,38.19333333,18,37.32666667,3.33,744.4666667,92.66666667,4,35,2.23
30,0,19.7,37.73,17.5,40,20.1,37.09,17.89,37.09,18.73,57.89,3.59,75.4725,18.29,31.6,21.16666667,38.62666667,18,37.4975,3.37,744.4833333,92.33333333,4,37.5,2.22
30,0,19.7,37.7,17.5,40,20.1,37.145,17.89,37.09,18.7,57.49,3.663333333,75.73,18.365,31.675,21.1,38.83333333,18,37.72333333,3.4,744.5,92,4,40,2.2
30,0,19.63333333,37.7,17.39,39.9,20.1,37.2,17.89,37.09,18.63333333,57.09666667,3.7,75.8,18.32333333,31.76,21.1,39.26666667,18,37.82666667,3.4,744.5333333,92.16666667,4.166666667,37.83333333,2.22
50,0,19.6,37.7,17.39,39.96666667,20.1,37.2,17.89,37.09,18.6,56.69,3.626666667,75.72666667,18.35666667,31.79,21.1,39.52666667,18,37.96666667,3.4,744.5666667,92.33333333,4.333333333,35.66666667,2.23
40,0,19.6,37.7,17.39,40,20.1,37.29,17.89,37.09,18.56666667,56.46666667,3.7,75.9,18.29,31.79,21.1,39.82666667,18,38.23,3.4,744.6,92.5,4.5,33.5,2.25
50,0,19.6,37.7,17.39,40,20.1,37.29,17.79,37.09,18.5,56.32666667,3.7,75.96666667,18.29,31.89,21.03333333,39.82666667,18,38.36333333,3.4,744.6333333,92.66666667,4.666666667,31.33333333,2.27
50,0,19.5,37.7,17.39,40,20.1,37.29,17.79,37.09,18.5,56.2,3.663333333,75.46,18.29,31.89,21,39.82666667,18,38.5,3.4,744.6666667,92.83333333,4.833333333,29.16666667,2.28
40,0,19.5,37.7,17.32333333,40,20.1,37.29,17.79,37.09,18.5,56.12666667,3.59,74.66666667,18.29,31.92666667,21,39.96666667,18,38.5,3.4,744.7,93,5,27,2.3
50,0,19.46333333,37.66333333,17.29,40,20.1,37.29,17.79,37.09,18.42666667,56,3.466666667,74.23,18.29,31.92666667,20.96333333,40.36,18,38.76666667,3.37,744.7,93,5,29.16666667,2.28
50,0,19.46333333,37.66333333,17.29,40,20.1,37.36333333,17.79,37.09,18.42666667,55.93333333,3.4,73.89666667,18.29,32,20.89,40.69333333,18,38.96666667,3.33,744.7,93,5,31.33333333,2.27
50,0,19.46333333,37.66333333,17.26,39.96666667,20.1,37.4,17.79,37.09,18.39,55.79,3.4,74.19,18.29,32,20.89,41.145,18,39.12666667,3.3,744.7,93,5,33.5,2.25
50,0,19.39,37.59,17.2,39.9,20.1,37.4,17.79,37.09,18.39,55.73,3.4,74.26333333,18.29,32,20.85666667,41.4,18,39.26,3.27,744.7,93,5,35.66666667,2.23
40,0,19.39,37.59,17.26,39.96666667,20.1,37.4,17.73,37.09,18.29,55.66333333,3.4,75.06333333,18.29,32,20.79,41.46666667,18,39.43333333,3.23,744.7,93,5,37.83333333,2.22
50,0,19.39,37.59,17.2,39.9,20.16666667,37.4,17.7,37.09,18.29,55.53,3.4,75.92333333,18.29,32.09,20.79,41.83,18,39.56,3.2,744.7,93,5,40,2.2
40,0,19.39,37.59,17.2,39.9,20.2,37.4,17.7,37.09,18.29,55.5,3.4,76.33333333,18.29,32.09,20.79,42.22333333,18,39.73,3.25,744.7333333,93,5.166666667,40,2.23
50,0,19.32333333,37.66333333,17.2,39.9,20.13333333,37.4,17.7,37.09,18.23,55.36,3.4,76.4,18.29,32.09,20.79,42.43333333,18,39.86333333,3.3,744.7666667,93,5.333333333,40,2.27
40,0,19.29,37.7,17.16666667,39.96666667,20.1,37.4,17.7,37.1725,18.2,55.26,3.345,76.4,18.29,32.16333333,20.79,42.43333333,18,40.03,3.35,744.8,93,5.5,40,2.3
30,0,19.29,37.7,17.1,39.96666667,20.1,37.46666667,17.7,37.2,18.2,55.2,3.4,76.62333333,18.29,32.2,20.79,42.53,18,40.09,3.4,744.8333333,93,5.666666667,40,2.33
40,0,19.29,37.7,17.1,40,20.2,37.5,17.7,37.2,18.2,55.09,3.4,76.62333333,18.29,32.2,20.73,42.66333333,18,40.23,3.45,744.8666667,93,5.833333333,40,2.37
20,0,19.23,37.62666667,17.1,40,20.2,37.5,17.7,37.2,18.2,55.03,3.363333333,77.06333333,18.23,32.12666667,20.76,42.73,18,40.3175,3.5,744.9,93,6,40,2.4
40,0,19.2,37.7,17.1,40,20.2,37.5,17.7,37.2,18.1,54.9,3.096666667,78.13,18.29,32.2,20.7,42.79,18,40.4,3.42,744.9166667,93,5.833333333,38.16666667,2.32
50,0,19.2,37.7,17.1,40,20.2,37.53,17.7,37.26,18.1,54.82666667,2.863333333,78.69,18.29,32.2,20.7,42.96333333,18,40.43333333,3.33,744.9333333,93,5.666666667,36.33333333,2.23
40,0,19.2,37.7,17.1,40,20.13333333,37.59,17.6,37.09,18.1,54.745,2.79,78.69,18.2,32.2,20.7,43.16333333,18,40.5,3.25,744.95,93,5.5,34.5,2.15
50,0,19.2,37.7,17.03333333,39.93333333,20.2,37.59,17.66666667,37.16333333,18.1,54.59,2.826666667,78.62333333,18.2,32.2,20.7,43.12666667,18.06666667,40.66333333,3.17,744.9666667,93,5.333333333,32.66666667,2.07
40,0,19.1,37.7,17.03333333,40,20.2,37.59,17.6,37.12666667,18.1,54.53,2.966666667,78.69,18.2,32.2,20.7,43.26,18,40.59,3.08,744.9833333,93,5.166666667,30.83333333,1.98
50,0,19.1,37.73,17,40,20.2,37.7,17.6,37.12666667,18.1,54.46666667,3.03,78.62333333,18.2,32.26,20.7,43.32666667,18.03333333,40.65666667,3,745,93,5,29,1.9
50,0,19.1,37.79,17,40,20.2,37.7,17.6,37.2,18.03333333,54.32666667,3.09,78.69,18.2,32.23,20.7,43.4,18.03333333,40.73,2.92,745.0166667,93.33333333,5.333333333,30.83333333,1.87
50,0,19.1,37.79,17,40,20.29,37.79,17.6,37.2,18.03333333,54.23,3.09,78.59,18.2,32.29,20.66666667,43.36333333,18.03333333,40.76666667,2.83,745.0333333,93.66666667,5.666666667,32.66666667,1.83
50,0,19.03333333,37.73,16.92666667,40,20.29,37.79,17.6,37.2,18.03333333,54.15666667,3.09,78.53,18.2,32.29,20.6,43.29,18.03333333,40.82666667,2.75,745.05,94,6,34.5,1.8
50,0,19.1,37.79,16.92666667,40.06,20.29,37.82666667,17.6,37.2,18,54,3.09,78.5,18.2,32.29,20.6,43.4,18,40.9,2.67,745.0666667,94.33333333,6.333333333,36.33333333,1.77
40,0,19.03333333,37.79,17,40.06,20.29,37.9,17.6,37.2,18,54,3.03,78.36666667,18.2,32.4,20.6,43.45,18,40.96666667,2.58,745.0833333,94.66666667,6.666666667,38.16666667,1.73
40,0,19,37.79,16.89,40.09,20.29,37.79,17.6,37.2,18,53.9,2.79,77.93333333,18.2,32.4,20.6,43.4,18.03333333,41.06666667,2.5,745.1,95,7,40,1.7
40,0,19,37.79,16.89,40.09,20.29,37.86333333,17.56666667,37.23,17.92666667,53.82666667,2.79,77.72666667,18.2,32.4,20.6,43.29,18.03333333,41.2,2.58,745.1166667,94.33333333,7.166666667,40,1.7
50,0,19,37.79,16.89,40.09,20.29,37.9,17.5,37.23,17.89,53.79,2.745,77.495,18.2,32.4,20.53333333,43.36333333,18.06666667,41.26,2.67,745.1333333,93.66666667,7.333333333,40,1.7
50,0,19,37.79,16.89,40.09,20.29,37.9,17.5,37.245,17.89,53.73,2.73,77.36666667,18.1,32.4,20.56666667,43.29,18,41.26,2.75,745.15,93,7.5,40,1.7
40,0,18.96333333,37.79,16.89,40.09,20.29,37.9,17.5,37.26,17.89,53.66333333,2.79,77.3,18.16666667,32.4,20.5,43.23,18.06666667,41.36333333,2.83,745.1666667,92.33333333,7.666666667,40,1.7
30,0,18.89,37.86333333,16.89,40.09,20.29,37.96666667,17.5,37.2,17.89,53.59,2.663333333,77.15666667,18.1,32.4,20.5,43.2,18.06666667,41.36333333,2.92,745.1833333,91.66666667,7.833333333,40,1.7
30,0,18.89,37.9,16.85666667,40.09,20.29,37.93333333,17.5,37.23,17.89,53.56,2.59,76.96333333,18.1,32.4,20.5,43.2,18,41.4,3,745.2,91,8,40,1.7
30,0,18.89,37.9,16.79,40.0225,20.29,38,17.5,37.23,17.82333333,53.43333333,2.73,76.86666667,18.1,32.4,20.5,43.29,18,41.475,3,745.2333333,91,7.833333333,40,1.7
30,0,18.89,37.9,16.79,40.06,20.29,37.93333333,17.5,37.29,17.89,53.4,2.73,76.8,18.1,32.4,20.5,43.29,18,41.5,3,745.2666667,91,7.666666667,40,1.7
40,0,18.89,37.9,16.79,40.09,20.2,37.9,17.42666667,37.23,17.815,53.3175,2.7,76.56,18.1,32.4,20.39,43.2,18,41.53,3,745.3,91,7.5,40,1.7
50,0,18.79,37.9,16.79,40.09,20.2,37.96666667,17.5,37.29,17.79,53.23,2.76,76.43333333,18.1,32.5,20.46333333,43.26,18,41.59,3,745.3333333,91,7.333333333,40,1.7
50,0,18.79,37.9,16.79,40.12666667,20.2,38,17.42666667,37.23,17.79,53.16333333,2.79,76.3,18.1,32.5,20.46333333,43.26,18,41.62666667,3,745.3666667,91,7.166666667,40,1.7
50,0,18.79,37.9,16.79,40.2,20.2,38.06,17.5,37.29,17.79,53.09,2.79,76.22666667,18.1,32.5,20.39,43.2,18,41.7,3,745.4,91,7,40,1.7
60,0,18.79,37.9,16.7,40.2,20.2,38.09,17.42666667,37.29,17.79,53.09,2.76,76.19,18.1,32.5,20.39,43.23,18.03333333,41.82666667,2.92,745.45,91.33333333,7,38,1.67
50,0,18.79,37.9,16.7,40.2,20.2,38.09,17.39,37.26,17.79,53.09,2.626666667,76.06333333,18.1,32.5,20.39,43.29,18.03333333,41.82666667,2.83,745.5,91.66666667,7,36,1.63
40,0,18.7,38,16.7,40.2,20.29,38.2,17.39,37.26,17.76,53,2.59,76,18.1,32.5,20.35666667,43.29,18,41.79,2.75,745.55,92,7,34,1.6
40,0,18.76,38,16.7,40.2,20.29,38.2,17.39,37.29,17.7,53,2.59,75.93333333,18.1,32.5,20.29,43.29,18,41.86333333,2.67,745.6,92.33333333,7,32,1.57
40,0,18.7,38,16.7,40.2,20.29,38.29,17.39,37.29,17.76,52.9,2.626666667,75.83333333,18.1,32.5,20.29,43.29,18,41.9,2.58,745.65,92.66666667,7,30,1.53
40,0,18.7,38,16.7,40.2,20.29,38.29,17.39,37.29,17.7,52.82666667,2.7225,75.875,18.1,32.5,20.29,43.29,18,41.9,2.5,745.7,93,7,28,1.5
50,0,18.7,38,16.7,40.2,20.29,38.29,17.39,37.29,17.73,52.76,2.863333333,75.86666667,18.1,32.5,20.29,43.45,18,41.93333333,2.57,745.7333333,93.33333333,6.666666667,26.66666667,1.6
50,0,18.7,38,16.7,40.2,20.29,38.29,17.39,37.29,17.73,52.7,2.723333333,75.79666667,18.1,32.5,20.29,43.53,18,42,2.63,745.7666667,93.66666667,6.333333333,25.33333333,1.7
50,0,18.66666667,38.06,16.7,40.2,20.29,38.29,17.39,37.29,17.7,52.66333333,2.723333333,75.59,18.03333333,32.5,20.29,43.59,18,42,2.7,745.8,94,6,24,1.8
50,0,18.66666667,38.06,16.7,40.2,20.29,38.29,17.34,37.29,17.7,52.59,2.9,75.65666667,18.06666667,32.56,20.29,43.76,18,42,2.77,745.8333333,94.33333333,5.666666667,22.66666667,1.9
20,0,18.6,38.03,16.66666667,40.26,20.29,38.29,17.29,37.32666667,17.7,52.56,2.966666667,75.53,18,32.5,20.29,43.7,18.06666667,42,2.83,745.8666667,94.66666667,5.333333333,21.33333333,2
20,0,18.6,38.16333333,16.6,40.12666667,20.29,38.29,17.29,37.4,17.7,52.5,3.03,75.46666667,18,32.5,20.29,43.76,18.06666667,42.06,2.9,745.9,95,5,20,2.1
30,0,18.6,38.36,16.63333333,40.53,20.26,38.06333333,17.29,37.4,17.66666667,52.46666667,3.163333333,75.4,18,32.56,20.29,43.83333333,18,42.09,2.9,746,95,5.166666667,20,2.1
40,0,18.6,38.56,16.7,41.065,20.125,37.7225,17.29,37.4,17.6,52.32666667,3.2,75.36666667,18,32.59,20.29,44,18.025,42.045,2.9,746.1,95,5.333333333,20,2.1
60,0,18.6,38.79,16.7,41.36333333,20.1,37.7,17.39333333,37.72666667,17.6,52.19333333,3.26,75.36666667,18,32.5,20.29,43.86,18.03333333,42.03,2.9,746.2,95,5.5,20,2.1
70,10,18.6,38.93,16.7,41.4,20,37.59,17.79333333,38.13333333,17.6,51.725,3.26,75.36666667,18,32.5,20.23,43.46666667,18,41.83333333,2.9,746.3,95,5.666666667,20,2.1
90,0,18.7,39.2,16.76,41.4,20,37.59,18.19666667,38.29,17.6,51.3,3.126666667,75.3,17.89,32.46666667,20.23,43.26666667,18,41.56666667,2.9,746.4,95,5.833333333,20,2.1
80,0,18.7,39.26,16.79,41.16333333,20,37.5,18.46333333,38.15666667,17.6,50.93,3.09,75.26333333,17.89,32.4,20.2,43.09,18,41.22333333,2.9,746.5,95,6,20,2.1
50,0,18.7,39.55,16.79,41.16333333,19.92666667,37.5,18.56666667,37.72333333,17.6,50.59666667,3.09,75.19,17.89,32.4,20.2,43.03,18,41.03,2.87,746.55,95,6,20.33333333,2.07
50,0,18.79,39.56,16.89,41.29,19.89,37.5,18.5,37.53,17.6,50.26,2.833333333,75.15666667,17.89,32.32666667,20.2,43,18,40.72333333,2.83,746.6,95,6,20.66666667,2.03
40,0,18.85666667,39.5,16.89,41.23,19.89,37.5,18.46333333,37.43,17.6,50.1,2.566666667,75.03,17.85666667,32.22333333,20.2,43,18,40.46333333,2.8,746.65,95,6,21,2
50,10,18.92666667,39.4,17,41.2,19.89,37.43333333,18.39,37.23,17.6,49.82,2.296666667,75,17.85666667,32.09,20.23,42.9,17.96333333,40.13333333,2.77,746.7,95,6,21.33333333,1.97
60,0,19,39.32666667,17.06666667,41.2,19.89,37.43333333,18.42666667,37.42666667,17.6,49.62666667,2.045,74.9,17.79,31.96333333,20.29,42.82666667,17.89,39.8,2.73,746.75,95,6,21.66666667,1.93
80,0,19,39.06,17.2,41.23,19.89,37.4,18.69333333,37.76,17.53333333,49.43,2.223333333,74.86666667,17.79,31.89,20.26,42.63333333,18,39.76,2.7,746.8,95,6,22,1.9
100,0,19,38.93333333,17.26,41.29,19.89,37.4,19.33333333,37.76,17.53333333,49.29,2.53,74.8,17.79,31.89,20.2,42.56,17.92666667,39.62666667,2.82,746.8,94.66666667,6,25,1.98
80,0,19.1,39,17.42666667,41.2,19.89,37.4,19.79333333,37.62666667,17.5,49.16333333,2.723333333,74.86666667,17.79,31.89,20.29,42.495,17.89,39.36333333,2.93,746.8,94.33333333,6,28,2.07
60,0,19.1,38.93333333,17.5,41.06666667,19.89,37.4,20.39333333,37.52666667,17.5,49.03,3.03,74.96333333,17.79,31.89,20.29,42.22333333,17.89,39.23,3.05,746.8,94,6,31,2.15
60,0,19.13333333,39,17.53333333,40.76,19.89,37.4,20.795,37.175,17.5,48.86333333,3.163333333,75.03,17.79,31.96333333,20.29,41.96333333,17.89,39.13333333,3.17,746.8,93.66666667,6,34,2.23
70,0,19.2,39,17.6,40.76,19.89,37.4,21.13333333,36.69333333,17.5,48.73,3.326666667,75.09,17.79,32.09,20.42666667,41.79,17.89,39,3.28,746.8,93.33333333,6,37,2.32
70,0,19.32333333,39.06,17.73,40.93,19.89,37.43333333,21.06666667,36.53,17.5,48.56,3.466666667,75.15666667,17.79,32.16333333,20.5,41.73,17.89,39,3.4,746.8,93,6,40,2.4
90,20,19.39,39.06,17.85666667,40.79,19.82333333,37.43333333,20.86,36.59,17.5,48.43333333,3.626666667,75.19,17.79,32.2,20.5,41.49,17.89,38.93333333,3.53,746.8333333,93,6.166666667,40,2.52
90,30,19.42666667,39.09,17.92666667,40.52666667,19.79,37.43333333,20.7,36.62666667,17.5,48.36333333,3.7,75.19,17.79,32.26,20.5,41.29,17.89,38.79,3.67,746.8666667,93,6.333333333,40,2.63
90,20,19.5,39.03,18.025,40.345,19.79,37.5,20.63333333,36.7,17.5,48.29,3.7,75.15666667,17.79,32.29,20.6,41.16333333,17.89,38.7,3.8,746.9,93,6.5,40,2.75
100,20,19.5,38.96666667,18.16666667,40.4,19.79,37.5,20.5,36.7,17.5,48.16333333,3.7,75.03,17.79,32.29,20.66666667,41.16333333,17.82333333,38.56666667,3.93,746.9333333,93,6.666666667,40,2.87
90,20,19.56666667,38.82666667,18.23,40.29,19.79,37.5,20.42666667,36.7,17.5,48.0675,3.233333333,75.09,17.79,32.29,20.7,41.06,17.82333333,38.5,4.07,746.9666667,93,6.833333333,40,2.98
80,20,19.6,38.79,18.35666667,40.29,19.79,37.5,20.35666667,36.56,17.5,48,2.566666667,75.09,17.79,32.2,20.7,40.93333333,17.89,38.5,4.2,747,93,7,40,3.1
80,30,19.6,38.73,18.39,39.93,19.79,37.5,20.29,36.5,17.5,47.86333333,2.566666667,75,17.79,32.2,20.79,40.79,17.82333333,38.5,4.33,746.9833333,92.5,6.833333333,40,3.15
80,20,19.6,38.59,18.46333333,39.73,19.79,37.5,20.2,36.4,17.5,47.79,2.9,74.93333333,17.79,32.2,20.79,40.73,17.82333333,38.43333333,4.47,746.9666667,92,6.666666667,40,3.2
90,0,19.6,38.86,18.5,39.52666667,19.79,37.5,20.2,36.46666667,17.5,47.7,3.2,75,17.79,32.2,20.82333333,40.82666667,17.79,38.26,4.6,746.95,91.5,6.5,40,3.25
80,0,19.66666667,39.06,18.5,39.32666667,19.79,37.5,20.1,36.46666667,17.5,47.62666667,3.36,75.03,17.7,32.2,20.89,40.9,17.79,38.2,4.73,746.9333333,91,6.333333333,40,3.3
80,0,19.73,39.02666667,18.63333333,39.2,19.82333333,37.56666667,20.03333333,36.26666667,17.5,47.5,3.56,75.09,17.76,32.26,21,40.9,17.79,38.2,4.87,746.9166667,90.5,6.166666667,40,3.35
80,0,19.85666667,38.82666667,18.76,39.12666667,19.89,37.7,19.89,36.2,17.5,47.5,3.7,75.15666667,17.79,32.29,21,41.1,17.79,38.12666667,5,746.9,90,6,40,3.4
60,0,20.03333333,38.76,18.92666667,39.06,19.89,37.7,19.82333333,36.06666667,17.5,47.5,3.9,75.15666667,17.79,32.29,21,41.32666667,17.79,38.09,4.78,746.95,90.16666667,6,37,3.23
50,0,20.16666667,38.56666667,19.06666667,38.93333333,19.89,37.7,19.7,36,17.5,47.5,4,75.19,17.79,32.4,21.06666667,41.46666667,17.79,38.03,4.57,747,90.33333333,6,34,3.07
50,0,20.29,38.46666667,19.2,38.76,19.89,37.7,19.63333333,35.93333333,17.5,47.36333333,3.726666667,75.19,17.79,32.4,21,40.99,17.79,37.96666667,4.35,747.05,90.5,6,31,2.9
50,0,20.35666667,38.32666667,19.26,38.7,19.89,37.7,19.56666667,35.86333333,17.56666667,47.29,2.723333333,74.96666667,17.79,32.36333333,20.9725,40.3975,17.79,37.9,4.13,747.1,90.66666667,6,28,2.73
70,0,20.39,38.16333333,19.29,38.56,19.85666667,37.66333333,19.4725,35.74,17.5,47.29,2.59,74.83333333,17.79,32.23,20.89,39.8,17.79,37.86333333,3.92,747.15,90.83333333,6,25,2.57
70,0,20.46333333,38.09,19.35666667,38.43333333,19.79,37.59,19.32333333,35.59,17.5,47.23,2.933333333,74.86666667,17.79,32.2,20.89,39.43,17.79,37.73,3.7,747.2,91,6,22,2.4
80,0,20.53333333,37.96666667,19.5,38.29,19.79,37.59,19.35666667,35.7,17.5,47.16333333,3.133333333,74.8,17.79,32.2,20.89,39.15666667,17.79,37.66333333,3.58,747.2333333,91.16666667,5.666666667,25,2.3
70,0,20.6,37.82666667,19.5,38.23,19.79,37.66333333,19.29,35.76,17.5,47.09,3.4,74.9,17.73,32.2,20.89,39.06,17.79,37.59,3.47,747.2666667,91.33333333,5.333333333,28,2.2
90,0,20.6,37.7,19.56666667,38.09,19.79,37.59,19.2,35.7,17.5,47.06,3.066666667,74.76,17.73,32.2,20.89,38.86,17.79,37.59,3.35,747.3,91.5,5,31,2.1
80,10,20.6,37.62666667,19.525,38.0225,19.79,37.59,19.2,35.76,17.5,47,2.29,74.5,17.79,32.145,20.82333333,38.86,17.79,37.5,3.23,747.3333333,91.66666667,4.666666667,34,2
70,0,20.6,38.26666667,19.53333333,37.93333333,19.85666667,37.66333333,19.16666667,35.86,17.5,46.9,2.363333333,74.56,17.79,32,20.96333333,39,17.79,37.43333333,3.12,747.3666667,91.83333333,4.333333333,37,1.9
70,0,20.6,37.72666667,19.5,37.76,19.79,37.5,19.1,36.13333333,17.56666667,46.86333333,2.693333333,74.76,17.79,32,21,39.09,17.79,37.36333333,3,747.4,92,4,40,1.8
80,0,20.6,37.36333333,19.5,37.62666667,19.79,37.5,19.1,36.36,17.5,46.79,3.026666667,74.96666667,17.79,31.96333333,21.06666667,39.22333333,17.79,37.36333333,2.87,747.4,92.16666667,4,43.5,1.68
70,0,20.6,37.23,19.46333333,37.5,19.89,37.5,19.1,36.56,17.53333333,46.66333333,3.19,75.045,17.79,31.96333333,21.13333333,39.32666667,17.79,37.36333333,2.73,747.4,92.33333333,4,47,1.57
70,0,20.6,37.09,19.39,37.5,19.89,37.5,19.1,36.76666667,17.6,46.66333333,3.656666667,75.16,17.86,32.03,21.2,39.6,17.79,37.36333333,2.6,747.4,92.5,4,50.5,1.45
80,0,20.56666667,37.09,19.39,37.5,19.89,37.5,19.1,36.96666667,17.6,46.7,3.73,75.3,18,32.09,21.32333333,40,17.79,37.5,2.47,747.4,92.66666667,4,54,1.33
70,0,20.5,37.09,19.32333333,37.56,19.89,37.43333333,19.1,37.03,17.53333333,46.7,3.766666667,75.5,18,32.12666667,21.39,40.06,17.79,37.56,2.33,747.4,92.83333333,4,57.5,1.22
70,0,20.5,37,19.29,37.59,20,37.5,19.1,37.16333333,17.6,46.59,4.093333333,75.5,18.06666667,32.26,21.42666667,40.36,17.79,37.59,2.2,747.4,93,4,61,1.1
50,0,20.5,37,19.29,37.59,20,37.43333333,19.1,37.2,17.6,46.53,4.463333333,75.5,18.2,32.13333333,21.56666667,40.43333333,17.79,37.59,2.33,747.4,92.66666667,3.666666667,57.5,1.2
50,0,20.5,37.03,19.2,37.5,20,37.4,19.1,37.2,17.6,46.4,4.53,75.43333333,18.2,32,21.7,40.46666667,17.85666667,37.66333333,2.47,747.4,92.33333333,3.333333333,54,1.3
50,0,20.5,37.09,19.2,37.5,20,37.4,19.1,37.16333333,17.6,46.4,4.623333333,75.43,18.2,31.89,21.7,40.4,17.79,37.59,2.6,747.4,92,3,50.5,1.4
100,0,20.39,37,19.16666667,37.5,20,37.36333333,19.1,37.09,17.6,46.32666667,4.623333333,75.83,18.2,32.02333333,21.7,39.62333333,17.89,37.59,2.73,747.4,91.66666667,2.666666667,47,1.5
140,0,20.39,37.06,19.1,37.63333333,20,37.29,19,36.96666667,17.6,46.4,4.433333333,76.03,18.23,32.09,21.63333333,39.09666667,17.89,37.59,2.87,747.4,91.33333333,2.333333333,43.5,1.6
510,0,20.35666667,37.3,19.06666667,37.72333333,20,37.29,19,37.07,17.6,46.29,4.16,76.15666667,18.29,32.03,21.65,39,17.79,37.5,3,747.4,91,2,40,1.7
370,10,20.29,39.02666667,19,37.66333333,20,37.29,19,37.26,17.6,46.15666667,3.93,76.36666667,18.23,31.79,21.7,39,17.85666667,37.5,2.95,747.45,90.83333333,1.833333333,40,1.62
330,0,20.29,39.9,19,38.73,20,37.59,19,37.26,17.6,46.09,3.656666667,76.76666667,18.23,31.73,21.7,39,17.85666667,37.36333333,2.9,747.5,90.66666667,1.666666667,40,1.53
250,0,20.29,39.56666667,18.92666667,38.79,20,37.66333333,19,37.2,17.6,46.16333333,3.223333333,77.03,18.2,31.6,21.79,38.9,17.79,37.29,2.85,747.55,90.5,1.5,40,1.45
440,0,20.29,39.63333333,18.89,39.03,19.89,37.79,18.89,37.09,17.6,46.2,3.03,77.09,18.2,31.4975,21.79,38.9,17.79,37.2,2.8,747.6,90.33333333,1.333333333,40,1.37
400,0,20.29,40.3,18.815,39.2475,19.89,37.82666667,18.89,37.09,17.6,46.26,2.863333333,77.19,18.2,31.39,21.79,38.9,17.79,37.16333333,2.75,747.65,90.16666667,1.166666667,40,1.28
340,10,20.29,41.02666667,18.79,39.69333333,19.89,37.96666667,18.89,37.23,17.55,46.29,2.73,77.26333333,18.1,31.29,21.85666667,38.96666667,17.79,37.09,2.7,747.7,90,1,40,1.2
90,10,20.29,42.96666667,18.79,41.76,19.89,38.23,18.89,37.36333333,17.6,46.36,2.2,77.35,18.1,31.29,21.79,38.72333333,17.76,37,2.55,747.7333333,90.83333333,1,37.83333333,1.17
90,10,20.39,46.06,18.79,42.9,19.96333333,38.43,18.85666667,37.83,17.6,46.69333333,1.726666667,77.5,18.1,31.29,21.73,38.39,17.7,36.93333333,2.4,747.7666667,91.66666667,1,35.66666667,1.13
160,10,20.39,44.39333333,18.7,42.9,20,38.86,18.79,38.29666667,17.6,47.15666667,1.6,77.5,18.1,31.23,21.7,38.32666667,17.76,36.86333333,2.25,747.8,92.5,1,33.5,1.1
340,0,20.39,43.86,18.7,42.5,20.06666667,39.13333333,18.79,38.53,17.6,47.36333333,1.463333333,77.62333333,18.1,31.2,21.76,38.32666667,17.7,36.79,2.1,747.8333333,93.33333333,1,31.33333333,1.07
240,10,20.315,42.75,18.66666667,41.96,20.1,39.16333333,18.79,38.59,17.6,47.5,1.323333333,77.69,18.1,31.2,21.82333333,38.29,17.7,36.7,1.95,747.8666667,94.16666667,1,29.16666667,1.03
420,10,20.29,41.73333333,18.6,41.42666667,20.1,39.36333333,18.79,38.46666667,17.93333333,60.22666667,1,77.83,18,31.1,21.96333333,38.29,17.7,36.7,1.8,747.9,95,1,27,1
130,10,20.29,41.13333333,18.5,40.99,20.2,39.4,18.79,38.32666667,18.1,68.46333333,0.733333333,77.69,18,31.03333333,22,38.2,17.7,36.59,1.68,747.9166667,95.5,1,26.16666667,0.967
350,10,20.23,40.8,18.5,40.65666667,20.2,39.52666667,18.79,38.13333333,18.03333333,68.59,0.633333333,77.52666667,18,30.96333333,22,38.2,17.7,36.59,1.57,747.9333333,96,1,25.33333333,0.933
280,0,20.2,40.52666667,18.39,40.56,20.2,39.46666667,18.79,37.86,17.96333333,67.85666667,0.433333333,77.33333333,18,30.82333333,22.03333333,38.09,17.7,36.56,1.45,747.95,96.5,1,24.5,0.9
140,10,20.2,40.26666667,18.39,40.5,20.2,39.4,18.76,37.46666667,17.82333333,66.59666667,0.533333333,77.06,18,30.85666667,22.1,38.03,17.7,36.5,1.33,747.9666667,97,1,23.66666667,0.867
120,0,20.16666667,40.02666667,18.29,40.4,20.2,39.26,18.7,37.26666667,17.79,64.5,0.933333333,77,17.92666667,30.79,22.13333333,37.83333333,17.7,36.46666667,1.22,747.9833333,97.5,1,22.83333333,0.833
80,0,20.16666667,39.76666667,18.29,40.32666667,20.2,39.2,18.65,36.995,17.93,69.42666667,1.066666667,77.09,17.89,30.79,22.2,37.7,17.7,36.4,1.1,748,98,1,22,0.8
80,10,20.1,39.56,18.26,40.2,20.2,39.06,18.6,36.76,19.76,86.53,0.933333333,77.15666667,17.89,30.79,22.06666667,37.82333333,17.7,36.36333333,1.02,748,98.16666667,1.166666667,28.5,0.75
230,0,20.1,39.43333333,18.2,40.2,20.26,39,18.6,36.56666667,19.23333333,87.59,0.566666667,77.16,17.89,30.79,21.9175,38.62,17.63333333,36.23,0.933,748,98.33333333,1.333333333,35,0.7
390,0,20.1,39.26,18.2,40.13333333,20.26,38.93333333,18.6,36.36333333,18.72666667,88.09333333,0.433333333,77.3,17.89,30.73,21.89,38.86333333,17.66666667,36.22333333,0.85,748,98.5,1.5,41.5,0.65
140,0,20.1,39.12666667,18.2,40,20.2,39.13333333,18.53333333,36.29,18.46,87.56666667,0.533333333,77.3,17.89,30.7,21.89,39.12666667,17.6,36.09,0.767,748,98.66666667,1.666666667,48,0.6
80,20,20.1,39.06,18.1,39.86333333,20.15,39.345,18.5,36.2,18.29,86.63,0.7,77.3,17.89,30.7225,21.82333333,39.2,17.6,36.045,0.683,748,98.83333333,1.833333333,54.5,0.55
70,20,20.1,38.93333333,18.1,39.845,20.1,39.32666667,18.56666667,36.4,18.29,85.29666667,0.666666667,77.3,17.89,30.79,21.76,39.2,17.6,36,0.6,748,99,2,61,0.5
80,20,20.1,38.76,18.1,39.86333333,20.1,39.32666667,18.95666667,37,18.2,82.9,0.4,77.43333333,17.82333333,30.96,21.7,39.26,17.6,36,0.667,748,98.66666667,1.833333333,61.33333333,0.517
60,20,20.1,38.62666667,18,39.79,20.1,39.22333333,19.56333333,37.26,18.16666667,80.72666667,0.266666667,77.5,17.89,31.16666667,21.7,39.56666667,17.6,36.12666667,0.733,748,98.33333333,1.666666667,61.66666667,0.533
80,30,20.1,38.5,18,39.79,20.1,39.03,20.23333333,37.26,18.1,79.33333333,-0.033333333,77.59,17.89,31.29,21.7,39.83333333,17.6,36.26,0.8,748,98,1.5,62,0.55
60,20,20.1,38.5,17.96333333,39.79,20.1,38.96666667,20.56666667,36.92666667,18.06666667,77.75666667,-0.166666667,77.59,17.89,31.35666667,21.66666667,40.23,17.6,36.43333333,0.867,748,97.66666667,1.333333333,62.33333333,0.567
60,20,20.1,38.36333333,17.89,39.79,20.1,38.9,20.56666667,36.79,18,76.63,-0.266666667,77.5,17.89,31.42666667,21.6,40.43,17.6,36.56,0.933,748,97.33333333,1.166666667,62.66666667,0.583
60,30,20.075,38.2675,17.89,39.79,20.1,38.82666667,20.5,36.86333333,18,75.32666667,-0.533333333,77.5,17.89,31.56666667,21.6,40.76666667,17.6,36.62666667,1,748,97,1,63,0.6
50,20,20,38.2,17.89,39.79,20.16666667,38.9,20.35666667,37,18,74.32666667,-0.566666667,77.36666667,17.89,31.6,21.6,40.96666667,17.6,36.7,0.833,747.95,97.16666667,1,60.66666667,0.45
60,20,20,38.09,17.79,39.7,20.1,38.86333333,20.29,37.06,17.96333333,73.03333333,-0.5,77.22666667,17.89,31.6,21.5,41.32666667,17.6,36.82666667,0.667,747.9,97.33333333,1,58.33333333,0.3
60,30,20,38.03,17.79,39.7,20.1,38.93,20.29,37.2,17.89,72.1,-0.533333333,77.15666667,17.89,31.63333333,21.5,41.52666667,17.6,36.96666667,0.5,747.85,97.5,1,56,0.15
70,20,20,37.96666667,17.73,39.7,20.1,38.96666667,20.29,37.26,17.89,70.63,-0.6,77.09,17.89,31.7,21.5,41.82666667,17.6,37.03,0.333,747.8,97.66666667,1,53.66666667,1.11E-16
50,20,20,37.9,17.73,39.7,20.16666667,38.82666667,20.26,37.26,17.82333333,69.56333333,-0.733333333,77,17.89,31.7,21.5,42.02666667,17.6,37.09,0.167,747.75,97.83333333,1,51.33333333,-0.15
40,20,20,37.86333333,17.7,39.79,20.2,38.73,20.2,37.26,17.79,68.52333333,-0.866666667,77.06,17.89,31.7,21.5,42.26666667,17.56666667,37.2,0,747.7,98,1,49,-0.3
40,30,19.92666667,37.79,17.7,39.73,20.2,38.79,20.2,37.29,17.79,67.79,-0.966666667,77.19333333,17.89,31.7,21.5,42.4,17.56666667,37.2,0,747.7,98,1,48.5,-0.3
30,10,19.89,37.7,17.6,39.7,20.1,39.12666667,20.26333333,37.56666667,17.79,66.89333333,-0.9,77.4,17.89,31.76,21.5,42.62666667,17.56666667,37.32666667,0,747.7,98,1,48,-0.3
40,10,19.89,37.7,17.6,39.7,20.1,39.33333333,20.53,37.56666667,17.73,66.16666667,-0.75,77.295,17.89,31.76,21.42666667,42.62666667,17.56666667,37.46666667,0,747.7,98,1,47.5,-0.3
50,0,19.89,37.66333333,17.6,39.73,20.1,39.4,20.6,37.02666667,17.7,65.33333333,-0.6,76.96666667,17.89,31.7,21.34,42.545,17.6,37.73,0,747.7,98,1,47,-0.3
50,0,19.89,37.59,17.53333333,39.79,20.075,39.45,20.53333333,36.9,17.7,64.79333333,-0.533333333,76.9,17.89,31.73,21.29,42.8,17.6,37.8975,0,747.7,98,1,46.5,-0.3
50,0,19.79,37.46666667,17.5,39.79,20.06666667,39.26666667,20.35666667,36.79,17.7,64.09333333,-0.4,76.8,17.84,31.745,21.29,43.19333333,17.6,38.06,0,747.7,98,1,46,-0.3
50,0,19.79,37.4,17.5,39.79,20.1,39.06,20.23,36.79,17.7,63.63333333,-0.4,76.72666667,17.82333333,31.73,21.2,43.65666667,17.6,38.23,0.0667,747.6833333,97.83333333,1,48.66666667,-0.25
50,10,19.79,37.36333333,17.42666667,39.79,20.1,38.93333333,20.1,36.79,17.6,62.94,-0.3,76.8,17.89,31.79,21.2,43.99,17.6,38.36333333,0.133,747.6666667,97.66666667,1,51.33333333,-0.2
50,0,19.79,37.29,17.39,39.79,20.1,38.9,20.03333333,36.73,17.66666667,62.42333333,-0.233333333,76.72666667,17.82333333,31.73,21.13333333,44.53,17.6,38.4,0.2,747.65,97.5,1,54,-0.15
40,0,19.76,37.26,17.39,39.79,20.1,38.96666667,19.85666667,36.76,17.6,61.89,0.033333333,76.69,17.85666667,31.79,21.13333333,44.72333333,17.6,38.4,0.267,747.6333333,97.33333333,1,56.66666667,-0.1
50,0,19.7,37.2,17.39,39.79,20.1,38.9,19.79,36.7,17.6,61.49,0.1,76.62333333,17.85666667,31.79,21.1,44.82666667,17.53333333,38.46333333,0.333,747.6166667,97.16666667,1,59.33333333,-0.05
40,0,19.7,37.2,17.39,39.79,20.1,38.96666667,19.7,36.79,17.6,61.15666667,0.233333333,76.5,17.85666667,31.79,21.1,44.9,17.6,38.66333333,0.4,747.6,97,1,62,0
50,0,19.7,37.2,17.29,39.82666667,20.03333333,38.82666667,19.63333333,36.79,17.56666667,60.69333333,0.366666667,76.43333333,17.79,31.79,21.06666667,45.03,17.6,38.73,0.433,747.5666667,97,1.166666667,61.83333333,0.0167
50,0,19.63333333,37.2,17.29,39.82666667,20.1,38.82666667,19.56666667,36.79,17.56666667,60.36,0.433333333,76.43333333,17.79,31.79,21,45.09,17.6,38.86333333,0.467,747.5333333,97,1.333333333,61.66666667,0.0333
50,10,19.6,37.2,17.29,39.86333333,20.1,38.76,19.5,36.79,17.56666667,60.02666667,0.5,76.5,17.79,31.79,21,45.32666667,17.6,39,0.5,747.5,97,1.5,61.5,0.05
50,0,19.6,37.2,17.23,39.79,20.1,38.62666667,19.39,36.7,17.5,59.82666667,0.6,76.4,17.79,31.79,21,45.4,17.6,39.06,0.533,747.4666667,97,1.666666667,61.33333333,0.0667
20,0,19.6,37.2,17.26,39.86333333,20.1,38.59,19.32333333,36.7,17.5,59.56,0.666666667,76.46666667,17.79,31.85666667,21,45.4,17.6,39.23,0.567,747.4333333,97,1.833333333,61.16666667,0.0833
20,0,19.6,37.2,17.2,39.79,20.1,38.59,19.26,36.7,17.5,59.36,0.7,76.5,17.79,31.89,21,45.4,17.6,39.29,0.6,747.4,97,2,61,0.1
30,0,19.56666667,37.2,17.2,39.79,20.1,38.8,19.2,36.62666667,17.5,59.16333333,0.75,76.425,17.79,31.82333333,20.96333333,45.26,17.6,39.4,0.517,747.3833333,97.33333333,2,52.66666667,0.0833
30,0,19.5,37.2,17.2,39.79,20.1,39.06,19.15,36.7,17.5,58.96333333,0.7,76.4,17.79,31.79,20.89,45.12666667,17.6,39.46666667,0.433,747.3666667,97.66666667,2,44.33333333,0.0667
50,0,19.5,37.2,17.2,39.79,20,39.2,19.1,36.7,17.5,58.72333333,0.8,76.4,17.79,31.85666667,20.89,45,17.6,39.59,0.35,747.35,98,2,36,0.05
50,0,19.5,37.2,17.2,39.79,20,39.2,19.1,36.7,17.5,58.53,0.8,76.4,17.79,31.89,20.89,44.93333333,17.6,39.66333333,0.267,747.3333333,98.33333333,2,27.66666667,0.0333
60,10,19.46333333,37.06,17.16666667,39.79,19.89,39.2,19,36.59,17.46333333,58.33333333,0.9,76.53,17.79,31.89,20.79,44.66333333,17.6,39.82666667,0.183,747.3166667,98.66666667,2,19.33333333,0.0167
50,0,19.39,37.06,17.1,39.79,19.89,39.1725,19,36.59,17.39,58.12666667,0.966666667,76.65666667,17.79,31.89,20.84,44.515,17.6,39.975,0.1,747.3,99,2,11,0
40,0,19.39,37.09,17.1,39.745,19.89,39.16333333,18.89,36.59,17.39,57.93,1,76.72666667,17.7675,31.89,20.85666667,44.36333333,17.6,40.06,0.0833,747.2666667,99.16666667,1.833333333,11.16666667,0
50,0,19.39,37.03,17.1,39.7,19.79,39.06,18.89,36.59,17.39,57.73,1,76.8,17.7,31.89,20.79,44.29,17.6,40.23,0.0667,747.2333333,99.33333333,1.666666667,11.33333333,0
40,0,19.35666667,37.03,17.1,39.7,19.79,39,18.85666667,36.56,17.39,57.645,1.066666667,76.96666667,17.76,31.89,20.79,44.23,17.6,40.36333333,0.05,747.2,99.5,1.5,11.5,0
40,0,19.29,37.03,17.1,39.7,19.79,38.96666667,18.79,36.5,17.39,57.36333333,1.066666667,76.96666667,17.7,31.89,20.76,44.09,17.6,40.5,0.0333,747.1666667,99.66666667,1.333333333,11.66666667,0
40,0,19.29,37,17.03333333,39.62666667,19.73,38.9,18.79,36.5,17.39,57.23,1.1,77.12333333,17.7,31.89,20.7,44.03,17.6,40.56,0.0167,747.1333333,99.83333333,1.166666667,11.83333333,0
50,0,19.29,37,17,39.56,19.7,38.79,18.73,36.5,17.39,57.06,1.1,77.19,17.7,31.89,20.76,43.93,17.6,40.62666667,0,747.1,100,1,12,0
60,0,19.26,36.96666667,17,39.5,19.7,38.79,18.7,36.5,17.32333333,56.93333333,1.133333333,77.22666667,17.7,31.89,20.7,43.79,17.6,40.7,0.0167,747.1166667,100,1,15.33333333,0.0167
40,10,19.2,36.9,17,39.5,19.7,38.73,18.7,36.5,17.29,56.76,1.2,77.3,17.7,31.89,20.66666667,43.79,17.66666667,40.86333333,0.0333,747.1333333,100,1,18.66666667,0.0333
30,0,19.2,36.9,17,39.5,19.7,38.73,18.66666667,36.4,17.29,56.62666667,1.2,77.3,17.7,31.96333333,20.66666667,43.86333333,17.6,40.86333333,0.05,747.15,100,1,22,0.05
20,0,19.2,36.9,16.89,39.5,19.7,38.59,18.6,36.4,17.29,56.46666667,1.2,77.3,17.7,31.89,20.6,43.66333333,17.6,40.9,0.0667,747.1666667,100,1,25.33333333,0.0667
20,0,19.2,36.9,16.89,39.5,19.7,38.59,18.6,36.4,17.29,56.32666667,1.2,77.4,17.7,32,20.6,43.59,17.6,40.96666667,0.0833,747.1833333,100,1,28.66666667,0.0833
30,0,19.16666667,36.9,16.89,39.5,19.6,38.46666667,18.6,36.4,17.29,56.16333333,1.066666667,77.36666667,17.7,32,20.56666667,43.59,17.6,41,0.1,747.2,100,1,32,0.1
50,0,19.1,36.9,16.89,39.5,19.6,38.4,18.6,36.4,17.29,56.09,1,77.3,17.7,32,20.5,43.59,17.6,41,0.117,747.2166667,99.83333333,1.166666667,29.66666667,0.1
40,0,19.1,36.93333333,16.89,39.5,19.6,38.43333333,18.525,36.425,17.29,55.96666667,1.1,77.33333333,17.7,32,20.5,43.59,17.63333333,41.15666667,0.133,747.2333333,99.66666667,1.333333333,27.33333333,0.1
60,0,19.1,36.93333333,16.89,39.5,19.53333333,38.5,18.5,36.43333333,17.29,55.82666667,1.1,77.33333333,17.7,32,20.5,43.59,17.63333333,41.23,0.15,747.25,99.5,1.5,25,0.1
50,0,19.06666667,36.96666667,16.85666667,39.46666667,19.53333333,38.43333333,18.5,36.5,17.29,55.76,1.166666667,77.3,17.7,32,20.5,43.7,17.66666667,41.29,0.167,747.2666667,99.33333333,1.666666667,22.66666667,0.1
40,0,19,36.9,16.79,39.4,19.53333333,38.56,18.42666667,36.43333333,17.23,55.56666667,1.166666667,77.3,17.7,32,20.42666667,43.7,17.6,41.23,0.183,747.2833333,99.16666667,1.833333333,20.33333333,0.1
60,0,19,36.9,16.79,39.4,19.53333333,38.56,18.39,36.4,17.23,55.5,1.2,77.26333333,17.7,32,20.46333333,43.7,17.66666667,41.36333333,0.2,747.3,99,2,18,0.1
40,0,19,36.9,16.79,39.4,19.6,38.5675,18.39,36.46666667,17.23,55.43333333,1.2,77.12333333,17.65,31.945,20.46333333,43.9,17.675,41.47,0.217,747.3666667,99,1.833333333,20.83333333,0.117
50,0,19,36.9,16.79,39.5,19.6,38.53,18.39,36.53,17.39,55.13333333,1.2,77.09,17.66666667,31.96333333,20.5,44.1,17.7,41.59,0.233,747.4333333,99,1.666666667,23.66666667,0.133
40,10,19,37.02666667,16.76,39.62666667,19.6,38.4,18.32333333,36.59,17.39,55,1.26,77.09,17.6,31.89,20.39,43.63333333,17.63333333,41.4,0.25,747.5,99,1.5,26.5,0.15
80,0,19,37.23,16.76,39.76,19.6,38.32666667,18.29,36.7,17.34,53.69,1.39,77.09,17.6,31.92666667,20.39,43.43333333,17.63333333,41.32666667,0.267,747.5666667,99,1.333333333,29.33333333,0.167
50,0,19,37.69666667,16.79,40,19.6,38.29,18.29,36.76,17.29,53.4,1.39,77.09,17.6,32,20.32333333,43.16333333,17.66666667,41.33333333,0.283,747.6333333,99,1.166666667,32.16666667,0.183
40,0,19,37.79,16.79,40.26,19.6,38.29,18.29,36.86333333,17.29,53.52666667,1.5,77.09,17.6,31.93,20.32333333,42.96333333,17.66666667,41.2,0.3,747.7,99,1,35,0.2
20,0,19,37.79,16.79,40.29,19.56666667,38.13333333,18.29,36.73,17.29,53.66333333,1.633333333,77.15666667,17.6,31.73,20.26,42.56333333,17.6,40.86333333,0.383,747.7333333,98.66666667,1,36,0.233
150,0,18.89,37.66333333,16.79,40.15666667,19.5,37.93333333,18.26,36.63333333,17.29,53.79666667,1.79,77.09,17.5,31.56666667,20.2,42.15666667,17.6,40.59666667,0.467,747.7666667,98.33333333,1,37,0.267
330,0,18.89,37.59,16.82333333,39.9,19.39,37.66333333,18.2,36.43333333,17.46,54.26666667,1.97,77.115,17.5,31.5,20.2,41.9,17.6,40.13333333,0.55,747.8,98,1,38,0.3
150,0,18.89,37.5,16.89,39.9,19.39,37.46333333,18.2,36.26,17.72666667,54.4,2.03,77.19,17.5,31.46333333,20.2,41.56666667,17.6,39.86,0.633,747.8333333,97.66666667,1,39,0.333
110,0,18.89,37.59,17,39.79,19.39,37.46666667,18.2,36.2,18.06666667,53.99,2,77.09,17.5,31.39,20.1,41.19333333,17.6,39.52666667,0.717,747.8666667,97.33333333,1,40,0.367
60,0,18.89,37.66333333,17,39.93,19.39,37.4,18.2,36.09,18.2,53.45666667,2,77.09,17.5,31.39,20.1,40.93333333,17.6,39.32666667,0.8,747.9,97,1,41,0.4
60,0,18.92666667,37.82666667,17.03333333,39.96666667,19.39,37.4,18.13333333,36.03,18.16666667,52.9,2,77,17.42666667,31.32333333,20.1,40.63333333,17.6,38.99,0.883,747.95,96.83333333,1.5,44.66666667,0.45
60,0,18.92666667,37.9,17.1,39.82666667,19.39,37.4,18.1,35.95,18.03333333,52.42666667,2.06,76.93333333,17.46333333,31.26,20.03333333,40.3,17.53333333,38.65666667,0.967,748,96.66666667,2,48.33333333,0.5
60,0,18.92666667,37.9,17.1,39.66333333,19.39,37.29,18.1,35.9,17.89,51.9,2.23,76.8,17.46333333,31.26,20,40.13333333,17.56666667,38.4,1.05,748.05,96.5,2.5,52,0.55
60,0,19,37.9,17.16666667,39.53,19.39,37.29,18.1,35.9,17.82333333,51.5,2.23,76.72666667,17.39,31.2,20,39.93333333,17.5,38.4,1.13,748.1,96.33333333,3,55.66666667,0.6
170,0,19,37.7,17.23,39.5,19.39,37.26,18.1,35.9,17.79,50.93,2.326666667,76.56,17.39,31.26,19.96333333,39.76,17.53333333,38.13333333,1.22,748.15,96.16666667,3.5,59.33333333,0.65
700,0,19,37.7,17.35666667,39.43333333,19.39,37.2,18.1,35.9,17.73,50.65666667,2.466666667,76.5,17.39,31.29,19.96333333,39.62666667,17.53333333,37.93333333,1.3,748.2,96,4,63,0.7
630,0,19.1,38.19333333,17.5,39.36333333,19.445,37.69,18.1,35.9,17.7,50.56,2.4,76.4,17.39,31.29,19.89,39.56,17.5,37.76,1.45,748.2666667,95.5,3.666666667,57.16666667,0.767
370,0,19.16666667,39.06,17.56666667,39.23,19.76333333,39.29333333,18.1,35.82666667,17.7,50.5,2.466666667,76.4,17.39,31.29,19.89,39.43333333,17.5,37.6725,1.6,748.3333333,95,3.333333333,51.33333333,0.833
280,0,19.23,39.26666667,17.65,39.2,20.03,39.83333333,18.06666667,35.76,17.6,50.5,2.53,76.33,17.39,31.29,19.79,39.29,17.5,37.53,1.75,748.4,94.5,3,45.5,0.9
270,0,19.35666667,39.52666667,17.73,39.16333333,20.36,40.15666667,18,35.7,17.6,50.545,2.663333333,76.19,17.39,31.29,19.79,39.2225,17.5,37.46666667,1.9,748.4666667,94,2.666666667,39.66666667,0.967
350,0,19.42666667,39.66333333,17.85666667,39.09,20.63333333,40.29,18.1,35.79,17.6,50.5,2.933333333,76.15666667,17.39,31.29,19.79,39.12666667,17.5,37.4,2.05,748.5333333,93.5,2.333333333,33.83333333,1.03
590,0,19.56666667,39.66333333,18.03333333,39.16333333,20.82333333,40.06,18.03333333,35.73,17.56666667,50.16333333,3.133333333,76.03,17.39,31.29,19.79,39.06,17.5,37.36333333,2.2,748.6,93,2,28,1.1
500,0,19.7,40.03,18.16666667,38.96333333,20.96333333,39.86,18.03333333,35.7,17.56666667,50.03,3.23,75.96333333,17.39,31.29,19.79,39,17.5,37.29,2.38,748.6333333,91.33333333,2.333333333,30,1.02
360,0,19.76,41.62333333,18.23,39.19666667,21.13333333,39.65666667,18.03333333,35.7,17.5,49.76,3.3425,75.9975,17.39,31.29,19.76,38.86333333,17.5,37.26,2.57,748.6666667,89.66666667,2.666666667,32,0.933
330,0,19.92666667,43.95666667,18.43,39.99666667,21.2,40.12333333,18.03333333,35.62666667,17.5,49.7,3.833333333,75.9,17.42666667,31.32333333,19.7,38.73,17.5,37.12666667,2.75,748.7,88,3,34,0.85
510,0,20,46.49,18.56666667,40,21.06666667,40.56666667,18.1,35.76,17.5,49.86,4.126666667,75.86666667,17.5,31.32333333,19.76,38.5,17.5,37.09,2.93,748.7333333,86.33333333,3.333333333,36,0.767
630,0,20.05,46.4,18.5,40.06,21.06666667,41.42666667,18.16666667,35.76,17.5,50.13333333,4,75.8,17.53333333,31.26,19.7,38.43333333,17.5,37.09,3.12,748.7666667,84.66666667,3.666666667,38,0.683
410,0,20.1,45.59,18.56666667,40.63,21.26333333,42.63333333,18.16666667,35.62666667,17.5,50.29,4.19,75.8,17.6,31.2,19.7,38.4,17.5,37.09,3.3,748.8,83,4,40,0.6
290,0,20.2,45.03,18.76,41.09,21.53,43.02666667,18.15,35.59,17.5,50.46666667,4.466666667,75.8,17.5,31.2,19.7,38.29,17.5,37.03,3.42,748.8166667,81.33333333,4.166666667,40,0.433
330,0,20.29,44.39333333,19.03333333,40.93,21.82333333,42.8,18.15,35.5225,17.5,50.5,4.66,75.72666667,17.56666667,31.2,19.7,38.2,17.5,37,3.53,748.8333333,79.66666667,4.333333333,40,0.267
230,0,20.35666667,43.6,19.1,40.59666667,21.96333333,41.99333333,18.2,35.5,17.5,50.5,4.866666667,75.8,17.6,31.1,19.7,38.12666667,17.5,37,3.65,748.85,78,4.5,40,0.1
180,0,20.42666667,43.13333333,19.2,40.16333333,22.03333333,41.26666667,18.2,35.59,17.46333333,50.36333333,5.063333333,75.76333333,17.66666667,31.1,19.7,37.96666667,17.53333333,36.86333333,3.77,748.8666667,76.33333333,4.666666667,40,-0.0667
80,0,20.56666667,42.52666667,19.26,39.96333333,22.1,40.72666667,18.26,35.66333333,17.39,50.29,5.063333333,75.69,17.79,30.96333333,19.7,37.9,17.6,36.79,3.88,748.8833333,74.66666667,4.833333333,40,-0.233
70,0,20.6,41.62333333,19.26,39.49,22.1,40.03333333,18.26,35.46666667,17.39,50.16333333,4.493333333,75.59,17.79,30.82333333,19.7,37.79,17.6,36.7,4,748.9,73,5,40,-0.4
50,0,20.6,41.03,19.2,39.23,21.96,39.42666667,18.2,35.4,17.39,50.03,4.433333333,75.59,17.7,30.79,19.7,37.79,17.6,36.7,3.97,748.9333333,74.33333333,4.833333333,40,-0.2
350,0,20.66666667,40.53333333,19.29,39.23,21.745,38.8,18.2,35.26,17.39,49.83333333,4.93,75.69,17.7675,30.865,19.7,37.73,17.6,36.7,3.93,748.9666667,75.66666667,4.666666667,40,0
630,0,20.66666667,40.33333333,19.365,39.02,21.73,38.8,18.26,35.2,17.39,49.62666667,5.263333333,75.62333333,17.85666667,30.89,19.7,37.73,17.53333333,36.79,3.9,749,77,4.5,40,0.2
470,0,20.79,40.4,19.39,38.79,21.85666667,39.26666667,18.29,35.2,17.39,49.46666667,5.263333333,75.56,17.89,30.76,19.7,37.59,17.6,36.73,3.87,749.0333333,78.33333333,4.333333333,40,0.4
310,0,20.85666667,40.4,19.5,38.76,22.06666667,39.46666667,18.23,35.12666667,17.39,49.3725,5.19,75.5,17.89,30.7,19.7,37.5225,17.6,36.66333333,3.83,749.0666667,79.66666667,4.166666667,40,0.6
270,0,20.92666667,40.36333333,19.5,38.62666667,22.26,39.46666667,18.29,35.2,17.39,49.23,5.445,75.59,17.92666667,30.76,19.76,37.43333333,17.6,36.59,3.8,749.1,81,4,40,0.8
220,0,21,40.23,19.6,38.46666667,22.42666667,39.46666667,18.29,35.2,17.39,49.09,5.396666667,75.56,18,30.63333333,19.73,37.29,17.6,36.7,4.08,749.1166667,79.83333333,3.833333333,40,0.867
240,0,21.1,40.22333333,19.6,38.32666667,22.56666667,39.19333333,18.29,35.16333333,17.39,49.03,5.123333333,75.56,18,30.6,19.73,37.29,17.6,36.7,4.37,749.1333333,78.66666667,3.666666667,40,0.933
240,10,21.1,40.03,19.63333333,38.32666667,22.63333333,38.86333333,18.29,35.09,17.39,49,5.293333333,75.53,18,30.53333333,19.79,37.2,17.6,36.7,4.65,749.15,77.5,3.5,40,1
350,0,21.2,39.83333333,19.7,38.32666667,22.7,38.59666667,18.29,35.09,17.39,48.93333333,5.7,75.59,18.13333333,30.6,19.79,37.12666667,17.66666667,36.83333333,4.93,749.1666667,76.33333333,3.333333333,40,1.07
70,0,21.2,39.9,19.79,38.06,22.82333333,38.36,18.29,35.09,17.39,48.9,6.063333333,75.59,18.26,30.6,19.82333333,37.09,17.7,37.03,5.22,749.1833333,75.16666667,3.166666667,40,1.13
180,0,21.245,40.795,19.79,37.95,22.89,38.45,18.39,35.12666667,17.39,48.9,6.19,75.59,18.29,30.5,19.89,37.09,17.7,37.09,5.5,749.2,74,3,40,1.2
190,0,21.32333333,41.62666667,19.79,37.93333333,22.76,38.06,18.39,35.12666667,17.39,49.03,6.333333333,75.69,18.39,30.32333333,20,37.06,17.73,37.2,5.28,749.2333333,74.16666667,3,40,1.03
410,0,21.39,42.62666667,19.79,38.13333333,22.63333333,37.93333333,18.39,35.02666667,17.39,49.09,6.26,75.62333333,18.39,30.16666667,20,37,17.79,37.2,5.07,749.2666667,74.33333333,3,40,0.867
290,0,21.39,41.16,19.89,38.4,22.53333333,38.42666667,18.39,34.795,17.39,49.23,5.863333333,75.59,18.39,30.03333333,20,36.83333333,17.73,37.16333333,4.85,749.3,74.5,3,40,0.7
280,0,21.39,40.63333333,19.89,38.46666667,22.66666667,38.9,18.39,34.62666667,17.39,49.29,5.59,75.59,18.53333333,29.85666667,20,36.62666667,17.79,37.16333333,4.63,749.3333333,74.66666667,3,40,0.533
260,0,21.5,40.1,19.92666667,38.33333333,22.82333333,38.96666667,18.39,34.52666667,17.39,49.29,5.8,75.69,18.6,29.59666667,20.1,36.56,17.79,37.52666667,4.42,749.3666667,74.83333333,3,40,0.367
260,0,21.5,39.76666667,20,38.2,22.96333333,38.82666667,18.39,34.32666667,17.39,49.23,5.8,75.69,18.6,29.35666667,20.1,36.36,17.79,37.26666667,4.2,749.4,75,3,40,0.2
220,0,21.46333333,39.46666667,19.96333333,38.13333333,23.13333333,38.49,18.39,34.29,17.39,49.2,5.833333333,75.72666667,18.6,29.23,20.1,36.16333333,17.79,36.96666667,3.77,749.5,78.16666667,2.666666667,36.66666667,0.3
200,10,21.39,39.32666667,19.89,38.06,23.2,38.15666667,18.39,34.36333333,17.39,49.12666667,5.9,75.86666667,18.5,29.32333333,20.03333333,36.03,17.79,36.82666667,3.33,749.6,81.33333333,2.333333333,33.33333333,0.4
120,0,21.39,39.13333333,19.89,38.23,23.29,37.8,18.39,34.43333333,17.46333333,49.16333333,6.19,75.8,18.6,29.39,20.1,36,17.79,36.95,2.9,749.7,84.5,2,30,0.5
50,0,21.46333333,39,19.89,38.36333333,23.29,37.33333333,18.39,34.5,17.46333333,49.09,5.996666667,75.86666667,18.76,29.39,20.16666667,36,17.82333333,37.32666667,2.47,749.8,87.66666667,1.666666667,26.66666667,0.6
50,0,21.5,38.76,19.89,38.245,23.23,37.06666667,18.39,34.5,17.5,49.06,5.64,75.85,18.79,29.39,20.26,36.2,17.89,37.4,2.03,749.9,90.83333333,1.333333333,23.33333333,0.7
50,0,21.5,38.62666667,19.89,38.06,22.96333333,36.66333333,18.39,34.56,17.5,48.975,5.83,75.93333333,18.73,29.39,20.2,36.2,17.85666667,37.5,1.6,750,94,1,20,0.8
40,0,21.39,38.33333333,19.82333333,37.8,22.82333333,36.46333333,18.39,34.59,17.5,48.82666667,5.43,76.12666667,18.73,30.86666667,20.2,36.2,17.85666667,37.63333333,1.92,750.0666667,92.83333333,1.166666667,23.33333333,0.917
60,0,21.39,38.06666667,19.79,37.46666667,22.66666667,36.33333333,18.39,34.66333333,17.5,48.56,4.56,76.36666667,18.85666667,32.2,20.2,36.2,17.85666667,37.66333333,2.23,750.1333333,91.66666667,1.333333333,26.66666667,1.03
80,0,21.29,38,19.73,37.4,22.53333333,36.12666667,18.39,34.7,17.5,48.43333333,4.1,76.62666667,18.79,32.09,20.13333333,36.26,17.85666667,37.72333333,2.55,750.2,90.5,1.5,30,1.15
80,0,21.29,38,19.7,37.53,22.35666667,36.09,18.39,34.76,17.5,48.29,3.663333333,76.83333333,18.73,32.09,20.1,36.46333333,17.79,37.76,2.87,750.2666667,89.33333333,1.666666667,33.33333333,1.27
90,0,21.26,38.09,19.63333333,37.53,22.29,36.16333333,18.29,34.79,17.5,48.23,3.663333333,76.96666667,18.7,32.23,20.1,36.72333333,17.79,37.56666667,3.18,750.3333333,88.16666667,1.833333333,36.66666667,1.38
70,0,21.2,38.03,19.5,37.65666667,22.26,36.06,18.29,34.86333333,17.5,48.09,3.76,77.16,18.7,32.36333333,20.23,37.15666667,17.79,37.22333333,3.5,750.4,87,2,40,1.5
70,0,21.2,37.95,19.5,37.86333333,22.13333333,36,18.29,35,17.5,48.03,3.5,77.43333333,18.7,32.53,20.29,37.29,17.79,37.03,3.15,750.55,88.16666667,1.833333333,40,1.35
90,0,21.16666667,37.86,19.39,37.9,22.06666667,36,18.29,35,17.39,47.86333333,2.863333333,77.83333333,18.7,32.59,20.32333333,37.26666667,17.79,36.9,2.8,750.7,89.33333333,1.666666667,40,1.2
80,0,21.1,38,19.32333333,37.96666667,22,36,18.2,34.9,17.46333333,47.79,2.463333333,77.9,18.6,32.59,20.39,37.46666667,17.79,36.82666667,2.45,750.85,90.5,1.5,40,1.05
100,0,21.1,37.86333333,19.26,37.96666667,21.89,35.93333333,18.2,35,17.39,47.56,1.9,78,18.6,32.59,20.5,37.76666667,17.79,36.7,2.1,751,91.66666667,1.333333333,40,0.9
110,0,21.1,37.79,19.2,37.9,21.82333333,35.93333333,18.2,35,17.46333333,47.56,1.566666667,77.93333333,18.6,32.59,20.5,38.02666667,17.79,36.62666667,1.75,751.15,92.83333333,1.166666667,40,0.75
190,0,21,37.7,19.1,37.93333333,21.76,35.9,18.2,35,17.46333333,47.43,1.426666667,77.83333333,18.6,32.72333333,20.6,38.23,17.79,36.5,1.4,751.3,94,1,40,0.6
330,0,21,37.7,19.03333333,38,21.7,35.82666667,18.13333333,35,17.39,47.245,1.3,77.76,18.56666667,32.73,20.66666667,38.36333333,17.73,36.43333333,1.53,751.3833333,93.66666667,1,38.16666667,0.667
460,0,21,38.16333333,19,38,21.7,35.9,18.1,35,17.39,47.18125,0.866666667,77.65666667,18.5,32.79,20.73,38.29,17.7,36.36333333,1.67,751.4666667,93.33333333,1,36.33333333,0.733
140,0,21,41.55666667,19,38.13333333,21.7,35.9,18.1,35,17.39,47.1175,0.666666667,77.59,18.5,32.79,20.79,38.29,17.7,36.23,1.8,751.55,93,1,34.5,0.8
100,10,21.1,42.42333333,19,38.95666667,21.6,35.96333333,18.1,34.96666667,17.39,47.12666667,0.35,77.69,18.5,32.8225,20.82333333,38.16333333,17.7,36.2,1.93,751.6333333,92.66666667,1,32.66666667,0.867
120,10,21.1,41.83,19.06666667,39.56333333,21.6,36.3475,18.1,34.96666667,17.39,47.32666667,0.166666667,77.69,18.5,32.56666667,20.82333333,37.96333333,17.66666667,36.06,2.07,751.7166667,92.33333333,1,30.83333333,0.933
120,0,21.13333333,41.29666667,19.1,39.9,21.6,36.63333333,18.06666667,34.93,17.39,47.52666667,0.033333333,77.69,18.39,32.13333333,20.82333333,38.12666667,17.6,36,2.2,751.8,92,1,29,1
120,0,21.2,40.96333333,19.13333333,40,21.6,36.76666667,18,34.79,17.39,47.745,-0.166666667,77.8,18.39,31.92666667,20.89,38.26,17.7,36,2.12,751.8833333,91.83333333,1,29,0.9
120,0,21.2,40.26666667,19.2,40.26,21.6,36.9,18,34.79,17.39,47.79,-0.366666667,77.72666667,18.32333333,31.72666667,21,38.2,17.63333333,35.86,2.03,751.9666667,91.66666667,1,29,0.8
110,0,21.26,39.86,19.2,40.2,21.6,36.9,18,34.79,17.39,47.79,-0.533333333,77.69,18.32333333,31.53333333,21.075,38.1725,17.63333333,35.82666667,1.95,752.05,91.5,1,29,0.7
110,10,21.29,39.43,19.26,40.2,21.6,36.82666667,18,34.79,17.46333333,47.86333333,-0.666666667,77.69,18.29,31.35666667,21.1,38.03,17.63333333,35.76666667,1.87,752.1333333,91.33333333,1,29,0.6
120,30,21.29,39.09666667,19.2,39.93,21.6,36.76,18,34.79,17.39,47.79,-0.666666667,77.65666667,18.29,31.23,21.1,38.09,17.66666667,35.86333333,1.78,752.2166667,91.16666667,1,29,0.5
90,20,21.29,38.72333333,19.2,39.73,21.6,36.7,18.23333333,35.33,17.39,47.73,-0.666666667,77.65666667,18.29,31.46333333,21.16666667,38.03,17.6,35.79,1.7,752.3,91,1,29,0.4
80,20,21.29,38.72333333,19.26,39.52666667,21.5,36.59,18.76,35.66333333,17.39,47.79,-0.733333333,77.69,18.29,31.39,21.2,38.12666667,17.6,35.79,1.55,752.3833333,91.5,1,27.66666667,0.333
90,20,21.29,38.56,19.2,39.4,21.5,36.59,19.49333333,35.56333333,17.42666667,47.7,-0.672727273,77.69,18.32333333,31.7,21.2,38.2,17.6,35.79,1.4,752.4666667,92,1,26.33333333,0.267
100,30,21.29,38.225,19.2,39.16333333,21.46333333,36.52666667,19.76,35.09666667,17.4175,47.6175,-0.490909091,77.69,18.39,31.76,21.1,38.29,17.6,35.76,1.25,752.55,92.5,1,25,0.2
100,20,21.29,37.93333333,19.13333333,39.09,21.39,36.4,19.7,35.045,17.39,47.475,-0.4,77.69,18.35666667,31.92666667,21.1,38.36333333,17.6,35.7,1.1,752.6333333,93,1,23.66666667,0.133
90,20,21.2,37.66333333,19.1,38.96666667,21.39,36.4,19.66666667,35.02666667,17.39,47.4,-0.633333333,77.69,18.29,32,21.06666667,38.56,17.56666667,35.7,0.95,752.7166667,93.5,1,22.33333333,0.0667
90,20,21.2,37.53,19.1,38.82666667,21.39,36.4,19.66666667,35.16,17.39,47.26,-0.766666667,77.69,18.29,32,21,38.5,17.56666667,35.62666667,0.8,752.8,94,1,21,0
90,20,21.2,37.33333333,19,38.59,21.39,36.4,20.19666667,35.36333333,17.39,47.12666667,-0.866666667,77.69,18.29,32.06,21,38.5,17.53333333,35.5,0.767,752.8666667,94.33333333,1.166666667,21,0
60,20,21.2,37.12666667,19,38.53,21.32333333,36.52666667,20.65666667,35.23,17.39,46.96666667,-0.666666667,77.69,18.35666667,32.16333333,21,38.5,17.6,35.5,0.733,752.9333333,94.66666667,1.333333333,21,0
70,20,21.16666667,36.96666667,18.89,38.4,21.26,36.59,21.3,35.06,17.39,46.82666667,-0.5,77.8,18.29,32.03,20.89,38.4,17.5,35.46666667,0.7,753,95,1.5,21,0
60,0,21.1,36.9,18.89,38.32666667,21.2,36.66333333,21.69333333,34.93333333,17.39,46.79,-0.333333333,77.69,18.29,32.06666667,20.89,38.46666667,17.5,35.4,0.667,753.0666667,95.33333333,1.666666667,21,0
90,20,21.1,37,18.79,38.32666667,21.16666667,36.79,21.66666667,34.76,18.13,68.93,-0.133333333,77.76333333,18.29,32.32,20.85666667,38.62666667,17.5,35.46666667,0.633,753.1333333,95.66666667,1.833333333,21,0
70,30,21.1,37.2,18.79,38.46666667,21.1,36.8725,21.53333333,34.9,18.5,74.1,0.033333333,77.72666667,18.29,32.56,20.79,38.76,17.5,35.62666667,0.6,753.2,96,2,21,0
60,20,21,37.32666667,18.7,38.85,21.16666667,36.9,21.35666667,35.06666667,18.1,64.56666667,0.033333333,77.8,18.29,32.82666667,20.76,38.93333333,17.5,35.76,0.567,753.2666667,96,1.833333333,28.16666667,-0.0167
60,20,21,37.4,18.6,39.26666667,21.1,36.9,21.29,35.33333333,18.2,57.245,-0.066666667,77.83333333,18.29,32.96666667,20.7,39.06,17.5,35.93333333,0.533,753.3333333,96,1.666666667,35.33333333,-0.0333
60,20,20.96333333,37.53,18.53333333,39.52666667,21.1,36.96666667,21.16666667,35.5,18.2,53.93333333,0,77.9,18.29,33.15666667,20.66666667,39.2,17.5,36.06,0.5,753.4,96,1.5,42.5,-0.05
60,20,20.89,37.66333333,18.46333333,39.82666667,21.1,36.96666667,21.03333333,35.7,18.2,52.26666667,0.3,77.86666667,18.29,33.36333333,20.6,39.26,17.5,36.12666667,0.467,753.4666667,96,1.333333333,49.66666667,-0.0667
60,20,20.89,37.76666667,18.39,39.96666667,21.1,36.96666667,21,35.82666667,18.23,50.66666667,0.566666667,77.93333333,18.29,33.62666667,20.6,39.69,17.5,36.26,0.433,753.5333333,96,1.166666667,56.83333333,-0.0833
60,30,20.89,37.96666667,18.35666667,40.26666667,21.1,37,20.92666667,35.96666667,18.29,49.73333333,0.633333333,77.93333333,18.29,33.76,20.5,40.19333333,17.5,36.32666667,0.4,753.6,96,1,64,-0.1
50,20,20.79,38.03,18.29,40.4,21.03333333,36.93333333,20.89,36.29,18.29,48.69666667,0.7,78,18.29,34.06666667,20.5,40.8,17.5,36.46666667,0.35,753.6666667,96.33333333,1,61.66666667,-0.117
70,20,20.79,38.09,18.26,40.59,21,36.9,20.82333333,36.23,18.29,47.95666667,0.766666667,78.03,18.35666667,34.26,20.5,41.46333333,17.5,36.53,0.3,753.7333333,96.66666667,1,59.33333333,-0.133
60,20,20.76,38.2,18.2,40.59,21,36.9,20.76,36.32666667,18.29,47.26666667,0.633333333,78.03,18.29,34.36,20.5,41.99666667,17.5,36.66333333,0.25,753.8,97,1,57,-0.15
70,20,20.7,38.2675,18.2,40.62666667,21,36.9,20.7,36.4,18.29,46.8,0.833333333,78.12333333,18.35666667,34.56,20.5,42.8,17.5,36.73,0.2,753.8666667,97.33333333,1,54.66666667,-0.167
60,30,20.7,38.29,18.13333333,40.7,21,36.9,20.7,36.45,18.29,46.33333333,1.033333333,78.26333333,18.35666667,34.73,20.5,43.13333333,17.5,36.86333333,0.15,753.9333333,97.66666667,1,52.33333333,-0.183
50,20,20.6,38.23,18.1,40.79,21,37,20.6,36.5,18.29,46,1.1,78.4,18.35666667,34.79,20.5,43.53,17.42666667,36.96333333,0.1,754,98,1,50,-0.2
60,20,20.6,38.29,18.1,40.86333333,21,37,20.6,36.63333333,18.29,45.63333333,1.2225,78.425,18.39,34.93333333,20.5,43.79,17.5,37.16333333,0.217,754.05,98.16666667,1,49.83333333,-0.0667
50,20,20.53333333,38.29,18,40.79,20.96333333,37,20.89333333,37,18.29,45.43333333,1.463333333,78.5,18.32333333,35.06,20.39,43.96333333,17.5,37.32666667,0.333,754.1,98.33333333,1,49.66666667,0.0667
60,20,20.53333333,38.36333333,18,40.79,20.96333333,37,21.22666667,36.8,18.29,45.16333333,1.633333333,78.43333333,18.39,35.29,20.39,44.09,17.5,37.46666667,0.45,754.15,98.5,1,49.5,0.2
70,20,20.5,38.5,17.89,40.93333333,20.92666667,37,21.2,36.36333333,18.29,45.03,1.76,78.5,18.39,35.36333333,20.39,44.26666667,17.5,37.53,0.567,754.2,98.66666667,1,49.33333333,0.333
60,30,20.5,38.5,17.89,41,20.92666667,37.06,21.13333333,36.29,18.26,44.72333333,1.79,78.5,18.39,35.46666667,20.39,44.4,17.5,37.6175,0.683,754.25,98.83333333,1,49.16666667,0.467
60,20,20.39,38.4,17.85666667,40.96666667,20.96333333,37.09,21.06666667,36.4,18.2,44.59,1.863333333,78.56,18.39,35.4,20.35666667,44.53,17.5,37.7,0.8,754.3,99,1,49,0.6
60,20,20.39,38.4,17.79,40.96666667,20.89,37.09,21,36.32666667,18.2,44.46666667,1.9,78.69,18.39,35.4,20.35666667,44.59,17.5,37.73,0.867,754.3166667,99,1,47.66666667,0.667
50,0,20.35666667,38.36333333,17.79,41,20.89,37.09,20.89,36.36,18.2,44.32666667,1.9,78.76333333,18.39,35.4,20.29,44.82666667,17.5,37.86333333,0.933,754.3333333,99,1,46.33333333,0.733
40,0,20.29,38.29,17.79,41,20.89,37.12666667,20.82333333,36.36,18.245,44.245,1.933333333,78.9,18.39,35.46666667,20.35666667,45.02666667,17.5,38,1,754.35,99,1,45,0.8
50,0,20.29,38.4,17.79,41.06,20.89,37.2,20.76,36.29,18.2,44.09,1.86,78.9,18.35666667,35.53,20.29,45.53,17.5,38.06,1.07,754.3666667,99,1,43.66666667,0.867
40,0,20.29,38.4,17.7,41.09,20.92666667,37.2,20.63333333,36.29,18.2,44.03,1.933333333,79,18.35666667,35.66333333,20.29,45.66333333,17.5,38.26666667,1.13,754.3833333,99,1,42.33333333,0.933
50,0,20.2,38.29,17.7,41.09,21,37.2,20.56666667,36.4,18.2,43.9,2,79,18.39,35.7,20.29,45.745,17.56666667,38.4,1.2,754.4,99,1,41,1
60,0,20.2,38.36333333,17.7,41.09,21,37.09,20.42666667,36.4,18.2,43.9,1.966666667,79.12333333,18.39,35.7,20.29,45.7,17.5,38.4,1.02,754.4333333,99,1,39.5,0.817
50,0,20.2,38.4,17.7,41.09,21.06666667,37.16333333,20.29,36.4,18.2,43.79,1.9,79.26333333,18.39,35.82666667,20.29,45.7,17.5,38.4,0.833,754.4666667,99,1,38,0.633
40,0,20.2,38.4,17.63333333,41.12666667,21.1,37.2,20.23,36.4,18.2,43.73,1.596666667,79.33,18.39,35.9,20.26,45.56,17.5,38.53,0.65,754.5,99,1,36.5,0.45
30,0,20.1,38.4,17.63333333,41.06666667,21.1,37.2,20.1,36.4,18.2,43.66333333,1.196666667,79.19,18.39,35.96666667,20.2,45.5,17.5,38.66333333,0.467,754.5333333,99,1,35,0.267
20,0,20.1,38.32666667,17.6,41.06,21.1,37.2,20.03333333,36.4,18.2,43.59,0.65,78.995,18.39,35.9,20.2,45.43333333,17.5,38.79,0.283,754.5666667,99,1,33.5,0.0833
30,0,20.05,38.245,17.6,41,21.1,37.2,19.89,36.4,18.2,43.56,0.133333333,78.49333333,18.39,36,20.2,45.43333333,17.5,38.86333333,0.1,754.6,99,1,32,-0.1
30,0,20,38.2,17.56666667,41,21,37.23,19.85666667,36.36333333,18.13333333,43.5,-0.2,78.22666667,18.39,36,20.2,45.29,17.5,38.93333333,-0.05,754.6666667,99,1,29.66666667,-0.233
50,0,20,38.2,17.5,41,21,37.29,19.79,36.29,18.13333333,43.5,-0.466666667,78.06,18.39,36.03,20.2,45.23,17.5,39,-0.2,754.7333333,99,1,27.33333333,-0.367
50,0,20,38.16333333,17.5,41,21,37.29,19.7,36.32666667,18.13333333,43.43333333,-0.666666667,78,18.39,36.09,20.16666667,45.09,17.56666667,39.03,-0.35,754.8,99,1,25,-0.5
60,0,19.92666667,38.09,17.5,41,21,37.29,19.63333333,36.32666667,18.2,43.29,-0.7,78.09,18.39,36.06,20.16666667,45.03,17.5,39.09,-0.5,754.8666667,99,1,22.66666667,-0.633
50,0,19.89,38.09,17.5,41,21,37.29,19.6,36.29,18.13333333,43.29,-0.633333333,78.15666667,18.39,35.93333333,20.2,45.12666667,17.5,39.2,-0.65,754.9333333,99,1,20.33333333,-0.767
40,0,19.89,38.09,17.42666667,40.93333333,21,37.29,19.53333333,36.29,18.1,43.2,-0.433333333,78.43333333,18.39,35.9,20.13333333,45.2,17.5,39.2675,-0.8,755,99,1,18,-0.9
50,0,19.89,38.09,17.39,40.9,21,37.29,19.46333333,36.26,18.1,43.2,-0.166666667,78.56,18.39,35.925,20.1,45.09,17.5,39.36333333,-0.75,755.0833333,99.16666667,1,17.5,-0.833
40,0,19.82333333,38.03,17.39,40.9,21,37.3725,19.39,36.26,18.1,43.09,-0.3,78.43333333,18.39,36,20.1,45.03,17.5,39.4,-0.7,755.1666667,99.33333333,1,17,-0.767
50,0,19.79,38,17.34,40.95,21,37.4,19.35666667,36.29,18.1,43.09,-0.633333333,78.3,18.39,36.09,20.06666667,44.96666667,17.5,39.46666667,-0.65,755.25,99.5,1,16.5,-0.7
50,0,19.79,38,17.29,41,21,37.5,19.35666667,36.29,18.1,43.09,-0.7,78.26333333,18.39,36.16333333,20,44.96666667,17.5,39.53,-0.6,755.3333333,99.66666667,1,16,-0.633
50,0,19.79,38,17.23,40.93333333,21,37.5,19.29,36.29,18.1,43,-0.633333333,78.26333333,18.39,36.2,20,44.9,17.56666667,39.66333333,-0.55,755.4166667,99.83333333,1,15.5,-0.567
50,0,19.73,38,17.26,40.96666667,21,37.53,19.23,36.23,18.03333333,42.93333333,-0.6,78.23,18.39,36.2,20,45.02666667,17.5,39.7,-0.5,755.5,100,1,15,-0.5
50,0,19.7,38,17.2,40.96666667,21,37.53,19.26,36.26,18.03333333,42.93333333,-0.866666667,78.03,18.39,36.2,20,45.2,17.5,39.76,-0.517,755.6,99.83333333,1.166666667,15,-0.533
50,0,19.7,38.06,17.2,41,21.06666667,37.66333333,19.2,36.2,18.1,43,-1.133333333,77.73,18.39,36.26,20,45.2,17.5,39.79,-0.533,755.7,99.66666667,1.333333333,15,-0.567
40,0,19.7,38.06,17.13333333,41,21,37.59,19.1,36.2,18,42.86333333,-1.32,77.4975,18.39,36.2,20,45.2,17.5,39.79,-0.55,755.8,99.5,1.5,15,-0.6
30,0,19.63333333,37.93333333,17.1,41,21,37.59,19.1,36.2,18,42.86333333,-1.566666667,77.19333333,18.39,36.2,20,45.09,17.5,39.9,-0.567,755.9,99.33333333,1.666666667,15,-0.633
20,0,19.66666667,37.96666667,17.1,41,21,37.59,19.06666667,36.16333333,18.06666667,42.9,-1.766666667,76.96666667,18.39,36.23,19.92666667,45.09,17.5,39.96666667,-0.583,756,99.16666667,1.833333333,15,-0.667
30,10,19.6,37.9,17.1,41.09,21,37.62666667,19,36.0225,18,42.9,-1.826666667,76.96666667,18.39,36.29,19.92666667,45.12666667,17.56666667,40.12666667,-0.6,756.1,99,2,15,-0.7
70,0,19.6,37.995,17.03333333,41.09,20.92666667,37.7,18.92666667,36,18,43.19333333,-1.76,77.03,18.42666667,36.53,20,45.2,17.5,40.2,-0.567,756.1666667,99.16666667,2,19,-0.65
80,0,19.6,38.53,17.03333333,41.2,20.85666667,37.43,18.89,35.72333333,17.92666667,43.66,-1.7,77.15666667,18.42666667,36.32333333,19.96333333,44.73333333,17.6,40.16333333,-0.533,756.2333333,99.33333333,2,23,-0.6
60,10,19.6,38.72333333,17.03333333,41.2,20.79,37.36333333,18.89,35.46333333,17.89,44.26666667,-1.43,77.69333333,18.35666667,35.42333333,19.89,44.06666667,17.6,40.03,-0.5,756.3,99.5,2,27,-0.55
50,0,19.6,38.66333333,17.06666667,41.16333333,20.7,37.4,18.79,35.29,17.82333333,44.52666667,-1.096666667,78.02666667,18.23,34.83,19.85666667,43.33333333,17.5,39.63333333,-0.467,756.3666667,99.66666667,2,31,-0.5
50,0,19.6,38.46333333,17.06666667,41.09,20.7,37.19333333,18.79,35.23,17.79,44.82666667,-0.733333333,78.22666667,18.2,34.33333333,19.79,42.66666667,17.5,39.3,-0.433,756.4333333,99.83333333,2,35,-0.45
50,0,19.6,38.29,17.03333333,40.86333333,20.6,36.76,18.79,35.2,17.79,44.96666667,-0.466666667,78.36666667,18.2,34,19.79,42.1,17.5,38.93,-0.4,756.5,100,2,39,-0.4
40,0,19.6,38.23,17.1,40.73,20.6,36.62666667,18.79,35.2,17.7,45.09,-0.3,78.5,18.1,33.56,19.73,41.69333333,17.5,38.4975,-0.183,756.5833333,99.83333333,2,38.66666667,-0.217
50,0,19.6,37.96666667,17.13333333,40.59,20.5,36.46666667,18.76,35.2,17.7,45.09,-0.3,78.5,18.1,33.2925,19.7,41.33333333,17.5,38.4,0.0333,756.6666667,99.66666667,2,38.33333333,-0.0333
60,0,19.6,37.9,17.2,40.4975,20.5,36.3725,18.7,35.2,17.7,45.23,-0.133333333,78.53,18.1,33.03,19.7,41.06666667,17.5,38.02666667,0.25,756.75,99.5,2,38,0.15
60,0,19.6,37.7,17.2,40.32666667,20.42666667,36.23,18.7,35.2,17.7,45.3175,0.133333333,78.59,18,32.7,19.7,40.72333333,17.42666667,37.76666667,0.467,756.8333333,99.33333333,2,37.66666667,0.333
50,0,19.6,37.7,17.32333333,40.33333333,20.39,36.03,18.7,35.26,17.7,45.32666667,0.4,78.72666667,18,32.62666667,19.63333333,40.46333333,17.5,37.56,0.683,756.9166667,99.16666667,2,37.33333333,0.517
40,10,19.5,37.7,17.39,40.06666667,20.39,36.09,18.7,35.29,17.63333333,45.23,0.8,78.86666667,18,32.5,19.6,40.16333333,17.5,37.43333333,0.9,757,99,2,37,0.7
50,10,19.5,37.7,17.39,39.76,20.35666667,36,18.7,35.29,17.63333333,45.23,1.245,78.95,18,32.43333333,19.6,40.03,17.39,37.16333333,1.03,757.05,98.66666667,2.166666667,41,0.8
30,10,19.5,37.66333333,17.39,39.62666667,20.29,36,18.7,35.4,17.6,45.09,1.766666667,79,17.89,32.4,19.56666667,39.9,17.39,37.09,1.17,757.1,98.33333333,2.333333333,45,0.9
30,0,19.5,37.59,17.35666667,39.59,20.29,35.96666667,18.7,35.46666667,17.6,45.09,2.1,79.06,17.89,32.4,19.5,39.82666667,17.39,37,1.3,757.15,98,2.5,49,1
20,0,19.5,37.59,17.29,39.72333333,20.29,35.82666667,18.66666667,35.5,17.6,45.09,2.433333333,79.26,17.89,32.4,19.5,39.7,17.39,37,1.43,757.2,97.66666667,2.666666667,53,1.1
30,0,19.5,37.59,17.32333333,39.96333333,20.2,35.79,18.6,35.5,17.6,45,2.5,79.46666667,17.89,32.4,19.46333333,39.56,17.39,36.96666667,1.57,757.25,97.33333333,2.833333333,57,1.2
60,0,19.39,37.53,17.46333333,40.09,20.2,35.79,18.6,35.62666667,17.6,45,2.56,79.53,17.89,32.4,19.39,39.5,17.39,36.9,1.7,757.3,97,3,61,1.3
50,0,19.39,37.59,17.63333333,40.02666667,20.2,35.82666667,18.675,35.7675,17.6,45,2.56,79.59,17.89,32.4,19.46333333,39.46666667,17.39,36.76,2.13,757.3,95.5,2.833333333,54.33333333,1.48
50,0,19.445,37.545,17.82666667,39.63333333,20.2,35.82666667,18.7,35.79,17.6,45,2.963333333,79.72666667,17.89,32.43333333,19.39,39.32666667,17.39,36.7,2.57,757.3,94,2.666666667,47.66666667,1.67
40,0,19.5,37.5,18.16333333,39.1,20.2,35.79,18.73,35.79,17.5,44.9,3.223333333,79.8,17.89,32.5,19.39,39.26,17.5,36.7,3,757.3,92.5,2.5,41,1.85
50,0,19.42666667,37.22666667,18.56333333,38.02666667,20.13333333,35.65666667,18.79,35.79,17.5,44.82666667,3.626666667,79.83333333,17.89,32.53,19.39,39.2,17.5,36.76,3.43,757.3,91,2.333333333,34.33333333,2.03
40,0,19.39,36.82666667,18.56666667,36.63333333,20,35.26666667,18.79,35.7,17.5,44.79,3.833333333,79.96666667,17.89,32.59,19.39,39.23,17.5,36.9,3.87,757.3,89.5,2.166666667,27.66666667,2.22
40,0,19.39,36.9,18.5,36.5,20,35.4,18.85666667,35.76,17.5,44.79,4.356666667,80,17.89,32.73,19.39,39.29,17.5,36.96666667,4.3,757.3,88,2,21,2.4
50,0,19.39,37.03,18.63333333,36.62666667,20,35.5,18.89,35.82666667,17.5,44.66333333,5.096666667,80.06,17.96333333,32.79,19.39,39.32666667,17.6,37.045,4.48,757.3,86.5,2.166666667,24.16666667,2.33
70,0,19.46333333,39.89,18.7,36.7,20.06666667,35.63333333,18.96333333,35.9,17.5,44.53,6.066666667,80.03,18.03333333,32.82666667,19.39,39.4,17.6,37.26666667,4.67,757.3,85,2.333333333,27.33333333,2.27
60,0,19.6,39.53333333,18.76,37.06666667,20.1,35.73,19,36,17.5,44.5,6.4,80.42333333,18.1,32.9,19.39,39.29,17.6,37.4,4.85,757.3,83.5,2.5,30.5,2.2
40,0,19.6,39,18.625,37.32,20.1,35.8975,19,35.93333333,17.5,44.5,6.3,80.86666667,18.03333333,32.76666667,19.39,39.29,17.6,37.36333333,5.03,757.3,82,2.666666667,33.66666667,2.13
40,0,19.5,38.79,18.6,37.56,20.1,36.06,19,35.79,17.5,44.545,6.366666667,81.06,18.03333333,32.7,19.39,39.29,17.6,37.23,5.22,757.3,80.5,2.833333333,36.83333333,2.07
80,0,19.56666667,38.73,18.6,37.66333333,20.1,36.12666667,19,35.86333333,17.5,44.59,6.845,81.245,18.1,32.62666667,19.39,39.15666667,17.6,37.12666667,5.4,757.3,79,3,40,2
390,0,19.6,38.56,18.66666667,37.59,20.1,36.2,19,35.9,17.5,44.59,7.133333333,81.53,18.2,32.36333333,19.5,38.96666667,17.66666667,37.46,5.57,757.3,77.66666667,3,40,1.9
180,0,19.66666667,38.56,18.79,37.4,20.1,36.2,19.06666667,35.9,17.5,44.56,7.666666667,81.59,18.26,32.15666667,19.56666667,38.82666667,17.66666667,37.76,5.73,757.3,76.33333333,3,40,1.8
50,0,19.7,38.56,18.79,37.32666667,20.1,36.2,19.1,35.9,17.5,44.56,8.13,81.9,18.29,31.96333333,19.53333333,38.63333333,17.66666667,37.7,5.9,757.3,75,3,40,1.7
70,0,19.7,38.43333333,18.79,37.26,20.1,36.2,19.1,35.82666667,17.5,44.59,8.263333333,82.02666667,18.29,31.82333333,19.6,38.43333333,17.7,37.82666667,6.07,757.3,73.66666667,3,40,1.6
70,0,19.7,38.26,18.85666667,37.2,20.16666667,36.26,19.1,35.7,17.5,44.59,8.6,82.19,18.39,31.66666667,19.55,38.245,17.7,37.82666667,6.23,757.3,72.33333333,3,40,1.5
220,0,19.76,38.12666667,18.92666667,37.02666667,20.2,36.29,19.1,35.7,17.5,44.5,8.933333333,82.52333333,18.46333333,31.53333333,19.63333333,38.09,17.7,37.73,6.4,757.3,71,3,40,1.4
310,0,19.79,38.19333333,19,36.82666667,20.2,36.29,19.1,35.645,17.69333333,57.83333333,9.1,82.76,18.5,31.32666667,19.7,37.96333333,17.7,37.93,6.42,757.2833333,69.66666667,3.166666667,40,1.13
80,0,19.79,38.6,19,36.79,20.23,36.43333333,19.1,35.56,18.49666667,72.66,9.36,82.96666667,18.56666667,31.13333333,19.7,37.76,17.7,38.03,6.43,757.2666667,68.33333333,3.333333333,40,0.867
60,10,19.79,38.995,19,36.86333333,20.29,36.56,19.1,35.36,18.16333333,72.72666667,8.963333333,81.7,18.6,30.85666667,19.7,37.7,17.7,37.96333333,6.45,757.25,67,3.5,40,0.6
50,0,19.89,39.32666667,19,37.03,20.29,36.62666667,19.1,35.2,18.06666667,71.69666667,8.83,81.89333333,18.6,30.73,19.7,37.56,17.7,38.26666667,6.47,757.2333333,65.66666667,3.666666667,40,0.333
60,0,19.89,39.52666667,19,37.16333333,20.29,36.76,19.1,35.12666667,18,70.29666667,9.1,82.6,18.63333333,30.6,19.76,37.36,17.7,38.46666667,6.48,757.2166667,64.33333333,3.833333333,40,0.0667
60,0,19.92666667,39.7,19,37.5,20.29,36.82666667,19.2,35.09,17.96333333,68.33333333,9.433333333,82.93333333,18.76,30.46,19.82333333,37.16333333,17.79,38.89,6.5,757.2,63,4,40,-0.2
50,0,20,39.7,19,37.83333333,20.29,36.9,19.2,35.03,17.89,66.59333333,9.563333333,82.66666667,18.89,30.16666667,19.89,37.03,17.79,39.16333333,6.57,757.1666667,63.33333333,3.833333333,40,-0.0667
50,0,20,39.89,19,38.09,20.39,37.03,19.2,34.96666667,17.85666667,64.75666667,9.69,82.26666667,18.89,29.96,20,36.83333333,17.79,39.45,6.63,757.1333333,63.66666667,3.666666667,40,0.0667
40,0,20,40.09,19.06666667,38.22333333,20.39,37.09,19.2,34.9,17.79,63.49666667,9.663333333,79.96333333,19,29.85666667,20,36.7,17.79,39.53,6.7,757.1,64,3.5,40,0.2
30,0,20.1,40.32666667,19.1,38.32666667,20.39,37.09,19.2,34.86333333,17.79,61.32666667,9.39,78.69666667,19.025,29.7225,20.1,36.66333333,17.79,39.66333333,6.77,757.0666667,64.33333333,3.333333333,40,0.333
20,10,20.1,40.4,19.075,38.45,20.39,37.1725,19.2,34.79,17.79,59.73333333,9.69,80.76,19.1,29.63333333,20.1,36.53,17.79,39.7,6.83,757.0333333,64.66666667,3.166666667,40,0.467
20,0,20.1,40.36333333,19.06666667,38.46666667,20.32333333,37.26,19.2,34.66333333,17.745,58.245,9.74,79.9975,19.1,29.6,20.1,36.46666667,17.79,39.76,6.9,757,65,3,40,0.6
40,0,20.1,40.29,19,38.29,20.29,37.29,19.2,34.53,17.7,56.99666667,9.89,80.82333333,19.1,29.53333333,20.1,36.4,17.79,39.79,6.85,757,64.66666667,3.166666667,40,0.5
50,0,20.1,40.2,19,38.29,20.29,37.4,19.16666667,34.43,17.7,56.09,9.4,76.4,19,29.34,20.06666667,36.33333333,17.79,39.79,6.8,757,64.33333333,3.333333333,40,0.4
50,0,20.1,40.2,18.96333333,38.2,20.29,37.4,19.1,34.23,17.7,55.42333333,9.166666667,72.72666667,19,29.23,20,36.2,17.73,39.79,6.75,757,64,3.5,40,0.3
60,0,20.06666667,39.96666667,18.89,38.12666667,20.29,37.46666667,19.1,34.16333333,17.7,54.83,9.13,76.7,18.89,29.16666667,20,36.16333333,17.79,39.79,6.7,757,63.66666667,3.666666667,40,0.2
40,0,20,39.82666667,18.89,38,20.29,37.5,19.1,34.03,17.7,54.06333333,9.19,76.89333333,18.89,29.1,20,36.09,17.79,39.7,6.65,757,63.33333333,3.833333333,40,0.1
40,0,20,39.7,18.82333333,38,20.29,37.5,19,33.96666667,17.7,53.53,9.256666667,78.96666667,18.89,29.16666667,19.96333333,36.06,17.79,39.7,6.6,757,63,4,40,0
50,0,20,39.62666667,18.79,38,20.29,37.43333333,19,33.9,17.7,52.9,9.256666667,76.3,18.82333333,29.03333333,19.89,36,17.79,39.59,6.67,756.95,62.16666667,3.833333333,40,-0.15
40,10,20,39.56,18.73,37.93333333,20.29,37.5,19,33.845,17.7,52.42666667,9.263333333,76.39666667,18.79,28.96333333,19.89,35.93333333,17.79,39.53,6.73,756.9,61.33333333,3.666666667,40,-0.3
50,0,20,39.43333333,18.66666667,37.86333333,20.26,37.36333333,19,33.7,17.63333333,51.79666667,9.323333333,76.39666667,18.79,28.82333333,19.89,35.79,17.79,39.4,6.8,756.85,60.5,3.5,40,-0.45
50,0,20,39.45,18.66666667,37.79,20.2,37.29,19,33.62666667,17.7,51.46333333,9.323333333,75.1,18.79,28.76,19.89,35.73,17.73,39.4,6.87,756.8,59.66666667,3.333333333,40,-0.6
60,0,20,39.36333333,18.6,37.66333333,20.29,37.36333333,18.92666667,33.56,17.7,50.99,9.063333333,73.36666667,18.79,28.63333333,19.89,35.59,17.76,39.32666667,6.93,756.75,58.83333333,3.166666667,40,-0.75
40,0,20,39.29,18.6,37.59,20.23,37.23,18.92666667,33.43333333,17.7,50.59666667,8.733333333,74.29666667,18.79,28.46333333,19.89,35.46333333,17.7,39.32666667,7,756.7,58,3,40,-0.9
40,0,19.96333333,39.16333333,18.46333333,37.66333333,20.29,37.29,18.89,33.36333333,17.6,50.19333333,8.533333333,75.29666667,18.79,28.39,19.85666667,35.33333333,17.76,39.22333333,6.82,756.7166667,59.33333333,3,40,-0.75
30,0,19.89,39.03,18.39,37.645,20.29,37.29,18.89,33.29,17.6,49.895,8.19,74.5,18.79,28.29,19.79,35.2,17.7,39.045,6.63,756.7333333,60.66666667,3,40,-0.6
40,0,19.89,38.69333333,18.35666667,37.66333333,20.2,37.12666667,18.85666667,33.26,17.6,49.52666667,8.066666667,76.73333333,18.7,28.29,19.79,35.09,17.7,38.79,6.45,756.75,62,3,40,-0.45
60,0,19.89,38.5,18.29,37.66333333,20.2,37.06666667,18.79,33.2,17.6,49.26666667,7.866666667,77.93333333,18.7,28.34,19.79,35.16333333,17.7,38.56,6.27,756.7666667,63.33333333,3,40,-0.3
80,10,19.89,38.36333333,18.2,37.59,20.15,36.8,18.79,33.2,17.6,48.96666667,7.6925,77.0475,18.66666667,28.39,19.79,35.46333333,17.7,38.3,6.08,756.7833333,64.66666667,3,40,-0.15
100,0,19.89,38.29,18.125,37.645,20.1,36.76,18.79,33.2,17.6,48.76666667,7.53,77.39666667,18.6,28.39,19.85666667,35.72333333,17.7,37.83333333,5.9,756.8,66,3,40,0
110,0,19.85666667,38.42666667,18.03333333,37.59,20.03333333,36.62666667,18.76,33.23,17.5,48.45,7.33,78.46666667,18.6,28.53333333,20.03333333,35.96333333,17.7,37.56666667,5.8,756.8666667,66.66666667,3,40,0.0333
110,10,19.79,38.76,18,37.73,20.1,36.7,18.7,33.29,17.5,48.26,7.063333333,78.26,18.53333333,28.6,20.16666667,36.09,17.7,37.16333333,5.7,756.9333333,67.33333333,3,40,0.0667
260,20,19.79,38.59,18,37.99,20.1,36.62666667,18.7,33.53,17.5,48.2,6.83,78.5,18.5,28.73,20.29,36.32666667,17.7,37.03,5.6,757,68,3,40,0.1
760,20,19.85666667,38.53,17.89,38.5,20.1,36.62666667,18.7,34.26333333,17.5,48.06,6.563333333,78.5,18.5,28.85666667,20.29,36.52666667,17.7,36.86333333,5.5,757.0666667,68.66666667,3,40,0.133
660,10,19.89,40.8,17.89,39.16666667,20.1,36.76,18.79,35,17.5,48,6.366666667,78.8,18.46333333,28.99333333,20.39,36.59,17.7,36.65666667,5.4,757.1333333,69.33333333,3,40,0.167
130,30,19.89,46.66,17.89,42.83333333,20.1,36.73,18.79,35.06,17.5,47.96333333,6.226666667,78.8,18.39,29.2,20.39,36.59,17.66666667,36.29666667,5.3,757.2,70,3,40,0.2
110,20,20.03333333,48.69333333,17.96333333,45.03333333,20.1,37.32333333,18.79,35.36333333,17.5,48.29666667,6.06,79.12333333,18.39,29.06666667,20.35666667,36.4,17.6,36.03,5.32,757.1666667,70.33333333,3,40,0.283
120,20,20.16666667,46.56,18,44.23333333,20.1,38.15666667,18.7225,35.195,17.5,48.69333333,6,79.33,18.39,29,20.29,36.05,17.6,35.76,5.33,757.1333333,70.66666667,3,40,0.367
130,40,20.23,44.46333333,18,43.23333333,20.16666667,38.43,18.7,35.16333333,17.5,48.9,5.9,79.59,18.39,29.06666667,20.29,35.86,17.6,35.62666667,5.35,757.1,71,3,40,0.45
120,20,20.29,42.92333333,18.1,42.53333333,20.2,38.46666667,18.73,36.39666667,17.5,49,5.9,79.73,18.39,29.26,20.29,35.86666667,17.6,35.66333333,5.37,757.0666667,71.33333333,3,40,0.533
130,20,20.39,41.69666667,18.1,42,20.2,38.4,18.79,36.59666667,17.5,48.86,5.763333333,79.46666667,18.39,29.32333333,20.35666667,36.4,17.6,35.66333333,5.38,757.0333333,71.66666667,3,40,0.617
120,40,20.4175,40.92,18.13333333,41.79,20.2,38.16333333,18.79,36.53,17.5,48.79,5.69,79.26,18.32333333,29.46333333,20.53333333,36.65666667,17.6,35.59,5.4,757,72,3,40,0.7
110,40,20.5,40.39,18.2,41.65666667,20.2,38.09,18.99666667,37.12333333,17.5,48.65666667,5.466666667,79.12666667,18.29,29.6,20.6,36.79,17.6,35.59,5.23,756.8666667,72.5,3.166666667,40,0.633
100,30,20.63333333,39.96666667,18.29,41.52666667,20.2,38.06,19.63,37.56,17.5,48.56,5.26,78.86666667,18.29,29.66666667,20.7,37.12666667,17.5,35.5,5.07,756.7333333,73,3.333333333,40,0.567
90,30,20.7,39.69333333,18.35666667,41.26666667,20.2,37.93333333,19.96333333,37.02666667,17.5,48.43333333,5.06,78.59,18.26,29.79,20.7,37.26,17.5,35.5,4.9,756.6,73.5,3.5,40,0.5
100,30,20.79,39.36333333,18.42666667,41.06,20.26,37.93,20.03333333,36.69333333,17.53333333,48.5,4.7975,78.1175,18.2,29.93,20.79,37.29,17.55,35.5,4.73,756.4666667,74,3.666666667,40,0.433
100,30,20.79,39.15666667,18.5,40.93333333,20.26,37.86333333,20.29333333,36.96666667,18.12666667,67.9,4.59,77.83333333,18.245,30.1,20.79,37.36333333,17.5,35.5,4.57,756.3333333,74.5,3.833333333,40,0.367
130,20,20.89,39.03,18.6,40.89,20.29,37.79,20.89333333,36.79666667,18.5,71.1,4.726666667,78.66,18.32333333,30.99333333,20.79,37.43333333,17.5,35.43333333,4.4,756.2,75,4,40,0.3
100,0,20.96333333,39.16333333,18.6,41.24,20.32333333,37.79,21.1,36.33,18.56666667,59.02666667,4.866666667,78.93333333,18.32333333,31.4,20.79,37.56,17.5,35.46666667,4.45,756.1166667,74.83333333,4,40,0.317
90,0,21,39.26,18.6,41.43,20.32333333,37.86333333,21.06666667,35.96,18.65,52.145,4.933333333,79.03,18.39,31.63333333,20.79,37.59,17.5,35.4,4.5,756.0333333,74.66666667,4,40,0.333
100,0,21,39.12666667,18.7,41.46666667,20.35666667,37.93333333,20.92666667,35.5,18.79,49.03,5,78.96333333,18.39,31.7,20.79,37.59,17.46333333,35.33333333,4.55,755.95,74.5,4,40,0.35
100,0,21.1,39.13333333,18.7,41.4,20.35666667,37.93333333,20.76,35.02666667,18.85666667,47.69666667,5.06,78.86333333,18.39,31.73,20.79,37.59,17.46333333,35.26,4.6,755.8666667,74.33333333,4,40,0.367
100,0,21.1,38.93333333,18.66666667,41.26,20.39,37.93333333,20.63333333,34.76666667,18.92666667,46.43333333,5.06,78.39666667,18.39,31.93,20.79,37.59,17.46333333,35.26,4.65,755.7833333,74.16666667,4,40,0.383
100,0,21.1,38.76,18.6,41.12666667,20.32333333,37.93333333,20.46333333,34.46666667,18.92666667,45.56666667,5,78.23,18.39,31.85666667,20.82333333,37.62666667,17.46333333,35.2,4.7,755.7,74,4,40,0.4
80,10,21.1,38.56666667,18.6,40.96666667,20.29,37.9,20.32333333,34.32666667,19,44.76666667,5.06,77.89666667,18.32333333,31.79,20.89,37.76,17.39,35.09,4.68,755.5333333,74.33333333,4.166666667,40,0.45
50,0,21.1,38.4,18.6,40.9,20.29,37.9,20.22666667,34.22333333,19,44.3,5.09,77.9,18.29,31.79,20.89,37.7,17.39,35.03,4.67,755.3666667,74.66666667,4.333333333,40,0.5
40,0,21.03333333,38.32666667,18.5,40.66,20.29,38,20.075,34.2675,18.93,44.19333333,5.03,77.9,18.29,31.85666667,20.89,37.96,17.42666667,35.46,4.65,755.2,75,4.5,40,0.55
40,0,21,38.16333333,18.5,40.32666667,20.23,38,19.92666667,34.52666667,18.73,44.8,5,77.93,18.32333333,32.12666667,20.89,38.55,17.5,36.53333333,4.63,755.0333333,75.33333333,4.666666667,40,0.6
50,0,20.92666667,38.09,18.39,40.23,20.2,38.09,19.89,34.7,18.6,45.53,5,78.12333333,18.39,32.33333333,20.89,39.09666667,17.5,36.96333333,4.62,754.8666667,75.66666667,4.833333333,40,0.65
50,0,20.89,38.09,18.32333333,40.36333333,20.2,38.09,19.82333333,34.76,18.53333333,45.99,4.933333333,77.95666667,18.39,32.56666667,20.89,39.49,17.5,37.22333333,4.6,754.7,76,5,40,0.7
30,0,20.865,38.0675,18.26,40.4,20.2,38.09,19.76,34.9,18.46333333,46.32666667,5,77.76333333,18.39,32.76,20.79,39.92666667,17.5,37.46333333,4.6,754.5833333,75.83333333,5.166666667,40,0.667
30,0,20.79,38,18.2,40.4,20.2,38.09,19.7,34.96666667,18.39,46.52666667,5,77.66333333,18.35666667,33.03,20.79,40.33333333,17.5,37.59,4.6,754.4666667,75.66666667,5.333333333,40,0.633
30,0,20.79,38.09,18.16666667,40.53,20.16666667,38.16333333,19.6,35.09,18.35666667,46.76666667,5.0225,76.9725,18.35666667,33.43,20.79,40.73,17.5,37.73,4.6,754.35,75.5,5.5,40,0.6
40,0,20.73,38.09,18.1,40.59,20.1,38.09,19.6,35.09,18.29,46.96666667,5.09,76.76,18.39,33.73,20.79,40.86333333,17.5,37.8725,4.6,754.2333333,75.33333333,5.666666667,40,0.567
40,0,20.7,38.06,18,40.59,20.1,38.09,19.5,35.2,18.29,47.12666667,5.06,76.26333333,18.39,33.86333333,20.7675,41.1175,17.5,37.96666667,4.6,754.1166667,75.16666667,5.833333333,40,0.533
50,0,20.7,37.93333333,17.92666667,40.59,20.1,38.09,19.42666667,35.2,18.23,47.12666667,5.06,75.66333333,18.39,34.045,20.7,41.2,17.5,38.12666667,4.6,754,75,6,40,0.5
50,0,20.7,37.9,17.84,40.645,20.1,38.09,19.39,35.2,18.2,47.2,5.06,75.39333333,18.39,34.2,20.6,41.09,17.5,38.26,4.6,753.8666667,74.5,6,40,0.417
50,0,20.63333333,37.76666667,17.79,40.62666667,20.1,38.16333333,19.39,35.2,18.2,47.2,5.06,74.93333333,18.39,34.26,20.6,41.1725,17.5,38.4,4.6,753.7333333,74,6,40,0.333
50,10,20.6,37.7,17.73,40.7,20.1,38.09,19.29,35.29,18.2,47.29,5.09,75.03,18.39,34.32666667,20.5,41.36,17.5,38.4,4.6,753.6,73.5,6,40,0.25
50,0,20.53333333,37.7,17.7,40.7,20.1,38.09,19.29,35.36333333,18.1,47.29,5.09,75.15666667,18.39,34.4,20.5,41.56,17.5,38.43333333,4.6,753.4666667,73,6,40,0.167
50,0,20.56666667,37.7,17.63333333,40.62666667,20.1,38.09,19.26,35.36333333,18.1,47.29,5.09,73.83333333,18.39,34.5,20.46333333,41.8,17.56666667,38.56,4.6,753.3333333,72.5,6,40,0.0833
50,0,20.5,37.62666667,17.56666667,40.59,20.1,38.09,19.26,35.36333333,18.06666667,47.26,5.09,73.3,18.39,34.56,20.39,42.1,17.53333333,38.73,4.6,753.2,72,6,40,0
50,0,20.39,37.5,17.5,40.59,20.16666667,38.09,19.2,35.29,18,47.2,5.09,71.92666667,18.42666667,34.76666667,20.39,42.3175,17.6,38.79,4.57,753.0833333,72.16666667,5.833333333,40,0
50,0,20.39,37.5,17.5,40.53,20.2,38.09,19.13333333,35.29,18,47.2,5.09,69.8,18.5,34.9,20.39,42.52666667,17.6,38.93333333,4.53,752.9666667,72.33333333,5.666666667,40,0
50,0,20.39,37.5,17.42666667,40.53,20.2,38.09,19.1,35.4,18,47.2,5.06,70.3,18.39,34.66333333,20.29,42.82666667,17.6,39,4.5,752.85,72.5,5.5,40,0
40,0,20.32333333,37.5,17.35666667,40.5,20.2,38.06,19.1,35.345,17.96333333,47.2,5,69.76666667,18.39,34.72333333,20.29,43.02666667,17.6,39.09,4.47,752.7333333,72.66666667,5.333333333,40,0
40,0,20.29,37.5,17.29,40.5,20.13333333,38.06,19.03333333,35.32666667,17.89,47.2,4.83,69.16,18.39,34.86333333,20.29,43.32666667,17.53333333,39.16333333,4.43,752.6166667,72.83333333,5.166666667,40,0
30,0,20.29,37.5,17.29,40.5,20.16666667,38.06,19,35.29,17.89,47.26,4.623333333,69.1,18.46333333,34.93,20.29,43.525,17.56666667,39.2,4.4,752.5,73,5,40,0
30,0,20.2,37.4,17.29,40.5,20.16666667,37.93333333,19,35.29,17.89,47.2,4.5,69.75666667,18.5,35.12666667,20.29,43.7,17.56666667,39.26,4.35,752.3,72.83333333,5.166666667,40,-0.0833
30,0,20.2,37.4,17.2,40.43333333,20.2,37.9,19,35.29,17.89,47.2,4.4,68.6675,18.5,35.2,20.29,43.79,17.6,39.32666667,4.3,752.1,72.66666667,5.333333333,40,-0.167
40,0,20.2,37.4,17.2,40.5,20.2,37.9,18.92666667,35.29,17.89,47.2,4.3,68.26,18.5,35.29,20.2,43.79,17.6,39.4,4.25,751.9,72.5,5.5,40,-0.25
50,0,20.1,37.36333333,17.1,40.43333333,20.1,37.9,18.89,35.29,17.85666667,47.16333333,4.156666667,68.22666667,18.5,35.23,20.2,43.79,17.6,39.43333333,4.2,751.7,72.33333333,5.666666667,40,-0.333
50,0,20.1,37.29,17.1,40.5,20.1,37.82666667,18.89,35.29,17.79,47.09,4.03,68.29333333,18.5,35.06666667,20.2,43.7,17.6,39.5225,4.15,751.5,72.16666667,5.833333333,40,-0.417
40,0,20.1,37.2,17.06666667,40.5,20.1,37.9,18.89,35.29,17.79,47.09,4.09,69.4,18.5,35.26,20.2,43.62666667,17.6,39.59,4.1,751.3,72,6,40,-0.5
40,0,20.03333333,37.12666667,17,40.5,20.1,37.9,18.82333333,35.23,17.79,47.09,4.09,69.59333333,18.5,35.29,20.13333333,43.59,17.6,39.62666667,4.03,751.0833333,72.33333333,6.166666667,40,-0.5
60,0,20,37.16333333,16.945,40.59,20.2,37.9,18.79,35.2,17.79,47.09,4.123333333,68.32666667,18.5,35.26,20.13333333,43.53,17.6,39.7,3.97,750.8666667,72.66666667,6.333333333,40,-0.5
50,0,20,37.09,16.89,40.62666667,20.2,37.9,18.79,35.2,17.79,47.09,4.123333333,67.72666667,18.5,35.2,20.1,43.53,17.6,39.73,3.9,750.65,73,6.5,40,-0.5
50,0,20,37.09,16.89,40.7,20.26,37.9,18.79,35.2,17.79,47.09,4.09,67.62333333,18.5,35.2,20.1,43.59,17.6,39.79,3.83,750.4333333,73.33333333,6.666666667,40,-0.5
60,0,19.92666667,37.09,16.79,40.73,20.29,37.9,18.73,35.2,17.7,47.09,4.03,67.69,18.5,35.12666667,20.1,43.7,17.6,39.79,3.77,750.2166667,73.66666667,6.833333333,40,-0.5
40,0,19.89,37.09,16.79,40.86333333,20.29,37.9,18.7,35.2,17.7,47.09,3.9,68.2,18.5,35.12666667,20.1,43.7,17.6,39.79,3.7,750,74,7,40,-0.5
50,0,19.89,37.09,16.79,40.93333333,20.29,37.9,18.7,35.2,17.76,47.09,3.9,67.66666667,18.5,35.2,20.03333333,43.76666667,17.6,39.9,3.75,749.8166667,73.33333333,7,40,-0.583
40,0,19.89,37.09,16.73,41.06,20.29,37.96666667,18.7,35.2,17.7,47.09,4.03,67.19,18.5,35.16333333,20.03333333,43.82666667,17.6,39.9,3.8,749.6333333,72.66666667,7,40,-0.667
50,0,19.82333333,37.03,16.7,41.09,20.39,38,18.7,35.2,17.7,47.09,4.09,66.73,18.5,35.09,20,43.66333333,17.6,40,3.85,749.45,72,7,40,-0.75
40,0,19.79,37,16.7,41.09,20.39,38,18.6,35.2,17.7,47.09,4.09,66.95666667,18.5,35.09,20,43.53,17.6,40,3.9,749.2666667,71.33333333,7,40,-0.833
50,0,19.79,37,16.66666667,41.16333333,20.39,38,18.6,35.2,17.7,47.09,4.156666667,66.43,18.5,35.16333333,20,43.46666667,17.6,40,3.95,749.0833333,70.66666667,7,40,-0.917
50,0,19.76,37,16.6,41.09,20.39,38,18.6,35.2,17.7,47.09,4.156666667,66.26333333,18.5,35.29,19.92666667,43.4,17.6,40,4,748.9,70,7,40,-1
40,0,19.7,37,16.6,41.12666667,20.5,38.09,18.56666667,35.2,17.7,47.09,4.115,65.7475,18.5,35.23,19.96333333,43.5,17.6,40,3.95,748.7333333,70.5,6.833333333,40,-0.967
20,0,19.7,37,16.6,41.2,20.5,38.03,18.56666667,35.2,17.63333333,47.03,4.123333333,64.93333333,18.42666667,35.26666667,19.89,43.5,17.6,40.06,3.9,748.5666667,71,6.666666667,40,-0.933
20,0,19.7,37,16.5,41.2,20.56666667,37.9,18.53333333,35.12666667,17.6,47,4.09,63.36,18.42666667,35.26666667,19.89,43.43333333,17.6,40.09,3.85,748.4,71.5,6.5,40,-0.9
30,0,19.63333333,36.93333333,16.5,41.2,20.5,37.9,18.53333333,35.2,17.6,47,4.09,63.96666667,18.46333333,35.16333333,19.89,43.26,17.6,40.09,3.8,748.2333333,72,6.333333333,40,-0.867
50,0,19.6,37,16.5,41.2,20.5,37.9,18.5,35.2,17.6,47,4.09,62.69333333,18.39,35.09,19.82333333,43.06666667,17.6,40.09,3.75,748.0666667,72.5,6.166666667,40,-0.833
40,0,19.6,37,16.42666667,41.2,20.5,37.96666667,18.5,35.12666667,17.6,47,4.09,63.23333333,18.39,35.32666667,19.79,42.9,17.6,40.09,3.7,747.9,73,6,40,-0.8
50,0,19.6,37,16.39,41.2,20.5,37.9,18.5,35.2,17.6,47,4.09,63.73333333,18.39,35.46666667,19.79,42.9,17.6,40.09,3.77,747.7166667,72.66666667,6.333333333,40,-0.783
60,0,19.6,37,16.39,41.2,20.5,37.9,18.5,35.2,17.6,47,4.156666667,63.46666667,18.445,35.59,19.79,42.9,17.6,40.12666667,3.83,747.5333333,72.33333333,6.666666667,40,-0.767
50,0,19.5,37,16.39,41.29,20.55,38,18.5,35.2,17.6,47,4.19,62.23333333,18.5,35.73,19.79,42.96666667,17.6,40.2,3.9,747.35,72,7,40,-0.75
50,0,19.5,37,16.29,41.32666667,20.6,37.9,18.42666667,35.12666667,17.53333333,47,4.19,61.96,18.5,35.79,19.79,43,17.6,40.2,3.97,747.1666667,71.66666667,7.333333333,40,-0.733
40,0,19.5,37,16.29,41.4,20.6,37.9,18.39,35.2,17.5,47,3.966666667,61.72333333,18.42666667,35.82666667,19.79,43,17.6,40.26,4.03,746.9833333,71.33333333,7.666666667,40,-0.717
50,0,19.5,37,16.26,41.4,20.6,37.93333333,18.39,35.2,17.5,47,3.826666667,60.92333333,18.5,35.96666667,19.79,43.09,17.6,40.32666667,4.1,746.8,71,8,40,-0.7
80,0,19.46333333,37.03,16.26,41.46666667,20.6,37.93333333,18.39,35.2,17.5,47,3.79,61.13333333,18.53333333,36.36333333,19.73,43.16333333,17.6,40.52666667,4.07,746.6666667,71.16666667,8,40,-0.7
40,10,19.39,37.22333333,16.2,41.62666667,20.56666667,37.9,18.39,35.26,17.5,46.96666667,3.79,60.93333333,18.53333333,36.23,19.79,43.13333333,17.6,40.5,4.03,746.5333333,71.33333333,8,40,-0.7
50,0,19.42666667,37.72666667,16.2,41.83333333,20.42666667,37.69333333,18.39,35.43333333,17.56666667,46.3,3.73,61.53,18.5,35.93,19.73,42.86,17.6,40.5,4,746.4,71.5,8,40,-0.7
50,0,19.42666667,38.06,16.2,42.36,20.35666667,37.59,18.39,35.56,17.56666667,45.76666667,3.73,61.53,18.5,35.73,19.7,42.52666667,17.6,40.5,3.97,746.2666667,71.66666667,8,40,-0.7
60,0,19.39,38,16.2,42.56,20.29,37.59,18.39,35.7,17.5,46.02666667,3.79,61.26666667,18.5,35.43,19.7,42.4,17.6,40.5,3.93,746.1333333,71.83333333,8,40,-0.7
70,0,19.39,38,16.2,42.82666667,20.2,37.4,18.39,35.82666667,17.5,46.39,3.79,59.995,18.42666667,35.09666667,19.7,42.13333333,17.6,40.46666667,3.9,746,72,8,40,-0.7
30,0,19.42666667,38.15666667,16.2,42.9,20.2,37.32666667,18.39,35.96666667,17.5,46.66333333,3.863333333,59.32666667,18.39,34.86333333,19.7,41.93333333,17.6,40.4,3.98,745.9,71.33333333,8,40,-0.75
30,10,19.5,38.29,16.2,42.93333333,20.2,37.29,18.39,36.12666667,17.5,46.82666667,4,58.89,18.39,34.65666667,19.6,41.56,17.6,40.26,4.07,745.8,70.66666667,8,40,-0.8
300,0,19.39,38.46333333,16.2,43.06,20.2,37.29,18.32333333,36.26,17.5,46.96666667,4.06,59.29666667,18.39,34.46666667,19.6,41.32,17.6,40.12666667,4.15,745.7,70,8,40,-0.85
190,0,19.39,38.53,16.2,43.23,20.2,37.29,18.32333333,36.5,17.56666667,47.93333333,4.226666667,58.22666667,18.39,34.32666667,19.53333333,41.12666667,17.6,39.96666667,4.23,745.6,69.33333333,8,40,-0.9
510,10,19.445,38.45,16.2,43.09666667,20.13333333,37.29,18.53,36.9,17.76,49.72666667,4.366666667,56.76666667,18.35666667,33.86333333,19.53333333,40.9,17.6,39.76666667,4.32,745.5,68.66666667,8,40,-0.95
200,0,19.46333333,38.36333333,16.23,42.76,20.1,37.29,19.09666667,36.9,17.89,49.66666667,4.53,54.63333333,18.29,33.46333333,19.53333333,40.56666667,17.6,39.69333333,4.4,745.4,68,8,40,-1
200,10,19.39,38.29,16.23,42.5,20.03333333,37.15666667,19.49666667,36.76666667,17.82333333,48.72666667,4.73,54.43333333,18.26,33.1,19.5,40.13333333,17.625,40.3925,4.5,745.2833333,67.5,8,40,-1.02
360,0,19.42666667,38.16333333,16.29,42.22333333,20.1,37.29,19.7,36.26,17.76,48.5,4.933333333,52.73,18.2,32.76666667,19.5,39.86,17.7,41.16333333,4.6,745.1666667,67,8,40,-1.03
100,0,19.42666667,38.03,16.29,42.0225,20.1,37.23,19.7,36.12666667,17.7,48.5,5.06,51.53,18.2,32.45,19.39,39.52666667,17.7,41.16333333,4.7,745.05,66.5,8,40,-1.05
60,0,19.39,38.06666667,16.29,42.06,20,37.045,19.66666667,36.02666667,17.7,48.73,5.123333333,52.03333333,18.2,32.22333333,19.39,39.32666667,17.7,40.96333333,4.8,744.9333333,66,8,40,-1.07
70,0,19.39,38.26,16.32333333,42.59666667,20.03333333,37.03,19.6,35.82666667,17.625,48.695,5.263333333,53.29333333,18.13333333,32.03,19.39,39.09,17.7,40.72333333,4.9,744.8166667,65.5,8,40,-1.08
70,0,19.46333333,38.4,16.32333333,42.93,20.03333333,37.03,19.56666667,35.66333333,17.6,48.46333333,5.433333333,51.1,18.1,31.85666667,19.39,39.03,17.7,40.46333333,5,744.7,65,8,40,-1.1
280,0,19.39,38.4,16.39,42.93,20,37.03,19.5,35.59,17.6,48.06333333,5.56,50.02666667,18.1,31.73,19.35666667,38.86333333,17.7,39.93,5.15,744.65,64,8.333333333,40,-1.17
370,10,19.39,38.29,16.46333333,42.99,20,37.09,19.39,35.49,17.6,47.59666667,5.726666667,49.36,18.1,31.56666667,19.29,38.73,17.7,39.65666667,5.3,744.6,63,8.666666667,40,-1.23
50,0,19.39,38.29,16.53333333,42.4,20,37.09,19.39,35.15666667,17.6,47.1,5.866666667,45.89333333,18.1,31.42666667,19.29,38.56,17.7,39.4,5.45,744.55,62,9,40,-1.3
90,0,19.5,38.36,16.6,42.53333333,20,37.09,19.35666667,34.83333333,17.6,46.76666667,6,43.49666667,18.1,31.26,19.29,38.43333333,17.7,39.06666667,5.6,744.5,61,9.333333333,40,-1.37
70,0,19.5,38.76666667,16.6,43.4,20,37,19.2225,34.4975,17.6,46.43,6.0925,42.3725,18.1,31.13333333,19.29,38.29,17.7,38.83333333,5.75,744.45,60,9.666666667,40,-1.43
60,10,19.5,40.06333333,16.6,43.06666667,20,37.06,19.2,34.23,17.53333333,46.15666667,6.19,40.06,18,30.89,19.23,38.15666667,17.7,38.56666667,5.9,744.4,59,10,40,-1.5
60,10,19.5,39.59666667,16.7,42.83333333,20,37.09,19.1,34.59666667,17.5,45.83333333,6.3,40.09666667,18,30.76333333,19.2,37.96666667,17.7,38.5,5.98,744.3833333,59,9.833333333,40,-1.45
30,10,19.5,39.26666667,16.7,42.3,20,37.03,19.16666667,34.93,17.5,45.56666667,6.3,39.29,18,30.6,19.2,37.9,17.7,38.5,6.07,744.3666667,59,9.666666667,40,-1.4
30,10,19.5,39.06,16.7,42,19.89,37.09,19.1,34.66333333,17.5,45.26,6.4,39.66666667,18,30.6,19.2,37.79,17.7,38.33333333,6.15,744.35,59,9.5,40,-1.35
50,0,19.5,38.3,16.7,41.6,19.89,36.75666667,19.1,34.53,17.5,45.06666667,6.4,38.86666667,18,30.5,19.13333333,37.73,17.7,38.12666667,6.23,744.3333333,59,9.333333333,40,-1.3
50,10,19.5,37.1,16.63333333,40.53333333,19.79,36.06,19,34.26,17.5,44.76,6.433333333,40.59666667,18,30.42666667,19.1,37.7,17.7,37.96666667,6.32,744.3166667,59,9.166666667,40,-1.25
70,0,19.5,36.5,16.63333333,39.86666667,19.73,36.13333333,19,34.2,17.5,44.56666667,6.56,40.26333333,18,30.46333333,19.16666667,37.7,17.7,37.9,6.4,744.3,59,9,40,-1.2
50,0,19.5,37.7,16.66666667,40.29666667,19.76,36.12666667,18.89,34.09,17.5,44.33333333,6.726666667,40.43333333,17.92666667,30.39,19.1,37.7,17.7,37.745,6.42,744.3,59.33333333,9,40,-1.08
40,0,19.5,37.7,16.6,41.16333333,19.76,36.4,18.89,34.09,17.5,44.12666667,6.866666667,40.56,17.89,30.39,19.1,37.59,17.7,37.56,6.43,744.3,59.66666667,9,40,-0.967
50,0,19.5,37.43,16.7,40.94,19.89,36.93333333,18.89,34.09,17.5,43.96666667,6.866666667,42.39333333,17.89,30.46333333,19.03333333,37.53,17.7,37.5,6.45,744.3,60,9,40,-0.85
50,0,19.5,37.23,16.7,40.46666667,19.89,37.06,18.89,34.09,17.5,43.82666667,6.726666667,43.26666667,17.89,30.55,19,37.5,17.7,37.5,6.47,744.3,60.33333333,9,40,-0.733
40,0,19.5,37.02666667,16.7,40.26666667,19.89,37.2,18.79,34.03,17.5,43.7,6.56,45.9,17.89,30.73,19,37.56,17.7,37.5,6.48,744.3,60.66666667,9,40,-0.617
50,0,19.5,36.82666667,16.7,40.06,19.89,37.2,18.79,34.09,17.4725,43.4975,6.433333333,48.36,17.89,30.79,19,37.59,17.7,37.5,6.5,744.3,61,9,40,-0.5
50,0,19.5,36.66333333,16.7,39.93333333,19.89,37.2,18.76,34.23,17.46333333,43.36333333,6.4,49.26333333,17.89,30.92666667,19,37.66333333,17.7,37.43333333,6.63,744.2666667,61.66666667,9.166666667,40,-0.25
80,0,19.42666667,36.53,16.7,39.82666667,20,37.2,18.7,34.29,17.39,43.26,6.466666667,48.86333333,17.89,31,19,37.7,17.7,37.43333333,6.77,744.2333333,62.33333333,9.333333333,40,0
90,0,19.42666667,36.53,16.76,39.96666667,19.92666667,37.2,18.7,34.32666667,17.39,43.2,6.66,48.72333333,17.89,31.1,19,37.83333333,17.7,37.5,6.9,744.2,63,9.5,40,0.25
90,0,19.42666667,36.59,16.79,40,19.89,37.09,18.7,34.4,17.39,43.2,6.9975,47.07,17.89,31.16666667,19.1,38.23,17.7,37.43333333,7.03,744.1666667,63.66666667,9.666666667,40,0.5
80,10,19.46333333,36.59,16.85666667,40,19.89,37.03,18.7,34.5,17.39,43.2,7.33,43.95666667,17.89,31.2,19.16666667,38.29,17.7,37.5,7.17,744.1333333,64.33333333,9.833333333,40,0.75
70,0,19.46333333,36.59,16.89,39.86333333,19.89,37.06,18.675,34.475,17.39,43.29,7.623333333,43.15666667,17.89,31.2,19.39,38.5,17.7,37.53,7.3,744.1,65,10,40,1
60,0,19.5,36.7,16.89,39.79,19.82333333,36.93333333,18.66666667,34.46666667,17.46333333,43.43,7.763333333,42.03,17.89,31.23,19.46333333,38.56,17.7,37.59,7.23,744.2,65.16666667,9.666666667,40,1
70,0,19.5,36.62666667,16.92666667,39.66333333,19.79,36.86333333,18.6,34.4,17.39,43.29,7.56,40.45666667,17.89,31.23,19.63333333,38.59,17.66666667,37.43,7.17,744.3,65.33333333,9.333333333,40,1
100,0,19.5,36.59,17,39.66333333,19.79,36.79,18.6,34.46666667,17.39,43.29,7.5,40.53,17.92666667,31.55666667,19.7,38.59,17.66666667,37.29,7.1,744.4,65.5,9,40,1
110,0,19.42666667,36.59,16.92666667,39.73,19.79,36.66333333,18.6,34.99333333,17.39,43.26,7.4,40.99,18.06666667,32.42333333,19.79,38.59,17.6,37.06,7.03,744.5,65.66666667,8.666666667,40,1
110,0,19.39,36.53,17,39.73,19.79,36.59,18.66666667,35.73333333,17.39,43.2,7.4,40.19666667,18.1,32.86,19.85666667,38.59,17.6,37,6.97,744.6,65.83333333,8.333333333,40,1
110,0,19.39,36.66333333,17,40.03,19.79,36.59,18.7,35.93,17.39,43.2,7.263333333,40.33333333,18.1,32.86,19.945,38.59,17.6,36.96666667,6.9,744.7,66,8,40,1
110,10,19.445,36.79,17,40.16333333,19.79,36.59,18.7,35.73,17.39,43.26,7.19,40.93333333,18.1,32.56,20,38.59,17.6,36.9,6.85,744.7833333,65.83333333,7.666666667,40,0.9
100,10,19.39,36.9,17,39.96666667,19.79,36.62666667,18.7,35.5,17.39,43.5,7.333333333,41.29333333,18.1,32.43333333,20.06666667,38.66333333,17.6,36.745,6.8,744.8666667,65.66666667,7.333333333,40,0.8
110,10,19.39,36.9,17,39.96666667,19.79,36.7,18.7,35.43333333,17.39,43.83333333,7.333333333,40.09333333,18,32.06,20.1,38.56,17.6,36.82666667,6.75,744.95,65.5,7,40,0.7
120,10,19.39,36.96666667,17,40.045,19.79,36.7,18.7,35.46333333,17.39,44.09,7.3,40.03333333,18,31.9725,20.1,38.56,17.6,36.9,6.7,745.0333333,65.33333333,6.666666667,40,0.6
130,0,19.39,36.82666667,16.96333333,39.93,19.79,36.7,18.76,35.79666667,17.39,44.09,7.226666667,40.29333333,18,31.82333333,20.1,38.5,17.6,36.9,6.65,745.1166667,65.16666667,6.333333333,40,0.5
100,10,19.39,36.76,16.89,39.79,19.79,36.7,19.33333333,36.12666667,17.39,44.09,7.3,40.7,18,31.7,20.16666667,38.56,17.6,36.9,6.6,745.2,65,6,40,0.4
110,0,19.39,36.7,16.89,39.82666667,19.79,36.7,19.86666667,36.2,17.39,44.0225,7.366666667,39.9,18,31.63333333,20.23,38.62666667,17.56666667,36.86333333,6.58,745.2666667,64.66666667,5.666666667,40,0.317
120,10,19.39,36.7,16.89,39.9,19.79,36.62666667,20.36,35.86333333,17.39,44,7.3,38.83333333,17.96333333,31.56666667,20.29,38.7,17.5,36.79,6.57,745.3333333,64.33333333,5.333333333,40,0.233
110,0,19.39,36.7,16.89,39.96666667,19.79,36.59,20.42666667,35.46333333,17.39,43.9,7.245,38.395,17.89,31.42666667,20.32333333,38.66333333,17.5,36.79,6.55,745.4,64,5,40,0.15
100,0,19.39,36.7,16.89,39.96666667,19.79,36.59,20.29,35.46333333,17.39,43.9,7.226666667,37.36666667,17.89,31.35666667,20.46333333,38.59,17.5,36.79,6.53,745.4666667,63.66666667,4.666666667,40,0.0667
80,0,19.39,36.7,16.89,39.9,19.79,36.59,20.49666667,35.66333333,17.39,43.76,7.06,37.69333333,17.89,31.29,20.5,38.5,17.5,36.7,6.52,745.5333333,63.33333333,4.333333333,40,-0.0167
90,0,19.39,36.73,16.89,39.96666667,19.79,36.59,21.045,35.44,17.39,43.62666667,6.933333333,37.36,17.89,31.2,20.56666667,38.5,17.5,36.7,6.5,745.6,63,4,40,-0.1
90,0,19.39,36.79,17.03333333,40.03,19.79,36.59,21.49333333,35.09,17.39,43.5,6.8,37.39333333,17.89,31.2,20.6,38.4,17.5,36.59,6.43,745.7333333,63.16666667,4.166666667,40,-0.133
100,0,19.42666667,36.73,17.1,40.03,19.79,36.59,21.9,35.03,17.39,43.5,6.726666667,37.19333333,17.89,31.1,20.66666667,38.4,17.5,36.59,6.37,745.8666667,63.33333333,4.333333333,40,-0.167
130,20,19.5,36.79,17.23,39.86333333,19.79,36.59,22.32333333,34.96,17.39,43.36333333,6.69,37.36333333,17.89,31.03333333,20.7,38.5,17.39,36.5,6.3,746,63.5,4.5,40,-0.2
110,20,19.53333333,36.79,17.29,39.79,19.79,36.59,22.32333333,34.62666667,17.39,43.29,6.69,37.62333333,17.82333333,31.16,20.7,38.5,17.39,36.43333333,6.23,746.1333333,63.66666667,4.666666667,40,-0.233
90,10,19.6,36.93,17.32333333,39.76,19.79,36.56,22.13333333,34.46666667,17.39,43.4,6.56,37.76666667,17.89,31.76,20.73,38.62666667,17.39,36.32666667,6.17,746.2666667,63.83333333,4.833333333,40,-0.267
90,0,19.7,37,17.39,39.7,19.79,36.56,21.92666667,34.32666667,17.39,43.4,6.5,38.16,17.96,32.42333333,20.79,38.7,17.39,36.4,6.1,746.4,64,5,40,-0.3
100,0,19.76,37,17.5,39.66333333,19.79,36.59,21.72666667,33.9,17.39,43.4,6.366666667,38.73,18.16666667,33.42333333,20.79,38.7,17.39,36.26,6.08,746.5333333,64.33333333,5.166666667,40,-0.233
120,0,19.79,37,17.5,39.72333333,19.79,36.59,21.53333333,33.7,17.39,43.46666667,6.226666667,38.99,18.42666667,34.06666667,20.79,38.6725,17.39,36.12666667,6.07,746.6666667,64.66666667,5.333333333,40,-0.167
140,20,19.89,37.09,17.53333333,39.86333333,19.79,36.7,21.35666667,33.53,17.35666667,43.5,6.19,39.25666667,18.56666667,34.52666667,20.85666667,38.59,17.39,36.045,6.05,746.8,65,5.5,40,-0.1
160,20,19.89,37.09,17.6,39.79,19.85666667,36.76,21.23,33.59,17.35666667,43.5,6.19,39.99666667,18.56666667,34.16,20.89,38.46666667,17.35666667,35.86333333,6.03,746.9333333,65.33333333,5.666666667,40,-0.0333
230,30,20,37.12666667,17.7,39.9,19.89,36.7,21.16666667,33.79,17.39,43.59,6.09,40.89666667,18.4175,33.5925,20.96333333,38.32666667,17.35666667,35.79,6.02,747.0666667,65.66666667,5.833333333,40,0.0333
180,10,20.06666667,37.33333333,17.79,39.9,19.9725,36.7,21.03333333,33.86333333,17.39,43.59,6.03,41.69666667,18.32333333,33.15666667,21,38.16333333,17.29,35.7,6,747.2,66,6,40,0.1
140,20,20.13333333,38.09666667,17.85666667,39.82666667,20,36.7,20.96333333,34.09,17.39,43.645,5.966666667,42.3,18.26,32.83333333,21.06666667,38.09,17.29,35.62666667,5.95,747.3,66.16666667,6,40,0.0833
140,10,20.26,38.36333333,18.03333333,39.82666667,20.06666667,36.9,20.89,34.03,17.39,43.73,5.875,42.725,18.2,32.56666667,21.1,38.06,17.29,35.59,5.9,747.4,66.33333333,6,40,0.0667
130,0,20.39,38.63,18.1,39.82666667,20.06666667,37.02666667,20.76,33.93333333,17.39,43.93,5.8,43,18.2,32.46333333,21.16666667,37.93333333,17.29,35.53,5.85,747.5,66.5,6,40,0.05
120,0,20.46333333,37.89,18.2,39.93333333,20.13333333,37.06,20.7,33.93333333,18.09666667,68.33333333,5.626666667,42.73,18.2,32.46333333,21.2,37.86333333,17.29,35.5,5.8,747.6,66.66666667,6,40,0.0333
100,0,20.53333333,37.89,18.26,40.6,20.2,37,20.56666667,33.7,18.43,62,5.366666667,43.06333333,18.16666667,32.33333333,21.2,37.73,17.29,35.5,5.75,747.7,66.83333333,6,40,0.0167
110,0,20.6,38.16333333,18.32333333,41.39,20.23,37.15666667,20.5,33.62666667,18.63333333,52.16666667,5.126666667,43.83,18.16666667,32.12666667,21.26,37.72333333,17.29,35.4,5.7,747.8,67,6,40,0
130,10,20.7,38.29,18.32333333,41.59,20.29,37.36333333,20.34,33.545,18.76,48.02666667,4.933333333,44.42333333,18.1,31.96333333,21.2,37.59,17.29,35.4,5.52,747.95,68,5.666666667,40,0.0333
140,20,20.76,38.23,18.39,41.66333333,20.29,37.5,20.29,33.72666667,18.82333333,45.49333333,4.866666667,45.15666667,18.1,31.82333333,21.16666667,37.4,17.26,35.36333333,5.33,748.1,69,5.333333333,40,0.0667
140,30,20.82333333,38.06,18.39,41.33,20.29,37.5,20.43,34.26666667,18.89,44.43333333,4.8,45.62333333,18.1,31.7,21.1,37.46666667,17.26,35.29,5.15,748.25,70,5,40,0.1
130,20,20.89,37.8,18.39,41.06,20.39,37.46666667,20.89333333,34.73,19,43.46,4.626666667,45.93333333,18.1,31.63333333,21.1,37.59,17.29,35.32666667,4.97,748.4,71,4.666666667,40,0.133
130,20,20.92666667,37.56,18.39,40.93333333,20.39,37.32666667,21.29333333,34.86333333,19,42.86666667,4.293333333,46.19333333,18.1,31.5,21.1,37.66333333,17.29,35.46666667,4.78,748.55,72,4.333333333,40,0.167
130,30,21,37.36,18.5,40.86333333,20.39,37.26,21.6,34.59,20.23333333,80.99333333,3.863333333,47.86666667,18.03333333,31.36,21.06666667,37.65666667,17.29,35.59,4.6,748.7,73,4,40,0.2
100,20,21,37.2,18.5,40.65666667,20.39,37.26,21.6,34.46333333,20.09333333,78.8,3.73,48.4,18,31.29,21,38.12333333,17.29,35.59,4.67,748.8333333,72.66666667,3.666666667,40,0.2
110,30,21,37.06666667,18.5,40.36333333,20.29,37.32666667,21.56666667,34.5,19.49666667,79.03333333,3.43,48.89333333,18,31.35666667,21,38.65666667,17.29,35.59,4.73,748.9666667,72.33333333,3.333333333,40,0.2
110,20,21,36.845,18.5,40.15666667,20.23,37.32666667,21.5,34.5,19.23,79.49333333,3.23,50.16666667,18.1,31.73,21,38.86333333,17.29,35.59,4.8,749.1,72,3,40,0.2
120,20,21,36.66333333,18.46333333,39.9,20.2,37.4,21.39,34.4,19.1,79.16333333,3.326666667,51.75666667,18.1,31.85666667,20.945,38.9,17.29,35.59,4.87,749.2333333,71.66666667,2.666666667,40,0.2
100,20,21,36.53,18.39,39.62666667,20.2,37.32666667,21.39,34.4,19.03333333,78.23,3.6,52.29666667,18.13333333,32,21,38.9,17.29,35.5,4.93,749.3666667,71.33333333,2.333333333,40,0.2
90,30,21,36.36333333,18.39,39.545,20.16666667,37.32666667,21.29,34.4,18.96333333,76.96666667,3.933333333,52.22333333,18.15,32.1175,20.92666667,38.9,17.29,35.5,5,749.5,71,2,40,0.2
90,20,21,36.29,18.39,39.4,20.1,37.4,21.23,34.32666667,18.89,75.43333333,4.0925,52.09,18.2,32.29,21,38.93333333,17.29,35.5,4.92,749.5833333,71.83333333,1.833333333,38.16666667,0.25
40,20,21,36.2,18.39,39.32666667,20.1,37.4,21.26,34.43333333,18.76,72.96666667,4.263333333,52.22333333,18.1,32.32666667,21,39,17.29,35.5,4.83,749.6666667,72.66666667,1.666666667,36.33333333,0.3
30,20,21,36.2,18.39,39.32666667,20.06666667,37.4,21.2,34.63333333,18.625,70.6925,4.433333333,52.09,18.1,32.46666667,20.92666667,39.15666667,17.29,35.62666667,4.75,749.75,73.5,1.5,34.5,0.35
50,20,21,36.2,18.39,39.4,20,37.4,21.2,34.82666667,18.6,69.16333333,4.5,52.03,18.13333333,32.62666667,21,39.43,17.29,35.76,4.67,749.8333333,74.33333333,1.333333333,32.66666667,0.4
40,30,20.92666667,36.2,18.29,39.43333333,20,37.43333333,21.2,34.96666667,18.5,67.63,4.53,51.93333333,18.13333333,32.76,20.89,39.73,17.29,35.96333333,4.58,749.9166667,75.16666667,1.166666667,30.83333333,0.45
60,20,20.89,36.29,18.29,39.5,20,37.5,21.2,35.03,18.5,66.15666667,4.59,51.93333333,18.1,33.03,20.89,39.99,17.29,36.16333333,4.5,750,76,1,29,0.5
50,30,20.89,36.29,18.29,39.62666667,19.96333333,37.53,21.2,35.16333333,18.46333333,64.06666667,4.833333333,51.23333333,18.16666667,33.16333333,20.79,40.2,17.29,36.29,4.43,750.1166667,76.33333333,1.166666667,28.5,0.517
60,20,20.85666667,36.4,18.29,39.7,19.89,37.59,21.2,35.2,18.39,62.2,4.966666667,50.56666667,18.2,33.43333333,20.79,40.2,17.29,36.36333333,4.37,750.2333333,76.66666667,1.333333333,28,0.533
60,30,20.79,36.4,18.2,39.7,19.89,37.59,21.1,35.29,18.39,60.23333333,5.03,49.9,18.2,33.56,20.7,40.32666667,17.29,36.53,4.3,750.35,77,1.5,27.5,0.55
60,20,20.79,36.53,18.2,39.76,19.89,37.59,21.1,35.36333333,18.32333333,59.29333333,5.09,49.42666667,18.2,33.7,20.7,40.46666667,17.29,36.59,4.23,750.4666667,77.33333333,1.666666667,27,0.567
60,20,20.73,36.59,18.1,39.82666667,19.89,37.56,21.1,35.43333333,18.29,58.56333333,5.09,48.9,18.2,33.76,20.6,40.65666667,17.29,36.7,4.17,750.5833333,77.66666667,1.833333333,26.5,0.583
60,20,20.7,36.59,18.1,39.9,19.89,37.56,21.1,35.43333333,18.29,58.03,5.156666667,48.42666667,18.2,33.82666667,20.6,40.93,17.29,36.76,4.1,750.7,78,2,26,0.6
70,20,20.7,36.66333333,18.06666667,39.86333333,19.92666667,37.59,21.1,35.5,18.29,57.43,5.263333333,48.29,18.2,33.96666667,20.6,41.33,17.29,36.9,3.88,750.8,78.33333333,1.833333333,25.5,0.45
60,30,20.66666667,36.79,18,39.79,20,37.53,21.1,35.56,18.23,57.03,5.19,48.49,18.2,34.12666667,20.53333333,41.79666667,17.29,36.96666667,3.67,750.9,78.66666667,1.666666667,25,0.3
60,20,20.66666667,36.93,17.96333333,39.86,20.03333333,37.4,21.06666667,35.59,18.2,56.49,5.19,48.63333333,18.2,34.2,20.5,42.26666667,17.29,37.09,3.45,751,79,1.5,24.5,0.15
60,20,20.6,36.93333333,17.89,39.93333333,20.1,37.4,21.06666667,35.79666667,18.2,56.09666667,5.123333333,48.22666667,18.2,34.23,20.5,42.6,17.29,37.195,3.23,751.1,79.33333333,1.333333333,24,1.11E-16
60,20,20.575,37,17.85666667,39.9,20.1,37.29,21.36,35.96666667,18.16666667,55.63333333,4.9,47.63333333,18.2,34.36333333,20.46333333,43.09666667,17.29,37.29,3.02,751.2,79.66666667,1.166666667,23.5,-0.15
50,20,20.5,37,17.79,39.9,20.1,37.29,21.5,35.82666667,18.1,55.36,4.5675,47.925,18.2,34.4,20.39,43.565,17.29,37.43333333,2.8,751.3,80,1,23,-0.3
40,30,20.5,36.96666667,17.79,39.79,20.1,37.29,21.5,35.79,18.1,55.1,3.996666667,48.6,18.2,34.4975,20.39,43.86333333,17.29,37.5,2.62,751.45,80.33333333,1,22.83333333,-0.417
40,20,20.5,36.9,17.7,39.79,20.1,37.2675,21.5,35.79,18.1,54.82666667,3.59,50.46666667,18.26,34.72333333,20.39,43.96333333,17.29,37.62666667,2.43,751.6,80.66666667,1,22.66666667,-0.533
40,20,20.39,36.79,17.7,39.79,20.1,37.2,21.39,35.79,18.1,54.56,3.663333333,51.6,18.2,34.79,20.39,44.03,17.29,37.7,2.25,751.75,81,1,22.5,-0.65
70,20,20.39,36.79,17.6,39.7,20.1,37.2,21.39,35.73,18.1,54.32,3.826666667,52.32666667,18.2,34.86333333,20.35666667,44.09,17.29,37.79,2.07,751.9,81.33333333,1,22.33333333,-0.767
60,20,20.39,36.79,17.6,39.7,20.1,37.12666667,21.35666667,35.7,18.03333333,54,3.966666667,52.52666667,18.29,35,20.29,44.09,17.29,37.86333333,1.88,752.05,81.66666667,1,22.16666667,-0.883
40,0,20.32333333,36.79,17.5,39.73,20.1,37.12666667,21.29,35.7,18,53.76,4.09,53.03,18.29,35,20.29,44.12666667,17.39,38.09666667,1.7,752.2,82,1,22,-1
50,0,20.29,36.93333333,17.5,39.86333333,20.1,37.12666667,21.29,35.56,18,53.56666667,4.09,53.43,18.29,35.26666667,20.29,44.2,17.32333333,38.29,1.55,752.3,82.83333333,1,21.66666667,-1.03
40,0,20.29,37,17.46333333,40.06,20.13333333,37.09,21.23,35.36,18,53.43,4.156666667,53.43333333,18.29,35.46666667,20.29,44.29,17.35666667,38.29,1.4,752.4,83.66666667,1,21.33333333,-1.07
50,0,20.2,36.9,17.39,40,20.13333333,37.09,21.1,35.245,18,53.23,4.09,53.63333333,18.29,35.59,20.23,44.43,17.35666667,38.36333333,1.25,752.5,84.5,1,21,-1.1
50,0,20.2,36.9,17.35666667,40.09,20.16666667,37.09,20.96333333,35.23,17.89,53.06,4.09,53.9,18.29,35.59,20.26,44.66333333,17.39,38.53,1.1,752.6,85.33333333,1,20.66666667,-1.13
50,0,20.2,36.9,17.29,40.09,20.16666667,37.16333333,20.89,35.29,17.89,52.93333333,4.09,53.76666667,18.29,35.62666667,20.2,44.66333333,17.39,38.59,0.95,752.7,86.16666667,1,20.33333333,-1.17
60,0,20.13333333,36.9,17.29,40.09,20.2,37.2,20.79,35.23,17.89,52.86333333,3.966666667,53.82666667,18.29,35.83333333,20.2,44.76,17.35666667,38.7,0.8,752.8,87,1,20,-1.2
40,0,20.1,36.9,17.29,40.09,20.2,37.2,20.73,35.29,17.89,52.73,3.9,54.1,18.29,35.79,20.2,44.7,17.35666667,38.7,0.8,752.9333333,87,1.166666667,27.5,-1.2
50,0,20.1,36.96666667,17.2,40.12666667,20.29,37.29,20.66666667,35.36333333,17.89,52.66333333,3.863333333,54.46666667,18.29,35.86333333,20.2,44.7,17.32333333,38.79,0.8,753.0666667,87,1.333333333,35,-1.2
40,0,20.06666667,36.96666667,17.2,40.2,20.29,37.23,20.6,35.36333333,17.89,52.59,3.73,54.26666667,18.32333333,35.79,20.2,44.62666667,17.39,38.86333333,0.8,753.2,87,1.5,42.5,-1.2
40,0,20,36.9,17.2,40.32666667,20.29,37.26666667,20.5,35.53,17.89,52.5,3.5,54.995,18.39,35.73,20.2,44.5,17.39,38.93333333,0.8,753.3333333,87,1.666666667,50,-1.2
20,0,20,36.9,17.2,40.46666667,20.29,37.32666667,20.5,35.59,17.89,52.36,3.333333333,54.69333333,18.29,35.7,20.13333333,44.5,17.39,39,0.8,753.4666667,87,1.833333333,57.5,-1.2
30,0,20,36.9,17.1,40.53,20.26,37.29,20.39,35.59,17.79,52.16333333,3.066666667,54.16666667,18.35666667,35.76,20.13333333,44.5,17.39,39.06,0.8,753.6,87,2,65,-1.2
40,0,19.92666667,36.9,17.075,40.5675,20.26,37.43,20.32333333,35.59,17.79,52.09,2.633333333,54.75666667,18.29,35.7,20.13333333,44.5,17.39,39.12666667,0.767,753.6666667,87,1.833333333,65,-1.23
40,0,19.89,36.9,17,40.56,20.29,37.345,20.29,35.59,17.79,51.96666667,2.433333333,55.03,18.29,35.7,20.15,44.345,17.39,39.2,0.733,753.7333333,87,1.666666667,65,-1.27
50,0,19.89,36.9,16.96333333,40.59,20.23,37.23,20.23,35.59,17.79,51.9,2.133333333,55.49333333,18.29,35.62666667,20.1,44.26,17.39,39.29,0.7,753.8,87,1.5,65,-1.3
50,0,19.89,36.9,16.89,40.59,20.29,37.29,20.2,35.53,17.79,51.9,2,56.49333333,18.29,35.76,20.1,44.12666667,17.39,39.36333333,0.667,753.8666667,87,1.333333333,65,-1.33
40,0,19.89,36.9,16.89,40.62666667,20.29,37.32666667,20.13333333,35.59,17.76,51.76,2,57.26666667,18.29,35.7,20.1,44,17.39,39.43333333,0.633,753.9333333,87,1.166666667,65,-1.37
50,0,19.79,36.79,16.89,40.7,20.29,37.4,20.1,35.53,17.76,51.7,2.06,57.19333333,18.29,35.7,20.1,44,17.39,39.5,0.6,754,87,1,65,-1.4
40,0,19.79,36.79,16.79,40.62666667,20.29,37.4,20.1,35.59,17.7,51.59,1.93,56.7,18.29,35.83333333,20.1,44,17.39,39.53,0.433,754.15,87.5,1,64.83333333,-1.48
50,0,19.79,36.79,16.79,40.7,20.29,37.46666667,20,35.5,17.7,51.59,1.73,57.16666667,18.32333333,35.93333333,20.03333333,43.93333333,17.39,39.59,0.267,754.3,88,1,64.66666667,-1.57
50,0,19.73,36.79,16.7,40.7,20.29,37.5,19.92666667,35.5,17.7,51.56,1.79,58.09666667,18.32333333,35.93333333,20,43.9,17.39,39.62666667,0.1,754.45,88.5,1,64.5,-1.65
50,0,19.7,36.79,16.7,40.7,20.29,37.5,19.945,35.5,17.7,51.5,1.73,57.95666667,18.29,35.86333333,20,43.9,17.39,39.7,-0.0667,754.6,89,1,64.33333333,-1.73
50,0,19.7,36.79,16.7,40.73,20.29,37.5,19.89,35.5,17.7,51.46666667,1.53,58.23333333,18.29,35.79,20,43.9,17.39,39.7,-0.233,754.75,89.5,1,64.16666667,-1.82
50,0,19.7,36.79,16.7,40.79,20.35666667,37.5,19.82333333,35.43333333,17.7,51.4,1.196666667,57.56666667,18.29,35.7,20,43.76666667,17.39,39.76,-0.4,754.9,90,1,64,-1.9
40,0,19.7,36.79,16.6,40.7,20.39,37.5,19.79,35.36333333,17.7,51.29,0.733333333,57.89666667,18.29,35.83333333,19.89,43.7,17.39,39.79,-0.433,755.0333333,90.16666667,1,64,-1.9
40,0,19.6,36.7,16.6,40.7,20.39,37.5,19.79,35.29,17.63333333,51.29,0.4,58.5475,18.29,36,19.89,43.7,17.39,39.86333333,-0.467,755.1666667,90.33333333,1,64,-1.9
30,0,19.6,36.7,16.5,40.79,20.39,37.5,19.76,35.29,17.6,51.26,0.133333333,59.23333333,18.29,35.93333333,19.89,43.56,17.39,39.9,-0.5,755.3,90.5,1,64,-1.9
20,0,19.6,36.7,16.5,40.79,20.39,37.5,19.7,35.29,17.6,51.12666667,-0.066666667,59.63333333,18.29,35.93333333,19.89,43.5,17.39,39.9,-0.533,755.4333333,90.66666667,1,64,-1.9
30,0,19.53333333,36.7,16.46333333,40.79,20.29,37.5,19.7,35.23,17.6,51.09,-0.266666667,60.69333333,18.29,36.13333333,19.89,43.5,17.39,40,-0.567,755.5666667,90.83333333,1,64,-1.9
40,0,19.56666667,36.7,16.39,40.79,20.29,37.5,19.7,35.23,17.6,51.09,-0.266666667,61.76666667,18.32333333,36.26666667,19.89,43.56,17.39,40.12666667,-0.6,755.7,91,1,64,-1.9
90,0,19.5,36.8425,16.39,40.9,20.29,37.5,19.6,35.15666667,17.6,51,-0.2,61.82666667,18.39,36.73333333,19.89,43.76666667,17.39,40.26,-0.533,755.8166667,91.16666667,1,63.5,-1.82
40,0,19.5,37.16333333,16.365,41.0425,20.23,37.36,19.6,35.29,17.6,50.66666667,-0.3,61.93,18.39,36.645,19.89,43.9,17.39,40.2,-0.467,755.9333333,91.33333333,1,63,-1.73
50,0,19.5,37.2,16.29,41.16333333,20.2,37.345,19.56666667,35.23,17.7,48.89,-0.366666667,61.79,18.39,36.33333333,19.84,43.495,17.39,40.2,-0.4,756.05,91.5,1,62.5,-1.65
40,0,19.5,37.06666667,16.29,41.46333333,20.16666667,37.2,19.5,35.29,17.76,47.55666667,-0.433333333,62.09666667,18.32333333,36.06666667,19.79,42.99,17.39,40.09,-0.333,756.1666667,91.66666667,1,62,-1.57
50,0,19.46333333,36.96666667,16.29,41.66333333,20.1,37.2,19.5,35.29,17.79,46.595,-0.5,62.43,18.29,35.72333333,19.79,42.65666667,17.39,40.03,-0.267,756.2833333,91.83333333,1,61.5,-1.48
50,0,19.39,36.9,16.29,41.82666667,20.06666667,37.13333333,19.5,35.36333333,17.79,45.99,-0.5,63.06666667,18.29,35.46333333,19.7,42.36333333,17.39,40,-0.2,756.4,92,1,61,-1.4
40,0,19.42666667,36.96333333,16.29,41.9,20.06666667,37.06,19.46333333,35.4,17.85666667,45.65666667,-0.433333333,63.8,18.29,35.22333333,19.7,42.15666667,17.39,40,0.15,756.5,91,1,61.33333333,-1.22
60,0,19.42666667,37.03,16.29,41.79,20,37,19.46333333,35.46666667,17.89,45.22333333,-0.233333333,64.43333333,18.29,35.03,19.7,41.96666667,17.39,39.9,0.5,756.6,90,1,61.66666667,-1.03
80,0,19.39,37,16.29,41.73,20,37,19.39,35.5,17.89,45.03,-0.1,64.36666667,18.29,34.86333333,19.7,41.82666667,17.39,39.9,0.85,756.7,89,1,62,-0.85
50,0,19.39,37.26666667,16.32333333,41.76666667,20,36.93333333,19.39,35.5,17.89,44.72333333,0.033333333,64.72666667,18.29,34.73,19.63333333,41.56,17.42666667,39.82666667,1.2,756.8,88,1,62.33333333,-0.667
50,0,19.39,37.56666667,16.32333333,42.02666667,20,36.93333333,19.5,35.645,17.89,44.46333333,0.233333333,65.2,18.29,34.56,19.63333333,41.36,17.5,39.82666667,1.55,756.9,87,1,62.66666667,-0.483
20,0,19.39,37.7,16.42666667,42,20,36.93333333,19.63333333,35.7,17.89,44.13333333,0.75,65.795,18.29,34.43333333,19.6,41.2,17.53333333,39.66333333,1.9,757,86,1,63,-0.3
30,0,19.46333333,37.9,16.63333333,42.06,19.92666667,37,19.76,35.7,17.89,43.93333333,1.426666667,66.12333333,18.29,34.29,19.6,41.2,17.6,39.39,2.27,757.1,84.5,1,63.16666667,-0.183
40,0,19.39,37.9,17.13,41.76666667,19.89,37,19.92666667,35.7,17.92666667,43.63333333,1.96,66.26333333,18.29,34.29,19.6,41.26,17.63333333,39.02666667,2.63,757.2,83,1,63.33333333,-0.0667
50,10,19.5,37.93333333,17.59666667,41.16666667,19.89,37,20.06666667,35.83333333,18,43.43333333,2.633333333,66.26333333,18.23,34.09,19.53333333,41.4,17.7,38.82666667,3,757.3,81.5,1,63.5,0.05
80,0,19.5,38,18.19666667,40.42333333,19.89,37,20.23,35.93333333,18,43.26,3.233333333,65.85666667,18.29,34.09,19.6,41.59,17.7,38.73,3.37,757.4,80,1,63.66666667,0.167
230,0,19.5,38,18.53,39.63,19.82333333,36.93333333,20.35666667,36.06,18,43.12666667,4.066666667,64.02666667,18.23,33.93333333,19.6,41.46333333,17.7,38.79,3.73,757.5,78.5,1,63.83333333,0.283
210,0,19.5,38,18.96,39.1,19.89,36.96666667,20.53333333,36.09,18,42.86333333,4.733333333,61.02666667,18.29,33.93333333,19.56666667,41.36333333,17.7,38.845,4.1,757.6,77,1,64,0.4
90,0,19.5,37.9,19.22666667,38.76666667,19.89,36.9,20.6,36.16333333,18.06666667,42.79,5.533333333,55.25666667,18.29,33.76,19.56666667,41.23,17.73,39.75666667,4.52,757.6833333,75.33333333,1,57.16666667,0.483
60,0,19.525,37.975,19.6,38.395,19.89,36.9,20.7,36.2,18.1,42.7,5.993333333,49.59,18.29,33.62666667,19.6,40.93,17.79,40.36333333,4.93,757.7666667,73.66666667,1,50.33333333,0.567
70,0,19.6,38,19.86,37.96666667,19.96333333,36.9,20.76,36.12666667,18.1,42.7,6.496666667,45.8,18.34,33.59,19.6,40.65666667,17.79,40.92666667,5.35,757.85,72,1,43.5,0.65
60,0,19.6,38.12666667,20.06666667,37.82666667,19.945,36.9,20.82333333,36.12666667,18.06666667,43.03,6.896666667,43.86,18.39,33.56,19.63333333,40.5,17.79,41.2,5.77,757.9333333,70.33333333,1,36.66666667,0.733
60,10,19.6,38.2,20.32333333,37.56,20,36.93333333,20.89,36.2,17.92666667,43.62333333,7.26,41.65666667,18.39,33.5,19.7,40.375,17.79,41.23,6.18,758.0166667,68.66666667,1,29.83333333,0.817
80,0,19.63333333,38.32666667,20.46333333,37.36,20,36.93333333,21,36.2,17.89,44.44,7.4,39.65666667,18.42666667,33.43,19.7,40.12666667,17.85666667,41.36333333,6.6,758.1,67,1,23,0.9
80,0,19.7,38.4,20.6,37.1,20.1,37,21.06666667,36.26,17.89,44.96333333,7.53,37.83333333,18.5,33.15666667,19.7,39.83333333,17.85666667,41.4,6.92,758.15,66,1.166666667,23.5,0.967
70,0,19.7,38.4,20.6,36.76666667,20.03333333,37,21.39333333,36.29666667,17.82333333,45.09,7.59,37.56666667,18.5,32.86333333,19.63333333,39.5,17.85666667,41.46666667,7.23,758.2,65,1.333333333,24,1.03
70,0,19.76,38.4,20.6,36.46666667,20,37,21.72666667,36.03,17.79,45.23,7.833333333,37.86666667,18.5,32.65666667,19.7,39.26,17.89,41.5,7.55,758.25,64,1.5,24.5,1.1
70,0,19.79,38.26,20.6,36.19333333,20.06666667,37.13333333,21.79,35.86333333,17.79,45.29,7.966666667,37.46,18.63333333,32.36333333,19.7,39.06666667,17.89,41.5,7.87,758.3,63,1.666666667,25,1.17
80,0,19.79,38.2,20.6,35.96666667,20.16666667,37.2,21.85666667,35.86333333,17.79,45.29,8.145,36.345,18.76,32.15666667,19.79,38.72333333,17.89,41.5,8.18,758.35,62,1.833333333,25.5,1.23
170,0,19.89,38.26,20.6,35.82666667,20.1,37.2,21.945,35.79,17.79,45.36333333,8.33,35.05666667,18.92666667,31.93,19.85666667,38.46333333,17.89,41.43333333,8.5,758.4,61,2,26,1.3
50,10,19.96333333,38.06666667,20.6,35.7,20.13333333,37.2,22,35.63333333,17.79,45.4,8.53,35.19666667,19,31.79,20.03333333,38.22333333,17.89,41.46666667,8.63,758.45,60.66666667,1.833333333,26,1.35
60,0,20.03333333,38.03,20.6,35.62666667,20.13333333,37.12666667,22,35.5,17.79,45.4,8.726666667,34.42666667,19.2,31.63333333,20.16666667,38.03,17.89,41.4,8.77,758.5,60.33333333,1.666666667,26,1.4
60,0,20.16666667,38.03,20.6,35.59,20.1,37.09,22,35.59,17.79,45.4,8.86,34.09333333,19.32666667,31.5,20.32333333,37.83333333,17.89,41.4,8.9,758.55,60,1.5,26,1.45
70,0,20.29,37.93,20.6,35.59,20.1,37.03,22.06666667,35.66333333,17.79,45.4,9.033333333,33.9,19.53333333,31.35666667,20.46333333,37.62666667,17.89,41.46666667,9.03,758.6,59.66666667,1.333333333,26,1.5
60,0,20.35666667,37.73,20.6,35.59,20.1,37,22.1,35.66333333,17.76,45.43333333,9.16,33.23333333,19.66666667,31.29,20.63333333,37.46666667,17.89,41.4,9.17,758.65,59.33333333,1.166666667,26,1.55
80,10,20.5,37.59,20.6,35.59,20.1,37,22.1,35.53,17.76,45.43333333,9.233333333,32.72333333,19.79,31.13333333,20.7,37.26666667,17.96333333,41.32666667,9.3,758.7,59,1,26,1.6
70,20,20.56666667,37.59,20.56666667,35.7,20.16666667,37,22,35.32666667,17.7,45.4,8.96,32.66333333,19.79,30.92666667,20.66666667,36.96666667,18,41.29,9.35,758.7166667,58.33333333,1,25.16666667,1.48
70,30,20.5,37.36333333,20.5,35.7,20.16666667,37.06,22.06666667,35.52666667,17.7,45.4,8.96,33.3,19.7,30.79,20.6,36.82666667,17.96333333,41.29,9.4,758.7333333,57.66666667,1,24.33333333,1.37
180,20,20.5,37.29,20.46333333,35.63333333,20.2,37.06,22.1,35.66333333,17.7,45.4,9.1,32.63333333,19.7,30.79,20.6,36.76,17.96333333,41.29,9.45,758.75,57,1,23.5,1.25
50,20,20.5,37.395,20.365,35.5,20.2,37.13333333,22.1,35.46333333,17.7,45.32666667,9.33,33.29,19.65,30.65,20.6,36.62666667,18,41.29,9.5,758.7666667,56.33333333,1,22.66666667,1.13
60,0,20.6,37.86333333,20.29,35.56,20.245,37.145,22.13333333,35.33333333,17.76,45.29,9.53,32.02333333,19.7,30.56666667,20.6,36.59,17.92666667,41.29,9.55,758.7833333,55.66666667,1,21.83333333,1.02
60,0,20.66666667,37.66333333,20.29,35.66333333,20.29,37.29,22.13333333,35.12666667,17.7,45.23,9.83,30.62333333,19.76,30.5,20.66666667,36.59,17.92666667,41.16333333,9.6,758.8,55,1,21,0.9
50,0,20.7,37.16,20.29,35.53,20.29,37.23,22.1,34.96666667,17.7,45.2,10.03,30.23,20,30.46333333,20.79,36.395,18,41.09,9.65,758.8666667,55,1,21.16666667,0.967
50,0,20.7,36.82666667,20.2,35.4,20.29,37.06,22.03333333,34.76666667,17.7,45.12666667,9.963333333,28.59666667,20,30.26333333,20.79,36.26,18,41.03,9.7,758.9333333,55,1,21.33333333,1.03
40,0,20.73,36.79,20.2,35.4,20.29,36.93333333,21.96333333,34.56,17.7,45.4,9.89,28.99,19.96333333,30.16666667,20.79,36.2,18,41.09,9.75,759,55,1,21.5,1.1
50,10,20.79,36.73,20.1,35.5,20.39,36.86333333,21.89,34.43333333,17.7,45.73,9.96,27.33333333,19.96333333,30.1,20.79,36.06,18,41,9.8,759.0666667,55,1,21.66666667,1.17
50,0,20.79,36.66333333,20.1,35.5,20.39,36.73,21.85666667,34.26,17.7,45.79,10.25,25.3225,20.1,30.06666667,20.85666667,36,18,40.93333333,9.85,759.1333333,55,1,21.83333333,1.23
60,0,20.85666667,36.59,20.1,35.5,20.39,36.76,21.79,34.2,17.7,45.7,10.3,23.96333333,20.16666667,29.86,21.03333333,35.76,18,40.9,9.9,759.2,55,1,22,1.3
50,0,20.89,36.5,20.1,35.5,20.46333333,36.76,21.79,33.95,17.7,45.62666667,10.22666667,23.26333333,20.32333333,29.72666667,21.1,35.62666667,18,40.82666667,9.88,759.2333333,54.83333333,1.166666667,22,1.22
60,0,20.96333333,36.43333333,20.1,35.5,20.5,36.66333333,21.7,33.86333333,17.7,45.46666667,10.43333333,21.86333333,20.46333333,29.6,21.13333333,35.43,18.03333333,40.79,9.87,759.2666667,54.66666667,1.333333333,22,1.13
50,0,21,36.29,20.1,35.43333333,20.5,36.59,21.7,33.73,17.7,45.4,10.63,22.56333333,20.53333333,29.35666667,21.2,35.23,18.1,40.73,9.85,759.3,54.5,1.5,22,1.05
60,0,21.06666667,36.29,20.1,35.4,20.6,36.46666667,21.6,33.56,17.7,45.26,10.63,20.35666667,20.66666667,29.23,21.29,35.13333333,18.1,40.66333333,9.83,759.3333333,54.33333333,1.666666667,22,0.967
70,0,21.1,36.16333333,20.1,35.32666667,20.6,36.4,21.6,33.43333333,17.7,45.2,10.66666667,20.73333333,20.7,29,21.29,35.06,18.1,40.53,9.82,759.3666667,54.16666667,1.833333333,22,0.883
90,10,21.1,36.09,20,35.26,20.6,36.36333333,21.6,33.4,17.7,45.09,10.8,20.06666667,20.7,28.86,21.42666667,35.39,18.13333333,40.32666667,9.8,759.4,54,2,22,0.8
90,0,21.1,36.39,20,35.26,20.6,36.29,21.53333333,33.4,17.7,45.03,10.66,19.72666667,20.79,28.66666667,21.63333333,35.72333333,18.2,40.4,9.8,759.4333333,53.16666667,2,22.16666667,0.567
90,0,21.1,36.53,20,35.26,20.63333333,36.43333333,21.5,33.36333333,17.7,45,10.6,20.06,20.79,28.53333333,21.82333333,35.82666667,18.13333333,40.4,9.8,759.4666667,52.33333333,2,22.33333333,0.333
100,0,21.16666667,36.1,20,34.92666667,20.63333333,36.43333333,21.5,33.29,17.7,44.93333333,10.83,20.26333333,20.79,29.19666667,21.96333333,35.96666667,18.1,40.4,9.8,759.5,51.5,2,22.5,0.1
90,0,21.1,35.36,19.69333333,33.13,20.56666667,36.12333333,21.39,33.33333333,17.79,44.79,10.89,19.53,20.85666667,29.65666667,22.13333333,36.06,18.1,40.4,9.8,759.5333333,50.66666667,2,22.66666667,-0.133
100,0,21.1,36.395,19.4175,32.495,20.36,35.65666667,21.39,33,17.79,44.65666667,10.89,19.23,21,30.16333333,22.26,36.06,18.2,40.36333333,9.8,759.5666667,49.83333333,2,22.83333333,-0.367
110,0,21.1,35.83,19.46333333,32.92333333,20.2,35.7,21.35666667,32.72333333,17.73,44.43,10.89,19.69,20.9725,30.2425,22.39,36.23,18.2,40.29,9.8,759.6,49,2,23,-0.6
120,10,21.1,36.16333333,19.56666667,33.43333333,20.29,35.79,21.29,32.53,17.79,44.23,11.1,19.76333333,20.89,29.96,22.39,36.29,18.2,40.29,9.72,759.6666667,50,1.833333333,23,-0.4
130,10,21.1,36.02666667,19.7,33.5,20.29,35.79,21.26,32.5,17.79,44.145,10.96,19.29,20.85666667,29.69333333,22.5,36.4,18.2,40.23,9.63,759.7333333,51,1.666666667,23,-0.2
220,30,21.1,35.9,19.6,34.13333333,20.39,35.79,21.2,32.63333333,17.79,44.2,10.59,19.22333333,20.85666667,29.42666667,22.575,36.3175,18.2,40.23,9.55,759.8,52,1.5,23,0
360,20,21.1,35.93333333,19.53333333,34.6,20.39,35.73,21.2,33.09666667,17.79,44.2,10.19666667,19.49,20.76,29.13333333,22.66666667,36.29,18.2,40.29,9.47,759.8666667,53,1.333333333,23,0.2
680,20,21.1,36.19333333,19.5,34.82666667,20.39,35.7,21.26,33.56333333,17.79,44.2,9.7,20.35,20.7,28.92666667,22.7,36.26,18.2,40.23,9.38,759.9333333,54,1.166666667,23,0.4
520,30,21.1,38.4,19.42666667,35.02666667,20.39,35.76,21.29,33.93333333,17.79,44.2,9.323333333,21,20.66666667,28.72666667,22.7,36.12666667,18.2,40.29,9.3,760,55,1,23,0.6
430,20,21.16666667,41.52666667,19.5,36.1,20.53333333,36.66666667,21.29,34.06,17.79,44.26666667,9.063333333,22,20.6,28.53333333,22.73,36.2,18.16666667,40.26,8.83,760.1166667,57.33333333,1.166666667,30,0.7
700,20,21.23,39.96666667,19.5,36.69333333,20.6,37.13333333,21.39,34.545,17.79,44.46666667,8.5,23.26333333,20.5,29.39666667,22.79,36.26,18.16666667,40.2,8.37,760.2333333,59.66666667,1.333333333,37,0.8
680,30,21.29,42.36,19.5,37.26333333,20.7,37.59666667,21.42666667,34.75666667,17.79,44.43333333,8.033333333,24.45666667,20.56666667,31.33,22.76,36.32666667,18.13333333,40.2,7.9,760.35,62,1.5,44,0.9
180,10,21.42666667,47.1,19.5,39.06333333,20.76,38.26333333,21.5,35.16333333,17.79,44.63333333,7.593333333,25.62666667,20.7,33.29666667,22.7,36.4,18.2,40.2,7.43,760.4666667,64.33333333,1.666666667,51,1
120,0,21.63333333,46.89333333,19.6,41.76,20.96,40.06,21.5,35.02666667,17.79,45.19666667,7.133333333,26.5,20.63333333,33.49666667,22.66666667,36.36333333,18.13333333,40.2,6.97,760.5833333,66.66666667,1.833333333,58,1.1
130,10,21.92666667,44.76666667,19.6,42.7,21.16666667,41.06,21.42666667,35.02666667,17.79,45.92333333,6.866666667,27.96666667,20.46333333,32.53333333,22.6,36.23,18.13333333,40.2,6.5,760.7,69,2,65,1.2
120,0,22,43.56666667,19.7,42.46666667,21.2,40.83333333,21.39,35.32666667,17.79,46.56666667,6.66,29.9,20.39,31.92666667,22.56666667,36.32666667,18.1,40.09,6.42,760.8166667,68.66666667,2,65,1.05
150,20,22,42.09333333,19.7,42.19333333,21.2,40.5,21.39,35.46666667,17.79,46.83333333,6.2,31.2,20.35666667,31.49666667,22.5,36.4,18.1,40.0675,6.33,760.9333333,68.33333333,2,65,0.9
140,30,22,41.29333333,19.73,41.53333333,21.2,40.02666667,21.29,35.56666667,17.85666667,47.09,5.793333333,31.66666667,20.23,31.09666667,22.5,36.53,18.1,39.86,6.25,761.05,68,2,65,0.75
140,20,22,40.3,19.79,40.86666667,21.2,39.69333333,21.29,35.76,17.79,47.09,5.73,33.03,20.16666667,30.69333333,22.5,36.66333333,18.13333333,39.93333333,6.17,761.1666667,67.66666667,2,65,0.6
150,20,22,39.69333333,19.79,40.4,21.23,39.36333333,21.39,35.9,17.82333333,47.12666667,5.396666667,33.36333333,20.1,30.36,22.42666667,36.73,18.13333333,39.93333333,6.08,761.2833333,67.33333333,2,65,0.45
140,30,22.05,39.19,19.84,39.975,21.23,39.09666667,21.39,35.9,17.82333333,47.2,4.933333333,34.32333333,20,30.03,22.5,36.86333333,18.1,40.03,6,761.4,67,2,65,0.3
150,20,22.1,38.72333333,19.79,39.56666667,21.29,38.845,21.39,35.86333333,17.79,47.09,4.66,35.65666667,19.9725,29.815,22.5,36.9,18.1,40.09,5.82,761.4666667,68.33333333,2,64.66666667,0.367
150,20,22.1,38.39,19.85666667,39.46666667,21.29,38.56,21.46333333,35.73,17.79,47.0225,4.66,37.79666667,19.89,29.73,22.42666667,36.82666667,18.1,40.09,5.63,761.5333333,69.66666667,2,64.33333333,0.433
150,30,22.1,38.13333333,19.79,39.26666667,21.29,38.43333333,21.5,35.73,17.79,46.93333333,4.933333333,38.99666667,19.79,29.56666667,22.39,36.76,18.1,40.09,5.45,761.6,71,2,64,0.5
140,20,22.1,37.93333333,19.79,39.12666667,21.29,38.16333333,21.5,35.73,17.79,46.86333333,5.14,40.19,19.79,29.5,22.39,36.76,18.1,40.09,5.27,761.6666667,72.33333333,2,63.66666667,0.567
110,30,22.1,37.82666667,19.85666667,39.2,21.29,38.03,21.5,35.7,17.79,46.73,5.09,41.52666667,19.76,29.79,22.39,36.7,18.1,40.09,5.08,761.7333333,73.66666667,2,63.33333333,0.633
130,20,22.1,37.69333333,19.82333333,39,21.26,37.86333333,21.56666667,35.7,17.79,46.66333333,4.963333333,42.13333333,19.76,29.99666667,22.39,36.82666667,18.1,40.09,4.9,761.8,75,2,63,0.7
110,0,22.1,37.43,19.82333333,38.86,21.2,37.79,21.6,35.66333333,17.79,46.59,4.73,43.03,19.82333333,31.46666667,22.39,36.9,18.1,40.09,4.6,761.8833333,76.5,2,62.66666667,0.7
110,0,22.1,37.15666667,19.79,38.59,21.2,37.76,21.6,35.39,18.29333333,62.95666667,4.463333333,44.23,19.96333333,31.92666667,22.39,36.9,18.1,40.06,4.3,761.9666667,78,2,62.33333333,0.7
80,0,22.1,37.09,19.85666667,38.66333333,21.2,37.7,21.5,34.895,19.1,78.76333333,4.126666667,45.23333333,19.85666667,31.79,22.39,36.96666667,18.1,39.93333333,4,762.05,79.5,2,62,0.7
80,0,22.1,37.09,19.79,38.8,21.2,37.59,21.39,34.52666667,18.82333333,69.66666667,3.8,46.09333333,19.79,31.79,22.29,37.22666667,18.1,39.93333333,3.7,762.1333333,81,2,61.66666667,0.7
90,0,22.1,37.23,19.79,39.33333333,21.2,37.53,21.32333333,34.32666667,18.96333333,58.33333333,3.56,47.53333333,19.79,31.86,22.29,37.63333333,18.1,39.93333333,3.4,762.2166667,82.5,2,61.33333333,0.7
80,0,22.1,37.36333333,19.76,39.73,21.2,37.5,21.29,34.16333333,19.13333333,52.26666667,3.36,48.59333333,19.79,31.92666667,22.29,37.9,18.1,39.9,3.1,762.3,84,2,61,0.7
80,0,22.1,37.5,19.7,39.86333333,21.2,37.5,21.23,34.03,19.2,49.86,3.26,50.62666667,19.7,32,22.23,37.9,18.1,39.82666667,3.12,762.35,83.33333333,1.833333333,61.16666667,0.6
70,10,22.03333333,37.43333333,19.6,39.82666667,21.2,37.5,21.16666667,33.9,19.2,47.66666667,3.126666667,50.76,19.7,32,22.1,38.03,18.1,39.72333333,3.13,762.4,82.66666667,1.666666667,61.33333333,0.5
50,10,22,37.43333333,19.6,39.9,21.2,37.5,21.1,33.96666667,19.2,46.39333333,2.9,51.86333333,19.7,31.92666667,22.1,38.16333333,18.1,39.47,3.15,762.45,82,1.5,61.5,0.4
60,0,22,37.63333333,19.5,40.03,21.2,37.59,21.06666667,33.9,19.06666667,46.99666667,2.7,52.53,19.7,32.13333333,22.1,38.32666667,18.1,39.36333333,3.17,762.5,81.33333333,1.333333333,61.66666667,0.3
50,0,22,37.82666667,19.42666667,40.09,21.13333333,37.59,21,33.9,18.92666667,48.19666667,2.56,53.42666667,19.7,32.46333333,22.1,38.52666667,18.1,39.46333333,3.18,762.55,80.66666667,1.166666667,61.83333333,0.2
60,0,21.92666667,37.96666667,19.35666667,40.09,21.1,37.7,20.96333333,33.9,18.76,49.39666667,2.5,54.29333333,19.7,32.72333333,22.13333333,38.79,18.1,39.66333333,3.2,762.6,80,1,62,0.1
30,0,21.85666667,38,19.2225,40.0225,21.1,37.76,20.89,33.9,18.63333333,49.99,2.433333333,55.83,19.7,32.93333333,22.13333333,38.86333333,18.1,39.73,3,762.6666667,80.83333333,1,61.66666667,0.0333
30,0,21.79,38.0675,19.13333333,40.06,21.1,37.79,20.89,33.9,18.6,50.5,2.3475,55.7475,19.7,33.095,22.1,39.15666667,18.1,39.79,2.8,762.7333333,81.66666667,1,61.33333333,-0.0333
30,0,21.73,38.09,19.06666667,40.06,21.1,37.79,20.82333333,33.82666667,18.55,50.9475,2.09,56.1,19.7,33.2,22.1,39.43,18.1,39.79,2.6,762.8,82.5,1,61,-0.1
40,0,21.7,38.09,19,40,21.1,37.93,20.79,33.79,18.53333333,51.22333333,2.2,57.1,19.7,33.36,22.06666667,39.73,18.1,39.86333333,2.4,762.8666667,83.33333333,1,60.66666667,-0.167
50,0,21.7,38.09,18.89,40,21.1,38,20.79,33.79,18.46333333,51.4,2.2,57.76666667,19.7,33.56,22,39.79,18.1,39.93333333,2.2,762.9333333,84.16666667,1,60.33333333,-0.233
40,0,21.6,38,18.82333333,39.93333333,21.1,38,20.7,33.79,18.39,51.4,2.163333333,57.83333333,19.63333333,33.65666667,21.96333333,39.93333333,18.1,39.93333333,2,763,85,1,60,-0.3
50,0,21.53333333,37.93333333,18.76,39.9,21.1,37.96666667,20.7,33.79,18.39,51.5,2.03,57.5,19.7,33.86333333,21.865,40.0225,18.13333333,40,1.95,763,84.83333333,1,60.16666667,-0.367
50,0,21.5,37.9,18.7,39.9,21.1,37.9,20.6,33.7,18.32333333,51.56,1.826666667,58.23,19.66666667,34,21.79,40.22333333,18.2,40,1.9,763,84.66666667,1,60.33333333,-0.433
60,0,21.5,37.9,18.66666667,39.9,21.1,37.9,20.6,33.7,18.29,51.59,1.966666667,59.82333333,19.6,34.06,21.76,40.53,18.1,40.09,1.85,763,84.5,1,60.5,-0.5
50,0,21.39,37.66333333,18.53333333,39.9,21.1,37.82666667,20.6,33.7,18.29,51.59,1.966666667,59.33333333,19.7,34.29,21.7,40.99,18.1,40.09,1.8,763,84.33333333,1,60.66666667,-0.567
50,0,21.39,37.59,18.46333333,39.96666667,21.1,37.79,20.6,33.79,18.29,51.59,1.826666667,59.12666667,19.63333333,34.23,21.7,41.36,18.1,40.2,1.75,763,84.16666667,1,60.83333333,-0.633
40,0,21.29,37.56,18.39,39.96666667,21.1,37.79,20.53333333,33.79,18.29,51.53,1.596666667,58.93,19.6,34.43333333,21.7,41.76666667,18.1,40.26,1.7,763,84,1,61,-0.7
50,0,21.29,37.5,18.29,40,21.1,37.9,20.5,33.79,18.26,51.52666667,1.263333333,59.12333333,19.6,34.56,21.66666667,42.36,18.1,40.29,1.58,763.0333333,84.66666667,1,59.5,-0.717
50,0,21.2,37.4,18.23,40,21.1,37.96666667,20.5,33.79,18.2,51.4,1.1,60.1,19.6,34.79,21.6,42.69333333,18.16666667,40.36333333,1.47,763.0666667,85.33333333,1,58,-0.733
50,0,21.2,37.4,18.2,40.12666667,21.1,37.93333333,20.42666667,33.73,18.2,51.36333333,1.166666667,60.96666667,19.6,34.79,21.6,43.15666667,18.13333333,40.43333333,1.35,763.1,86,1,56.5,-0.75
60,0,21.2,37.43333333,18.13333333,40.26,21.1,38,20.42666667,33.79,18.2,51.29,1.166666667,61.26,19.6,34.9,21.6,43.43,18.125,40.5,1.23,763.1333333,86.66666667,1,55,-0.767
40,0,21.13333333,37.5,18.06666667,40.36333333,21.1,38,20.39,33.79,18.1,51.26,0.966666667,61.26,19.6,34.9,21.56666667,43.59,18.1,40.56,1.12,763.1666667,87.33333333,1,53.5,-0.783
30,0,21.1,37.59,18,40.36333333,21.1,37.93333333,20.39,33.79,18.1,51.2,0.55,61.3,19.6,34.93333333,21.5,43.59,18.1,40.59,1,763.2,88,1,52,-0.8
20,0,21.1,37.59,17.96333333,40.5,21.1,37.93333333,20.29,33.79,18.1,51.16333333,0.266666667,61.89333333,19.6,35,21.5,43.5,18.1,40.66333333,0.883,763.2333333,88.16666667,1,51.16666667,-0.883
40,0,21.06666667,37.56,17.815,40.5,21.03333333,37.86,20.29,33.79,18.1,51.09,0.2,62.96666667,19.6,35.09,21.42666667,43.43333333,18.1,40.7,0.767,763.2666667,88.33333333,1,50.33333333,-0.967
50,0,21,37.5,17.79,40.56,20.89,37.79,20.29,33.79,18.1,51.06,0.233333333,63.63,19.6,35.0675,21.39,43.4,18.1,40.76,0.65,763.3,88.5,1,49.5,-1.05
50,0,21,37.5,17.7,40.59,20.85666667,37.76,20.29,33.79,18.1,51,0.033333333,63.42333333,19.6,35,21.39,43.4,18.16666667,40.79,0.533,763.3333333,88.66666667,1,48.66666667,-1.13
50,0,20.89,37.46666667,17.63333333,40.59,20.79,37.7,20.26,33.76,18.1,51,0.033333333,65.02333333,19.6,35.09,21.39,43.56666667,18.16666667,40.79,0.417,763.3666667,88.83333333,1,47.83333333,-1.22
50,0,20.89,37.32666667,17.6,40.73,20.7,37.66333333,20.2,33.76,18,50.79,0.1,65.62333333,19.6,35.09,21.39,43.7,18.16666667,40.9,0.3,763.4,89,1,47,-1.3
70,0,20.89,37.2,17.53333333,40.79,20.7,37.59,20.2,33.73,18,50.73,0,65.46333333,19.6,35.12666667,21.29,43.7,18.16666667,40.9,0.317,763.4,89.16666667,1,46,-1.25
40,0,20.82333333,37.12666667,17.5,41,20.7,37.59,20.2,33.79,18,50.7,0,65.86333333,19.6,35.12666667,21.29,43.7,18.1,41,0.333,763.4,89.33333333,1,45,-1.2
60,0,20.79,36.9,17.42666667,41,20.7,37.53,20.16666667,33.79,18,50.62666667,-0.1,66.03,19.6,35.2,21.29,43.7,18.16666667,41,0.35,763.4,89.5,1,44,-1.15
40,0,20.79,36.82666667,17.39,41.09,20.7,37.5,20.1,33.79,18,50.59,-0.033333333,66.69666667,19.6,35.26,21.29,43.59,18.16666667,41,0.367,763.4,89.66666667,1,43,-1.1
40,0,20.79,36.7,17.39,41.16333333,20.7,37.5,20.1,33.79,18,50.53,-0.033333333,66.83,19.6,35.26,21.23,43.59,18.1,41.06,0.383,763.4,89.83333333,1,42,-1.05
60,0,20.73,36.7,17.29,41.32666667,20.7,37.4,20.1,33.79,17.96333333,50.5,-0.166666667,66.49666667,19.6,35.26,21.2,43.46666667,18.13333333,41.09,0.4,763.4,90,1,41,-1
40,0,20.7,36.59,17.23,41.32666667,20.7,37.46666667,20.1,33.79,17.89,50.43333333,-0.233333333,66.43333333,19.53333333,35.43333333,21.2,43.32666667,18.13333333,41.09,0.283,763.4333333,90.5,1.166666667,40,-1.05
40,0,20.7,36.59,17.16666667,41.4,20.66666667,37.4,20.06666667,33.79,17.89,50.4,-0.3,66.76666667,19.6,35.43333333,21.2,43.2,18.16666667,41.09,0.167,763.4666667,91,1.333333333,39,-1.1
30,0,20.7,36.5,17.1,41.46666667,20.6,37.32666667,20,33.79,17.89,50.32666667,-0.2,68.19,19.5,35.5,21.2,43.2,18.16666667,41.09,0.05,763.5,91.5,1.5,38,-1.15
20,0,20.7,36.5,17.1,41.43333333,20.6,37.2,20,33.79,17.89,50.29,-0.025,69.0925,19.5,35.5,21.16666667,43.16333333,18.2,41.09,-0.0667,763.5333333,92,1.666666667,37,-1.2
50,0,20.6,36.36333333,17.03333333,41.5,20.53333333,37.26,20,33.86333333,17.89,50.23,0.166666667,69.93333333,19.5,35.4,21.1,43.09,18.1,41.09,-0.183,763.5666667,92.5,1.833333333,36,-1.25
50,0,20.6,36.29,17,41.4,20.46333333,37.2,19.92666667,33.9,17.89,50.2,0.233333333,70.56333333,19.5,35.4,21.1,43.12666667,18.1,41.09,-0.3,763.6,93,2,35,-1.3
50,0,20.5,36.29,17,41.46666667,20.46333333,37.26,20,33.9,17.89,50.2,0.366666667,70.76333333,19.5,35.43333333,21.1,43.2,18.2,41.09,-0.417,763.6,93.16666667,1.833333333,34.5,-1.4
50,0,20.5,36.29,16.89,41.59,20.39,37.2,19.96333333,34,17.89,50.09,0.4,70.85666667,19.5,35.5,21.1,43.16333333,18.2,41.09,-0.533,763.6,93.33333333,1.666666667,34,-1.5
50,0,20.5,36.2,16.865,41.5675,20.39,37.2,19.89,34,17.82333333,50.03,0.333333333,70.85666667,19.5,35.5,21.03333333,43.03,18.1,41.09,-0.65,763.6,93.5,1.5,33.5,-1.6
50,0,20.5,36.2,16.79,41.56,20.39,37.145,19.89,34,17.79,49.96666667,0.233333333,70.39333333,19.4725,35.475,21,43,18.16666667,41.09,-0.767,763.6,93.66666667,1.333333333,33,-1.7
50,0,20.39,36.145,16.79,41.59,20.42666667,37.2,19.89,34,17.79,49.9,0.3,70.99333333,19.39,35.4,21,42.93333333,18.16666667,41.06,-0.883,763.6,93.83333333,1.166666667,32.5,-1.8
50,0,20.39,36.09,16.79,41.66333333,20.5,37.2,19.85666667,34.06,17.79,49.9,0.266666667,71.16333333,19.39,35.5,21,42.9,18.16666667,41.06,-1,763.6,94,1,32,-1.9
40,0,20.39,36.09,16.76,41.7,20.5,37.23,19.79,34,17.79,49.86333333,0.2,70.95666667,19.46333333,35.56,21,42.9,18.1,41,-0.967,763.7,93.83333333,1,29.83333333,-1.88
50,0,20.35666667,36.09,16.7,41.7,20.5,37.29,19.79,34,17.79,49.79,0.066666667,70.59333333,19.46333333,35.59,20.89,42.93333333,18.16666667,41,-0.933,763.8,93.66666667,1,27.66666667,-1.87
50,0,20.29,36.16333333,16.7,41.79,20.5,37.4,19.79,34,17.79,49.79,0,70.66666667,19.39,35.59,20.89,43,18.16666667,41,-0.9,763.9,93.5,1,25.5,-1.85
30,0,20.29,36.2,16.7,41.79,20.56666667,37.4,19.79,34.09,17.79,49.79,0,70.86333333,19.39,35.62666667,20.89,43,18.1,41.06,-0.867,764,93.33333333,1,23.33333333,-1.83
30,0,20.29,36.2,16.66666667,41.86333333,20.5,37.5,19.79,34.09,17.79,49.79,-0.266666667,69.59,19.39,35.76,20.815,42.95,18.2,41.09,-0.833,764.1,93.16666667,1,21.16666667,-1.82
30,10,20.26,36.16333333,16.6,41.79,20.5,37.56,19.745,34.09,17.73,49.73,-0.5,69.29666667,19.42666667,35.86,20.85666667,43.06,18.2,41.09,-0.8,764.2,93,1,19,-1.8
80,0,20.2,36.16333333,16.6,41.86333333,20.5,37.59,19.7,34.09,17.79,49.76,-0.633333333,68.89666667,19.42666667,36.13333333,20.79,43.06666667,18.2,41.23,-0.75,764.25,93.33333333,1,18,-1.7
50,0,20.2,36.46333333,16.55,41.82666667,20.42666667,37.59,19.7,34.09,17.79,49.56666667,-0.85,69.39,19.39,36.22333333,20.79,43.06666667,18.2,41.23,-0.7,764.3,93.66666667,1,17,-1.6
40,0,20.2,36.72333333,16.56666667,41.93,20.46333333,37.66333333,19.7,34.12666667,17.89,48.26333333,-1.033333333,69.4,19.39,35.96333333,20.76,42.6,18.2,41.2,-0.65,764.35,94,1,16,-1.5
90,0,20.2,36.9,16.5,42.15666667,20.39,37.53,19.7,34.2,17.96333333,47.39666667,-1.1,69.26,19.39,35.52666667,20.7,42.26666667,18.2,41.2,-0.6,764.4,94.33333333,1,15,-1.4
70,0,20.2,37.16,16.5,42.43,20.39,37.5,19.7,34.36,18,46.66,-1.066666667,69.66,19.32333333,35.32666667,20.7,42.02666667,18.2,41.045,-0.55,764.45,94.66666667,1,14,-1.3
280,0,20.2,37.46333333,16.6,42.76666667,20.39,37.5,19.7,34.63333333,18.06666667,46.19333333,-0.866666667,70.06,19.29,35.06,20.7,41.76666667,18.2,40.9,-0.5,764.5,95,1,13,-1.2
180,10,20.2,37.53,16.6,42.96666667,20.29,37.36333333,19.66666667,34.72333333,18.1,45.72333333,-0.666666667,70.82333333,19.29,34.86,20.66666667,41.52666667,18.13333333,40.82666667,-0.15,764.55,94.33333333,1,13.66666667,-0.967
290,0,20.2,37.5,16.6,42.86333333,20.29,37.29,19.6,34.59,18.1,45.53,-0.4,71.63,19.29,34.7,20.6,41.32666667,18.2,40.66333333,0.2,764.6,93.66666667,1,14.33333333,-0.733
80,0,20.13333333,37.56,16.66666667,42.79,20.32333333,37.32666667,19.7,34.76,18.06666667,45.76666667,-0.133333333,72.09,19.29,34.56666667,20.6,41.16333333,18.2,40.53,0.55,764.65,93,1,15,-0.5
330,0,20.16666667,38.02666667,16.7,42.495,20.39,37.4,19.7,34.76,18,46.1,0.066666667,72.23,19.2,33.99,20.6,40.96333333,18.2,40.29666667,0.9,764.7,92.33333333,1,15.66666667,-0.267
140,0,20.1,38.69333333,16.79,42.4,20.39,37.4,19.7,34.93333333,17.89,46.29,0.266666667,72.49666667,19.175,33.4975,20.5,40.49,18.2,39.89,1.25,764.75,91.66666667,1,16.33333333,-0.0333
50,10,20.1,37.84,16.85666667,41.92666667,20.39,37.43,19.7,34.8,17.89,46.345,0.6,73.09666667,19.1,33.06666667,20.5,40.15666667,18.2,39.46666667,1.6,764.8,91,1,17,0.2
30,0,20.1,37.05666667,17.03333333,40.66666667,20.32333333,37.03,19.73,34.49,17.89,46.29,1.096666667,73.43333333,19.06666667,32.79666667,20.5,39.86333333,18.26,39.26666667,1.87,764.8166667,90.5,1.166666667,20.5,0.383
50,10,20.1,36.33,17.22666667,39.39333333,20.2,36.66333333,19.79,34.15666667,17.89,46.2,1.43,73.62666667,19,32.53,20.42666667,39.59666667,18.29,38.76,2.13,764.8333333,90,1.333333333,24,0.567
50,10,20.1,36.06,17.56666667,38.69333333,20.2,36.59,19.89,33.86333333,17.89,46.12666667,1.8,73.56,19,32.33333333,20.39,39.36333333,18.29,38.7,2.4,764.85,89.5,1.5,27.5,0.75
320,10,20.1,35.93333333,17.82666667,38.36,20.2,36.66333333,19.96333333,33.79,17.79,45.83333333,2.133333333,73.56,19,32.2,20.39,39.23,18.29,38.66333333,2.67,764.8666667,89,1.666666667,31,0.933
360,0,20.1,35.83333333,18.16333333,37.69666667,20.2,36.25666667,20,33.76,17.79,45.56666667,2.693333333,73.36666667,19,32.06,20.39,39.09,18.29,38.59,2.93,764.8833333,88.5,1.833333333,34.5,1.12
50,10,20.03333333,35.02666667,18.29,36.49666667,20.1,35.49666667,20.075,33.5425,17.79,45.43,3.175,72.6975,19,31.92666667,20.39,39.03,18.29,38.7,3.2,764.9,88,2,38,1.3
70,10,20,34.26666667,18.39,35.36333333,19.96,34.83,20.1,33.09666667,17.79,45.23,3.526666667,70.83,19,31.79,20.29,38.79,18.29,38.7,3.48,764.9666667,86.33333333,2,40.66666667,1.32
50,10,20,33.86,18.39,34.83,19.85666667,34.36333333,20.16666667,32.72333333,17.79,45.06,3.8,69.1,19,31.73,20.32333333,38.7,18.29,38.89,3.77,765.0333333,84.66666667,2,43.33333333,1.33
70,10,19.89,33.79,18.56666667,34.66333333,19.79,34.29,20.1,32.53,17.79,44.93333333,4.126666667,67.7,19,31.76,20.32333333,38.62666667,18.29,39.16333333,4.05,765.1,83,2,46,1.35
40,0,19.89,33.79,18.76,34.53,19.79,34.4,20.2,32.4,17.79,44.86333333,4.463333333,64.46333333,19,31.7,20.29,38.5,18.29,39.43333333,4.33,765.1666667,81.33333333,2,48.66666667,1.37
30,10,19.89,33.72333333,18.96333333,34.09,19.73,34.06666667,20.2,32.4,17.79,44.79,4.73,62.12333333,19.03333333,31.63333333,20.29,38.43333333,18.29,39.63333333,4.62,765.2333333,79.66666667,2,51.33333333,1.38
30,0,19.89,33.59,18.96333333,34.09,19.7,34.16333333,20.23,32.56666667,17.79,44.66333333,5.1,59.89,19.1,31.63333333,20.35666667,38.16333333,18.29,39.745,4.9,765.3,78,2,54,1.4
20,10,19.89,33.52666667,19.13333333,33.66,19.63333333,33.69666667,20.29,32.76,17.79,44.53,5.366666667,57.83,19.1,31.6,20.29,38.03,18.29,39.82666667,5.18,765.3,76.66666667,2.333333333,55,1.4
50,10,19.82333333,33.19333333,18.92666667,33.26666667,19.46333333,33.1,20.29,32.93333333,17.76,44.36333333,5.623333333,55.6,19.1,31.53333333,20.29,37.86333333,18.29,39.9,5.47,765.3,75.33333333,2.666666667,56,1.4
50,0,19.76,32.96666667,18.7,33.23,19.32333333,32.82666667,20.29,33.06,17.76,44.23,5.83,54.99333333,19.2,31.5,20.29,37.79,18.29,40,5.75,765.3,74,3,57,1.4
50,10,19.7,32.9,18.63333333,33.23,19.2,32.79,20.39,33.2,17.79,44.2,6.16,53.29,19.2,31.42666667,20.39,37.66333333,18.29,40,6.03,765.3,72.66666667,3.333333333,58,1.4
50,0,19.6,32.76,18.5,33.245,19.13333333,32.79,20.46333333,33.26,17.79,44.12666667,6.433333333,51.62333333,19.29,31.35666667,20.39,37.59,18.29,40.03,6.32,765.3,71.33333333,3.666666667,59,1.4
90,10,19.6,32.83333333,18.66333333,33.36,19.1,33.19,20.5,33.4,17.76,44.09,6.623333333,49.13333333,19.3925,31.29,20.5,37.52666667,18.29,40.03,6.6,765.3,70,4,60,1.4
100,10,19.63333333,33.5,18.85666667,33.5,19.2,33.53,20.56666667,33.4,17.7,44.0675,6.83,47.52666667,19.56666667,31.23,20.56666667,37.32666667,18.29,40.03,6.88,765.2833333,68.16666667,4,60.5,1.28
60,0,19.7675,34.65,19.1,33.76666667,19.32666667,33.72333333,20.6,33.43333333,17.7,43.93333333,7.1,47.52666667,19.63333333,31.1,20.7,37.22333333,18.29,40.09,7.17,765.2666667,66.33333333,4,61,1.17
40,10,19.79,34.7,19.16666667,34.02666667,19.39,33.93333333,20.66666667,33.56,17.7,43.86333333,7.366666667,46.52666667,19.76,31.03333333,20.76,37.03,18.29,39.36333333,7.45,765.25,64.5,4,61.5,1.05
30,0,19.92666667,34.93333333,19.23,34.26666667,19.46333333,34.13333333,20.7,33.59,17.7,43.73,7.563333333,44.6,19.89,30.96333333,20.92666667,36.96666667,18.29,39.36333333,7.73,765.2333333,62.66666667,4,62,0.933
60,10,20.06666667,35.06,19.29,34.4,19.53333333,34.23,20.7,33.59,18.1,61.4,7.8225,41.595,19.96333333,30.82333333,21.06666667,36.82666667,18.39,39.53,8.02,765.2166667,60.83333333,4,62.5,0.817
30,0,20.13333333,35.09,19.32333333,34.36333333,19.6,34.36333333,20.7,33.59,18.1,62.33333333,8.066666667,39.53333333,20.13333333,30.72666667,21.13333333,36.63333333,18.39,39.53,8.3,765.2,59,4,63,0.7
40,10,20.26,35.42333333,19.39,34.29,19.63333333,34.46333333,20.7,33.59,18.1,62.52666667,8.33,35.76,20.26,30.6,21.26,36.43333333,18.39,39.53,8.47,765.1333333,58.16666667,4,55.83333333,0.65
50,10,20.32333333,34.99,19.42666667,34.23,19.7,34.59,20.7,33.59,18.03333333,62.06666667,8.53,33.9,20.32333333,30.26,21.39,36.19333333,18.39,39.59,8.63,765.0666667,57.33333333,4,48.66666667,0.6
40,0,20.39,34.59666667,19.5,34.29,19.73,34.66333333,20.7,33.56,18,61.36,8.756666667,31.8,20.46333333,30.13333333,21.5725,35.8975,18.39,39.59,8.8,765,56.5,4,41.5,0.55
50,10,20.5,34.4,19.42666667,34.32666667,19.79,34.59,20.7,33.5,18,60.56666667,8.963333333,30.46,20.63333333,29.89,21.76,35.73,18.39,39.59,8.97,764.9333333,55.66666667,4,34.33333333,0.5
50,0,20.56666667,34.32666667,19.5,34.4,19.82333333,34.62666667,20.7,33.46666667,17.89,59.53333333,9.033333333,28.55666667,20.76,29.76333333,21.82333333,35.46666667,18.39,39.5,9.13,764.8666667,54.83333333,4,27.16666667,0.45
50,10,20.7,34.33333333,19.5,34.5,19.89,34.7,20.7,33.32666667,17.89,58.79333333,9.1,28.69666667,20.92666667,29.63333333,21.89,35.26666667,18.39,39.43333333,9.3,764.8,54,4,20,0.4
60,10,20.7,34.12666667,19.5,34.43333333,19.89,34.7,20.7,33.29,17.89,57.56666667,9.33,29.12666667,21.06666667,29.5,22.03333333,35,18.5,39.5,9.42,764.8,53.83333333,4,27.5,0.45
50,0,20.73,33.96666667,19.5,34.36333333,19.89,34.7,20.7,33.29,17.89,55.9,9.463333333,28.39333333,21.2,29.32666667,22.16666667,34.93333333,18.5,39.46666667,9.53,764.8,53.66666667,4,35,0.5
50,10,20.79,33.82666667,19.56666667,34.29,20,34.7,20.73,33.29,17.79,54.19666667,9.533333333,26.96333333,21.26,29.2,22.29,34.76,18.5,39.4,9.65,764.8,53.5,4,42.5,0.55
50,0,20.79,33.7,19.6,34.26,20.06666667,34.7,20.79,33.29,17.79,53.19666667,9.6,26.15666667,21.42666667,29,22.35666667,34.56666667,18.5,39.36333333,9.77,764.8,53.33333333,4,50,0.6
50,10,20.85666667,33.62666667,19.53333333,34.12666667,20,34.59,20.79,33.2,17.79,52.23333333,9.69,24.7,21.5,28.92666667,22.42666667,34.4,18.5,39.29,9.88,764.8,53.16666667,4,57.5,0.65
50,10,20.89,33.5,19.6,33.95,20.075,34.5675,20.79,33.2,17.79,51.49333333,9.763333333,24.03333333,21.63333333,28.76,22.56666667,34.26666667,18.5,39.29,10,764.8,53,4,65,0.7
20,0,20.89,33.5,19.6,33.9,20.1,34.5,20.79,33.16333333,17.79,50.73333333,9.89,23.66,21.7675,28.6,22.6,34.06,18.5,39.29,9.93,764.7833333,53.83333333,4.166666667,65,0.85
30,10,21,33.5,19.6,33.9,20.2,34.46666667,20.79,33.09,17.79,49.9975,9.89,23.99333333,21.85666667,28.42666667,22.66666667,34,18.6,39.2,9.87,764.7666667,54.66666667,4.333333333,65,1
30,0,21,33.5225,19.6,34,20.2,34.4,20.89,33.2,17.79,49.33,9.926666667,24.02333333,21.89,28.35666667,22.7,33.79,18.6,39.2,9.8,764.75,55.5,4.5,65,1.15
50,10,21,33.59,19.6,33.93333333,20.2,34.4,20.82333333,33.12666667,17.79,48.76666667,10.075,24.4975,21.96333333,28.23,22.76,33.73,18.6,39.2,9.73,764.7333333,56.33333333,4.666666667,65,1.3
50,10,21,33.43,19.5,33.86333333,20.2,34.4,20.82333333,33.12666667,17.79,48.3,10.1,24.36,22,28.1,22.79,33.59,18.6,39.12666667,9.67,764.7166667,57.16666667,4.833333333,65,1.45
40,0,21,33.29,19.5,33.79,20.2,34.32666667,20.89,33.2,17.79,47.83333333,10.03333333,25.26333333,22,28.1,22.79,33.53,18.6,39.09,9.6,764.7,58,5,65,1.6
50,10,21,33.36333333,19.5,33.69333333,20.2,34.32666667,20.79,33.09,17.79,47.5,10.16,24.93,22.03333333,28,22.79,33.5,18.6,39.09,9.53,764.7166667,57.83333333,5,65,1.52
50,0,21,33.15666667,19.42666667,33.5,20.2,34.22333333,20.79,33.09,17.79,47.1,10.25666667,24.43,22.1,28,22.79,33.5,18.6,39.09,9.47,764.7333333,57.66666667,5,65,1.43
50,0,21,33.06,19.35666667,33.36333333,20.2,34.09,20.79,33.09,17.79,46.76666667,10.39,24.56333333,22.1,28,22.79,33.4,18.6,39.09,9.4,764.75,57.5,5,65,1.35
50,0,20.92666667,32.72666667,19.23,32.89,20.2,34.2,20.79,33.2,17.79,46.43,10.32333333,24.56333333,22.1,27.92666667,22.79,33.4,18.6,39.09,9.33,764.7666667,57.33333333,5,65,1.27
50,0,20.89,32.29,19.2,32.79,20.2,34.26,20.73,33.2,17.79,46.15666667,10.13,24.02333333,22,27.79,22.79,33.4,18.6,39.09,9.27,764.7833333,57.16666667,5,65,1.18
50,0,20.89,32.36333333,19.2,32.79,20.2,34.4,20.7,33.2,17.79,45.83333333,10.06666667,24.89,22,27.79,22.7,33.53,18.6,39.09,9.2,764.8,57,5,65,1.1
40,0,20.89,32.36333333,19.16666667,32.9,20.2,34.4,20.7,33.26,17.79,45.56666667,9.866666667,24.89,22,27.79,22.7,33.59,18.6,39.09,9.05,764.8,57.33333333,4.666666667,57.66666667,1.02
40,0,20.82333333,32.23,19.1,32.9,20.2,34.53,20.66666667,33.36333333,17.79,45.26,9.69,25.43333333,21.92666667,27.73,22.6,33.53,18.6,39.2,8.9,764.8,57.66666667,4.333333333,50.33333333,0.933
60,0,20.79,32.16333333,19.1,32.9,20.2,34.59,20.6,33.29,17.79,45.12666667,9.563333333,25.03333333,21.89,27.7,22.53333333,33.59,18.6,39.2,8.75,764.8,58,4,43,0.85
60,0,20.79,32.16333333,19.1,32.96666667,20.2,34.7,20.6,33.26,17.79,44.96666667,9.323333333,25.52333333,21.82333333,27.63333333,22.56666667,33.76666667,18.6,39.2,8.6,764.8,58.33333333,3.666666667,35.66666667,0.767
70,0,20.79,32.43333333,19,33.19333333,20.13333333,34.7,20.53333333,33.2,17.79,44.9,9.13,25.93,21.76,27.6,22.56666667,34.1,18.6,39.2,8.45,764.8,58.66666667,3.333333333,28.33333333,0.683
100,0,20.73,32.63333333,19,33.52666667,20.1,34.7,20.5,33.06,17.79,44.79,8.763333333,26.63333333,21.7,27.6,22.6,34.43333333,18.6,39.2,8.3,764.8,59,3,21,0.6
100,0,20.7,33.03,18.945,33.895,20.075,34.7,20.5,32.93333333,17.79,44.73,8.563333333,26.9,21.6,27.5,22.66666667,34.63333333,18.6,39.2,8.08,764.8666667,61,2.833333333,28.33333333,0.833
100,0,20.7,33.22333333,19,34.3,20.06666667,34.7,20.39,32.79,17.79,44.7,8.093333333,27.83333333,21.53333333,27.5,22.7,34.86,18.6,39.2,7.87,764.9333333,63,2.666666667,35.66666667,1.07
100,10,20.7,33.43333333,19,34.63333333,20.1,34.66333333,20.39,32.79,17.79,44.7,7.693333333,28.83333333,21.445,27.5,22.7,35,18.6,39.2,7.65,765,65,2.5,43,1.3
100,0,20.7,33.595,19,34.96333333,20.1,34.59,20.29,32.9,17.79,44.7,7.245,29.95,21.35666667,27.5,22.76,35.12666667,18.6,39.2,7.43,765.0666667,67,2.333333333,50.33333333,1.53
250,0,20.7,33.76,19,35.16333333,20.2,34.59,20.29,33.02666667,17.79,44.66333333,6.796666667,30.66666667,21.29,27.56666667,22.76,35.2,18.5,39.2,7.22,765.1333333,69,2.166666667,57.66666667,1.77
340,10,20.73,35.65666667,19.03333333,35.23,20.2,34.59,20.29,33.12666667,17.79,44.59,6.396666667,31.46666667,21.2,27.63333333,22.79,35.29,18.56666667,39.2,7,765.2,71,2,65,2
100,10,20.85666667,37.39666667,19.1,35.43,20.2,34.73,20.29,33.2,17.79,44.62666667,6.026666667,32.66666667,21.13333333,27.7,22.79,35.23,18.6,39.2,6.97,765.2833333,71.16666667,2,64.83333333,2
90,0,20.89,36.86333333,19.2,36,20.2,34.93,20.2,33.53,17.79,44.76,5.76,33.26666667,21.1,27.7,22.76,35,18.6,39.12666667,6.93,765.3666667,71.33333333,2,64.66666667,2
110,10,20.96333333,36.46333333,19.2,36.33333333,20.2,35.09,20.2,33.7225,17.79,44.82666667,5.433333333,34.1,21.03333333,27.63333333,22.7,35,18.53333333,38.99,6.9,765.45,71.5,2,64.5,2
120,0,21.03333333,36.06,19.29,36.69333333,20.2,35.16333333,20.2,33.96666667,17.79,44.96666667,5.226666667,35.22666667,20.89,27.53333333,22.63333333,35.26666667,18.53333333,38.93,6.87,765.5333333,71.66666667,2,64.33333333,2
100,0,21.1,35.86,19.29,36.9,20.29,35.29,20.2,34.03,17.79,45.03,5.226666667,36.6,20.89,27.6,22.7,35.46666667,18.53333333,38.93,6.83,765.6166667,71.83333333,2,64.16666667,2
100,0,21.1,35.66333333,19.32333333,36.96666667,20.29,35.36333333,20.2,34.16333333,17.79,45.09,5.366666667,36.93333333,20.76,27.6,22.73,35.53,18.53333333,38.86333333,6.8,765.7,72,2,64,2
100,0,21.16666667,35.53,19.39,36.9,20.29,35.4,20.1,34,17.79,45.12666667,5.263333333,37.09666667,20.7,27.66666667,22.79,35.59,18.53333333,39.03,6.67,765.75,72.16666667,2,64,1.9
140,0,21.23,35.5,19.5,37,20.29,35.4,20.1,33.93333333,17.79,45.2,5.263333333,37.49,20.66666667,27.66666667,22.79,35.59,18.525,39.09,6.53,765.8,72.33333333,2,64,1.8
160,10,21.29,35.43333333,19.5,37,20.29,35.4,20.1,33.76,17.79,45.2,5.263333333,37.76666667,20.6,27.66666667,22.79,35.59,18.5,39.09,6.4,765.85,72.5,2,64,1.7
100,20,21.39,35.4,19.53333333,36.93333333,20.29,35.46666667,20.1,33.7,17.79,45.2,5.19,38.36,20.5,27.73,22.79,35.59,18.5,39.09,6.27,765.9,72.66666667,2,64,1.6
90,10,21.39,35.4,19.6,37,20.32333333,35.5,20,33.5,17.79,45.2,5.33,38.76666667,20.5,27.85666667,22.79,35.33333333,18.5,39.09,6.13,765.95,72.83333333,2,64,1.5
80,10,21.5,35.46666667,19.6,37,20.39,35.5,20,33.43333333,17.79,45.26,5.063333333,38.63333333,20.5,27.92666667,22.73,35.06666667,18.5,39.2,6,766,73,2,64,1.4
90,10,21.56666667,35.4,19.6,37,20.39,35.59,19.96333333,33.36333333,17.79,45.29,4.493333333,39.26333333,20.42666667,27.92666667,22.7,34.76,18.5,39.2,5.83,766.05,74.5,2,62,1.53
100,0,21.53333333,35.36333333,19.6,37.045,20.39,35.59,19.89,33.29,17.79,45.36333333,4.16,40.79,20.39,27.92666667,22.63333333,34.62666667,18.5,39.2,5.67,766.1,76,2,60,1.67
90,10,21.6,35.29,19.56666667,37.12666667,20.46333333,35.66333333,19.89,33.29,19.26333333,82.39333333,3.895,42.495,20.32333333,28.06666667,22.5,35.05666667,18.5,39.2,5.5,766.15,77.5,2,58,1.8
110,0,21.6,35.36333333,19.5,37.12666667,20.5,35.7,19.89,33.36333333,18.8225,75.6,3.663333333,44.69666667,20.29,28.1,22.5,35.92333333,18.5,39.2,5.33,766.2,79,2,56,1.93
90,0,21.53333333,35.29,19.46333333,37.36,20.5,35.76,19.89,33.53,18.63333333,63.26666667,3.59,45.96333333,20.2,28.1,22.56666667,36.5,18.5,39.2,5.17,766.25,80.5,2,54,2.07
80,10,21.5,35.495,19.32333333,37.63333333,20.39,35.73,19.89,33.66333333,18.7,55.96333333,3.56,46.86333333,20.2,28.16666667,22.5,36.76,18.5,39.2,5,766.3,82,2,52,2.2
70,0,21.5,35.7,19.26,38,20.39,35.79,19.89,33.93333333,18.76,52.69666667,3.433333333,47.39666667,20.2,28.23,22.5,37.3,18.5,39.2,4.92,766.35,82.16666667,2,52,2.15
50,0,21.5,35.76,19.2,38.19333333,20.39,35.93333333,19.89,34.06,18.79,49.73,3.29,49.06666667,20.13333333,28.29,22.56666667,37.63333333,18.5,39.2,4.83,766.4,82.33333333,2,52,2.1
30,10,21.39,35.79,19.1,38.53,20.39,36,19.89,34.23,18.79,48.06333333,3.43,50.79333333,20.1,28.39,22.5,37.93333333,18.5,39.2,4.75,766.45,82.5,2,52,2.05
20,10,21.39,35.79,19.03333333,38.59,20.29,36.03,19.89,34.42,18.85666667,46.76333333,3.8,51.83,20.1,28.59666667,22.5,38.06,18.5,39.16333333,4.67,766.5,82.66666667,2,52,2
30,0,21.39,35.9,18.89,38.62666667,20.29,36.16333333,19.82333333,34.53,18.79,45.82333333,4.06,51.75666667,20.1,28.82333333,22.5,38.39,18.5,39.09,4.58,766.55,82.83333333,2,52,1.95
70,0,21.32333333,35.96666667,18.82333333,38.76,20.2,36.23,19.89,34.62666667,18.85666667,45.03333333,4.156666667,51.39666667,20.1,29.03,22.5,38.79666667,18.5,39.23,4.5,766.6,83,2,52,1.9
50,0,21.29,36.09,18.79,38.96333333,20.13333333,36.29,19.82333333,34.62666667,18.85666667,44.56666667,3.963333333,50.53,20.1,29.13333333,22.39,38.96333333,18.5,39.36333333,4.63,766.6,83.33333333,2,51,2.07
50,0,21.23,36.09,18.73,39.22333333,20.16666667,36.4,19.79,34.7,18.82333333,44.16333333,3.76,51.36,20.1,29.32666667,22.39,39.22333333,18.5,39.4,4.77,766.6,83.66666667,2,50,2.23
40,0,21.2,36.23,18.6,39.32666667,20.16666667,36.46666667,19.79,34.7,18.82333333,43.89,3.566666667,52.16,20.1,29.42666667,22.29,39.45,18.5,39.425,4.9,766.6,84,2,49,2.4
40,10,21.2,36.29,18.6,39.46666667,20.2,36.5,19.79,34.7,18.89,43.63333333,3.163333333,53.26666667,20.1,29.56666667,22.2,39.62666667,18.5,39.5,5.03,766.6,84.33333333,2,48,2.57
50,0,21.1,36.43333333,18.5,39.59,20.13333333,36.5,19.79,34.76,18.82333333,43.3,3.03,54.86,20.1,29.7,22.2,39.83333333,18.5,39.5,5.17,766.6,84.66666667,2,47,2.73
40,0,21.1,36.5,18.42666667,39.59,20.1,36.46333333,19.76,34.79,18.85666667,43.02666667,3,56.6,20.03333333,29.7,22.16666667,40.3,18.5,39.56,5.3,766.6,85,2,46,2.9
50,0,21.06666667,36.56,18.39,39.7,20.1,36.59,19.7,34.79,18.85666667,42.9,3.095,58.7,20,29.82333333,22.1,40.63333333,18.5,39.59,5.18,766.55,84.5,2.166666667,47,2.72
50,0,21,36.56,18.32333333,39.76,20.1,36.53,19.7,34.79,18.79,42.66333333,3.333333333,59.46666667,20,29.89,22.1,41.86666667,18.5,39.66333333,5.07,766.5,84,2.333333333,48,2.53
50,0,20.89,36.59,18.2,39.79,20.1,36.59,19.7,34.79,18.79,42.53,3.626666667,59.89,20,30.03333333,22.03333333,42.26,18.5,39.7,4.95,766.45,83.5,2.5,49,2.35
30,0,20.89,36.66333333,18.1,39.93333333,20.1,36.59,19.7,34.79,18.79,42.4,3.76,59.96333333,20,30.1,22.03333333,42.86666667,18.5,39.7,4.83,766.4,83,2.666666667,50,2.17
20,0,20.89,36.7,18.1,40,20.2,36.59,19.7,34.86333333,18.79,42.295,3.833333333,59.56666667,20,30.2,22.03333333,43.26,18.5,39.7,4.72,766.35,82.5,2.833333333,51,1.98
30,0,20.82333333,36.7,17.96333333,40,20.13333333,36.59,19.6,34.79,18.79,42.2,3.566666667,58.82666667,19.89,30.29,22,43.76666667,18.5,39.76,4.6,766.3,82,3,52,1.8
50,10,20.79,36.7,17.89,40.06,20.1,36.59,19.6,34.79,18.79,42.09,3.133333333,59.19666667,19.89,30.35666667,22,43.96666667,18.5,39.79,4.28,766.3,83,2.666666667,50.83333333,1.65
40,0,20.7,36.73,17.85666667,40.06,20.1,36.66333333,19.6,34.82666667,18.79,42.09,2.933333333,60.39666667,19.89,30.5,21.89,44.23,18.5,39.79,3.97,766.3,84,2.333333333,49.66666667,1.5
60,0,20.7,36.79,17.79,40.06,20.03333333,36.62666667,19.6,34.9,18.79,42,2.663333333,60.73,19.89,30.5,21.89,44.36333333,18.5,39.82666667,3.65,766.3,85,2,48.5,1.35
50,0,20.7,36.79,17.79,40.12666667,20.1,36.76,19.6,34.9,18.79,42,2.53,61.39666667,19.89,30.6,21.89,44.59666667,18.5,39.9,3.33,766.3,86,1.666666667,47.33333333,1.2
60,0,20.7,36.79,17.73,40.26,20.1,36.79,19.6,34.9,18.73,41.9,2.363333333,62.16666667,19.82333333,30.6,21.89,44.79,18.5,39.9,3.02,766.3,87,1.333333333,46.16666667,1.05
50,0,20.6,36.7,17.7,40.43333333,20.1,36.73,19.6,34.9,18.79,41.82666667,2.23,62.76666667,19.79,30.6,21.79,44.79,18.5,39.9,2.7,766.3,88,1,45,0.9
40,0,20.6,36.7,17.63333333,40.5,20.1,36.76,19.5,34.9,18.76,41.79,2.06,63.23,19.79,30.6,21.79,44.79,18.5,40,2.58,766.35,88,1.166666667,44.5,0.783
50,0,20.56666667,36.79,17.6,40.5,20.1,36.76,19.5,34.9,18.7,41.79,1.933333333,63.62333333,19.79,30.7,21.79,44.9,18.5,40,2.47,766.4,88,1.333333333,44,0.667
40,0,20.5,36.79,17.53333333,40.56,20.2,36.79,19.5,34.9,18.7,41.73,1.76,64.4,19.79,30.76,21.79,44.9,18.5,40.03,2.35,766.45,88,1.5,43.5,0.55
50,10,20.5,36.79,17.5,40.62666667,20.2,36.79,19.5,34.9,18.7,41.79,1.7,64.8,19.79,30.73,21.73,45,18.5,40.09,2.23,766.5,88,1.666666667,43,0.433
30,0,20.5,36.86333333,17.42666667,40.62666667,20.2,36.82666667,19.5,34.9,18.7,41.7,1.79,66.345,19.79,30.79,21.7225,45,18.5,40.09,2.12,766.55,88,1.833333333,42.5,0.317
40,0,20.46333333,36.9,17.39,40.7,20.2,36.9,19.5,34.9,18.7,41.7,1.633333333,65.85666667,19.76,30.79,21.7,45.06,18.5,40.12666667,2,766.6,88,2,42,0.2
30,0,20.39,36.9,17.32333333,40.7,20.2,36.9,19.5,34.9,18.7,41.66333333,1.566666667,66.93,19.7,30.79,21.66666667,44.93,18.5,40.2,1.88,766.5666667,88.66666667,2,40.83333333,0.183
40,0,20.39,36.9,17.29,40.79,20.2,36.9,19.5,34.9,18.7,41.66333333,1.5,67.1,19.7,30.82333333,21.6,44.73,18.5,40.23,1.77,766.5333333,89.33333333,2,39.66666667,0.167
50,0,20.39,36.9,17.29,40.86333333,20.2,37.045,19.39,34.79,18.7,41.59,1.5,67.76666667,19.7,30.82333333,21.6,44.7,18.5,40.29,1.65,766.5,90,2,38.5,0.15
50,0,20.35666667,36.9,17.245,40.9,20.2,37.09,19.39,34.79,18.63333333,41.53,1.356666667,67.39666667,19.7,30.89,21.6,44.7,18.5,40.32666667,1.53,766.4666667,90.66666667,2,37.33333333,0.133
40,0,20.29,36.96666667,17.2,40.93333333,20.2,37.16333333,19.39,34.79,18.7,41.59,1.29,67.79666667,19.7,30.89,21.6,44.7,18.5,40.4,1.42,766.4333333,91.33333333,2,36.16666667,0.117
50,0,20.29,37,17.2,41,20.2,37.2,19.39,34.79,18.675,41.5675,1.23,68.23,19.6,30.82333333,21.53333333,44.7,18.5,40.4,1.3,766.4,92,2,35,0.1
60,10,20.29,37,17.2,41,20.26,37.26,19.39,34.79,18.66666667,41.5,1.23,68.75666667,19.6,30.89,21.5,44.7,18.5,40.46666667,1.25,766.4,92.16666667,1.833333333,34.66666667,0.0833
50,0,20.29,37,17.13333333,41.06,20.29,37.32666667,19.32333333,34.79,18.66666667,41.46666667,1.066666667,68.19,19.6,30.89,21.5,44.7,18.5,40.5,1.2,766.4,92.33333333,1.666666667,34.33333333,0.0667
60,0,20.2,36.9,17.1,41.09,20.29,37.4,19.35666667,34.79,18.6,41.4,1,68.19,19.6,30.89,21.39,44.59,18.5,40.56,1.15,766.4,92.5,1.5,34,0.05
40,0,20.2,36.9,17.1,41.09,20.29,37.4,19.29,34.79,18.6,41.4,0.866666667,68.12666667,19.6,30.96333333,21.39,44.79666667,18.5,40.59,1.1,766.4,92.66666667,1.333333333,33.66666667,0.0333
50,0,20.2,37,17.06666667,41.09,20.29,37.46666667,19.34,34.845,18.6,41.4,0.733333333,67.79333333,19.6,31,21.39,45,18.5,40.59,1.05,766.4,92.83333333,1.166666667,33.33333333,0.0167
50,0,20.13333333,37,17,41.03,20.29,37.4,19.29,34.79,18.6,41.4,0.466666667,67.89666667,19.53333333,31,21.39,45.13333333,18.5,40.59,1,766.4,93,1,33,0
30,0,20.1,36.9,16.96333333,41.12666667,20.29,37.46666667,19.29,34.79,18.6,41.4,0.333333333,67.62333333,19.5,31,21.46333333,45.26,18.5,40.66333333,0.783,766.4333333,93.16666667,1,32.5,-0.183
30,0,20.1,36.9,16.89,41.2,20.29,37.5,19.23,34.82666667,18.6,41.5,0.166666667,67.53,19.5,31,21.39,45.2,18.5,40.7,0.567,766.4666667,93.33333333,1,32,-0.367
20,0,20.1,36.9,16.89,41.23,20.29,37.5,19.23,34.82666667,18.6,41.5,0,67.545,19.5,31,21.39,45.2,18.5,40.76,0.35,766.5,93.5,1,31.5,-0.55
40,0,20.1,36.96666667,16.82333333,41.23,20.29,37.5,19.26,34.86333333,18.6,41.5,-0.1,67.99,19.5,31,21.39,45.2,18.5,40.79,0.133,766.5333333,93.66666667,1,31,-0.733
60,0,20,36.82666667,16.79,41.2,20.29,37.56,19.2,34.79,18.53333333,41.5,0,68.56,19.46333333,30.96333333,21.32333333,45.09,18.5,40.8175,-0.0833,766.5666667,93.83333333,1,30.5,-0.917
50,0,20,36.9,16.73,41.2,20.29,37.53,19.2,34.79,18.56666667,41.5,0.066666667,68.96,19.39,30.89,21.32333333,45.03,18.5,40.9,-0.3,766.6,94,1,30,-1.1
40,0,20,36.86333333,16.7,41.29,20.29,37.53,19.2,34.79,18.5,41.5,-0.066666667,68.29666667,19.46333333,30.96333333,21.29,45,18.5,40.9,-0.333,766.6333333,94,1,26.83333333,-1.13
50,0,20,36.86333333,16.7,41.36333333,20.29,37.59,19.2,34.79,18.5,41.53,-0.2,68.15666667,19.39,30.96333333,21.29,44.86333333,18.5,40.96666667,-0.367,766.6666667,94,1,23.66666667,-1.17
40,0,19.96333333,36.9,16.66666667,41.4,20.29,37.53,19.2,34.79,18.5,41.59,-0.2,68.59,19.39,31,21.23,44.59666667,18.5,41,-0.4,766.7,94,1,20.5,-1.2
50,0,19.89,36.9,16.6,41.4,20.29,37.5,19.16666667,34.79,18.5,41.59,-0.2,68.79666667,19.39,30.92666667,21.2,44.5,18.5,41.06,-0.433,766.7333333,94,1,17.33333333,-1.23
50,0,19.89,36.9,16.6,41.4,20.29,37.56,19.1,34.79,18.5,41.59,-0.133333333,69.16666667,19.39,31,21.2,44.5,18.5,41.09,-0.467,766.7666667,94,1,14.16666667,-1.27
60,0,19.89,36.9,16.56666667,41.5,20.29,37.5,19.13333333,34.79,18.5,41.59,-0.266666667,68.76,19.32333333,31,21.2,44.4,18.5,41.09,-0.5,766.8,94,1,11,-1.3
50,0,19.89,36.82666667,16.5,41.56,20.29,37.56,19.2,34.79,18.5,41.59,-0.3,69.53333333,19.29,31,21.2,44.32666667,18.5,41.12666667,-0.483,766.8333333,94.66666667,1,10.33333333,-1.2
50,0,19.82333333,36.82666667,16.5,41.62666667,20.29,37.56,19.1,34.79,18.5,41.7,-0.366666667,69.93333333,19.315,31,21.16666667,44.26,18.5,41.26,-0.467,766.8666667,95.33333333,1,9.666666667,-1.1
40,0,19.79,36.86,16.5,41.76,20.29,37.59,19.1,34.79,18.46333333,41.73,-0.4,70.06333333,19.32333333,31,21.1,44.2,18.5,41.23,-0.45,766.9,96,1,9,-1
40,0,19.79,37.2,16.5,41.92666667,20.29,37.53,19.1,34.82666667,18.39,42.19666667,-0.333333333,70.45666667,19.29,31,21.1,44.23,18.5,41.29,-0.433,766.9333333,96.66666667,1,8.333333333,-0.9
30,10,19.79,37.4,16.5,42.26,20.2,37.36333333,19.1,34.9,18.29,43.13333333,-0.066666667,70.96666667,19.29,31,21.1,44.43,18.5,41.29,-0.417,766.9666667,97.33333333,1,7.666666667,-0.8
30,0,19.85666667,37.7,16.5,42.4,20.2,37.29,19.1,35.045,18.29,43.66,0,70.9,19.29,30.92666667,21.1,44.65666667,18.5,41.29,-0.4,767,98,1,7,-0.7
50,0,19.85666667,37.7,16.56666667,42.4,20.16666667,37.26,19.1,35.06,18.26,44.15666667,0.2,71.445,19.29,30.8,21.1,44.79,18.5,41.26,-0.133,767.05,98.16666667,1,7.833333333,-0.4
100,0,19.89,39.66333333,16.6,42.33,20.1,37.26,19.03333333,35,18.2,44.36333333,0.533333333,72.06333333,19.2,30.46333333,21.1,44.4,18.5,41.2,0.133,767.1,98.33333333,1,8.666666667,-0.1
70,0,19.89,40.46333333,16.6,42.92333333,20.1,37.29,19.19666667,35.23,18.2,44.53,0.666666667,72.26333333,19.2,30.32333333,21.1,43.92666667,18.53333333,41.06,0.4,767.15,98.5,1,9.5,0.2
50,0,19.89,39.56333333,16.73,42.79666667,20.1,37.23,19.59666667,35.49,18.2,44.66333333,1.033333333,72.59,19.16666667,30.26,21,43.33333333,18.6,40.93333333,0.667,767.2,98.66666667,1,10.33333333,0.5
50,0,19.89,39.03,16.85666667,42.59,20.1,37.2,19.82333333,35.4,18.2,44.79,1.293333333,72.73,19.1,30.2,21,43.06666667,18.6,40.86333333,0.933,767.25,98.83333333,1,11.16666667,0.8
50,10,19.89,38.63333333,16.92666667,42.23333333,20.1,37,19.89,35.26666667,18.2,44.79,1.633333333,73.16,19.1,30.2,20.92666667,43.2,18.625,40.74,1.2,767.3,99,1,12,1.1
60,0,19.89,38.3,17.06666667,41.69333333,20,36.79,19.92666667,35.2,18.13333333,44.93333333,1.9,73.49333333,19.1,30.2,21,43.06666667,18.7,40.19666667,1.57,767.3333333,98.16666667,1,15.33333333,1.33
50,0,19.89,38.06,17.36,41.03333333,20,36.86333333,20,35.26,18.13333333,45,2.3,73.79333333,19.1,30.2,21,42.93333333,18.7,39.56333333,1.93,767.3666667,97.33333333,1,18.66666667,1.57
50,0,19.89,37.8,17.63333333,40.42666667,20,36.9,20.1,35.56,18.1,44.9,2.693333333,74.06,19.1,30.2,21,43.1225,18.7,39.29,2.3,767.4,96.5,1,22,1.8
40,0,19.85666667,37.43,18.06666667,39.53333333,20,36.82666667,20.16666667,35.5,18.1,44.9,3.156666667,74.22666667,19.1,30.23,21.06666667,43.16333333,18.7,39.13333333,2.67,767.4333333,95.66666667,1,25.33333333,2.03
60,0,19.85666667,37.29,18.395,38.7225,19.945,36.745,20.23,35.29,18.1,44.86333333,3.49,74.36666667,19.1,30.29,21.1,43.26,18.7,39.06,3.03,767.4666667,94.83333333,1,28.66666667,2.27
70,0,19.79,36.9,18.72666667,37.95666667,19.89,36.52666667,20.29,35.23,18.1,44.79,3.86,74.15666667,19.1,30.29,21.1,43.12666667,18.7,39.12666667,3.4,767.5,94,1,32,2.5
70,10,19.79,36.76666667,18.89,36.92333333,19.82333333,35.93333333,20.39,35.09,18.05,44.745,4.126666667,73.89666667,19.1,30.35666667,21.2,42.86333333,18.7,39.2,3.68,767.5,93.16666667,1,33.16666667,2.65
90,0,19.79,36.26,18.96333333,36.39,19.7,35.59,20.39,35.03,18,44.66333333,4.463333333,73.39333333,19.1,30.39,21.2,42.73,18.7,39.46333333,3.97,767.5,92.33333333,1,34.33333333,2.8
110,0,19.79,36.12666667,19.03333333,35.86333333,19.63333333,35.46333333,20.39,34.86333333,18,44.53,4.73,72.39333333,19.15,30.4175,21.29,42.66333333,18.7,39.66333333,4.25,767.5,91.5,1,35.5,2.95
80,0,19.79,35.76,19.16666667,35.79,19.6,35.32666667,20.39,34.73,18,44.46666667,5.16,71.2,19.16666667,30.5,21.29,42.59,18.7,39.82666667,4.53,767.5,90.66666667,1,36.66666667,3.1
90,10,19.79,35.645,19.46,35.66333333,19.6,35.46666667,20.5,34.66333333,18,44.4,5.366666667,68.2,19.2,30.5,21.39,42.5,18.7,39.96666667,4.82,767.5,89.83333333,1,37.83333333,3.25
120,0,19.73,35.62666667,19.53333333,34.99666667,19.56666667,35.43333333,20.42666667,34.53,18,44.36333333,5.695,61.495,19.2,30.5,21.46333333,42.36,18.66666667,40,5.1,767.5,89,1,39,3.4
140,0,19.7,35.29666667,19.26,34.22333333,19.5,35.43333333,20.445,34.4,18,44.29,6.16,56.06333333,19.23,30.39,21.5,42.06,18.6,40,5.5,767.5,85.5,1.166666667,42.66666667,3.15
110,0,19.7,34.96333333,19.26,34.16333333,19.5,35.4,20.46333333,34.33333333,18,44.4,6.433333333,51.39666667,19.29,30.32333333,21.56666667,41.93333333,18.63333333,40.03,5.9,767.5,82,1.333333333,46.33333333,2.9
80,10,19.7,34.9,19.42666667,34.06,19.5,35.4,20.46333333,34.2,18,44.32666667,6.623333333,49.15666667,19.32333333,30.26,21.63333333,41.56,18.7,40.09,6.3,767.5,78.5,1.5,50,2.65
60,0,19.7,34.9,19.56666667,33.93333333,19.53333333,35.4,20.5,34.16333333,18,44.29,6.83,47.15666667,19.46333333,30.2,21.76,41.36,18.7,40.09,6.7,767.5,75,1.666666667,53.66666667,2.4
170,10,19.7,35.03,19.63333333,33.86,19.6,35.4,20.56666667,34.09,18,44.23,7.123333333,45.03,19.6,30.06666667,21.92666667,41.13333333,18.7,40.09,7.1,767.5,71.5,1.833333333,57.33333333,2.15
230,10,19.7,35.49,19.63333333,34,19.46333333,35.4,20.6,34,17.96333333,44.06,7.33,42.49666667,19.66666667,29.92666667,22.06666667,40.86,18.6,40,7.5,767.5,68,2,61,1.9
230,0,19.7,36.23333333,19.6,33.9,19.39,35.52666667,20.66666667,34.06,17.89,44,7.66,40.73333333,19.82333333,29.79,22.32333333,40.49666667,18.625,40.0225,7.67,767.4666667,67.83333333,2.166666667,61.5,2.03
300,10,19.7,35.96666667,19.6,33.9,19.42666667,35.53,20.7,34.29,17.89,43.96666667,7.866666667,37.73333333,19.96333333,29.66333333,22.53,39.89,18.7,40.03,7.83,767.4333333,67.66666667,2.333333333,62,2.17
290,0,19.79,38.49333333,19.7,33.93333333,19.5,35.59,20.76,34.29,17.89,43.9,8.033333333,36.1,20.1,29.46333333,22.73,39.52666667,18.7,39.96666667,8,767.4,67.5,2.5,62.5,2.3
180,10,19.85666667,41.56666667,19.7,34.13333333,19.53333333,35.76666667,20.79,34.09,17.89,43.9,8.233333333,35.69333333,20.16666667,29.32333333,22.85666667,39.26666667,18.7,39.82666667,8.17,767.3666667,67.33333333,2.666666667,63,2.43
140,10,20.03333333,41.76666667,19.76,34.6,19.6,36.02666667,20.79,34.03,17.89,43.96666667,8.226666667,32.26,20.39,29.13333333,23.05,39.045,18.7,39.76,8.33,767.3333333,67.16666667,2.833333333,63.5,2.57
160,0,20.1,39.83333333,19.7,34.26666667,19.7,36.1,20.89,33.96666667,17.89,44.09,8.433333333,32.66666667,20.46333333,29,23.36,38.83333333,18.7,39.7,8.5,767.3,67,3,64,2.7
200,10,20.2,38.56,19.7,34.09,19.7,35.76,20.82333333,33.82666667,17.89,43.96333333,8.63,31.29333333,20.63333333,28.85666667,23.63333333,38.62666667,18.7,39.66333333,8.55,767.25,65.33333333,3,57,2.35
210,10,20.26,38.63333333,19.76,34.12666667,19.76,35.7,20.79,33.7,17.89,43.69,8.763333333,30.83333333,20.76,28.73,23.79,38.4,18.7,39.59,8.6,767.2,63.66666667,3,50,2
130,0,20.32333333,40.9,19.76,34.46,19.82333333,36.03,20.79,33.76,17.89,43.59,8.83,27.76333333,20.86,28.5,23.85666667,38.32666667,18.73,39.5,8.65,767.15,62,3,43,1.65
130,10,20.46333333,40.16666667,19.79,35,19.89,36.36333333,20.89,34,17.89,43.59,8.89,27.35666667,21.075,28.4475,24.03333333,38.26,18.79,39.5,8.7,767.1,60.33333333,3,36,1.3
110,10,20.53333333,38.05666667,19.79,35,19.89,36.26,20.89,34.06,17.89,43.59,9.05,26.75,21.16666667,28.23,24.22666667,38.2,18.79,39.4,8.75,767.05,58.66666667,3,29,0.95
110,0,20.6,36.9475,19.7,34.13333333,19.89,35.92666667,20.89,34.16333333,17.89,43.53,9.19,26.42666667,21.32333333,28.16666667,24.42666667,37.96666667,18.79,39.32666667,8.8,767,57,3,22,0.6
90,0,20.6,36,19.7,33.8,19.89,35.52666667,20.89,34.0675,17.89,43.43,9.263333333,26.42666667,21.46333333,28.03333333,24.56666667,37.76666667,18.79,39.2,8.88,766.9666667,56.66666667,3.166666667,22,0.617
100,0,20.7,35.43,19.7,33.5,19.89,35.19333333,20.82333333,33.86,17.89,43.15666667,9.426666667,26.66666667,21.6,27.85666667,24.73,37.66333333,18.85666667,39.2,8.97,766.9333333,56.33333333,3.333333333,22,0.633
110,10,20.76,35.23,19.7,33.63333333,19.89,35,20.79,33.76,17.89,42.96666667,9.5,26.13333333,21.66666667,27.85666667,24.85666667,37.59,18.89,39.2,9.05,766.9,56,3.5,22,0.65
100,0,20.79,35.02666667,19.7,33.6,19.89,34.93333333,20.79,33.7,17.89,42.82666667,9.566666667,24.23333333,21.82333333,27.7,25.03333333,37.5,18.89,39.2,9.13,766.8666667,55.66666667,3.666666667,22,0.667
80,10,20.79,34.69333333,19.63333333,32.86,19.89,34.63333333,20.79,33.66333333,17.89,42.63333333,9.566666667,22.36666667,21.89,27.56666667,25.1,37.5,18.89,39.09,9.22,766.8333333,55.33333333,3.833333333,22,0.683
80,10,20.79,34.03333333,19.6,32.33333333,19.82333333,34.3,20.79,33.59,17.89,42.36,9.69,20.92666667,21.92666667,27.32666667,25.2,37.19666667,18.89,39.03,9.3,766.8,55,4,22,0.7
90,0,20.79,33.36666667,19.53333333,31.8,19.79,34.03,20.7,33.5,17.89,42.29,9.69,20.66666667,22.06666667,27.2,25.13333333,36.19666667,18.89,38.95,9.38,766.7833333,54.66666667,3.833333333,21.66666667,0.683
80,10,20.7,32.79666667,19.39,31.2,19.79,33.96333333,20.7,33.43333333,17.89,42.49,9.83,20.6,22.2,27.03,25.1,35.16,18.89,38.9,9.47,766.7666667,54.33333333,3.666666667,21.33333333,0.667
80,0,20.7,32.39,19.26333333,30.99333333,19.66666667,33.56333333,20.7,33.36333333,18.56666667,66.2,9.89,20.2,22.26,26.89,25.03333333,34.63333333,18.96333333,38.9,9.55,766.75,54,3.5,21,0.65
90,10,20.66666667,31.93,19.2,30.96333333,19.6,33.15666667,20.7,33.29,18.5,67.06,9.926666667,20.36666667,22.32333333,26.76,25,34.22333333,19.23,38.96666667,9.63,766.7333333,53.66666667,3.333333333,20.66666667,0.633
60,10,20.6,31.73,19.2,30.96333333,19.7,32.9,20.6,33.2,18.35666667,66.5,10,21.1,22.39,26.7,25,33.83,19.23,38.82666667,9.72,766.7166667,53.33333333,3.166666667,20.33333333,0.617
50,0,20.63333333,31.82333333,19.16666667,31.13333333,19.65,32.75,20.6,33.2,18.29,65.09333333,10,21.46,22.39,26.56666667,24.96333333,33.46666667,19.1,39,9.8,766.7,53,3,20,0.6
70,10,20.63333333,31.89,19.1,31.26,19.7,32.62666667,20.6,33.09,18.26,61.62666667,10.06666667,21.66666667,22.39,26.5,24.96333333,33.32666667,19.03333333,38.93333333,9.8,766.7,52.5,3.166666667,20.83333333,0.467
70,0,20.6,32.06666667,19.1,31.695,19.7,32.76666667,20.6,33.16333333,18.26,57.76,10.1,21.55666667,22.5,26.56666667,24.945,33.345,18.96333333,39.06,9.8,766.7,52,3.333333333,21.66666667,0.333
80,10,20.6,32.46,19.13333333,32.42666667,19.7,32.96666667,20.53333333,33.16333333,18.445,49.395,10.1,20.89,22.5,26.5,25.03333333,33.62666667,18.96333333,39.06,9.8,766.7,51.5,3.5,22.5,0.2
80,0,20.6,32.96333333,19.2,32.76,19.79,33.2,20.53333333,33.09,18.6,45.29666667,10.1,20.33333333,22.5,26.46333333,25.1,33.62666667,18.89,39.2,9.8,766.7,51,3.666666667,23.33333333,0.0667
70,10,20.6,33.16333333,19.2,33.22666667,19.79,33.26,20.5,33.09,18.66666667,43.36333333,10.025,19.625,22.5,26.365,25.1,33.36333333,18.89,39.2,9.8,766.7,50.5,3.833333333,24.16666667,-0.0667
80,10,20.6,33.26666667,19.2,33.5,19.89,33.5,20.5,33.09,18.63333333,41.8,10,19.3,22.5,26.29,25.1,33.29,19,39.2,9.8,766.7,50,4,25,-0.2
70,0,20.6,33.475,19.2,33.65666667,19.89,33.63333333,20.5,33.09,18.7,41.06666667,10,18.96333333,22.5,26.16666667,25.06666667,33.16333333,19,39.2,9.65,766.7,51.33333333,3.833333333,31.66666667,-2.78E-17
80,10,20.6,33.56,19.2,33.79,19.89,33.82666667,20.4175,33.0225,18.79,40.26666667,10,19.03,22.42666667,26.03333333,24.92666667,33.16333333,18.92666667,39.2,9.5,766.7,52.66666667,3.666666667,38.33333333,0.2
100,0,20.6,33.7,19.36666667,33.39666667,19.89,33.9,20.39,32.93333333,18.79,39.72666667,9.86,18.73333333,22.39,25.89,24.89,33.23,19,39.2,9.35,766.7,54,3.5,45,0.4
90,10,20.53333333,33.7,19.9,32.26333333,19.89,33.9,20.39,32.9,18.72666667,40.05666667,9.726666667,18.53333333,22.39,25.89,24.96333333,33.36333333,18.96333333,39.2,9.2,766.7,55.33333333,3.333333333,51.66666667,0.6
90,10,20.5,33.4,19.76,31.86,19.89,33.82666667,20.39,32.9,18.6,41.05666667,9.463333333,18.8,22.29,25.79,25,33.53,18.89,39.2,9.05,766.7,56.66666667,3.166666667,58.33333333,0.8
100,0,20.5,33.26666667,19.36,32.19333333,19.92666667,33.79,20.32333333,32.9,18.5,42.03,9.33,19.13333333,22.29,25.73,25,33.59,19,39.2,8.9,766.7,58,3,65,1
60,10,20.5,33.06,19.16666667,32.43333333,20,33.73,20.32333333,32.9,18.5,42.43,9.126666667,19.66666667,22.16666667,25.6,25,33.7,19,39.2,8.55,766.7666667,59.5,3,64.66666667,1.02
80,0,20.5,33,19.1,32.63333333,20,33.52666667,20.29,32.9,18.5,42.73,8.793333333,20.46666667,22.1,25.6,25,33.76,19,39.2,8.2,766.8333333,61,3,64.33333333,1.03
90,10,20.5,32.9,19,32.73,20,33.4,20.29,32.9,18.42666667,42.73,8.366666667,21.53333333,22,25.53333333,25,33.82666667,18.96333333,39.2,7.85,766.9,62.5,3,64,1.05
100,0,20.5,32.9,19,32.86333333,20,33.46666667,20.2,32.79,18.39,42.79,7.76,22.66,21.92666667,25.6,25,33.96666667,18.96333333,39.2,7.5,766.9666667,64,3,63.66666667,1.07
390,10,20.6,32.96666667,19.06666667,33.2,20,33.4,20.2,32.79,18.39,42.86333333,7.06,24.65666667,21.85666667,25.7,24.96333333,34.09,18.89,39.2,7.15,767.0333333,65.5,3,63.33333333,1.08
440,0,20.6,32.9,19.06666667,33.26,20,33.4,20.2,32.79,18.39,42.93333333,6.533333333,25.99,21.79,25.76,24.89,34.16333333,18.89,39.12666667,6.8,767.1,67,3,63,1.1
440,0,20.63333333,33.63,19.13333333,33.5,20,33.425,20.2,32.86333333,18.32333333,43,5.896666667,27.5,21.76,26.03333333,24.89,34.2,18.89,39.06,6.52,767.15,68.66666667,2.833333333,62.66666667,1.13
150,0,20.76,36.49666667,19.2,33.96,20.06666667,33.76666667,20.1,32.93333333,18.29,43.03,5.496666667,28.83333333,21.7,26.16666667,24.89,34.12666667,18.96333333,39,6.23,767.2,70.33333333,2.666666667,62.33333333,1.17
150,0,20.89,36.92333333,19.34,34.795,20.1,34.15666667,20.1,33,18.29,43.22333333,5.093333333,30.72666667,21.6,26.2,24.79,34.09,18.89,38.9,5.95,767.25,72,2.5,62,1.2
150,0,20.96333333,36.39,19.5,35.32666667,20.16666667,34.36333333,20.1,33,18.29,43.45,4.7175,32.3,21.6,26.26,24.73,34.09,18.89,38.9,5.67,767.3,73.66666667,2.333333333,61.66666667,1.23
350,10,21.13333333,35.99,19.56666667,35.4,20.2,34.53,20.1,33,18.29,43.62666667,4.53,33.86666667,21.5,26.39,24.7,34.245,18.89,38.9,5.38,767.35,75.33333333,2.166666667,61.33333333,1.27
140,10,21.26,37.59666667,19.63333333,35.56666667,20.2,34.66333333,20.1,33,18.29,43.7,4.33,35.06666667,21.42666667,26.32333333,24.7,34.22333333,18.89,38.9,5.1,767.4,77,2,61,1.3
130,10,21.42666667,37.79666667,19.7,36.23333333,20.29,35.12666667,20.1,33.395,18.29,43.96333333,4.063333333,35.59333333,21.34,26.39,24.63333333,33.83,18.96333333,38.9,4.93,767.4666667,77.83333333,2,60,1.28
450,10,21.56666667,37.53,19.79,36.56666667,20.29,35.33333333,20.1,34.13333333,18.29,44.22333333,3.86,38.19333333,21.26,26.86666667,24.56666667,33.5,18.89,38.9,4.77,767.5333333,78.66666667,2,59,1.27
230,0,21.65,36.995,19.79,36.7,20.32333333,35.62666667,20.1,34.6925,18.52666667,54.76666667,4.06,41.46666667,21.32666667,28.66666667,24.5,33.36,18.89,38.9,4.6,767.6,79.5,2,58,1.25
300,0,21.7,36.33333333,19.79,36.59,20.39,35.7,20.1,34.86333333,19.26,75.36666667,4.026666667,41.89,21.5,29.53333333,24.39,33.29,18.89,38.9,4.43,767.6666667,80.33333333,2,57,1.23
170,0,21.7,36.2,19.79,36.72333333,20.39,35.7,20.1,34.9,19.16666667,72.03,3.966666667,44.63,21.42666667,28.99333333,24.32333333,33.29,18.96333333,38.9,4.27,767.7333333,81.16666667,2,56,1.22
110,0,21.7,36.06,19.79,37.06666667,20.39,35.7,20.1,34.96666667,19.03333333,70.42333333,3.723333333,45.39666667,21.26,28.72666667,24.26,33.22333333,18.96333333,38.9,4.1,767.8,82,2,55,1.2
110,0,21.7,36,19.73,37.26,20.39,35.82666667,20.1,35.03,18.96333333,67.73333333,3.463333333,46.45666667,21.2,28.53333333,24.2,33.09,19,38.9,4.08,767.8,82,2.166666667,56,1.18
80,0,21.7,36,19.7,37.5,20.39,35.9,20.1,35.09,18.89,62.32666667,3.163333333,47.83333333,21.1,28.39,24.16666667,33.06,19,38.9,4.07,767.8,82,2.333333333,57,1.17
250,0,21.76,36.06,19.63333333,37.83333333,20.39,35.93333333,20.1,35.2,19.16333333,52.53,3.03,49.9,21.1,28.39,24.03333333,32.93333333,18.945,38.9,4.05,767.8,82,2.5,58,1.15
420,0,21.79,36.2,19.6,38.23,20.39,36.06,20.1,35.26,19.35666667,49.39,3.03,52.82666667,21,28.29,24,32.9,18.96333333,38.9,4.03,767.8,82,2.666666667,59,1.13
150,0,21.73,36.26,19.53333333,38.43,20.35666667,36.2,20.1,35.43333333,19.42666667,46.53,3.03,53.96666667,20.92666667,28.29,23.92666667,32.9,18.96333333,38.9,4.02,767.8,82,2.833333333,60,1.12
110,0,21.7,36.29,19.39,38.56666667,20.29,36.26,20.1,35.5,19.5,45.26333333,2.863333333,54.86333333,20.89,28.39,23.89,33,18.89,38.9,4,767.8,82,3,61,1.1
100,0,21.7,36.29,19.39,38.76,20.29,36.32666667,20.1,35.5,19.5,44.06333333,2.73,55.53,20.89,28.39,23.82333333,33,18.89,38.9,3.72,767.85,82.83333333,3,60,0.967
100,0,21.7,36.29,19.29,38.9,20.29,36.475,20.1,35.56,19.56666667,43.32333333,2.59,57.46666667,20.79,28.29,23.76,33,19,38.9,3.43,767.9,83.66666667,3,59,0.833
100,0,21.7,36.23,19.23,38.9,20.29,36.5,20.06666667,35.46666667,19.6,42.62333333,2.4725,57.62,20.79,28.29,23.7,33,18.92666667,38.9,3.15,767.95,84.5,3,58,0.7
80,0,21.7,36.2,19.15,39,20.32333333,36.5,20.06666667,35.46666667,19.6,42.15666667,2.433333333,57.89333333,20.7,28.2,23.7,32.96666667,18.89,38.9,2.87,768,85.33333333,3,57,0.567
90,10,21.7,36.2,19.1,39.09,20.32333333,36.5,20,35.4,19.63333333,41.66333333,2.363333333,57.76,20.7,28.2,23.63333333,32.82666667,18.89,38.9,2.58,768.05,86.16666667,3,56,0.433
70,0,21.66666667,36.2,19.03333333,39.09,20.29,36.43333333,20,35.4,19.5725,41.82,2.156666667,57.62666667,20.7,28.73333333,23.6,33.13333333,18.96333333,38.9,2.3,768.1,87,3,55,0.3
60,10,21.6,36.2,18.96333333,38.9,20.23,36.43333333,20,35.4,19.39,42.95666667,2.06,58.73333333,20.76,29.13333333,23.675,33.975,18.96333333,38.9,2.17,768.1166667,87,2.833333333,55.5,0.183
60,0,21.6,36.09,18.89,38.9,20.2,36.43333333,20,35.4,19.26,44.29333333,2,58.92666667,20.79,29.445,23.7,34.89333333,18.92666667,38.9,2.03,768.1333333,87,2.666666667,56,0.0667
30,0,21.6,36.03,18.85666667,38.86333333,20.2,36.5,19.89,35.4,19.13333333,45.03333333,1.633333333,58.83,20.79,29.66333333,23.6,35.53,19,38.9,1.9,768.15,87,2.5,56.5,-0.05
40,0,21.5,36,18.79,38.79,20.16666667,36.4,19.945,35.3175,19.1,45.92666667,1.5,59.69666667,20.79,29.93,23.6,36.12333333,18.89,38.93333333,1.77,768.1666667,87,2.333333333,57,-0.167
30,0,21.5,36,18.7,38.9,20.1,36.46666667,19.89,35.29,19.03333333,46.4,1.326666667,60.13333333,20.79,30.16333333,23.56666667,36.65666667,18.96333333,39.06,1.63,768.1833333,87,2.166666667,57.5,-0.283
30,0,21.5,36,18.63333333,38.9,20.1,36.46666667,19.89,35.2,18.96333333,47,1.2,60.72666667,20.79,30.43,23.5,36.86333333,18.89,39.09,1.5,768.2,87,2,58,-0.4
60,0,21.39,35.9,18.56666667,38.93333333,20.03333333,36.32666667,19.89,35.2,18.89,47.4,1.133333333,61.53333333,20.79,30.63333333,23.39,37.06666667,18.89,39.16333333,1.42,768.1833333,87.16666667,2,57,-0.467
60,0,21.39,35.9,18.5,38.93333333,20,36.29,19.85666667,35.13333333,18.85666667,47.7,1,62.06666667,20.79,30.76,23.32333333,37.33333333,18.89,39.2,1.33,768.1666667,87.33333333,2,56,-0.533
60,0,21.35666667,35.9,18.39,38.82666667,20,36.23,19.85666667,35.06,18.79,47.83333333,0.866666667,62.26333333,20.79,31.03333333,23.29,37.69333333,18.96333333,39.26,1.25,768.15,87.5,2,55,-0.6
50,0,21.29,35.9,18.32333333,38.9,20.1,36.32666667,19.79,35,18.79,48.06666667,0.866666667,62.99,20.79,31.22666667,23.29,38.02666667,18.89,39.29,1.17,768.1333333,87.66666667,2,54,-0.667
50,0,21.26,35.79,18.26,38.76,20.1,36.32666667,19.79,35,18.73,48.26,0.666666667,62.6,20.79,31.42666667,23.26,38.32666667,18.89,39.32666667,1.08,768.1166667,87.83333333,2,53,-0.733
60,0,21.2,35.79,18.2,38.7,20.1,36.29,19.79,34.96666667,18.7,48.43333333,0.625,64.27,20.79,31.42666667,23.2,38.52666667,18.89,39.4,1,768.1,88,2,52,-0.8
50,0,21.2,35.79,18.1,38.73,20.1,36.36333333,19.79,34.9,18.63333333,48.5,0.7,65.22666667,20.79,31.5,23.2,38.96333333,18.89,39.4,0.933,768.1166667,88,1.833333333,51.5,-0.867
50,0,21.13333333,35.79,18.1,38.79,20.1,36.4,19.79,34.9,18.66666667,48.66333333,0.466666667,64.46666667,20.79,31.56666667,23.13333333,39.29666667,18.89,39.46666667,0.867,768.1333333,88,1.666666667,51,-0.933
60,0,21.1,35.79,18,38.82666667,20.125,36.4,19.79,34.9,18.6,48.66333333,0.466666667,65.39333333,20.7,31.8,23.13333333,39.59,18.92666667,39.5,0.8,768.15,88,1.5,50.5,-1
50,0,21.1,35.79,17.92666667,38.9,20.2,36.4,19.7,34.9,18.56666667,48.73,0.4,65.69666667,20.76,32.06,23.13333333,39.59,19,39.5,0.733,768.1666667,88,1.333333333,50,-1.07
40,0,21.06666667,35.79,17.84,38.95,20.2,36.43333333,19.7,34.82666667,18.56666667,48.86333333,0.333333333,66.15666667,20.76,32.26666667,23.1,39.7,18.89,39.59,0.667,768.1833333,88,1.166666667,49.5,-1.13
40,0,21,35.73,17.76,39.03,20.2,36.5,19.7,34.86333333,18.5,48.82666667,0.2,66.66666667,20.76,32.46666667,23.1,39.7,18.89,39.59,0.6,768.2,88,1,49,-1.2
40,0,21,35.7,17.7,39.09,20.2,36.46666667,19.7,34.79,18.5,48.9,0.133333333,67.33333333,20.76,32.59,23.1,39.59,18.92666667,39.7,0.583,768.2333333,88.16666667,1,48.5,-1.2
30,0,20.92666667,35.7,17.66666667,39.23,20.2,36.46666667,19.7,34.79,18.5,48.96666667,0.066666667,67.56,20.76,32.66333333,23.03333333,39.46333333,18.92666667,39.7,0.567,768.2666667,88.33333333,1,48,-1.2
50,0,20.89,35.66333333,17.6,39.36333333,20.2,36.5,19.7,34.79,18.39,48.9,0,67.89333333,20.7,32.73,23,39.4,18.89,39.7,0.55,768.3,88.5,1,47.5,-1.2
60,0,20.89,35.59,17.56666667,39.53,20.2,36.56,19.6,34.7,18.39,48.9,-0.1,67.75666667,20.7,32.79,22.89,39.4,18.96333333,39.76,0.533,768.3333333,88.66666667,1,47,-1.2
50,0,20.85666667,35.56,17.5,39.59,20.2,36.62666667,19.6,34.645,18.39,48.9,-0.1,68.23,20.7,32.79,22.89,39.4,18.92666667,39.79,0.517,768.3666667,88.83333333,1,46.5,-1.2
60,0,20.79,35.5,17.46333333,39.7,20.2,36.7,19.6,34.62666667,18.39,48.96666667,-0.1,68.79666667,20.7,32.93333333,22.89,39.43333333,18.92666667,39.79,0.5,768.4,89,1,46,-1.2
60,0,20.79,35.5,17.39,39.7,20.2,36.7,19.6,34.59,18.29,49,-0.1,68.79666667,20.7,33.13333333,22.82333333,39.36,18.89,39.82666667,0.317,768.3666667,89.5,1.166666667,44,-1.28
50,0,20.79,35.5,17.29,39.7,20.2,36.76,19.6,34.59,18.29,49,-0.1,69.15666667,20.7,33.23,22.79,39.29,18.89,39.9,0.133,768.3333333,90,1.333333333,42,-1.37
60,0,20.73,35.5,17.29,39.76,20.29,36.9,19.6,34.59,18.29,49,-0.166666667,69.23,20.7,33.36333333,22.79,39.29,18.89,39.9,-0.05,768.3,90.5,1.5,40,-1.45
50,0,20.7,35.46666667,17.2,39.7,20.29,36.9,19.6,34.59,18.29,49,-0.2,69.345,20.7,33.5,22.79,39.32666667,18.89,39.96666667,-0.233,768.2666667,91,1.666666667,38,-1.53
50,0,20.7,35.4,17.2,39.76,20.29,36.9,19.5,34.59,18.29,49,-0.233333333,69.5,20.7,33.56,22.79,39.4,18.945,40,-0.417,768.2333333,91.5,1.833333333,36,-1.62
50,0,20.66666667,35.36333333,17.1,39.79,20.29,36.9,19.5,34.59,18.29,49,-0.366666667,69.22666667,20.7,33.59,22.76,39.29,18.89,40.09,-0.6,768.2,92,2,34,-1.7
40,0,20.6,35.29,17.1,39.79,20.29,37,19.5,34.5,18.2,49,-0.533333333,68.79666667,20.7,33.59,22.7,39.29,18.89,40.09,-0.733,768.2333333,92.16666667,1.833333333,34,-1.82
40,0,20.6,35.29,17.1,39.79,20.29,37,19.5,34.5,18.2,49,-0.666666667,68.53,20.7,33.59,22.7,39.26,18.92666667,40.09,-0.867,768.2666667,92.33333333,1.666666667,34,-1.93
50,0,20.53333333,35.29,17.03333333,39.79,20.29,37,19.5,34.5,18.2,49,-0.833333333,68.52333333,20.7,33.59,22.7,39.26,18.92666667,40.09,-1,768.3,92.5,1.5,34,-2.05
30,0,20.5,35.29,16.96333333,39.79,20.29,37.0675,19.5,34.5,18.2,49,-0.966666667,68.59666667,20.7,33.59,22.6,39.2,18.89,40.2,-1.13,768.3333333,92.66666667,1.333333333,34,-2.17
50,0,20.5,35.29,16.89,39.79,20.29,37.09,19.5,34.5,18.2,49,-1,69.26,20.63333333,33.59,22.6,39.2,18.89,40.2,-1.27,768.3666667,92.83333333,1.166666667,34,-2.28
60,0,20.46333333,35.2,16.84,39.79,20.2,37,19.5,34.5,18.2,49,-1,69.46666667,20.6,33.59,22.6,39.2,18.89,40.23,-1.4,768.4,93,1,34,-2.4
40,0,20.39,35.2,16.79,39.79,20.2,37,19.39,34.36333333,18.1,49.09,-1.133333333,69.23,20.6,33.59,22.6,39.2,18.96333333,40.29,-1.27,768.4666667,93,1.333333333,34.83333333,-2.27
60,0,20.39,35.2,16.79,39.86333333,20.2,37,19.39,34.29,18.1,49.045,-1.2,69.36333333,20.6,33.56,22.5,39.16333333,18.89,40.29,-1.13,768.5333333,93,1.666666667,35.66666667,-2.13
60,0,20.39,35.2,16.76,39.9,20.2,37,19.39,34.29,18.1,49.09,-1.23,69.62333333,20.6,33.5,22.5,39.09,18.89,40.29,-1,768.6,93,2,36.5,-2
50,0,20.29,35.16333333,16.7,39.96666667,20.2,37,19.39,34.29,18.1,49.09,-1.23,70.02333333,20.53333333,33.46666667,22.5,39.16333333,18.89,40.4,-0.867,768.6666667,93,2.333333333,37.33333333,-1.87
70,0,20.29,35.16333333,16.7,40,20.2,37,19.34,34.29,18.1,49.09,-1.2,70.29333333,20.6,33.475,22.5,39.16333333,18.89,40.4,-0.733,768.7333333,93,2.666666667,38.16666667,-1.73
50,0,20.29,35.16333333,16.63333333,40,20.2,37,19.39,34.29,18.1,49.09,-1.2,70.5,20.53333333,33.5,22.39,39.09,19,40.43333333,-0.6,768.8,93,3,39,-1.6
50,0,20.29,35.09,16.6,40.03,20.26,37,19.32333333,34.29,18.1,49.09,-1.2,70.6,20.5,33.5,22.39,39.2,19,40.5,-0.683,768.8666667,93.16666667,2.833333333,39.5,-1.67
50,0,20.23,35.03,16.6,40.09,20.29,37,19.35666667,34.26,18.1,49.09,-1.125,71.0425,20.5,33.43333333,22.32333333,39.2,18.89,40.5,-0.767,768.9333333,93.33333333,2.666666667,40,-1.73
50,0,20.2,35,16.5,40.12666667,20.29,37.06,19.29,34.26,18.03333333,49.03,-1.1,71.26333333,20.5,33.62666667,22.29,39.29,18.89,40.5,-0.85,769,93.5,2.5,40.5,-1.8
30,0,20.2,35,16.5,40.12666667,20.29,37.09,19.29,34.2,18,49,-1,71.36666667,20.5,33.76,22.29,39.29,19,40.53,-0.933,769.0666667,93.66666667,2.333333333,41,-1.87
40,0,20.1,35.03,16.5,40.09,20.23,37.03,19.29,34.2,18,49,-1,71.16,20.5,33.82666667,22.29,39.4,18.92666667,40.59,-1.02,769.1333333,93.83333333,2.166666667,41.5,-1.93
40,0,20.1,35.09,16.5,40.16333333,20.2,37,19.29,34.2,18,49,-1,71.12333333,20.5,33.9,22.23,39.32666667,19,40.59,-1.1,769.2,94,2,42,-2
40,0,20.1,35.09,16.46333333,40.16333333,20.2,37,19.23,34.12666667,18,49,-1,71.06333333,20.5,33.9,22.2,39.29,18.89,40.59,-1.02,769.2666667,94,2.333333333,42.83333333,-1.92
60,0,20.1,35.09,16.39,40.09,20.1,37,19.2,34.09,18,49,-1,71.03,20.5,33.96666667,22.2,39.29,18.96333333,40.66333333,-0.933,769.3333333,94,2.666666667,43.66666667,-1.83
70,0,20,35,16.39,40.03,20.1,37,19.2,34.09,18,49,-1,71.03,20.5,34,22.2,39.32666667,18.92666667,40.7,-0.85,769.4,94,3,44.5,-1.75
60,0,20,35,16.39,40.16333333,20.1,37,19.26,34.5,18,49,-1,70.96333333,20.5,34,22.13333333,39.4,19,40.7,-0.767,769.4666667,94,3.333333333,45.33333333,-1.67
60,0,20,35.03,16.39,40.23,20.1,36.9,19.2,34.63333333,17.92666667,49,-0.933333333,71.09,20.5,34.09,22.1,39.5,18.89,40.7,-0.683,769.5333333,94,3.666666667,46.16666667,-1.58
60,0,20,35.09,16.445,40.2675,20.03333333,36.69333333,19.2,34.82666667,17.96333333,49,-0.866666667,71.09,20.5,34.09,22.1,39.56,18.96333333,40.7,-0.6,769.6,94,4,47,-1.5
70,0,19.96333333,35.12666667,16.46333333,40.12666667,20,36.4,19.26,34.96666667,17.89,49,-0.733333333,71.23,20.39,34.06,22.1,39.59,19,40.7,-0.467,769.65,93.33333333,4,48.83333333,-1.45
70,0,19.89,35.2,16.5,40.09,20,36.4,19.23,35.15666667,17.89,49,-0.666666667,71.23,20.39,33.93333333,22.1,39.66333333,19,40.7,-0.333,769.7,92.66666667,4,50.66666667,-1.4
70,0,19.89,35.2,16.56666667,40.09,20,36.4,19.29,35.29,17.89,49,-0.533333333,71.09,20.39,33.86333333,22.1,39.82666667,19,40.7,-0.2,769.75,92,4,52.5,-1.35
70,0,19.89,35.26,16.63333333,40.23,20.06666667,36.46666667,19.32333333,35.46333333,17.89,49,-0.366666667,70.96666667,20.39,33.73,22.1,39.9,19,40.7,-0.0667,769.8,91.33333333,4,54.33333333,-1.3
50,0,19.89,35.4,16.7,40.23,20.06666667,36.46666667,19.39,35.66333333,17.89,48.86333333,-0.233333333,70.76,20.39,33.7,22.03333333,39.96333333,19.03333333,40.62666667,0.0667,769.85,90.66666667,4,56.16666667,-1.25
60,0,19.89,35.46666667,16.79,39.96666667,20,36.32666667,19.55,35.845,17.89,48.59666667,0.05,70.495,20.365,33.32,22.03333333,39.96333333,19.1,40.62666667,0.2,769.9,90,4,58,-1.2
60,0,19.89,35.69333333,16.99666667,39.82666667,20,36.23,19.73,35.6,17.89,48.22333333,0.366666667,70.16666667,20.29,33.13333333,21.96333333,39.63333333,19.13333333,40.36333333,0.567,769.8666667,88.5,4.333333333,58.83333333,-1.1
30,0,19.89,36.125,17.39333333,39.23333333,19.92666667,36.23,19.85666667,35.32666667,17.89,47.96333333,0.633333333,69.56666667,20.29,33.13333333,21.9725,39.425,19.2,39.83,0.933,769.8333333,87,4.666666667,59.66666667,-1
60,10,19.89,36.33333333,17.79333333,38.63333333,19.89,36.2,19.92666667,35.02666667,17.89,47.66333333,0.866666667,68.19666667,20.29,33,22,39.4,19.2,39.13333333,1.3,769.8,85.5,5,60.5,-0.9
100,0,19.89,36.43,18.3,38.1,19.89,36.2,20.06666667,34.9,17.89,47.39,1.193333333,67.39666667,20.29,32.86333333,22,39.53,19.2,39,1.67,769.7666667,84,5.333333333,61.33333333,-0.8
120,0,19.89,36.36333333,18.63333333,37.69333333,19.89,36.2,20.23,34.82666667,17.89,47.1,1.663333333,66.39666667,20.23,32.59666667,22,39.46333333,19.2,38.86333333,2.03,769.7333333,82.5,5.666666667,62.16666667,-0.7
100,0,20.03333333,38.26666667,19.06666667,37.1,19.89,36.26,20.35666667,34.76666667,17.89,46.76666667,1.99,65.32333333,20.2,32.49,22.1,39.22333333,19.2,38.79,2.4,769.7,81,6,63,-0.6
90,0,20.1,38.86,19.32666667,36.9,20,36.29,20.4175,34.865,17.89,46.46666667,2.596666667,62.89666667,20.2,32.09666667,22.1,39.09,19.2,38.845,2.77,769.7,78.83333333,6.166666667,56.33333333,-0.633
100,0,20.1,38.16,19.66333333,36.66333333,20,36.29,20.56666667,35.16333333,17.89,46.32666667,2.99,59.15666667,20.2,31.73,22.06666667,38.13,19.2,39,3.13,769.7,76.66666667,6.333333333,49.66666667,-0.667
130,0,20.1,37.82666667,19.93,36.59,20,36.23,20.7,35.29,17.89,45.99,3.5,55.29333333,20.26,31.99,22.06666667,37.46333333,19.2,39,3.5,769.7,74.5,6.5,43,-0.7
130,0,20.1,37.66,20.23,36.22333333,20,36.29,20.7,35.29,17.89,45.59666667,3.9,50.96,20.29,31.82666667,22.23,37.16333333,19.2,39.16333333,3.87,769.7,72.33333333,6.666666667,36.33333333,-0.733
130,0,20.16666667,37.4,20.35666667,35.89,20,36.29,20.795,35.79,17.89,45.36333333,4.26,47.49333333,20.29,31.56666667,22.35666667,37.03,19.2,39.16333333,4.23,769.7,70.16666667,6.833333333,29.66666667,-0.767
130,0,20.2,37.15666667,20.6,35.52666667,20.03333333,36.23,20.89,36.29,17.89,45.29,4.466666667,46.3,20.29,31.13333333,22.53333333,36.96666667,19.1,39.32666667,4.6,769.7,68,7,23,-0.8
140,0,20.2,37.09666667,20.6975,35.245,20.03333333,36.23,21,36.06666667,17.89,45.2,4.76,44.03,20.35666667,30.8,22.6,36.82666667,19.1,39.4,4.9,769.6833333,67.66666667,6.833333333,23,-0.583
110,0,20.29,37.1,20.79,34.86,20.03333333,36.23,21,36.26,17.89,45.2,5.026666667,42.89666667,20.39,30.43,22.7,36.9,19.13333333,39.36333333,5.2,769.6666667,67.33333333,6.666666667,23,-0.367
60,0,20.29,36.9,20.79,34.79,20.1,36.29,20.89,36.33333333,18,46.83333333,5.226666667,41.26333333,20.39,30.23,22.76,37.02666667,19.2,39.09666667,5.5,769.65,67,6.5,23,-0.15
60,10,20.29,36.82666667,20.79,34.79,20.1,36.29,20.89,36.06666667,18,48.12,5.525,40.47,20.5,30.16666667,22.79,37.09,19.2,39,5.8,769.6333333,66.66666667,6.333333333,23,0.0667
50,0,20.35666667,37.1,20.79,34.72333333,20.1,36.43,21,35.63333333,18,48.2,5.933333333,39.36333333,20.56666667,29.96,22.79,36.96333333,19.2,39.06,6.1,769.6166667,66.33333333,6.166666667,23,0.283
60,0,20.39,36.79666667,20.73,34.53,20.1,36.4,21,35.36,17.92666667,48.06,6.366666667,37.95666667,20.73,29.72666667,22.92666667,36.56333333,19.2,39.23,6.4,769.6,66,6,23,0.5
70,0,20.46333333,36.53,20.7,34.4,20.1,36.4,21,35.045,18,47.93333333,6.56,36.69666667,20.865,29.5475,23,36.09666667,19.2,39.29,6.65,769.55,65.5,6,23.5,0.617
70,0,20.53333333,36.26,20.7,34.32666667,20.1,36.36333333,21,34.76,18,47.72333333,6.866666667,35.96,20.96333333,29.26333333,23.13333333,35.79666667,19.13333333,39.19333333,6.9,769.5,65,6,24,0.733
70,0,20.625,36.095,20.7,34.2,20.16666667,36.29,21.06666667,34.62666667,17.92666667,47.46333333,7,34.9,21.1,29.13333333,23.26,35.46333333,19.2,38.93333333,7.15,769.45,64.5,6,24.5,0.85
60,0,20.7,35.93333333,20.7,34.12666667,20.2,36.26,21.1,34.46666667,17.92666667,47.02666667,7.26,35.12666667,21.16666667,28.92666667,23.39,35.1,19.2,38.7,7.4,769.4,64,6,25,0.967
60,0,20.79,35.76,20.7,34,20.2,36.2,21.1,34.32666667,17.92666667,46.76666667,7.466666667,34.12666667,21.32333333,28.79,23.5,34.93,19.2,38.76,7.65,769.35,63.5,6,25.5,1.08
60,0,20.85666667,35.7,20.63333333,33.93333333,20.2,36.2,21.1,34.2,17.96333333,46.52666667,7.623333333,33.36,21.46333333,28.73,23.56666667,34.65666667,19.2,38.76,7.9,769.3,63,6,26,1.2
60,10,20.96,35.59,20.6,33.9,20.2,36.12666667,21.03333333,34.06666667,17.96333333,46.32666667,7.83,32.69333333,21.53333333,28.56666667,23.7,34.46666667,19.2,38.7,8.05,769.2833333,62.33333333,6,25.5,1.2
60,0,21.1,35.53,20.6,33.96666667,20.29,36.16333333,21,33.96666667,18,46.06,8.1,31.92666667,21.66666667,28.5,23.76,34.26666667,19.2,38.7,8.2,769.2666667,61.66666667,6,25,1.2
70,0,21.2,35.36333333,20.56666667,33.93333333,20.29,36.09,21,33.96666667,18,45.86,8.233333333,30.66,21.79,28.35666667,23.82333333,34,19.2,38.7,8.35,769.25,61,6,24.5,1.2
70,0,21.26,35.29,20.5,34,20.29,36.06,21,33.9,17.96333333,45.66333333,8.366666667,29.56,21.85666667,28.29,23.96333333,33.86,19.2,38.7,8.5,769.2333333,60.33333333,6,24,1.2
70,0,21.32333333,35.2,20.5,34.09,20.29,36,21,33.82666667,17.96333333,45.53,8.566666667,27.89333333,21.92666667,28.1,24.1,33.66333333,19.2,38.59,8.65,769.2166667,59.66666667,6,23.5,1.2
40,0,21.39,35.06666667,20.5,34.16333333,20.39,35.95,21,33.7,18,45.36333333,8.8,26.09666667,22.06666667,28.03333333,24.16666667,33.46333333,19.2,38.59,8.8,769.2,59,6,23,1.2
40,0,21.53333333,34.96666667,20.5,34.2,20.39,35.9,21,33.62666667,18,45.23,8.8,26.43,22.2,27.85666667,24.29,33.33333333,19.2,38.59,8.88,769.1166667,58.5,6.166666667,25.83333333,1.13
50,0,21.6,34.82666667,20.5,34.2,20.39,35.82666667,21,33.59,18,45.06,8.926666667,25.95666667,22.26,27.79,24.35666667,33.12666667,19.2,38.53,8.97,769.0333333,58,6.333333333,28.66666667,1.07
40,0,21.7,34.79,20.5,34.245,20.39,35.79,21,33.53,18,44.86,9.075,25.52,22.39,27.66666667,24.42666667,32.9,19.2,38.5,9.05,768.95,57.5,6.5,31.5,1
70,10,21.7,34.73,20.5,34.26,20.39,35.73,21,33.46666667,18,44.79,9.16,25.19666667,22.46333333,27.53333333,24.56666667,32.76666667,19.2,38.5,9.13,768.8666667,57,6.666666667,34.33333333,0.933
70,0,21.82333333,34.59,20.5,34.2,20.39,35.7,21,33.4,18,44.695,9.3,23.72333333,22.6,27.35666667,24.6,32.56,19.29,38.5,9.22,768.7833333,56.5,6.833333333,37.16666667,0.867
70,0,21.89,34.53,20.56666667,34.29,20.46333333,35.76,21,33.4,18,44.59,9.433333333,23.39,22.66666667,27.29,24.66666667,32.5,19.29,38.5,9.3,768.7,56,7,40,0.8
60,0,22,34.4,20.56666667,34.23,20.5,35.79,21,33.32666667,18,44.5,9.63,22.72666667,22.73,27.13333333,24.79,32.26,19.29,38.4,9.35,768.65,56,7,38,0.85
70,0,22,34.32666667,20.6,34.2,20.56666667,35.73,21,33.29,18,44.43333333,9.763333333,21.86666667,22.79,27,24.85666667,32.12666667,19.29,38.32666667,9.4,768.6,56,7,36,0.9
60,0,22.1,34.29,20.6,34.2,20.6,35.7,21,33.26,18,44.4,9.83,21.53333333,22.89,26.84,24.89,31.96333333,19.29,38.29,9.45,768.55,56,7,34,0.95
70,0,22.1,34.23,20.6,34.09,20.6,35.7,21,33.2,18,44.32666667,9.963333333,20.92666667,23,26.66666667,24.96333333,31.82333333,19.29,38.23,9.5,768.5,56,7,32,1
50,0,22.2,34.09,20.6,34.09,20.6,35.7,21,33.16333333,18,44.26,10,20.26333333,23,26.53333333,25.06666667,31.66666667,19.29,38.2,9.55,768.45,56,7,30,1.05
70,0,22.2,34.09,20.6,34.09,20.6,35.62666667,21,33.09,18,44.2,10,20.86333333,23.1,26.46333333,25.075,31.525,19.29,38.12666667,9.6,768.4,56,7,28,1.1
70,10,22.2,34.03,20.53333333,34.09,20.7,35.66333333,21,33.09,18,44.16333333,10.1,20.99,23.1,26.39,25.1,31.5,19.39,38.09,9.6,768.3666667,56.16666667,6.833333333,28,1.13
70,0,22.2,34,20.6,34.09,20.7,35.66333333,21,33.09,18,44.09,10.16,21.05666667,23.2,26.29,25.1,31.35666667,19.365,38.0225,9.6,768.3333333,56.33333333,6.666666667,28,1.17
70,0,22.26,34,20.6,34.09,20.7,35.66333333,21,33.09,18.1,44.09,10.16,20.16666667,23.2,26.23,25.16666667,31.23,19.35666667,38,9.6,768.3,56.5,6.5,28,1.2
40,0,22.29,33.96666667,20.56666667,34.12666667,20.7,35.59,21,33.09,18.1,44.09,10.1,20.69333333,23.2,26.2,25.2,31.16666667,19.39,37.96666667,9.6,768.2666667,56.66666667,6.333333333,28,1.23
40,0,22.29,33.9,20.5,34.26,20.79,35.56,20.96333333,33.03,18.1,44,10.1,20.83,23.2,26.2,25.2,31.1,19.39,37.9,9.6,768.2333333,56.83333333,6.166666667,28,1.27
40,0,22.29,33.86333333,20.5,34.4,20.73,35.5,20.89,33.09,18.1,44,10.1,21.23,23.2,26.16666667,25.2,31.06666667,19.39,37.9,9.6,768.2,57,6,28,1.3
40,0,22.29,33.79,20.5,34.4,20.7,35.5,20.89,33.09,18.1,43.9,10.1,20.89,23.2,26.1,25.13333333,31,19.39,37.9,9.47,768.2333333,57.16666667,6,28,1.25
70,0,22.26,33.76,20.5,34.29,20.7,35.43333333,20.89,33.03,18.1,43.9,10.03333333,21.15666667,23.16666667,26.1,25.1,31,19.39,37.79,9.33,768.2666667,57.33333333,6,28,1.2
70,0,22.2,33.7,20.69333333,34.03,20.7,35.43333333,20.89,32.9,18.13333333,43.76,9.945,21.445,23.1,26.03333333,25.1,30.92666667,19.39,37.79,9.2,768.3,57.5,6,28,1.15
80,10,22.2,33.66333333,21.495,32.7,20.7,35.5,20.82333333,32.76666667,18.2,43.7,9.66,22.39666667,23.1,26,25.1,30.89,19.39,37.79,9.07,768.3333333,57.66666667,6,28,1.1
90,50,22.13333333,33.72333333,21.15666667,32.99666667,20.76,35.5,20.79,32.62666667,18.2,43.59,9.533333333,23.12333333,23.03333333,25.92666667,25.03333333,31.09666667,19.39,37.79,8.93,768.3666667,57.83333333,6,28,1.05
80,50,22.2,34.36666667,20.76333333,34.19666667,20.79,35.53,20.79,33.03333333,18.32,43.9425,9.233333333,23.95666667,22.89,26.16666667,24.96333333,32.46666667,19.39,37.7,8.8,768.4,58,6,28,1
90,20,22.2,35.16666667,20.5,35.23333333,20.79,35.66333333,20.82333333,33.75666667,18.63333333,44,8.96,24.83,22.89,26.9,24.89,33.72666667,19.39,37.7,8.43,768.45,60,5.5,27.5,1.08
100,30,22.29,36.56666667,20.42666667,36.23333333,20.79,35.76666667,20.89,34.55666667,18.66666667,44.15666667,8.626666667,25.83,22.89,28,25,34.93333333,19.46333333,37.86333333,8.07,768.5,62,5,27,1.17
100,40,22.35666667,37.16,20.35666667,37.29333333,20.85666667,36.3,20.945,35.84,18.53333333,44.49,8.366666667,27.02333333,22.82333333,29.26666667,25,35,19.46333333,37.86333333,7.7,768.55,64,4.5,26.5,1.25
130,10,22.42666667,37.9,20.29,38.16666667,20.89,36.53,20.96333333,36.32666667,18.5,44.96333333,7.963333333,28.2,22.79,30.2,24.96333333,34.86333333,19.39,37.9,7.33,768.6,66,4,26,1.33
140,0,22.42666667,37.02666667,20.26,37.8,20.89,36.59,20.89,35.19333333,18.42666667,45.16333333,7.496666667,29.79333333,22.7225,30.2,24.89,34.53,19.39,37.96666667,6.97,768.65,68,3.5,25.5,1.42
140,0,22.29,36.22333333,20.13333333,37.4,20.89,36.56,20.79,34.63333333,18.39,45.29,7.06,31.49666667,22.63333333,30.06666667,24.79,33.86333333,19.39,38,6.6,768.7,70,3,25,1.5
130,10,22.2675,36.0975,20,37.29,20.89,36.43333333,20.79,34.36,18.39,45.29,6.6,32.55666667,22.5,29.85666667,24.79,33.39,19.46333333,38,6.47,768.7166667,70.83333333,3.166666667,24.5,1.52
120,0,22.2,35.82666667,19.92666667,37.36333333,20.89,36.4,20.7,34.29,18.39,45.2,6.23,34.2,22.5,29.79,24.66666667,33.13333333,19.5,38.03,6.33,768.7333333,71.66666667,3.333333333,24,1.53
110,0,22.16666667,35.66333333,19.79,37.29,20.89,36.32666667,20.7,34.36333333,18.39,45.2,6.03,35.59333333,22.39,29.7,24.525,32.925,19.5,38.0675,6.2,768.75,72.5,3.5,23.5,1.55
80,0,22.1,35.53,19.73,37.29,20.85666667,36.22333333,20.7,34.5,18.42666667,45.69333333,5.73,36.39333333,22.39,29.63333333,24.5,32.96666667,19.5,38.06,6.07,768.7666667,73.33333333,3.666666667,23,1.57
90,10,22.06666667,35.36333333,19.66666667,37.29,20.79,36.09,20.63333333,34.43333333,18.96666667,64.83333333,5.463333333,37.8,22.26,29.43,24.39,32.83333333,19.5,38.03,5.93,768.7833333,74.16666667,3.833333333,22.5,1.58
100,0,22,35.29,19.6,37.29,20.79,36,20.6,34.43333333,19.4,74.35666667,5.2,38.93333333,22.2,29.49666667,24.39,32.62666667,19.5,38.03,5.8,768.8,75,4,22,1.6
120,20,22,35.32666667,19.5,37.43333333,20.79,36.06,20.6,34.5,19.13333333,68.95666667,4.866666667,39.66,22.2,29.96,24.39,32.36333333,19.46333333,37.96666667,5.68,768.85,75.16666667,4,22.16666667,1.53
130,0,21.92666667,35.46666667,19.42666667,37.36,20.79,36.09,20.56666667,34.43333333,19.1,59.26,4.69,42.94,22.2,30.5,24.32333333,32.23,19.39,37.82666667,5.57,768.9,75.33333333,4,22.33333333,1.47
120,10,21.89,35.46666667,19.39,37.32666667,20.79,36.23,20.5,34.36,19.03333333,58.06666667,4.56,44.16333333,22.1,30.7,24.26,32.26,19.39,37.7,5.45,768.95,75.5,4,22.5,1.4
120,0,21.89,35.4,19.32333333,37.46666667,20.73,36.29,20.42666667,34.09,18.96333333,59.1,4.433333333,45.09,22.1,30.63333333,24.2,32.2,19.39,37.62666667,5.33,769,75.66666667,4,22.66666667,1.33
110,0,21.79,35.26,19.29,37.5,20.7,36.4,20.42666667,33.96333333,18.82333333,58.76666667,4.433333333,46.79333333,21.96333333,30.5,24.2,32.06,19.46333333,37.63333333,5.22,769.05,75.83333333,4,22.83333333,1.27
100,0,21.79,35.2,19.2,37.5,20.7,36.4,20.39,33.9,18.79,57.99666667,4.433333333,47.53333333,21.96333333,30.5,24.13333333,32,19.39,37.5,5.1,769.1,76,4,23,1.2
70,0,21.76,35.2,19.13333333,37.5,20.66666667,36.46666667,20.32333333,33.82666667,19.02,64.745,4.19,48.33333333,21.89,30.5,24.06666667,32.03,19.39,37.4,5.05,769.0833333,76.33333333,4,22.83333333,1.2
80,0,21.7,35.2,19.06666667,37.5,20.6,36.46666667,20.29,33.76,20.15666667,84.92333333,4.19,49.39333333,21.89,30.42666667,24,32.49666667,19.39,37.32666667,5,769.0666667,76.66666667,4,22.66666667,1.2
90,0,21.7,35.23,19,37.56,20.6,36.5,20.29,33.7,19.69333333,83.59333333,4.156666667,49.92333333,21.79,30.29,24,33.45666667,19.39,37.26,4.95,769.05,77,4,22.5,1.2
80,0,21.7,35.29,19,37.59,20.6,36.56,20.29,33.7,19.23333333,78.66666667,4.03,50.13,21.79,30.29,23.92666667,34.06333333,19.39,37.2,4.9,769.0333333,77.33333333,4,22.33333333,1.2
70,0,21.6,35.2,18.92666667,37.66333333,20.6,36.59,20.2,33.56,19.2,67.59,3.9,51.25666667,21.79,30.2,23.85666667,34.83,19.39,37.23,4.85,769.0166667,77.66666667,4,22.16666667,1.2
60,10,21.6,35.2,18.85666667,37.79,20.6,36.59,20.2,33.5,19.2,60.858,3.966666667,52.13,21.7225,30.2225,23.79,35.42333333,19.39,37.29,4.8,769,78,4,22,1.2
50,0,21.6,35.32666667,18.79,37.93,20.6,36.59,20.16666667,33.5,19.13333333,58.96666667,3.975,52.025,21.63333333,30.29,23.7675,35.5425,19.39,37.4,4.68,769.05,78.33333333,4,21.83333333,1.17
30,0,21.55,35.4,18.76,38.03,20.53333333,36.59,20.16666667,33.5,19.1,57.13333333,3.826666667,52.16666667,21.6,30.66333333,23.7,35.52666667,19.39,37.46666667,4.57,769.1,78.66666667,4,21.66666667,1.13
40,0,21.53333333,35.32666667,18.7,38.16333333,20.46333333,36.66333333,20.1,33.43333333,19.1,55.8,3.663333333,52.76666667,21.6,30.79,23.7,35.93333333,19.39,37.62666667,4.45,769.15,79,4,21.5,1.1
70,0,21.5,35.26,18.66666667,38.16333333,20.39,36.59,20.1,33.43333333,19.1,54.79,3.663333333,54.1,21.6,30.79,23.63333333,36,19.315,37.7,4.33,769.2,79.33333333,4,21.33333333,1.07
50,10,21.5,35.26,18.6,38.16333333,20.39,36.62666667,20.1,33.43333333,19,54.034,3.59,54.225,21.6,30.93,23.6,36.16,19.29,37.7,4.22,769.25,79.66666667,4,21.16666667,1.03
50,0,21.39,35.32666667,18.56666667,38.29,20.39,36.7,20.03333333,33.5,19,53.86333333,3.59,54.9,21.6,31.32333333,23.6,36.83,19.35666667,37.82666667,4.1,769.3,80,4,21,1
50,0,21.39,35.32666667,18.5,38.36333333,20.39,36.79,20,33.62666667,18.89,53.33333333,3.345,55.645,21.66666667,31.59666667,23.6,37.29666667,19.29,37.96666667,3.9,769.2833333,81,3.833333333,28.16666667,0.967
40,0,21.35666667,35.36333333,18.46333333,38.36333333,20.39,36.79,20,33.76,18.89,53.2,3.26,56.26,21.63333333,31.8,23.5,38.03,19.29,38.09,3.7,769.2666667,82,3.666666667,35.33333333,0.933
50,0,21.29,35.36333333,18.39,38.29,20.39,36.79,20,33.82666667,18.89,53.26666667,3.126666667,56.53333333,21.63333333,32.06,23.5,38.56333333,19.29,38.16333333,3.5,769.25,83,3.5,42.5,0.9
50,0,21.29,35.29,18.35666667,38.32666667,20.39,36.9,19.92666667,33.96666667,18.82333333,53.26666667,3.09,58.3,21.66666667,32.29,23.46333333,38.79,19.29,38.23,3.3,769.2333333,84,3.333333333,49.66666667,0.867
50,0,21.23,35.36333333,18.29,38.4,20.32333333,36.9,19.89,34,18.79,53.06,3.03,58.83333333,21.66666667,32.49,23.39,38.79,19.29,38.29,3.1,769.2166667,85,3.166666667,56.83333333,0.833
50,0,21.23,35.5,18.245,38.7,20.29,36.9,19.89,34.06,18.79,53,2.863333333,58.4,21.66666667,32.7,23.39,38.65666667,19.29,38.4,2.9,769.2,86,3,64,0.8
50,0,21.23,35.43333333,18.2,38.82666667,20.29,36.9,19.89,34.09,18.79,52.96666667,2.69,58.85,21.6,32.76,23.39,38.845,19.29,38.46666667,2.7,769.1833333,86.5,2.666666667,63.83333333,0.667
30,0,21.2,35.4,18.13333333,38.96666667,20.39,36.9,19.89,34.16333333,18.7675,52.795,2.5425,59.595,21.6,32.9,23.315,39.07,19.29,38.53,2.5,769.1666667,87,2.333333333,63.66666667,0.533
20,0,21.13333333,35.46666667,18.1,39,20.32333333,36.9,19.89,34.2,18.7,52.62666667,2.363333333,60.83,21.6,32.9,23.31,39.34,19.29,38.59,2.3,769.15,87.5,2,63.5,0.4
30,0,21.1,35.4,18.03333333,39,20.29,36.9,19.865,34.2,18.7,52.36333333,2.225555556,61.18111111,21.6,33.09,23.315,39.65,19.29,38.62666667,2.1,769.1333333,88,1.666666667,63.33333333,0.267
40,0,21.1,35.4,17.96333333,39.03,20.29,36.82666667,19.79,34.2,18.7,52.23,2.05,61.22888889,21.6,33.16333333,23.24235294,39.72117647,19.29,38.7,1.9,769.1166667,88.5,1.333333333,63.16666667,0.133
50,0,21.06666667,35.36333333,17.89,39.09,20.29,36.9,19.79,34.2,18.7,52.02666667,1.905,62.264375,21.6,33.32666667,23.2,39.67642857,19.29,38.73,1.7,769.1,89,1,63,0
50,0,21,35.29,17.85666667,39.16333333,20.23,36.82666667,19.79,34.2,18.7,51.82666667,1.724444444,62.42277778,21.6,33.4,23.2,39.545,19.29,38.79,1.72,769.05,88.83333333,1.333333333,63,0
50,0,21,35.29,17.79,39.09,20.29,36.9,19.79,34.2,18.6,51.66333333,1.527777778,62.98611111,21.55,33.5,23.13888889,39.58111111,19.29,38.82666667,1.73,769,88.66666667,1.666666667,63,0
60,0,20.92666667,35.36333333,17.76,39.09,20.29,36.9,19.79,34.2,18.6,51.46333333,1.342222222,63.39611111,21.6,33.59,23.1,39.68428571,19.29,38.9,1.75,768.95,88.5,2,63,0
40,0,20.89,35.4,17.76,39.16333333,20.29,36.9,19.76,34.2,18.6,51.29,1.198571429,63.81785714,21.6,33.66333333,23.06875,39.7475,19.29,39.03,1.77,768.9,88.33333333,2.333333333,63,0
40,0,20.85666667,35.36333333,17.7,39.2,20.29,36.9,19.7,34.2,18.6,51.23,1.038888889,64,21.56666667,33.7,23.04375,40.25125,19.29,39.09,1.78,768.85,88.16666667,2.666666667,63,0
50,0,20.79,35.29,17.63333333,39.2,20.29,36.9,19.7,34.26,18.5,51,0.9,64.06454545,21.5,33.83333333,23.02777778,40.61222222,19.29,39.09,1.8,768.8,88,3,63,0
50,0,20.79,35.4,17.6,39.23,20.29,36.9,19.7,34.26,18.56666667,50.93333333,0.727272727,64.43909091,21.5,34,23.03333333,40.73,19.29,39.09,1.67,768.7833333,88.16666667,3,63,-0.117
60,0,20.79,35.4,17.6,39.29,20.29,37,19.7,34.2,18.5,50.86333333,0.6,65.15333333,21.5,34,23.00555556,40.87166667,19.29,39.09,1.53,768.7666667,88.33333333,3,63,-0.233
40,0,20.7,35.4,17.5,39.29,20.29,36.93333333,19.7,34.2,18.5,50.73,0.488888889,65.04666667,21.5,34,23,40.91666667,19.29,39.09,1.4,768.75,88.5,3,63,-0.35
50,0,20.7,35.4,17.42666667,39.29,20.29,37,19.7,34.2,18.5,50.66333333,0.344444444,65.38777778,21.5,34.06,23,41.02388889,19.29,39.09,1.27,768.7333333,88.66666667,3,63,-0.467
30,0,20.7,35.4,17.39,39.43333333,20.39,36.96666667,19.63333333,34.12666667,18.5,50.53,0.372222222,66.32277778,21.5,34.2,22.98166667,41.09,19.29,39.2,1.13,768.7166667,88.83333333,3,63,-0.583
20,0,20.7,35.4,17.39,39.5,20.39,36.96666667,19.6,34.09,18.5,50.46666667,0.3,66.630625,21.5,34.2,22.90222222,41.09,19.29,39.2,1,768.7,89,3,63,-0.7
30,0,20.66666667,35.26,17.34,39.5,20.39,36.9,19.6,34.09,18.5,50.32666667,0.272222222,66.965,21.39,34.2,22.89,41.09,19.29,39.29,0.883,768.65,89,3,63,-0.8
40,0,20.6,35.2,17.29,39.59,20.39,36.96666667,19.6,34.09,18.46333333,50.26,0.177777778,66.84277778,21.46333333,34.2,22.89,41.32388889,19.29,39.29,0.767,768.6,89,3,63,-0.9
50,0,20.6,35.2,17.29,39.66333333,20.39,37,19.6,34.09,18.39,50.1175,-0.016666667,66.18111111,21.39,34.06,22.87888889,41.38777778,19.29,39.4,0.65,768.55,89,3,63,-1
50,0,20.6,35.2,17.2,39.7,20.39,37,19.53333333,34,18.46333333,50.09,-0.177777778,66.06722222,21.39,34,22.79555556,41.30222222,19.29,39.4,0.533,768.5,89,3,63,-1.1
50,0,20.5,35.2,17.2,39.7,20.39,37,19.525,34,18.39,49.96666667,-0.261111111,66.62666667,21.39,34.06,22.79,41.38777778,19.29,39.5,0.417,768.45,89,3,63,-1.2
60,0,20.5,35.2,17.13333333,39.73,20.39,37,19.5,34,18.39,49.9,-0.255555556,66.93388889,21.32333333,34.06,22.79,41.4,19.29,39.5,0.3,768.4,89,3,63,-1.3
50,0,20.5,35.2,17.13333333,39.79,20.39,37,19.5,34,18.39,49.86333333,-0.211111111,67.18222222,21.32333333,34.06,22.79,41.4,19.29,39.59,0.233,768.4,89.33333333,3,62.83333333,-1.32
50,0,20.5,35.2,17.06666667,39.76,20.39,37,19.5,34,18.32333333,49.79,-0.322222222,66.805,21.32333333,34.06,22.79,41.45555556,19.29,39.59,0.167,768.4,89.66666667,3,62.66666667,-1.33
50,0,20.46333333,35.16333333,17,39.76,20.39,37,19.5,33.9,18.39,49.7,-0.338888889,67.12777778,21.29,34.09,22.725,41.43333333,19.29,39.7,0.1,768.4,90,3,62.5,-1.35
40,0,20.39,35.09,17,39.82666667,20.39,37,19.42666667,33.82666667,18.39,49.62666667,-0.305555556,67.29,21.29,34.23,22.7,41.31444444,19.29,39.7,0.0333,768.4,90.33333333,3,62.33333333,-1.37
50,0,20.39,35.09,17,39.82666667,20.46333333,37.09,19.5,33.9,18.29,49.59,-0.416666667,66.96111111,21.29,34.29,22.7,41.41555556,19.29,39.73,-0.0333,768.4,90.66666667,3,62.16666667,-1.38
50,0,20.39,35.09,16.89,39.9,20.39,37.09,19.5,33.9,18.29,49.59,-0.483333333,67.11111111,21.29,34.23,22.7,41.43888889,19.29,39.79,-0.1,768.4,91,3,62,-1.4
40,0,20.32333333,35.09,16.89,39.9,20.39,37.09,19.39,33.76,18.29,49.5,-0.411111111,67.56611111,21.29,34.29,22.7,41.4,19.29,39.79,-0.0833,768.4,90.83333333,3.166666667,61.83333333,-1.4
30,0,20.29,35.09,16.89,39.9,20.39,37.09,19.39,33.7,18.29,49.5,-0.466666667,67.55611111,21.26,34.26,22.61666667,41.29333333,19.29,39.82666667,-0.0667,768.4,90.66666667,3.333333333,61.66666667,-1.4
30,0,20.29,35.03,16.82333333,39.82666667,20.39,37.09,19.39,33.7,18.29,49.4,-0.461111111,67.81888889,21.2,34.26,22.6,41.16944444,19.29,39.9,-0.05,768.4,90.5,3.5,61.5,-1.4
20,0,20.29,35.03,16.79,39.9,20.39,37.09,19.39,33.7,18.29,49.4,-0.416666667,68.125,21.26,34.26,22.6,41.09,19.29,39.9,-0.0333,768.4,90.33333333,3.666666667,61.33333333,-1.4
50,0,20.23,35.03,16.79,39.9,20.39,37.09,19.29,33.7,18.29,49.29,-0.419047619,68.01952381,21.2,34.12666667,22.55,41.145,19.29,39.96666667,-0.0167,768.4,90.16666667,3.833333333,61.16666667,-1.4
50,0,20.2,35,16.73,39.9,20.39,37.09,19.29,33.7,18.29,49.23,-0.488888889,67.83111111,21.2,34.06,22.52222222,41.29,19.29,40,0,768.4,90,4,61,-1.4
40,0,20.2,35,16.7225,39.925,20.39,37.16333333,19.29,33.7,18.29,49.16333333,-0.614285714,67.83190476,21.2,34,22.5,41.57555556,19.29,40,-0.0333,768.4333333,90.16666667,4.166666667,60.83333333,-1.42
50,0,20.2,35,16.7,40,20.39,37.2,19.29,33.7,18.23,49.09,-0.727777778,67.77333333,21.2,34.03,22.5,41.775,19.29,40.09,-0.0667,768.4666667,90.33333333,4.333333333,60.66666667,-1.43
50,0,20.2,35,16.7,40.06,20.39,37.2,19.29,33.7,18.26,49.06,-0.827777778,67.81888889,21.2,34.16333333,22.5,41.82055556,19.29,40.09,-0.1,768.5,90.5,4.5,60.5,-1.45
50,0,20.16666667,35,16.63333333,40,20.39,37.2,19.29,33.7,18.2,48.925,-0.9,67.75611111,21.1,34.23,22.49388889,41.81555556,19.23,40.06666667,-0.133,768.5333333,90.66666667,4.666666667,60.33333333,-1.47
60,0,20.1,35,16.6,40.03,20.39,37.2,19.245,33.645,18.2,48.9,-0.933333333,68.12888889,21.1,34.29,22.479375,41.8075,19.29,40.2,-0.167,768.5666667,90.83333333,4.833333333,60.16666667,-1.48
40,0,20.1,35,16.6,40.03,20.39,37.2,19.2,33.59,18.2,48.9,-0.95,68.35,21.1,34.43333333,22.4725,41.9,19.29,40.29,-0.2,768.6,91,5,60,-1.5
90,0,20.1,35.13333333,16.56666667,40.09,20.39,37.2,19.26,33.66333333,18.218,48.8,-0.9375,68.5325,21.1,34.63333333,22.445,42.095,19.29,40.29,-0.167,768.6666667,90.83333333,4.833333333,60.16666667,-1.5
40,10,20.1,35.65666667,16.5,40.16333333,20.39,37.2,19.26,33.52666667,18.35666667,47.84666667,-0.95,68.75,21.06666667,33.96666667,22.42666667,41.56111111,19.29,40.26,-0.133,768.7333333,90.66666667,4.666666667,60.33333333,-1.5
40,0,20.1,35.93,16.5,40.36,20.32333333,37.12666667,19.2,33.4,18.39,47.132,-0.835714286,69.05785714,20.92666667,33.22666667,22.33444444,40.73111111,19.29,40.2,-0.1,768.8,90.5,4.5,60.5,-1.5
30,0,20.1,35.66,16.5,40.16666667,20.35666667,37,19.2,33.06,18.46333333,46.63333333,-0.78,69.152,20.89,32.46,22.275,39.88166667,19.29,40.2,-0.0667,768.8666667,90.33333333,4.333333333,60.66666667,-1.5
30,0,20.03333333,35.19333333,16.5,39.52666667,20.29,36.93333333,19.2,32.93333333,18.5,46.09,-0.681818182,69.37181818,20.865,31.87,22.215,39.2925,19.29,40.12666667,-0.0333,768.9333333,90.16666667,4.166666667,60.83333333,-1.5
30,0,20,34.95,16.5,39.32666667,20.29,36.86333333,19.16666667,32.86333333,18.5,45.53,-0.571428571,69.4,20.79,31.3,22.2,38.634,19.29,40.09,0,769,90,4,61,-1.5
80,0,20,34.76,16.5,39.06,20.29,36.79,19.16666667,32.79,18.4725,45.3,-0.475,69.425,20.7,30.93,22.18,38.436,19.29,39.865,0.2,769,89.16666667,4.333333333,61.33333333,-1.42
380,0,20,34.62666667,16.5,38.93333333,20.29,36.56,19.1,32.73,18.38125,45.945,-0.2375,69.2125,20.7,30.66333333,22.15333333,38.0815,19.29,39.79,0.4,769,88.33333333,4.666666667,61.66666667,-1.33
310,0,20,34.86,16.53333333,38.82666667,20.23,36.36,19.1,32.59,18.29,46.59,0,69,20.6,30.29333333,22.12666667,37.727,19.39,39.69333333,0.6,769,87.5,5,62,-1.25
410,0,20,35,16.6,38.9,20.2,36.16333333,19.1,32.66333333,18.29,46.66333333,0.05,69,20.6,30.1,22.1,37.3725,19.39,39.22666667,0.8,769,86.66666667,5.333333333,62.33333333,-1.17
190,0,20,34.79,16.73,38.72333333,20.2,36.09,19.2,33.03,18.29,46.93333333,0.333333333,68.29,20.56666667,29.85666667,22.03333333,37.15666667,19.39,39.02666667,1,769,85.83333333,5.666666667,62.66666667,-1.08
130,0,20,34.73,16.85666667,38.59,20.2,36.09,19.26,33.16333333,18.29,47.06,0.533333333,67.49666667,20.5,29.66333333,22,36.86333333,19.39,38.76666667,1.2,769,85,6,63,-1
290,0,20,34.46666667,17.09666667,38.13333333,20.2,36.02666667,19.39,33.09,18.26,47.02666667,0.833333333,66.32333333,20.5,29.46333333,22,36.86333333,19.42666667,38.6,1.37,768.9666667,84.33333333,6.166666667,63.33333333,-0.967
80,0,20,34.4,17.6225,37.545,20.2,35.9,19.46333333,33.09,18.2,46.9,1.033333333,64.79666667,20.5,29.32333333,22,37,19.56666667,38.06666667,1.53,768.9333333,83.66666667,6.333333333,63.66666667,-0.933
100,0,20,34.29,18.19333333,36.72666667,20.2,35.76,19.63333333,33,18.2,46.86333333,1.323333333,62.92666667,20.5,29.2,21.89,37.03,19.5,37.46666667,1.7,768.9,83,6.5,64,-0.9
60,0,20,34.23,18.69666667,36.1,20.2,35.7,19.76,32.93333333,18.2,46.73,1.53,62.2,20.42666667,29.06666667,21.89,37.09,19.5,37.26666667,1.87,768.8666667,82.33333333,6.666666667,64.33333333,-0.867
280,0,20,34.26666667,19.09666667,35.63333333,20.2,35.3,19.82333333,32.9,18.2,46.66333333,1.963333333,60.26666667,20.39,28.85666667,21.89,36.99,19.5,37.23,2.03,768.8333333,81.66666667,6.833333333,64.66666667,-0.833
740,0,20,33.6,19.06666667,33.46666667,19.99333333,34.22666667,19.96333333,32.76666667,18.2,46.53,2.2925,58.395,20.39,28.73,21.82333333,36.53,19.5,37.36333333,2.2,768.8,81,7,65,-0.8
860,0,20,32.73,19.32666667,33.26666667,20.03333333,34.69666667,20,32.1,18.16666667,46.46666667,2.633333333,56.26666667,20.39,28.66666667,21.79,35.86333333,19.39,37.65666667,2.4,768.7833333,80,6.666666667,65,-0.767
490,0,20,33.06333333,19.69666667,33.09,20.22666667,35.49666667,20.03333333,31.89,18.1,46.26666667,2.963333333,53.8,20.39,28.53333333,21.73,35.39,19.39,37.86333333,2.6,768.7666667,79,6.333333333,65,-0.733
280,0,20.1,33.59666667,20.03,33.22333333,20.63333333,36.19333333,20.1,31.96333333,18.1,46.045,3.296666667,53.32666667,20.39,28.5,21.7,34.99,19.39,38.09666667,2.8,768.75,78,6,65,-0.7
280,10,20.1,33.86333333,20.26333333,33.2,20.82666667,36.52666667,20.13333333,32.09,18.1,45.66333333,3.53,51,20.39,28.42666667,21.7,34.73,19.39,38.36333333,3,768.7333333,77,5.666666667,65,-0.667
260,0,20.2,34.13333333,20.46333333,33.12666667,21.16333333,36.62666667,20.2,32.09,18.1,45.46333333,3.59,49.66666667,20.42666667,28.42666667,21.7,34.52666667,19.39,38.53,3.2,768.7166667,76,5.333333333,65,-0.633
250,0,20.26,34.46666667,20.73,33.09,21.49666667,36.83333333,20.2,32.32666667,18.1,45.26,3.826666667,49.53333333,20.5,28.3925,21.63333333,34.26666667,19.39,38.66333333,3.4,768.7,75,5,65,-0.6
220,0,20.29,34.645,20.79,33.16333333,21.79,36.83333333,20.2,32.46666667,18.1,45.06666667,3.966666667,48.53333333,20.5,28.23,21.6,33.96666667,19.39,38.7,3.4,768.6833333,75.5,5.166666667,57.5,-0.533
110,0,20.39,34.7,20.89,33.2,21.93,36.7,20.23,32.76666667,18.1,44.93,4.193333333,47.9,20.6,28.16666667,21.6,33.82666667,19.39,38.7675,3.4,768.6666667,76,5.333333333,50,-0.467
310,0,20.46333333,35.76,20.96333333,33.2,22,36.62666667,20.29,32.96666667,18.1,44.79,4.526666667,45.62666667,20.66666667,28.1,21.6,33.9,19.39,38.79,3.4,768.65,76.5,5.5,42.5,-0.4
270,0,20.6,35.95666667,21.03333333,33.3,21.92666667,36.56666667,20.42666667,33.39,18.1,44.79,4.726666667,43.83333333,20.73,28.1,21.53333333,33.82666667,19.39,38.76,3.4,768.6333333,77,5.666666667,35,-0.333
100,0,20.6,36.76333333,21.03333333,33.56,21.79,36.29,20.56666667,33.79666667,18.1,44.86333333,4.8,42.89333333,20.85666667,28.1,21.53333333,33.76,19.39,38.62666667,3.4,768.6166667,77.5,5.833333333,27.5,-0.267
70,0,20.63333333,37.56,21,33.96333333,21.79,36.29,20.63333333,34.19333333,18.06666667,45.03,4.93,43.13333333,20.92666667,27.96333333,21.6,33.7,19.39,38.7,3.4,768.6,78,6,20,-0.2
60,0,20.7,37.89333333,21,34.36333333,21.7,36.29,20.7,34.46666667,18.06666667,45.22333333,5.33,41.19333333,21,27.82333333,21.6,33.29,19.39,38.7,3.65,768.5666667,76.5,6,20.66666667,-0.217
60,0,20.79,38.4,21.03333333,34.89,21.7,36.29,20.82333333,34.62666667,18.1,45.62666667,5.4,38.9,21.1,27.66666667,21.6,32.95666667,19.46333333,38.86333333,3.9,768.5333333,75,6,21.33333333,-0.233
50,0,20.85666667,38.4,21.05,35.2225,21.63333333,36.29,20.89,34.7,18.1,45.83333333,5.466666667,39.1,21.16666667,27.53333333,21.63333333,32.59,19.39,38.79,4.15,768.5,73.5,6,22,-0.25
80,0,20.92666667,38.79,21.1,35.52666667,21.6,36.29,21,34.82666667,18.1,46.12666667,6.033333333,37.3,21.29,27.56666667,21.7,32.4475,19.39,38.76,4.4,768.4666667,72,6,22.66666667,-0.267
230,0,21.06666667,38.79,21,35.86,21.53333333,36.36333333,21,34.76666667,18.1,46.33333333,6.275,34.6475,21.35666667,27.42666667,21.7,32.12666667,19.39,38.7,4.65,768.4333333,70.5,6,23.33333333,-0.283
710,0,21.13333333,38.46666667,20.92666667,36.06,21.5,36.46333333,21,34.56,18.1,46.53,5.866666667,33.83,21.53333333,27.32666667,21.79,31.99,19.39,38.59,4.9,768.4,69,6,24,-0.3
570,0,21.26,38.52666667,20.89,36.26666667,21.56666667,37.13,21,34.375,18.1,46.59,5.726666667,33.62333333,21.6,27.2,21.79,31.79,19.46333333,38.59,5,768.3,67.83333333,6.166666667,24.5,-0.467
300,0,21.42666667,38.46666667,20.89,36.4,21.86,38.39,21,34.12666667,18.1,46.73,5.8,33.29,21.73,27.1,21.82333333,31.66666667,19.5,38.46666667,5.1,768.2,66.66666667,6.333333333,25,-0.633
230,0,21.56666667,38.13333333,20.79,36.22333333,22.13333333,38.86333333,21,34.02666667,18.1,46.79,5.763333333,32.83333333,21.85666667,27.03333333,21.89,31.72666667,19.5,38.32666667,5.2,768.1,65.5,6.5,25.5,-0.8
240,0,21.53333333,37.05666667,20.79,35.69666667,22.46,39.43333333,21,33.76666667,18.1,46.79,5.69,32.23333333,21.92666667,26.82666667,22,32.22333333,19.53333333,38.26,5.3,768,64.33333333,6.666666667,26,-0.967
220,0,21.6,36.39,20.7,35.26,22.66666667,39.69333333,21,33.56,18.1,46.66333333,5.833333333,31.56,22,26.63333333,22,31.95666667,19.53333333,38.2,5.4,767.9,63.16666667,6.833333333,26.5,-1.13
180,0,21.7,36.13333333,20.7,35.12666667,22.92666667,39.86333333,21,33.36,18.1,46.53,5.9,31.22666667,22.13333333,26.53,22.03333333,31.53,19.6,38.16333333,5.5,767.8,62,7,27,-1.3
100,0,21.76,35.86,20.66666667,35.06,23.06666667,39.65666667,20.92666667,33.26,18.1,46.36333333,6.063333333,31.53,22.2675,26.365,22.1,31.39,19.6,38.09,5.72,767.7333333,61.16666667,6.666666667,27.33333333,-1.27
240,10,21.92666667,35.63333333,20.6,34.93333333,23.16666667,39.19333333,21,33.12666667,18.1,46.23,6.263333333,30.72333333,22.35666667,26.23,22.13333333,31.13333333,19.6,38,5.93,767.6666667,60.33333333,6.333333333,27.66666667,-1.23
690,0,21.9475,34.77,20.46666667,33.42333333,22.83333333,37.26666667,21,32.96666667,18.1,45.96666667,6.433333333,30.16,22.5,26.06666667,22.26,31.13333333,19.6,37.975,6.15,767.6,59.5,6,28,-1.2
490,0,21.73,32.52666667,19.92666667,31.43,22.03333333,35.95666667,21,32.49333333,18.1,45.76666667,6.5,30.09333333,22.56666667,25.92666667,22.29,31.63333333,19.6,37.9,6.37,767.5333333,58.66666667,5.666666667,28.33333333,-1.17
320,0,21.73,32.49333333,19.73,31.23333333,22.29333333,36.29,20.96333333,31.85666667,18.1,45.29666667,6.726666667,30.36,22.7,25.96333333,22.35666667,31.63333333,19.6,37.86333333,6.58,767.4666667,57.83333333,5.333333333,28.66666667,-1.13
240,0,21.79,32.76666667,19.85666667,31.76,22.76333333,36.5,20.89,31.79,18.1,44.83,6.866666667,28.96666667,22.76,25.82333333,22.42666667,31.46333333,19.6,37.79,6.8,767.4,57,5,29,-1.1
270,0,21.82333333,33.33,20,32.23,23.03,36.9,20.89,31.79,18.1,44.43,6.963333333,28,22.89,25.76,22.5,31.26333333,19.66666667,37.86333333,6.93,767.3333333,57,5.166666667,28.5,-1
230,0,21.89,33.72333333,20.06666667,32.43,23.34,36.995,20.89,31.79,18.1,44.23,7.23,28.19333333,22.89,25.63333333,22.5,31.06666667,19.6,37.73,7.07,767.2666667,57,5.333333333,28,-0.9
220,0,21.92666667,34.03,20.03333333,32.46333333,23.53333333,36.66333333,20.92666667,31.82333333,18.1,44.06,7.333333333,27.49666667,23.03333333,25.5,22.5,30.86,19.7,37.79,7.2,767.2,57,5.5,27.5,-0.8
190,0,22,34.22333333,20.03333333,32.72333333,23.6,36.46333333,21,31.96333333,18.1,44,7.325,26.7425,23.1,25.42666667,22.53333333,30.56666667,19.7,37.79,7.33,767.1333333,57,5.666666667,27,-0.7
80,0,22.03333333,34.23,20.1,33.1,23.7,36.22333333,20.89,32.12666667,18.1,43.96666667,7.3,26.5,23.1,25.35666667,22.53333333,30.5,19.63333333,37.7,7.47,767.0666667,57,5.833333333,26.5,-0.6
240,10,22.1,34.43,20.1,33.36,23.63333333,35.89,20.96333333,32.26,18.1,43.9,7.366666667,25.86666667,23.1,25.29,22.5,30.34,19.7,37.7,7.6,767,57,6,26,-0.5
460,0,22.1,34.66666667,20.1,33.56,23.46333333,35.36,20.89,32.43333333,18.1,43.9,7.56,25.46666667,23.2,25.16666667,22.5,30.1,19.7,37.59,7.65,766.95,56.66666667,6,25.83333333,-0.517
590,0,22.1,34.86,20.1,33.96333333,23.46333333,35.83333333,20.89,32.595,18.1,43.9,7.833333333,25.26666667,23.2,25.1,22.5,30.1,19.7,37.66333333,7.7,766.9,56.33333333,6,25.66666667,-0.533
550,0,22.1,34.76,20.1,34.09,23.6,35.99,20.89,32.83333333,18.1,43.93333333,7.9,24,23.2,25,22.5,30.1,19.7,37.7,7.75,766.85,56,6,25.5,-0.55
560,10,22.16666667,34.7,20,34.23,23.72666667,35.73,20.89,33,18.16666667,44,8,23.6,23.2,24.92666667,22.5,30.03333333,19.76,37.7,7.8,766.8,55.66666667,6,25.33333333,-0.567
350,0,22.2,34.66333333,20,34.29,23.82333333,35.5,20.89,33.06,18.1,44.09,8,22.2,23.29,24.96333333,22.56666667,30,19.7,37.7,7.85,766.75,55.33333333,6,25.16666667,-0.583
250,0,22.2,34.53,20,34.29,23.96333333,35.56,21,33.23,18.2,44.2,8,21.73333333,23.29,24.82333333,22.5,30,19.7,37.7,7.9,766.7,55,6,25,-0.6
210,10,22.2,34.22333333,20,34.29,24.13333333,35.52666667,21,33.36333333,18.2,44.2,7.933333333,21.26,23.26,24.72666667,22.5,29.96333333,19.7,37.7,7.77,766.6833333,55.83333333,5.666666667,25,-0.533
150,0,22.2,34.03,19.96333333,34.43333333,24.26,35.26666667,21,33.5,18.2,44.2,8,21.39666667,23.2,24.6,22.5,29.89,19.7,37.7,7.63,766.6666667,56.66666667,5.333333333,25,-0.467
80,0,22.2,33.93333333,20.15666667,34.3,24.29,34.93,21,33.5,18.2,44.2,7.933333333,21.66333333,23.2,24.5,22.5,29.89,19.7,37.76,7.5,766.65,57.5,5,25,-0.4
210,0,22.2,34.0475,20.82333333,33.02666667,24.23,34.59666667,21,33.5,18.2,44.2,7.763333333,21.6,23.1,24.39,22.5,29.82333333,19.7,37.7,7.37,766.6333333,58.33333333,4.666666667,25,-0.333
580,10,22.2,33.99,20.55666667,33.3,24.03,34.22333333,21,33.5,18.26,44.2,7.69,21.93333333,23.1,24.39,22.46333333,29.85666667,19.7,37.7,7.23,766.6166667,59.16666667,4.333333333,25,-0.267
310,0,22.2,34.82666667,20.06666667,34.19666667,23.76333333,33.96333333,21,33.5,18.29,44.09,7.433333333,22.53333333,22.96333333,24.26,22.46333333,29.79,19.7,37.79,7.1,766.6,60,4,25,-0.2
270,0,22.2,35.1,19.86,35.13,23.56666667,33.93333333,21,33.5,18.29,44.16333333,7.226666667,22.86666667,22.82333333,24.13333333,22.5,29.89,19.7,37.79,6.7,766.6333333,61.66666667,3.833333333,24.5,-0.233
250,0,22.2,35.89,19.76,36.56666667,23.42666667,33.93333333,21,33.4,18.29,44.26666667,6.933333333,23.42666667,22.79,24.1,22.5,29.96333333,19.7,37.56,6.3,766.6666667,63.33333333,3.666666667,24,-0.267
380,0,22.2,36.36333333,19.63333333,37.3,23.26,34.09,21,33.06666667,18.29,44.46666667,6.57,24.175,22.73,24.16666667,22.5,30,19.7,37.56,5.9,766.7,65,3.5,23.5,-0.3
470,10,22.2,37.03,19.6,38.29333333,23.2,34.195,20.89,32.63333333,18.29,44.62666667,6.16,25.86,22.6,24.1,22.5,30,19.7,37.59,5.5,766.7333333,66.66666667,3.333333333,23,-0.333
290,0,22.2,37.62333333,19.53333333,39.03333333,23.13333333,34.29,20.82333333,32.36,18.29,44.83333333,5.7,27.19,22.53333333,24.16666667,22.5,30,19.7,37.59,5.1,766.7666667,68.33333333,3.166666667,22.5,-0.367
80,10,22.36,39.63333333,19.5,40.54,23,34.36666667,20.79,32.06,18.29,45.15666667,5.366666667,28.59666667,22.39,24.23,22.5,30.13333333,19.7,37.59,4.7,766.8,70,3,22,-0.4
90,10,22.56666667,40.49333333,19.5,42.56666667,23.06666667,34.76,20.79,32,18.29,45.56333333,5.06,29.96,22.39,24.35666667,22.46333333,30.13333333,19.7,37.59,4.7,766.7833333,69.16666667,3,22.16666667,-0.55
100,10,22.7,40.09,19.5,42.56666667,22.96333333,34.86,20.7,32.06,18.29,46.19333333,4.866666667,30.29333333,22.29,24.53333333,22.39,30,19.66666667,37.56,4.7,766.7666667,68.33333333,3,22.33333333,-0.7
100,0,22.7,39.83,19.53333333,42.2,22.89,35.06,20.7,32.725,18.29,46.6,4.763333333,31.06666667,22.29,24.53333333,22.29,30,19.6,37.5,4.7,766.75,67.5,3,22.5,-0.85
110,10,22.6,39.16,19.6,42.06666667,22.85666667,35.2,20.7,33.76666667,18.29,46.93333333,4.69,30.86,22.16666667,24.39,22.26,30.06666667,19.63333333,37.53,4.7,766.7333333,66.66666667,3,22.66666667,-1
110,10,22.6,38.69333333,19.7,41.72333333,22.79,35.26,20.7,34.12666667,18.29,47.06,4.433333333,31.03333333,22.1,24.39,22.2,30,19.63333333,37.53,4.7,766.7166667,65.83333333,3,22.83333333,-1.15
140,20,22.6,38.29666667,19.76,41.33,22.76,35.43333333,20.7,34.26,18.795,63.55,4.16,31.43333333,22,24.32333333,22.23,30.36,19.6,37.23,4.7,766.7,65,3,23,-1.3
110,40,22.66666667,38.03,19.79,41.06,22.7,35.56,20.63333333,34.42666667,19.29,70.73,4.026666667,32.13333333,21.92666667,24.39,22.29,30.69333333,19.66666667,37.36333333,4.45,766.7,65.83333333,2.833333333,22.83333333,-1.38
110,20,22.7,37.76,19.85666667,40.86,22.79,35.62666667,20.7,34.96,19.29,67.59,3.766666667,32.26666667,21.85666667,24.39,22.35666667,31,19.6,37.4,4.2,766.7,66.66666667,2.666666667,22.66666667,-1.47
90,30,22.7,37.56666667,19.89,40.43,22.73,35.62666667,20.7,35.46666667,19.5,64.79666667,3.626666667,32.79,21.79,24.39,22.35666667,31,19.6,37.4,3.95,766.7,67.5,2.5,22.5,-1.55
110,20,22.73,37.22333333,19.96333333,40.09666667,22.5,35.32666667,20.7,35.4,19.5,62.53,3.626666667,32.65666667,21.76,24.42666667,22.29,30.85666667,19.6,37.5,3.7,766.7,68.33333333,2.333333333,22.33333333,-1.63
90,10,22.79,37.03,20,39.79666667,22.5,35.46666667,20.7,35.26,19.35666667,60.66666667,3.526666667,32.65666667,21.675,24.4725,22.29,30.79,19.6,37.5,3.45,766.7,69.16666667,2.166666667,22.16666667,-1.72
100,0,22.79,36.8,20,39.53,22.5,35.5,20.63333333,35.06666667,19.69,75.52666667,3.466666667,33.12333333,21.6,24.46333333,22.29,30.79,19.6,37.5,3.2,766.7,70,2,22,-1.8
120,10,22.79,36.52666667,20,39.33333333,22.5,35.43333333,20.6,34.86333333,21.15666667,86.02333333,3.4,33.26666667,21.6,24.5,22.29,30.99666667,19.6,37.5,3.17,766.7,70.16666667,2.166666667,22,-1.82
110,30,22.79,36.26666667,20,39.12666667,22.5,35.4,20.6,34.79,20.63,87.76333333,3.25,33.2925,21.53333333,24.5,22.29,32.06,19.53333333,37.5,3.13,766.7,70.33333333,2.333333333,22,-1.83
100,20,22.79,36.06,19.96333333,38.93333333,22.5,35.32666667,20.6,34.33333333,19.82666667,81.65666667,2.926666667,33.59,21.46333333,24.56666667,22.35666667,32.73333333,19.56666667,37.5,3.1,766.7,70.5,2.5,22,-1.85
100,20,22.79,36,19.89,39,22.46333333,35.26,20.6,34.06666667,19.82666667,69.59,2.663333333,34.69666667,21.39,24.5,22.42666667,33.22666667,19.56666667,37.5,3.07,766.7,70.66666667,2.666666667,22,-1.87
120,20,22.7,36,19.85666667,39.09,22.39,35.2,20.7,33.93333333,20,59.36333333,2.53,35.09666667,21.35666667,24.53333333,22.5,33.56,19.53333333,37.5,3.03,766.7,70.83333333,2.833333333,22,-1.88
110,20,22.7,36,19.79,39.09,22.32333333,35.2,20.7,33.86,20,54.82333333,2.133333333,35.59666667,21.29,24.6,22.5,33.93333333,19.53333333,37.5,3,766.7,71,3,22,-1.9
90,30,22.7,36,19.745,39.045,22.29,35.2,20.7,33.7,20.1,51.03333333,1.933333333,36.93,21.29,24.6,22.56666667,34.06,19.5,37.5,2.87,766.6833333,71.16666667,2.833333333,22,-1.97
70,20,22.63333333,35.93333333,19.66666667,38.93333333,22.29,35.2,20.76,33.83333333,20.1,48.83333333,1.9,37.62333333,21.29,24.72666667,22.7,34.23,19.5,37.5,2.73,766.6666667,71.33333333,2.666666667,22,-2.03
60,20,22.6,35.93333333,19.6,39.06,22.29,35.4,20.79,34.36,20,47.55666667,1.966666667,38.15666667,21.29,25.09666667,22.7,34.62333333,19.56666667,37.43333333,2.6,766.65,71.5,2.5,22,-2.1
70,30,22.6,36,19.56666667,39.26666667,22.29,35.4,20.865,34.6725,20,46.69666667,2.09,38.49,21.29,25.43,22.7,35.3,19.5,37.56,2.47,766.6333333,71.66666667,2.333333333,22,-2.17
60,20,22.5,36.03,19.42666667,39.4,22.29,35.5,20.89,34.79,20,45.83333333,1.963333333,38.29,21.29,25.56666667,22.7,35.77,19.5,37.7,2.33,766.6166667,71.83333333,2.166666667,22,-2.23
50,20,22.5,36.09,19.35666667,39.56666667,22.29,35.5,21,35,20,45.22666667,1.933333333,38.69333333,21.29,25.76,22.7,36.13333333,19.5,37.76,2.2,766.6,72,2,22,-2.3
60,30,22.39,36.09,19.23,39.76,22.29,35.59,21,35,20,44.645,1.933333333,38.56,21.29,25.92666667,22.7,36.56666667,19.5,37.79,2.07,766.6,72.66666667,2.166666667,22,-2.33
60,20,22.39,36.09,19.2,40.03,22.29,35.59,21.03333333,35.03,19.96333333,44.1,1.9,38.32666667,21.23,26,22.7,36.83333333,19.5,37.79,1.93,766.6,73.33333333,2.333333333,22,-2.37
60,20,22.35666667,36.2,19.06666667,39.96333333,22.32333333,35.59,21.1,35.03,19.89,43.69333333,1.826666667,38.66,21.2,26.13333333,22.6,37.03,19.5,37.79,1.8,766.6,74,2.5,22,-2.4
70,20,22.29,36.2,19,40.09,22.32333333,35.59,21.1,34.9,19.96333333,43.22333333,1.76,39.09,21.2,26.26,22.6,37.09,19.5,37.86333333,1.67,766.6,74.66666667,2.666666667,22,-2.43
70,30,22.26,36.16333333,18.92666667,40.09,22.26,35.52666667,21.1,34.9,19.89,42.96333333,1.7,39.49666667,21.2,26.39,22.5,37.23,19.5,37.9,1.53,766.6,75.33333333,2.833333333,22,-2.47
50,10,22.2,36.16333333,18.79,40.06666667,22.2,35.46666667,21.1,34.79,19.89,42.63333333,1.65,39.845,21.125,26.4975,22.42666667,37.36333333,19.5,37.9,1.4,766.6,76,3,22,-2.5
60,10,22.16666667,36.12666667,18.73,40.2,22.2,35.5,21.1,34.79,19.89,42.36,1.43,39.76666667,21.1,26.6,22.39,37.65666667,19.5,37.9,1.28,766.55,76.33333333,2.833333333,21.83333333,-2.55
40,0,22.1,36.1175,18.66666667,40.2,22.13333333,35.5,21.1,34.63333333,19.89,42.2,1.23,40.1,21.1,26.7,22.39,37.93,19.5,37.9,1.17,766.5,76.66666667,2.666666667,21.66666667,-2.6
40,0,22.03333333,36.03,18.6,40.26,22.1,35.5,21.03333333,34.36,19.82333333,42,0.866666667,40.55666667,21.1,26.7,22.39,38.56666667,19.5,37.9,1.05,766.45,77,2.5,21.5,-2.65
20,10,22,36,18.56666667,40.5,22.1,35.43333333,21,34.22333333,19.79,41.76,0.733333333,41.75666667,21.1,26.82333333,22.39,38.76,19.46333333,37.96666667,0.933,766.4,77.33333333,2.333333333,21.33333333,-2.7
30,0,22,36,18.42666667,40.56,22,35.29,20.92666667,34.09,19.79,41.56666667,0.566666667,42.4,21.03333333,26.82333333,22.29,38.79,19.39,37.96666667,0.817,766.35,77.66666667,2.166666667,21.16666667,-2.75
30,0,21.96333333,36,18.35666667,40.73,22,35.29,20.85666667,33.93,19.76,41.4,0.3,42.59333333,21,26.82333333,22.29,38.86333333,19.42666667,38.03,0.7,766.3,78,2,21,-2.8
60,0,21.89,35.93333333,18.29,40.79,21.84,35.245,20.79,33.86333333,19.76,41.26666667,0.166666667,44.43333333,21,26.89,22.29,39,19.42666667,38.03,0.633,766.35,78.83333333,2,28.33333333,-2.72
50,0,21.79,35.79,18.2,40.745,21.85666667,35.26,20.76,33.93333333,19.7,41.16333333,0.166666667,44.89333333,21,27,22.29,39.06,19.39,38,0.567,766.4,79.66666667,2,35.66666667,-2.63
50,0,21.79,35.79,18.16666667,40.82666667,21.79,35.2,20.7,34,19.7,41.03,0.2,45.99,21,27,22.29,39.2,19.39,38.06,0.5,766.45,80.5,2,43,-2.55
50,0,21.76,35.79,18.1,40.9,21.79,35.23,20.6,34,19.7,40.9,0.133333333,45.65666667,20.89,27.03333333,22.29,39.26,19.39,38.09,0.433,766.5,81.33333333,2,50.33333333,-2.47
50,0,21.7,35.79,18,40.79,21.79,35.29,20.6,34,19.7,40.82666667,0.1,46.9,20.89,27.1,22.23,39.23,19.46333333,38.16333333,0.367,766.55,82.16666667,2,57.66666667,-2.38
40,0,21.66666667,35.76,17.92666667,40.73,21.79,35.29,20.53333333,34,19.66666667,40.66333333,0.1,47.43333333,20.89,27.13333333,22.23,39.23,19.5,38.2,0.3,766.6,83,2,65,-2.3
50,10,21.6,35.7,17.85666667,40.66333333,21.79,35.23,20.46333333,33.96666667,19.6,40.53,0.133333333,48.16666667,20.89,27.2,22.2,39.245,19.5,38.26,0.283,766.5333333,83,2,65,-2.32
40,0,21.5,35.7,17.79,40.59,21.7,35.2,20.39,33.9,19.6,40.5,0.2,48.83333333,20.85666667,27.2,22.1,39.29,19.39,38.2,0.267,766.4666667,83,2,65,-2.33
50,0,21.5,35.62666667,17.79,40.59,21.7,35.26,20.39,33.86333333,19.6,40.425,0.133333333,48.95666667,20.79,27.2,22.1,39.29,19.46333333,38.26,0.25,766.4,83,2,65,-2.35
60,0,21.46333333,35.56,17.73,40.66333333,21.7,35.2,20.32333333,33.79,19.6,40.4,-0.025,49.8925,20.79,27.23,22.1,39.32666667,19.42666667,38.32666667,0.233,766.3333333,83,2,65,-2.37
50,0,21.39,35.5,17.7,40.66333333,21.7,35.26,20.29,33.76,19.6,40.29,-0.166666667,50.16666667,20.79,27.29,22.1,39.4,19.42666667,38.32666667,0.217,766.2666667,83,2,65,-2.38
50,0,21.39,35.5,17.63333333,40.53,21.66666667,35.2,20.29,33.76,19.6,40.29,-0.266666667,50.93,20.79,27.29,22.1,39.62666667,19.39,38.29,0.2,766.2,83,2,65,-2.4
40,0,21.39,35.5,17.6,40.53,21.6,35.2,20.26,33.7,19.5,40.29,-0.466666667,51.45666667,20.79,27.35666667,22.1,39.7,19.39,38.3725,0.0833,766.1666667,83.5,1.833333333,64.66666667,-2.43
40,0,21.29,35.5,17.53333333,40.59,21.6,35.2,20.2,33.62666667,19.5,40.23,-0.4,52.76666667,20.745,27.39,22.1,39.7,19.39,38.4,-0.0333,766.1333333,84,1.666666667,64.33333333,-2.47
30,10,21.2675,35.475,17.5,40.59,21.6,35.2,20.2,33.59,19.5,40.29,-0.4,53.69333333,20.7,27.42666667,22.1,39.7,19.42666667,38.5,-0.15,766.1,84.5,1.5,64,-2.5
30,0,21.2,35.46666667,17.5,40.66333333,21.6,35.2,20.13333333,33.59,19.5,40.29,-0.433333333,53.83,20.7,27.5,22,39.5,19.42666667,38.5,-0.267,766.0666667,85,1.333333333,63.66666667,-2.53
30,0,21.2,35.43333333,17.39,40.59,21.6,35.2,20.1,33.59,19.5,40.29,-0.566666667,53.96333333,20.7,27.53333333,22,39.5,19.42666667,38.53,-0.383,766.0333333,85.5,1.166666667,63.33333333,-2.57
40,0,21.2,35.5,17.39,40.66333333,21.6,35.26666667,20.1,33.59,19.5,40.23,-0.6,55.2,20.7,27.6,22,39.36333333,19.42666667,38.53,-0.5,766,86,1,63,-2.6
60,0,21.1,35.5,17.29,40.7,21.6,35.4,20.03333333,33.5,19.46333333,40.16333333,-0.666666667,55.26,20.6,27.5,22,39.29,19.39,38.53,-0.6,765.9833333,86.16666667,1,62.83333333,-2.67
50,0,21.1,35.5,17.29,40.76,21.6,35.45,20.03333333,33.43333333,19.39,40.09,-0.833333333,55.66666667,20.6,27.5,22,39.2,19.39,38.59,-0.7,765.9666667,86.33333333,1,62.66666667,-2.73
50,0,21.1,35.53,17.29,40.79,21.6,35.5,20,33.4,19.39,40.09,-0.9,56.66666667,20.6,27.53333333,21.92666667,39.2,19.46333333,38.66333333,-0.8,765.95,86.5,1,62.5,-2.8
50,0,21.03333333,35.53,17.2,40.79,21.6,35.56,20,33.4,19.39,40.09,-1,56.69333333,20.6,27.6,21.89,39.2,19.46333333,38.66333333,-0.9,765.9333333,86.66666667,1,62.33333333,-2.87
40,0,21,35.5,17.2,40.86333333,21.6,35.59,19.89,33.4,19.39,40,-1.193333333,56.16666667,20.6,27.6,21.89,39.2,19.39,38.7,-1,765.9166667,86.83333333,1,62.16666667,-2.93
50,0,21,35.5,17.2,40.93333333,21.66666667,35.72333333,19.89,33.4,19.39,40,-1.39,57.16666667,20.53333333,27.66666667,21.89,39.29,19.39,38.7,-1.1,765.9,87,1,62,-3
50,10,21,35.5,17.2,41.06,21.7,35.73,19.89,33.4,19.39,40,-1.645,57.195,20.5,27.7,21.82333333,39.23,19.5,38.79,-1.22,765.9166667,87.33333333,1,61.83333333,-3.07
60,0,21,35.5,17.1,41.15666667,21.7,35.79,19.89,33.4,19.39,40,-1.73,58.42666667,20.5,27.7,21.79,39.2,19.42666667,38.79,-1.33,765.9333333,87.66666667,1,61.66666667,-3.13
50,0,20.89,35.5,17.1,41.36333333,21.7,35.79,19.82333333,33.26666667,19.35666667,40,-1.73,58.73,20.5,27.7,21.79,39.1725,19.39,38.79,-1.45,765.95,88,1,61.5,-3.2
40,0,20.89,35.5,17,41.59,21.7,35.79,19.79,33.26,19.315,39.925,-1.73,59.45666667,20.5,27.7,21.79,39.09,19.39,38.79,-1.57,765.9666667,88.33333333,1,61.33333333,-3.27
60,0,20.89,35.5,17,41.72333333,21.7,35.9,19.79,33.2,19.32333333,39.9,-1.666666667,60.29,20.5,27.73,21.79,39.09,19.39,38.82666667,-1.68,765.9833333,88.66666667,1,61.16666667,-3.33
40,0,20.89,35.5,17,41.96666667,21.7,35.96666667,19.79,33.2,19.29,39.96666667,-1.666666667,60.76333333,20.42666667,27.73,21.73,39.09,19.39,38.9,-1.8,766,89,1,61,-3.4
50,0,20.79,35.4,17,41.96666667,21.7,36,19.73,33.2,19.29,39.9,-1.6,61.19333333,20.46333333,27.76,21.73,39.06,19.39,38.93333333,-1.68,766,89.16666667,1.166666667,60.83333333,-3.25
40,0,20.79,35.4,16.89,42.03,21.7,36,19.7,33.2,19.29,39.9,-1.533333333,61.86,20.39,27.7,21.73,39.06,19.39,39.0675,-1.57,766,89.33333333,1.333333333,60.66666667,-3.1
50,0,20.79,35.4,16.89,42.16333333,21.7,36,19.7,33.2,19.29,39.96666667,-1.633333333,61.29,20.39,27.79,21.7,39.03,19.39,39.09,-1.45,766,89.5,1.5,60.5,-2.95
40,0,20.79,35.4,16.89,42.23,21.7,36,19.7,33.2,19.29,40,-1.7,61.49,20.39,27.79,21.63333333,39.03,19.39,39.09,-1.33,766,89.66666667,1.666666667,60.33333333,-2.8
40,0,20.7,35.4,16.82333333,42.29,21.7,36,19.7,33.2,19.29,40,-1.79,61.86,20.39,27.79,21.66666667,39.12666667,19.39,39.09,-1.22,766,89.83333333,1.833333333,60.16666667,-2.65
130,0,20.7,35.46333333,16.79,42.2,21.7,36,19.7,33.2,19.23,40.1,-1.863333333,61.93333333,20.32333333,27.79,21.6,39.26,19.39,39.09,-1.1,766,90,2,60,-2.5
330,0,20.7,35.53,16.79,42.12666667,21.66666667,35.69666667,19.63333333,33.12666667,19.29,40.43333333,-1.9,62.72666667,20.32333333,27.79,21.7,39.56666667,19.39,39.09,-1,766,90.33333333,2,60.16666667,-2.37
220,0,20.7,35.59,16.73,41.86333333,21.53333333,35.23,19.66666667,33.16333333,19.2,40.66666667,-1.566666667,64.33333333,20.29,27.79333333,21.63333333,39.56666667,19.39,39.09,-0.9,766,90.66666667,2,60.33333333,-2.23
110,0,20.7,35.72333333,16.7225,41.4475,21.445,35.145,19.6,33.16333333,19.2,41.26666667,-1.356666667,64.53,20.23,27.39333333,21.6,39.16,19.39,39.09,-0.8,766,91,2,60.5,-2.1
60,10,20.7,36,16.7,41.26,21.29,35,19.6,33.06,19.1,41.76666667,-1.23,64.79666667,20.2,27.06666667,21.53333333,38.63333333,19.39,39.09,-0.7,766,91.33333333,2,60.66666667,-1.97
60,0,20.7,36,16.7,41.13333333,21.29,35,19.6,33,19.1,42.1,-1.05,64.945,20.2,26.92666667,21.46333333,37.96,19.39,39.03,-0.6,766,91.66666667,2,60.83333333,-1.83
70,0,20.7,35.52666667,16.7,40.8,21.29,34.96666667,19.6,32.845,19.1,42.26666667,-0.866666667,64.96333333,20.1,26.66666667,21.39,37.5,19.39,38.69333333,-0.5,766,92,2,61,-1.7
60,0,20.63333333,35.26666667,16.73,40.43,21.29,34.96666667,19.6,32.66333333,19.03333333,42.4,-0.733333333,65.29666667,20.1,26.6,21.39,37.13333333,19.46333333,38.43333333,-0.25,766,91.16666667,2,61.16666667,-1.58
70,0,20.6,35.06,16.79,40.23,21.29,34.96666667,19.6,32.53,19,42.29,-0.3,65.52666667,20.1,26.5,21.39,36.86,19.39,37.9,0,766,90.33333333,2,61.33333333,-1.47
40,0,20.6,34.93333333,16.89,40.02666667,21.23,34.82666667,19.6,32.33333333,18.92666667,42.29,0.033333333,65.19333333,20.1,26.42666667,21.39,36.52666667,19.39,37.56666667,0.25,766,89.5,2,61.5,-1.35
50,0,20.6,34.76,16.89,39.82666667,21.2,34.66333333,19.6,32.12666667,18.92666667,42.29,0.4,64.49,20,26.29,21.39,36.26666667,19.46333333,37.19333333,0.5,766,88.66666667,2,61.66666667,-1.23
50,0,20.6,34.7,17.03333333,39.56,21.2,34.53,19.6,32.12666667,18.9175,42.3225,0.733333333,63.63,20,26.29,21.29,35.995,19.46333333,36.93333333,0.75,766,87.83333333,2,61.83333333,-1.12
210,0,20.6,34.52666667,17.1,39.43333333,21.13333333,34.3,19.6,32.2,18.89,42.26,1.163333333,62.1,20,26.26,21.29,35.76,19.5,36.6,1,766,87,2,62,-1
160,0,20.53333333,34.46666667,17.26333333,39.8,21,33.9,19.73,32.29,18.89,42.53,1.43,60.83333333,20,26.2,21.23,35.56666667,19.5,36.6,1.33,766,86,1.833333333,62,-0.833
50,0,20.5,34.6,17.59666667,40.73333333,20.89,33.66333333,19.79,32.23,18.82333333,42.59,1.7,59.42333333,20,26.26,21.2,35.4,19.6,37.33,1.67,766,85,1.666666667,62,-0.667
70,10,20.5,37.13333333,17.99333333,41.36666667,20.96333333,33.66333333,19.89,32.29,18.89,42.63333333,2.1,58.42333333,20,26.26,21.2,35.32666667,19.6,37.7675,2,766,84,1.5,62,-0.5
80,10,20.6,37.12333333,18.32666667,41.76,20.89,33.65666667,19.96333333,32.29,18.96333333,41.96666667,2.566666667,57.22666667,20,26.2,21.2,35.2,19.6,37.96666667,2.33,766,83,1.333333333,62,-0.333
50,0,20.53333333,36.53,18.63333333,40.83333333,20.89,33.65666667,20.1,32.36333333,19,41.06333333,2.9,55.3,19.89,26.26,21.2,35.2,19.6,38,2.67,766,82,1.166666667,62,-0.167
50,0,20.5,35.995,18.82666667,40.23333333,20.89,33.62666667,20.16666667,32.29,19,40.53,3.426666667,51.66333333,19.96333333,26.26,21.1,35.09,19.6,38,3,766,81,1,62,0
50,10,20.5,35.6,19.23,39.56333333,20.89,33.76,20.2,32.16333333,19,40.26666667,3.96,49.53,20,26.2,21.1,35.09,19.6,38,3.42,765.95,79.5,1.166666667,62.33333333,0.133
60,0,20.5,35.19333333,19.43,39.29,20.89,33.9,20.26,32.09,18.92666667,40.66,4.566666667,47.02666667,20,26.2,21.13333333,34.96666667,19.6,38,3.83,765.9,78,1.333333333,62.66666667,0.267
60,10,20.5,34.93,19.73,38.23,20.89,33.96666667,20.32333333,32.06,18.89,41.22666667,5.095,43.05,20,26.2,21.13333333,34.9,19.56666667,38.09,4.25,765.85,76.5,1.5,63,0.4
70,0,20.5,34.53,19.8425,36.7425,20.89,34.09,20.39,32,18.89,41.63333333,5.366666667,41.3,20,26.2,21.1,34.9,19.56666667,38.09,4.67,765.8,75,1.666666667,63.33333333,0.533
60,10,20.5,34.46333333,20.13333333,36.22666667,20.89,34.09,20.39,32.36,18.79,41.96333333,5.563333333,39.02666667,20,26.2,21.1,34.82666667,19.53333333,38.09,5.08,765.75,73.5,1.833333333,63.66666667,0.667
60,0,20.5,34.59,20.39,35.69333333,20.89,34.09,20.46333333,32.83333333,18.79,42.16333333,5.83,38.56,20,26.2,21.1,34.83333333,19.6,38.09,5.5,765.7,72,2,64,0.8
60,0,20.5,34.72333333,20.39,34.82666667,20.89,34.06,20.5,32.85,18.79,42.29,6.063333333,36.45666667,20.1,26.26,21.1,34.62666667,19.56666667,38.09,5.88,765.65,70.5,2.333333333,64.16666667,0.867
50,10,20.5,34.46333333,20.39,34.03333333,20.89,33.93333333,20.53333333,32.62666667,18.79,42.29,6.396666667,34.12333333,20.16666667,26.2,21.1,34.56,19.5,38.09,6.27,765.6,69,2.666666667,64.33333333,0.933
40,0,20.5,34.13333333,20.32333333,33.36666667,20.79,33.56,20.6,32.76,18.79,42.16333333,6.793333333,32.33333333,20.23,26.1,21.16666667,34.43333333,19.5,37.99,6.65,765.55,67.5,3,64.5,1
40,10,20.5,33.8,20.35666667,33.22333333,20.73,33.43333333,20.73,32.83333333,18.79,42.03,7.06,29.73333333,20.29,26.03333333,21.2,34.22333333,19.56666667,37.59666667,7.03,765.5,66,3.333333333,64.66666667,1.07
40,10,20.5,33.46333333,20.29,33.29666667,20.56666667,33.29,20.79,32.62666667,18.79,42,7.463333333,28.1,20.42666667,25.89,21.26,34.09,19.6,37.46333333,7.42,765.45,64.5,3.666666667,64.83333333,1.13
40,0,20.5,33.66333333,20.26,33.72333333,20.42666667,33.29,20.82333333,32.4,18.7225,41.925,7.656666667,27.96,20.5,25.89,21.39,33.86333333,19.6,37.66333333,7.8,765.4,63,4,65,1.2
60,10,20.53333333,33.76,20.2,33.39,20.35666667,33.46333333,20.89,32.32666667,18.7,41.9,7.966666667,27.09666667,20.63333333,25.79,21.4725,33.695,19.6,37.82666667,8.08,765.3666667,62,4.166666667,57.5,1.22
150,10,20.6,33.56666667,20.1,33.12333333,20.29,33.59,20.92666667,32.2,18.7,41.9,8.233333333,26.16333333,20.7,25.79,21.56666667,33.53,19.6,37.9,8.37,765.3333333,61,4.333333333,50,1.23
280,0,20.6,33.4,20.03333333,32.65666667,20.23,33.92666667,21,32.12666667,18.7,41.96666667,8.563333333,24.7,20.82333333,25.73,21.73,33.43,19.56666667,38,8.65,765.3,60,4.5,42.5,1.25
100,10,20.66666667,33.66,20.1,32.79,20.29,34.12666667,21,31.96333333,18.7,42,8.823333333,24.96666667,20.96333333,25.73,21.85666667,33.29,19.575,38,8.93,765.2666667,59,4.666666667,35,1.27
90,0,20.73,34.2,20.16666667,32.99,20.29,34.23,21,31.82333333,18.7,42,9.256666667,23.7,21.1,25.79,22,33.16333333,19.6,38,9.22,765.2333333,58,4.833333333,27.5,1.28
130,10,20.85666667,34.46,20.2,33.56666667,20.29,34.36333333,21,31.79,18.7,42.03,9.463333333,22.96,21.23,25.73,22.06666667,33.09,19.6,38,9.5,765.2,57,5,20,1.3
120,0,20.89,34.345,20.2,33.7,20.29,34.5,20.92666667,31.79,18.7,42.09,9.726666667,22.13,21.35666667,25.79,22.23,32.9,19.6,38,9.6,765.1333333,57.16666667,5,27.5,1.43
50,10,21,34.22333333,20.2,33.79,20.29,34.56,20.89,31.7,18.7,42.09,9.92,21.445,21.42666667,25.7,22.29,32.9,19.6,37.9,9.7,765.0666667,57.33333333,5,35,1.57
70,0,21,34.03,20.2,33.65666667,20.32333333,34.66333333,20.89,31.76,18.7,42.09,10.23333333,21.39,21.56666667,25.7,22.42666667,32.79,19.66666667,37.96666667,9.8,765,57.5,5,42.5,1.7
50,0,21.1,33.6,20.2,32.93,20.39,34.46333333,20.89,31.63333333,18.7,42.33,10.53333333,20.59666667,21.63333333,25.7,22.5,32.73,19.6,37.86333333,9.9,764.9333333,57.66666667,5,50,1.83
50,10,21.1,33.32666667,20.2675,32.8725,20.445,34.245,20.89,31.63333333,18.9,43.79666667,10.73333333,20.39,21.7,25.63333333,22.6,32.7,19.6,37.79,10,764.8666667,57.83333333,5,57.5,1.97
50,0,21.13333333,33.36333333,20.29,32.82666667,20.6,34.06,21,31.56666667,19.1,43,10.89,20.82333333,21.79,25.6,22.6,32.62666667,19.63333333,37.79,10.1,764.8,58,5,65,2.1
50,0,21.2,33.29,20.29,32.79,20.6,34,21,31.5,19.1,42.2,10.89,20.82333333,21.85666667,25.66666667,22.7,32.59,19.7,37.79,10.2,764.6666667,57.83333333,5,65,2.13
50,10,21.2,33.09,20.29,32.79,20.63333333,34,21,31.445,19.13333333,42.16,10.96,20.83333333,22,25.7,22.76,32.59,19.7,37.76,10.3,764.5333333,57.66666667,5,65,2.17
60,0,21.2,33.22333333,20.29,32.96333333,20.7,34,21.03333333,31.46,19.2,41.23333333,11.16,21.1,22.06666667,25.7,22.89,32.59,19.7,37.7,10.4,764.4,57.5,5,65,2.2
60,0,21.29,33.46666667,20.29,33.09,20.7,34,21.1,31.6,19.29,42.75666667,11.33,20.69666667,22.2,25.7,22.96333333,32.53,19.7,37.7,10.4,764.2666667,57.33333333,5,65,2.23
50,20,21.29,33.26666667,20.29,33,20.7,34.06,21.1,31.6,19.29,42.96333333,11.46333333,20.96333333,22.26,25.7,23.03333333,32.5,19.7,37.7,10.5,764.1333333,57.16666667,5,65,2.27
40,10,21.32333333,33.23,20.23,33,20.7,34,21.1,31.6,19.29,42.89,11.36,21.39333333,22.32333333,25.7,23.1,32.5,19.73,37.66333333,10.6,764,57,5,65,2.3
70,10,21.39,33.43,20.23,33.26666667,20.7,34,21.1,31.63333333,19.3925,43.1175,11.3,21.86666667,22.46333333,25.76,23.13333333,32.46666667,19.73,37.59,10.5,763.9666667,58.16666667,5.166666667,64.66666667,2.5
70,0,21.42666667,33.86,20.35666667,33.52666667,20.79,34.03,21.1,31.9,19.5,43.06666667,11.63,21.36666667,22.5,25.79,23.26,32.46666667,19.7,37.59,10.4,763.9333333,59.33333333,5.333333333,64.33333333,2.7
70,0,21.5,34.06,20.39,33.82666667,20.79,34.09,21.1,32.15666667,19.5,42.72333333,12.03,20.49333333,22.5,25.79,23.245,32.4,19.76,37.53,10.4,763.9,60.5,5.5,64,2.9
50,0,21.5,34.15666667,20.39,33.96666667,20.79,34.23,21.16666667,32.36333333,19.5,42.59,12,19.8,22.46333333,25.89,23.2,32.5,19.73,37.59,10.3,763.8666667,61.66666667,5.666666667,63.66666667,3.1
50,0,21.5,34.36333333,20.39,34.26666667,20.79,34.36333333,21.2,32.65666667,19.5,42.23,11.92666667,20.06666667,22.32333333,25.89,23.2,32.56,19.79,37.6175,10.2,763.8333333,62.83333333,5.833333333,63.33333333,3.3
60,0,21.39,34.26,20.39,34.26666667,20.79,34.5,21.2,32.86333333,19.56666667,42.09666667,12.03333333,20.92666667,22.245,25.89,23.06666667,32.59,19.79,37.7,10.1,763.8,64,6,63,3.5
70,20,21.39,34.12666667,20.35666667,34.09,20.79,34.7,21.16666667,32.82666667,19.6,41.96666667,11.96,21.73333333,22.2,26.03333333,23,32.66333333,19.76,37.7,10,763.7666667,65.16666667,6,55.83333333,3.67
130,0,21.39,34.12666667,20.29,34.16333333,20.79,34.59,21.1,33.02666667,19.6,42.9,11.53,23.39,22.13333333,26.16666667,22.96333333,32.73,19.7,37.7,9.93,763.7333333,66.33333333,6,48.66666667,3.83
360,0,21.39,34.35,20.26,34.29,20.85666667,34.66333333,21.16666667,33,19.5,43.4,11.2175,25.4975,22.1,26.32333333,22.89,32.86333333,19.79,37.7,9.85,763.7,67.5,6,41.5,4
90,0,21.39,34.4,20.2,34.36333333,20.89,34.79,21.1,33.06,19.42666667,43.26666667,11.1,27.06,22.1,26.46333333,22.96333333,33.03,19.73,37.7,9.77,763.6666667,68.66666667,6,34.33333333,4.17
100,0,21.39,34.46666667,20.2,34.59,20.89,34.79,21.06666667,33.2,19.39,42.83333333,11.1,27.99333333,22.1,26.6,22.89,33.09,19.79,37.7,9.68,763.6333333,69.83333333,6,27.16666667,4.33
60,0,21.39,34.26666667,20.13333333,34.46333333,20.79,34.845,21,33.2,19.39,42.56666667,10.96,28.66,22.1,26.66666667,22.89,33.23,19.79,37.76,9.6,763.6,71,6,20,4.5
80,0,21.35666667,34.09,20.05,34.29,20.79,35,21,33.32666667,19.29,41.9,10.86,29.89666667,22.1,26.82333333,22.89,33.29,19.79,37.79,9.25,763.5666667,72.33333333,6.166666667,20.5,4.42
70,0,21.29,34.09,20,34.36,20.79,35,20.92666667,33.4,19.29,41.83333333,10.66666667,31.23,22.03333333,26.96333333,22.79,33.32666667,19.79,37.79,8.9,763.5333333,73.66666667,6.333333333,21,4.33
270,0,21.29,34.19333333,20,34.56,20.79,35.12666667,20.89,33.5,19.29,41.9,10.36,33.6,22,27.13333333,22.79,33.52666667,19.79,37.79,8.55,763.5,75,6.5,21.5,4.25
210,0,21.29,34.66,19.96333333,35.06666667,20.79,35.2,20.85666667,33.59,19.23,41.9,10.1,35.32666667,21.92666667,27.32666667,22.76,33.73,19.79,37.79,8.2,763.4666667,76.33333333,6.666666667,22,4.17
150,10,21.26,35.09666667,19.82333333,35.86,20.89,35.29,20.79,33.66333333,19.2,42.03,9.66,37.49333333,21.89,27.53333333,22.7,33.79,19.76,37.79,7.85,763.4333333,77.66666667,6.833333333,22.5,4.08
130,20,21.2,35.43,19.66666667,36.83,20.82333333,35.29,20.79,33.76666667,19.2,42.09,9.533333333,38.1,21.82333333,27.66666667,22.7,34.19333333,19.76,37.79,7.5,763.4,79,7,23,4
210,30,21.2,36.03,19.53333333,37.29666667,20.85666667,35.5,20.79,34.3,19.2,42.23,9.233333333,39.43,21.76,27.82333333,22.76,34.6,19.73,37.82666667,7.35,763.4666667,79.5,7,23,3.95
550,10,21.2,36.56333333,19.39,37.8,20.85666667,35.56,20.79,34.86,19.13333333,42.29,8.9,40.23,21.7,27.96333333,22.79,34.96333333,19.73,37.9,7.2,763.5333333,80,7,23,3.9
470,20,21.2,39.53,19.39,38.66666667,20.89,35.76666667,20.79,35.13333333,19.15,42.545,8.5,41.52666667,21.66666667,28.1,22.85666667,35.29666667,19.7,37.9,7.05,763.6,80.5,7,23,3.85
280,10,21.26,42.59666667,19.39,40.62333333,20.89,36.1,20.89,35.43333333,19.1,42.89,8.166666667,43.46666667,21.6,28.1,23,35.53,19.7,37.9,6.9,763.6666667,81,7,23,3.8
120,10,21.32333333,46.66666667,19.39,42.09666667,20.89,36.59666667,20.89,35.56,19.1,43.36333333,7.866666667,45.26333333,21.6,28.2,22.9175,35.4975,19.7,37.9,6.75,763.7333333,81.5,7,23,3.75
100,10,21.39,44.79333333,19.39,43.15666667,20.89,36.86333333,20.85666667,35.62666667,19.1,44.03,7.726666667,46.32333333,21.53333333,28.2,22.89,35.46666667,19.7225,37.9,6.6,763.8,82,7,23,3.7
370,10,21.39,43.79666667,19.39,43.29,20.89,37,20.79,35.76,19.1,44.49,7.526666667,47.53,21.46333333,28.29,22.89,35.86,19.73,37.9,6.57,763.8666667,82.33333333,6.666666667,22.5,3.72
140,0,21.39,42.99666667,19.39,43.53,20.89,37.46,20.79,35.96333333,19.1,44.86,7.325,48.1175,21.365,28.365,22.96333333,36,19.7,37.9,6.53,763.9333333,82.66666667,6.333333333,22,3.73
470,0,21.46333333,42.26666667,19.39,43.99,21,38,20.79,36.09,19.1,45.13333333,7.226666667,48.76666667,21.29,28.46333333,23,36.15666667,19.7,37.9,6.5,764,83,6,21.5,3.75
130,10,21.4725,41.875,19.39,44.29,21.06666667,38.33333333,20.7,36.09,19.06666667,45.32666667,7.126666667,49.66666667,21.29,28.53333333,23,36.36333333,19.7,37.82666667,6.47,764.0666667,83.33333333,5.666666667,21,3.77
280,0,21.5,41.56666667,19.32333333,44.23,21.1,38.53,20.7,36.16333333,19.06666667,45.46666667,6.933333333,50.66666667,21.29,28.6,23.1,36.53,19.7,37.9,6.43,764.1333333,83.66666667,5.333333333,20.5,3.78
350,10,21.5,41.36333333,19.29,44.16333333,21.1,38.66333333,20.7,36.29,19,45.63333333,6.9,51.19333333,21.2,28.63333333,23.16666667,36.59,19.7,37.9,6.4,764.2,84,5,20,3.8
170,0,21.5,41.15666667,19.29,44.16333333,21.1,38.845,20.63333333,36.29,19.06666667,47.69333333,6.9,51.52666667,21.13333333,28.7,23.2,36.59,19.7,37.9,6.38,764.2333333,83.5,5,27.16666667,3.72
120,0,21.5,41.19333333,19.245,44.295,21.1,38.9,20.6,36.46666667,19.1,48.89,6.9,51.72333333,21.1,28.82333333,23.2,36.59,19.7,37.9,6.37,764.2666667,83,5,34.33333333,3.63
100,0,21.5,41.52666667,19.26,45.43333333,21.1,38.96666667,20.6,36.32666667,19.1,49.16333333,6.76,51.66333333,21.1,28.89,23.23,36.73,19.7,37.9,6.35,764.3,82.5,5,41.5,3.55
120,0,21.5,41.73,19.2,45.56,21.16666667,39.12666667,20.5,36.145,19.06666667,48.96,6.656666667,52.16333333,21,28.79,23.29,36.79,19.7,37.9,6.33,764.3333333,82,5,48.66666667,3.47
400,10,21.5,41.79,19.2,45.62666667,21.1,39.2,20.5,35.96666667,19,48.5,6.53,51.89,21,28.85666667,23.2,36.73,19.7,37.9,6.32,764.3666667,81.5,5,55.83333333,3.38
310,0,21.5,41.7,19.2,45.62666667,21.1,39.32666667,20.42666667,35.76666667,19,48.02666667,6.4,52.43333333,21,28.92666667,23.2,36.79,19.7,38,6.3,764.4,81,5,63,3.3
130,0,21.5,41.62666667,19.2,45.7,21.1,39.4,20.39,35.66333333,19,47.76666667,6.466666667,52.36,20.92666667,29,23.29,36.9,19.7,38,6.25,764.4166667,81.5,4.833333333,62.83333333,3.32
110,30,21.5,41.66333333,19.13333333,45.76,21.1,39.5,20.39,35.66333333,19,47.52666667,6.53,52.1,20.89,29,23.29,36.9,19.7,38,6.2,764.4333333,82,4.666666667,62.66666667,3.33
120,20,21.5,41.59,19.2,45.46666667,21.1,39.5,20.39,35.73,19,47.32666667,6.59,51.76666667,20.89,29,23.32333333,36.86333333,19.7,38,6.15,764.45,82.5,4.5,62.5,3.35
90,20,21.5,41.46666667,19.2,45.26666667,21.1,39.5,20.46333333,35.93,19,47.145,6.59,51.6,20.85666667,29,23.32333333,36.93,19.66666667,37.96666667,6.1,764.4666667,83,4.333333333,62.33333333,3.37
80,20,21.56666667,41.4,19.1,45.16333333,21.1,39.5,20.5,36.12666667,18.89,47.09,6.59,51.26666667,20.79,29,23.29,37.23333333,19.66666667,37.96666667,6.05,764.4833333,83.5,4.166666667,62.16666667,3.38
90,30,21.5,41.26,19.1,45.03,21.1,39.5,20.5,36.26,18.96333333,47.09,6.33,51.66666667,20.79,29,23.35666667,37.96,19.66666667,38,6,764.5,84,4,62,3.4
70,20,21.56666667,41.2,19.1,44.96666667,21.1,39.5,20.6,36.32666667,18.89,47.06,5.9975,52.475,20.79,29,23.29,38.245,19.625,38.0225,5.82,764.5333333,84.66666667,3.833333333,61.83333333,3.33
60,30,21.53333333,41.09,19.1,44.9,21.1,39.46666667,20.6,36.4,18.89,47.06,5.66,53.49333333,20.7,29.03333333,23.26,38.29,19.7,38.09,5.63,764.5666667,85.33333333,3.666666667,61.66666667,3.27
50,20,21.53333333,41.09,19.1,45.12666667,21.1,39.32666667,20.7,36.96333333,18.89,47,5.366666667,55.29333333,20.7675,29.175,23.2,38.36333333,19.63333333,38.06666667,5.45,764.6,86,3.5,61.5,3.2
40,20,21.5,41.2,19.1,45.2,21,39.09,20.76,37.09,18.89,47.06,5.366666667,56.7,20.79,29.2,23.16666667,38.73,19.7,38.26,5.27,764.6333333,86.66666667,3.333333333,61.33333333,3.13
60,20,21.56666667,41.26,19,45.32666667,21,39.03,20.79,37.12666667,18.89,47.09,5.466666667,57.83333333,20.79,29.29,23.1,38.93,19.6,38.23,5.08,764.6666667,87.33333333,3.166666667,61.16666667,3.07
60,30,21.55,41.45,19,45.46666667,20.89,38.9,20.79,37.2,18.89,47.09,5.333333333,57.36,20.79,29.29,23.1,39.15666667,19.6,38.29,4.9,764.7,88,3,61,3
60,20,21.56666667,41.5,18.89,45.62666667,20.89,38.9,20.89,37.29,18.82333333,47.12666667,4.933333333,58.36333333,20.79,29.39,23.1,39.43,19.6,38.29,4.8,764.6666667,88.5,3,60.66666667,2.98
60,20,21.5,41.56,18.89,45.76,20.89,38.9,20.89,37.29,18.82333333,47.12666667,4.726666667,60.23,20.79,29.46333333,23.06666667,39.73,19.6,38.36333333,4.7,764.6333333,89,3,60.33333333,2.97
60,30,21.5,41.59,18.79,45.845,20.85666667,38.79,20.92666667,37.26,18.79,47.12666667,4.526666667,61.5,20.76,29.5,23,39.86333333,19.63333333,38.43333333,4.6,764.6,89.5,3,60,2.95
60,20,21.5,41.59,18.7,46,20.79,38.79,21,37.2,18.79,47.2,4.26,62.09333333,20.76,29.56666667,23,40.03,19.63333333,38.43333333,4.5,764.5666667,90,3,59.66666667,2.93
70,20,21.5,41.59,18.7,46.12666667,20.79,38.79,21,37.245,18.79,47.2,4.126666667,63.66333333,20.7,29.6,22.92666667,40.16333333,19.6,38.43333333,4.4,764.5333333,90.5,3,59.33333333,2.92
70,20,21.5,41.59,18.6,46.46333333,20.79,38.73,21.1,37.29,18.79,47.2,3.933333333,64.59,20.7,29.66666667,22.89,40.59666667,19.6,38.5,4.3,764.5,91,3,59,2.9
70,30,21.46333333,41.56,18.53333333,46.66333333,20.79,38.66333333,21.1,37.29,18.79,47.29,3.76,65.36666667,20.7,29.7,22.82333333,40.86333333,19.6,38.5,4.32,764.5,91.33333333,3,58.33333333,2.97
60,20,21.46333333,41.5,18.56666667,46.79,20.79,38.59,21.13333333,37.29,18.79,47.29,3.626666667,66.03333333,20.7,29.76,22.79,41.36666667,19.6,38.5,4.33,764.5,91.66666667,3,57.66666667,3.03
60,20,21.39,41.4,18.5,46.79,20.79,38.59,21.13333333,37.23,18.79,47.4,3.566666667,67.26333333,20.7,29.79,22.79,41.76,19.6,38.53,4.35,764.5,92,3,57,3.1
60,30,21.39,41.4,18.39,46.7,20.79,38.59,21.1,37.2,18.79,47.4,3.833333333,68.52333333,20.7,29.79,22.79,42.03,19.6,38.59,4.37,764.5,92.33333333,3,56.33333333,3.17
40,20,21.39,41.36333333,18.39,46.76,20.79,38.5,21.16666667,37.2,18.745,47.5,4.123333333,69.15666667,20.7,29.82333333,22.73,42.49,19.6,38.59,4.38,764.5,92.66666667,3,55.66666667,3.23
30,20,21.32333333,41.29,18.35666667,46.79,20.79,38.5,21.2,37.2,18.7,47.5,4.2725,69.0675,20.7,29.89,22.7,42.82666667,19.6,38.66333333,4.4,764.5,93,3,55,3.3
50,20,21.29,41.29,18.29,46.86333333,20.79,38.5,21.2,37.2,18.7,47.5,4.3,69.12666667,20.6,29.89,22.7,42.9,19.6,38.7,4.5,764.5,92.5,2.833333333,54.83333333,3.32
60,30,21.29,41.29,18.2,46.79,20.73,38.5,21.2,37.2,18.7,47.5,4.433333333,69.36666667,20.6,29.89,22.7,43.03,19.6,38.7675,4.6,764.5,92,2.666666667,54.66666667,3.33
80,20,21.29,41.29,18.2,46.86333333,20.76,38.46666667,21.26,37.26,18.7,47.5,4.433333333,68.96666667,20.6,30,22.7,43.09,19.6,38.79,4.7,764.5,91.5,2.5,54.5,3.35
60,20,21.23,41.29,18.16666667,46.93333333,20.7,38.4,21.29,37.29,18.7,47.53,4.3,68.46333333,20.6,30,22.6,43.09,19.6,38.79,4.8,764.5,91,2.333333333,54.33333333,3.37
50,20,21.2,41.29,18.1,47.06,20.79,38.4,21.29,37.29,18.7,47.59,4.226666667,68.65666667,20.6,30.06666667,22.6,43,19.6,38.79,4.9,764.5,90.5,2.166666667,54.16666667,3.38
60,0,21.2,41.29,18.06666667,47.06,20.79,38.4,21.29,37.26,18.7,47.59,4.026666667,68.13,20.6,30.1,22.53333333,43,19.6,38.9,5,764.5,90,2,54,3.4
40,0,21.2,41.245,18,47.06,20.79,38.4,21.29,37.12666667,18.63333333,47.53,3.826666667,67.79666667,20.6,30.1,22.5,43.06,19.6,38.9,4.92,764.5,89.66666667,2.333333333,54.66666667,3.28
50,0,21.1,41.29,18,47,20.79,38.4,21.2,36.72333333,18.7,47.59,3.663333333,68.5,20.56666667,30.2,22.5,42.86,19.6,38.9,4.83,764.5,89.33333333,2.666666667,55.33333333,3.17
50,10,21.1,41.29,18,47,20.79,38.4,21.13333333,36.53,18.7,47.59,3.53,67.96666667,20.5,30.2,22.5,42.79,19.6,38.96666667,4.75,764.5,89,3,56,3.05
50,0,21.1,41.2,17.92666667,47.03,20.79,38.36333333,21,36.26,18.63333333,47.53,3.5,68.56,20.5,30.2,22.5,42.73,19.53333333,39,4.67,764.5,88.66666667,3.333333333,56.66666667,2.93
60,0,21.1,41.2,17.89,47,20.79,38.29,21,36.12666667,18.7,47.59,3.433333333,68.43333333,20.5,30.13333333,22.5,42.66333333,19.6,39,4.58,764.5,88.33333333,3.666666667,57.33333333,2.82
50,0,21,41,17.89,47,20.79,38.26,20.89,35.95,18.6,47.43333333,3.4,68.35666667,20.5,30.2,22.42666667,42.46333333,19.5,39,4.5,764.5,88,4,58,2.7
40,0,21,41,17.79,46.9,20.79,38.2,20.79,35.79,18.6,47.43333333,3.466666667,68.83,20.5,30.2,22.39,42.29,19.56666667,39.06,4.48,764.4666667,88,4,57.66666667,2.68
40,0,20.89,40.9,17.79,46.9,20.79,38.2,20.79,35.79,18.6,47.46666667,3.5,68.8,20.5,30.2,22.39,42.23,19.56666667,39.12666667,4.47,764.4333333,88,4,57.33333333,2.67
30,0,20.89,40.9,17.7,46.9,20.79,38.2,20.76,35.79,18.6,47.4,3.5,68.99333333,20.5,30.2,22.39,42.09,19.5,39.2,4.45,764.4,88,4,57,2.65
20,0,20.89,40.79,17.7,46.96666667,20.85666667,38.26,20.7,35.79,18.6,47.4,3.45,69.15,20.39,30.1,22.32333333,42.03,19.5,39.2,4.43,764.3666667,88,4,56.66666667,2.63
30,0,20.89,40.79,17.66666667,46.86333333,20.79,38.26,20.6,35.7,18.6,47.4,3.626666667,69.62333333,20.39,30.1,22.35666667,41.9,19.56666667,39.2,4.42,764.3333333,88,4,56.33333333,2.62
60,0,20.79,40.7,17.6,46.86333333,20.79,38.29,20.6,35.7,18.6,47.4,3.76,69.56333333,20.39,30.13333333,22.29,41.82666667,19.5,39.2,4.4,764.3,88,4,56,2.6
50,0,20.79,40.7,17.6,46.79,20.79,38.23,20.56666667,35.7,18.56666667,47.4,3.863333333,69.29333333,20.39,30.2,22.29,41.76,19.56666667,39.2,4.22,764.3,88.5,3.833333333,55,2.5
60,0,20.79,40.7,17.6,46.79,20.89,38.29,20.5,35.7,18.56666667,47.4,3.656666667,68.29333333,20.39,30.2,22.29,41.7,19.5,39.2,4.03,764.3,89,3.666666667,54,2.4
40,0,20.79,40.62666667,17.5,46.86333333,20.89,38.29,20.46333333,35.66333333,18.6,47.36333333,3.466666667,68.96666667,20.39,30.2,22.2,41.56,19.5,39.2,3.85,764.3,89.5,3.5,53,2.3
50,0,20.76,40.59,17.5,46.79,20.89,38.29,20.46333333,35.66333333,18.53333333,47.36333333,3.326666667,68.5,20.39,30.2,22.2,41.5,19.5,39.2,3.67,764.3,90,3.333333333,52,2.2
50,0,20.7,40.59,17.5,46.79,20.89,38.29,20.46333333,35.66333333,18.56666667,47.29,3.1,67.89333333,20.39,30.2,22.2,41.5,19.5,39.2,3.48,764.3,90.5,3.166666667,51,2.1
40,0,20.7,40.56,17.5,46.79,20.89,38.29,20.39,35.59,18.56666667,47.29,2.826666667,67.76666667,20.39,30.245,22.2,41.5,19.5,39.2,3.3,764.3,91,3,50,2
50,0,20.7,40.5,17.39,46.59,20.89,38.29,20.39,35.59,18.5,47.29,2.723333333,68.02333333,20.35666667,30.29,22.2,41.5,19.5,39.2,3.15,764.3166667,91.33333333,2.833333333,48.5,1.9
60,0,20.7,40.46666667,17.39,46.59,20.89,38.29,20.32333333,35.59,18.5,47.29,2.463333333,67.69,20.29,30.23,22.1,41.46666667,19.5,39.2,3,764.3333333,91.66666667,2.666666667,47,1.8
40,0,20.675,40.3725,17.39,46.56,20.96333333,38.29,20.29,35.56,18.5,47.29,2.463333333,69.15666667,20.29,30.2,22.1,41.4,19.5,39.23,2.85,764.35,92,2.5,45.5,1.7
50,0,20.6,40.29,17.39,46.5,21,38.29,20.29,35.56,18.5,47.29,2.723333333,70.42333333,20.29,30.2,22.1,41.4,19.5,39.29,2.7,764.3666667,92.33333333,2.333333333,44,1.6
40,0,20.6,40.2,17.29,46.4,21,38.2,20.26,35.56,18.5,47.29,2.963333333,70.96333333,20.29,30.2,22.03333333,41.26666667,19.56666667,39.4,2.55,764.3833333,92.66666667,2.166666667,42.5,1.5
50,0,20.53333333,40.2,17.29,46.4,20.92666667,38.2,20.2,35.5,18.5,47.23,3.163333333,70.96333333,20.29,30.2,22.1,41.29,19.5,39.4,2.4,764.4,93,2,41,1.4
50,0,20.5,40.09,17.29,46.4,20.96333333,38.29,20.2,35.5,18.5,47.2,3.133333333,70.33333333,20.29,30.23,22.1,41.36333333,19.5,39.4,2.37,764.4166667,93.33333333,2.333333333,40.16666667,1.42
30,0,20.5,40.09,17.2,46.29,20.96333333,38.29,20.13333333,35.5,18.5,47.2,2.933333333,70,20.29,30.29,22,41.29,19.5,39.46666667,2.33,764.4333333,93.66666667,2.666666667,39.33333333,1.43
30,0,20.5,40.09,17.2,46.29,20.96333333,38.26,20.13333333,35.5,18.5,47.2,2.79,70.65,20.2,30.2,22,41.36333333,19.5,39.5,2.3,764.45,94,3,38.5,1.45
30,0,20.5,40.03,17.2,46.2,20.89,38.2,20.1,35.56,18.42666667,47.12666667,2.633333333,70.33333333,20.2,30.2,22,41.73,19.5,39.5,2.27,764.4666667,94.33333333,3.333333333,37.66666667,1.47
50,0,20.5,40,17.13333333,46.2,20.89,38.2,20.1,35.56,18.39,47.03,2.433333333,70.2,20.2,30.26,22,41.79,19.5,39.5,2.23,764.4833333,94.66666667,3.666666667,36.83333333,1.48
60,10,20.5,40,17.2,46.2,20.89,38.2,20.1,35.5,18.39,47.03,2.53,71.53333333,20.2,30.26,22,42.09666667,19.5,39.56,2.2,764.5,95,4,36,1.5
60,0,20.39,39.9,17.13333333,46.2,20.85666667,38.16333333,20.03333333,35.56,18.39,47.045,2.723333333,71.99333333,20.2,30.29,22,42.23,19.5,39.59,2.25,764.5333333,94.5,4,39.83333333,1.47
180,0,20.39,39.9,17.16666667,46.29,20.79,38.09,20,35.93333333,18.46333333,47.16333333,2.9,72.02666667,20.2,30.23,22,41.93,19.5,39.59,2.3,764.5666667,94,4,43.66666667,1.43
350,0,20.39,39.9,17.1,46.23,20.79,38.12666667,20,36,18.39,47.16333333,2.966666667,71.83333333,20.2,30.29,21.92666667,41.65666667,19.5,39.645,2.35,764.6,93.5,4,47.5,1.4
180,0,20.39,40.43333333,17.1,46.29,20.79,38.2,20,36.23,18.39,47.29,3,71.56333333,20.2,30.29,21.89,41.36333333,19.5,39.7,2.4,764.6333333,93,4,51.33333333,1.37
110,0,20.39,40.52666667,17.16666667,46.29,20.76,38.16333333,20,36.29,18.39,47.29,2.86,70.69666667,20.2,30.26,21.89,41.15666667,19.5,39.7,2.45,764.6666667,92.5,4,55.16666667,1.33
100,0,20.39,40.32666667,17.2,46.02666667,20.7,38.16333333,19.92666667,36.2,18.39,47.16333333,2.663333333,70.33333333,20.13333333,30.06666667,21.85666667,40.62333333,19.6,39.59,2.5,764.7,92,4,59,1.3
70,0,20.39,40.5,17.26,45.82666667,20.73,38.09,19.92666667,36.06666667,18.39,47.03,2.59,70.59333333,20.1,29.945,21.79,40.09666667,19.6,39.59,2.7,764.7166667,90,4.166666667,53,1.17
90,0,20.39,40.36,17.29,45.49,20.79,38.09,19.96333333,35.83333333,18.39,46.86333333,2.59,70.72666667,20.06666667,29.76,21.79,39.55,19.6,39.5,2.9,764.7333333,88,4.333333333,47,1.03
80,10,20.42666667,40.02666667,17.35666667,45.15666667,20.79,38.06,19.89,35.7,18.46333333,46.79,2.663333333,70.72666667,20,29.63333333,21.76,39.13333333,19.6,39.43333333,3.1,764.75,86,4.5,41,0.9
90,0,20.4175,39.7225,17.42666667,44.72333333,20.79,38,19.92666667,35.8,18.73,49.79666667,2.73,70.23333333,20,29.56666667,21.7,38.86,19.63333333,39.2,3.3,764.7666667,84,4.666666667,35,0.767
70,0,20.39,39.53,17.525,44.315,20.79,38,20,36.13333333,18.85666667,52.59,2.863333333,69.42666667,20,29.5,21.7,38.46666667,19.7,39,3.5,764.7833333,82,4.833333333,29,0.633
370,10,20.39,39.26,17.6,43.96333333,20.79,37.9,20.2,36.43333333,18.89,51.52666667,3.126666667,66.93,20,29.29,21.7,38.26666667,19.73,38.56,3.7,764.8,80,5,23,0.5
780,0,20.39,39.12666667,18.02333333,43.73333333,20.79,37.96666667,20.3425,36.545,18.89,50.52666667,3.3975,62.9425,20,29.23,21.66666667,37.93,19.85666667,38.3,4,764.8166667,77.66666667,5.333333333,24,0.35
460,0,20.5,39.2,18.56333333,42.99333333,20.96,39.29666667,20.53,36.5,18.96333333,49.63333333,3.723333333,60.19333333,20,29.6,21.6,37.73,19.89,37.83333333,4.3,764.8333333,75.33333333,5.666666667,25,0.2
370,0,20.5,39.12666667,19.09666667,42.03333333,21.22666667,40.75666667,20.73,36.36333333,18.82333333,49.3,4.063333333,56.15666667,20.06666667,31,21.6,37.46666667,19.89,37.56666667,4.6,764.85,73,6,26,0.05
300,0,20.5,39.66666667,19.49666667,41.36666667,21.56666667,40.96,20.85666667,36.29,18.79,48.69333333,4.33,52.36333333,20.1,31.52666667,21.6,37.32666667,19.79,37.39,4.9,764.8666667,70.66666667,6.333333333,27,-0.1
320,0,20.56666667,39.93333333,19.96,40.66,21.82666667,40.7,21.13333333,36.16333333,18.73,48.3,4.726666667,48.65666667,20.1,32.06,21.5,37.46666667,19.79,37.79666667,5.2,764.8833333,68.33333333,6.666666667,28,-0.25
300,0,20.63333333,40.19333333,20.29333333,40.13333333,22.03333333,40.22333333,21.26,36.03,18.7,47.9,5.126666667,44.73,20.1,31.69333333,21.56666667,37.86,19.76,37.73333333,5.5,764.9,66,7,29,-0.4
210,0,20.7,40.4,20.59666667,39.4,22.16666667,39.89,21.32333333,35.86333333,18.7,47.56666667,5.463333333,40.3,20.1,31.16666667,21.6,38.22333333,19.745,37.44666667,5.67,764.8833333,64.33333333,7.5,30.83333333,-0.617
120,0,20.73,40.5,20.85666667,39,22.23,39.46666667,21.39,35.65666667,18.7,47.245,5.796666667,38.3,20.1,30.56333333,21.53333333,38.03,19.79,37.9,5.83,764.8666667,62.66666667,8,32.66666667,-0.833
50,0,20.79,40.3,21.16333333,38.72333333,22.35666667,39.46666667,21.5,35.33333333,18.7,47.29,6.123333333,34.36,20.1,30.09666667,21.5,37.63333333,19.79,38.23,6,764.85,61,8.5,34.5,-1.05
180,0,20.79,39.93,21.35666667,38.39,22.46333333,39.19333333,21.5,35,18.7,47.23,6.33,30.7,20.1,29.59666667,21.5,37.36,19.79,38.36333333,6.17,764.8333333,59.33333333,9,36.33333333,-1.27
200,0,20.79,39.79,21.56666667,38,22.32333333,38.93333333,21.5,34.63333333,18.66666667,46.93,6.4,28.92666667,20.1,29.19666667,21.5,37.02666667,19.7,38.4,6.33,764.8166667,57.66666667,9.5,38.16666667,-1.48
230,0,20.89,39.9,21.5,38.13333333,22.26,38.52666667,21.5,34.43333333,18.6,46.65666667,6.466666667,29,20.1,28.72666667,21.5,36.69333333,19.7,38.65666667,6.5,764.8,56,10,40,-1.7
110,0,20.89,39.96666667,21.6,39.03333333,22.2,38.32666667,21.46333333,34.13333333,18.6,46.46666667,6.623333333,27.72333333,20.1,28.46,21.5,36.43,19.7,39.12333333,6.58,764.8,56,9.833333333,38.16666667,-1.62
50,0,20.92666667,40.3,21.53333333,38.5,22.16666667,38.16333333,21.39,33.93333333,18.6,46.4,6.69,25.99,20.2,28.1,21.42666667,36.15666667,19.79,39.36,6.67,764.8,56,9.666666667,36.33333333,-1.53
70,0,21,41.36,21.53333333,38.06,22.1,38.16333333,21.39,33.76,18.6,46.43333333,6.963333333,23.02333333,20.23,27.76,21.53333333,36.59666667,19.79,39.5,6.75,764.8,56,9.5,34.5,-1.45
130,0,21.1,42.05666667,21.53333333,37.93333333,22.06666667,38.36333333,21.39,33.62666667,18.6,46.5,7.23,22.29,20.35666667,27.56666667,21.6,36.79,19.79,39.46666667,6.83,764.8,56,9.333333333,32.66666667,-1.37
50,0,21.1,41.3475,21.5,37.86333333,22,38.36333333,21.5,33.89666667,18.6,46.59,7.5,21.66333333,20.32333333,27.26,21.6,36.79,19.79,39.32666667,6.92,764.8,56,9.166666667,30.83333333,-1.28
80,0,21.1,40.72666667,21.5,37.65666667,21.96333333,38.43,21.5,34.49,18.6,46.53,7.5475,21.345,20.39,27.2,21.5,36.86333333,19.79,39.29,7,764.8,56,9,29,-1.2
90,0,21.1,40.02666667,21.445,37.145,21.865,38.0925,21.5,35.73333333,18.6,46.22333333,7.896666667,20.79666667,20.39,26.96333333,21.56666667,36.65666667,19.79,39.29,7.02,764.8,56.33333333,8.833333333,29,-1.13
70,0,21.1,39.76666667,21.39,36.93,21.85666667,38.02666667,21.5,36.5975,18.6,46.03,8.13,20.6,20.39,26.82333333,21.6,36.5,19.73,39.26,7.03,764.8,56.66666667,8.666666667,29,-1.07
300,0,21.1,39.43,21.32333333,36.73,21.89,38.65666667,21.42666667,36.46333333,18.6,45.76,8.396666667,20.2,20.39,26.7,21.6,36.5,19.73,39.12666667,7.05,764.8,57,8.5,29,-1
100,0,21.1,39.29,21.26,36.7,21.82333333,38.59666667,21.39,35.99,18.6,45.56666667,8.89,18.69,20.39,26.7,21.5,36.29,19.7,39,7.07,764.8,57.33333333,8.333333333,29,-0.933
40,0,21.1,39.23333333,21.2,36.56666667,21.76,38.33333333,21.39,35.65666667,18.6,45.29,8.89,18.49666667,20.39,26.56666667,21.5,36.23,19.7,38.93333333,7.08,764.8,57.66666667,8.166666667,29,-0.867
160,0,21.1,38.69333333,21.06666667,36.46666667,21.7,38.06666667,21.32333333,35.29666667,18.6,45.15666667,8.826666667,17.62333333,20.46333333,26.56666667,21.53333333,36.1,19.79,38.2,7.1,764.8,58,8,29,-0.8
90,0,21.2,39.92666667,21.06666667,36.32666667,21.6,37.7,21.32333333,34.96333333,18.6,44.96666667,9.16,16.62333333,20.6,26.35666667,21.66666667,35.76666667,19.73,38.2,7.18,764.7333333,57.33333333,8,28.66666667,-0.883
120,0,21.2,39.06666667,21,36.26,21.6,37.62666667,21.29,34.66333333,18.6,44.82666667,8.963333333,15.36666667,20.6,26.23,21.82333333,35.59,19.7,38.09,7.27,764.6666667,56.66666667,8,28.33333333,-0.967
90,0,21.23,38.49,20.92666667,36.2,21.6,37.59,21.29,34.46333333,18.6,44.645,8.63,16.16666667,20.63333333,26.1,21.89,35.59,19.7,38.09,7.35,764.6,56,8,28,-1.05
100,20,21.29,38.03,20.89,35.93,21.6,37.53,21.29,34.43333333,18.6,44.56,9.293333333,15.83333333,20.7,26.03333333,22.13333333,35.56,19.7,37.96666667,7.43,764.5333333,55.33333333,8,27.66666667,-1.13
90,10,21.29,37.52666667,20.89,35.73,21.6,37.5,21.29,34.56,18.6,44.36,9.5,15.23333333,20.7,25.89,22.2,35.43333333,19.7,37.9,7.52,764.4666667,54.66666667,8,27.33333333,-1.22
530,30,21.29,37.4,20.79,35.56666667,21.6,37.5,21.29,34.66333333,18.6,44.16333333,9.733333333,14.75666667,20.7,25.82333333,22.29,35.33333333,19.745,37.9,7.6,764.4,54,8,27,-1.3
710,30,21.29,37.75666667,20.73,35.9,21.6,37.56666667,21.29,34.59,18.6,43.96333333,10,13.55666667,20.7,25.7,22.29,35.06666667,19.7,37.83333333,7.75,764.3666667,53,8,26.83333333,-1.4
420,30,21.29,38.63,20.66666667,36.3,21.72666667,38.29333333,21.39,34.5,18.6,43.9,10.19,12.56,20.7,25.63333333,22.32333333,35,19.7,37.62666667,7.9,764.3333333,52,8,26.66666667,-1.5
340,20,21.29,39.6,20.6,36.76666667,22.06666667,39.26666667,21.39,34.43333333,18.6,43.96666667,10.19,12.56,20.7,25.445,22.46333333,34.93333333,19.7,37.46666667,8.05,764.3,51,8,26.5,-1.6
340,30,21.35666667,40.19333333,20.56666667,37.59666667,22.26,39.6,21.5,34.36333333,18.7,44.23,10.19,12.09333333,20.7,25.29,22.63333333,34.9,19.7,37.32666667,8.2,764.2666667,50,8,26.33333333,-1.7
270,30,21.39,40.46333333,20.5,38.06333333,22.56666667,39.72333333,21.5,34.29,18.7,44.36333333,10.46333333,12.16666667,20.76,25.23,22.76,34.9,19.7,37.5,8.35,764.2333333,49,8,26.16666667,-1.8
300,30,21.46333333,40.86333333,20.5,38.8,22.76,39.59,21.63333333,34.2,18.63333333,44.46333333,10.345,11.645,20.79,25.2,22.84,34.79,19.7,37.76,8.5,764.2,48,8,26,-1.9
210,20,21.5,41.045,20.5,39.13333333,22.92666667,39.52666667,21.7,34.12666667,18.63333333,44.66333333,10.19,11.92666667,20.79,25.13333333,22.92666667,34.66333333,19.73,37.93333333,8.47,764.1666667,48.16666667,8,26.5,-1.92
130,20,21.5,40.79666667,20.445,39.245,23.075,39.2,21.7,34,18.63333333,44.82666667,10.13,11.79333333,20.79,25,23,34.53,19.73,38,8.43,764.1333333,48.33333333,8,27,-1.93
80,10,21.5,40.39,20.39,39.02666667,23.1,38.86,21.7225,33.82,18.67777778,45.01888889,9.933333333,12.1,20.79,24.92666667,23,34.46666667,19.79,38,8.4,764.1,48.5,8,27.5,-1.95
90,30,21.5,40.19333333,20.32333333,38.9,23.06666667,38.46,21.73,33.56666667,18.63333333,45.03,9.8,12.29333333,20.76,24.85666667,23,34.4,19.73,38,8.37,764.0666667,48.66666667,8,28,-1.97
110,20,21.5,39.8,20.29,38.72333333,22.92666667,38.06666667,21.7,33.59,18.7,45,9.83,11.82666667,20.7,24.79,23,34.4,19.7,38.09,8.33,764.0333333,48.83333333,8,28.5,-1.98
90,30,21.5,39.32333333,20.23,38.19666667,22.76,37.63333333,21.76,33.72333333,18.7,45,9.963333333,12.29333333,20.7,24.79,23,34.52666667,19.7,38.03,8.3,764,49,8,29,-2
70,30,21.5,37.93,20,35.83333333,22.63333333,36.89333333,21.79,33.56,18.7,44.9475,10.03333333,11.86666667,20.76,24.73,23.1,34.79,19.7,37.82666667,8.18,764.0166667,49.16666667,8.166666667,28.66666667,-2.07
90,20,21.46333333,36.39666667,19.92666667,35.16666667,22.5,35.73333333,21.79,33.3,18.7,44.59666667,10.1,11.86666667,20.79,24.66666667,23.1,34.73,19.7,37.9,8.07,764.0333333,49.33333333,8.333333333,28.33333333,-2.13
100,20,21.39,35.32333333,19.85666667,34.19666667,22.5,35.13333333,21.79,32.96666667,18.7,44.1,10.06666667,11.79333333,20.79,24.6,23.1,34.56,19.7,37.9,7.95,764.05,49.5,8.5,28,-2.2
90,20,21.35666667,34.56,19.79,33.65666667,22.39,34.76,21.79,32.82666667,18.63333333,43.63333333,9.866666667,11.53333333,20.76,24.6,23.1,34.43333333,19.7,37.9,7.83,764.0666667,49.66666667,8.666666667,27.66666667,-2.27
640,20,21.35666667,34.22666667,19.76,33.23333333,22.32333333,34.36666667,21.79,32.52666667,18.7,43.145,9.66,11.69333333,20.7,24.53333333,23.2,34.29,19.7,37.9,7.72,764.0833333,49.83333333,8.833333333,27.33333333,-2.33
600,20,21.29,33.46666667,19.63333333,32.56666667,22.23,33.89,21.79,32.06,18.7,42.76,9.733333333,12.36,20.7,24.5,23.26,34.29,19.7,37.9,7.6,764.1,50,9,27,-2.4
330,10,21.29,33.06666667,19.6,32.43333333,22.35666667,34.16333333,21.76,31.46666667,18.7,42.56666667,9.5,12.49333333,20.7,24.5,23.29,34.1,19.7,37.745,7.52,764.1666667,51,8.666666667,26.66666667,-2.18
350,0,21.2,33.16666667,19.53333333,32.56,22.66333333,34.59666667,21.76,31.2,18.7,42.36333333,9.166666667,13.49333333,20.7,24.5,23.29,33.76666667,19.7,37.79,7.43,764.2333333,52,8.333333333,26.33333333,-1.97
320,10,21.26,34.23333333,19.5,33,22.93,34.86333333,21.7,31.2,18.7,42.23,9.1,13.72666667,20.7,24.5,23.29,33.59,19.7,37.79,7.35,764.3,53,8,26,-1.75
420,10,21.29,34.4,19.5,33.33333333,23.2,34.76,21.63333333,31.13333333,18.7,42,8.96,13.8,20.7,24.445,23.29,33.53,19.7,37.7,7.27,764.3666667,54,7.666666667,25.66666667,-1.53
510,0,21.23,34.2,19.39,33.56666667,23.26,34.76,21.6,31.26333333,18.7,41.93333333,8.65,14.1,20.66666667,24.46333333,23.32333333,33.53,19.7,37.76,7.18,764.4333333,55,7.333333333,25.33333333,-1.32
740,20,21.29,34.63333333,19.39,34.03333333,23.42666667,34.66,21.6,31.46333333,18.7,41.86333333,8.323333333,14.96333333,20.6,24.39,23.39,33.59,19.66666667,37.76,7.1,764.5,56,7,25,-1.1
590,20,21.29,36.63333333,19.39,35.36333333,23.56666667,34.52666667,21.53333333,31.59666667,18.7,41.86333333,8.13,16.36333333,20.6,24.42666667,23.39,33.5,19.66666667,37.76,7.02,764.55,56.16666667,7,25.16666667,-1.17
390,20,21.445,40.05,19.39,36.89,23.6,35.03,21.6,31.99,18.7,42.19333333,7.933333333,17.66333333,20.53333333,24.5,23.4725,33.5675,19.63333333,37.73,6.93,764.6,56.33333333,7,25.33333333,-1.23
760,30,21.6,41.19666667,19.5,38.56666667,23.4975,35.3725,21.6,32.5,18.7,42.66,7.726666667,17.93,20.5,24.6,23.5,33.66333333,19.63333333,37.73,6.85,764.65,56.5,7,25.5,-1.3
560,20,21.66666667,40.19666667,19.525,38.8725,23.39,35.93333333,21.6,32.875,18.66666667,43.06666667,7.656666667,18.36,20.5,24.66666667,23.5,33.7,19.6,37.7,6.77,764.7,56.66666667,7,25.66666667,-1.37
340,10,21.82333333,40.13333333,19.6,38.79,23.63333333,37.06666667,21.6,33.06,18.66666667,43.26,7.53,18.69333333,20.39,24.63333333,23.5,33.76,19.6,37.7,6.68,764.75,56.83333333,7,25.83333333,-1.43
320,0,22.09666667,39.93333333,19.73,39.23,23.82666667,37.66,21.6,33.06,18.7,43.56666667,7.263333333,19.19666667,20.39,24.7,23.5,33.52666667,19.6,37.7,6.6,764.8,57,7,26,-1.5
270,20,22.32333333,39.26,19.79,39.23,24.16333333,38.12666667,21.6,32.93333333,18.7,43.83333333,6.996666667,19.65666667,20.39,24.79,23.5,33.4,19.6,37.7,6.43,764.85,57.66666667,6.833333333,25.66666667,-1.48
180,20,22.39,39,19.85666667,39.13333333,24.29,38.06666667,21.6,32.93333333,18.7,44.03,6.466666667,21.06,20.39,24.85666667,23.53333333,33.5,19.6,37.7,6.27,764.9,58.33333333,6.666666667,25.33333333,-1.47
140,30,22.42666667,38.76,19.85666667,38.93333333,24.32333333,37.66,21.6,33.06,18.7,44.16333333,6.333333333,21.79333333,20.32333333,24.92666667,23.6,33.56,19.6,37.56666667,6.1,764.95,59,6.5,25,-1.45
130,20,22.5,38.5,19.92666667,38.72333333,24.32333333,37.13333333,21.6,33.09,18.7,44.2,6.126666667,22.33333333,20.32333333,25,23.6,33.59,19.6,37.33333333,5.93,765,59.66666667,6.333333333,24.66666667,-1.43
140,20,22.53333333,38.13333333,20,38.46333333,24.06666667,36.63333333,21.6,33.09,18.7,44.12666667,5.866666667,23.06,20.29,25,23.6,33.59,19.6,37,5.77,765.05,60.33333333,6.166666667,24.33333333,-1.42
120,20,22.6,37.93333333,20.1,38.19333333,23.92666667,36.36,21.7,33.46333333,18.7,44.09,5.526666667,23.8,20.29,25,23.6,33.56,19.6,36.65666667,5.6,765.1,61,6,24,-1.4
130,30,22.6,37.56,20.1,38,23.72666667,36.02666667,21.76,33.66333333,18.7,44.2,5.333333333,24.33333333,20.23,25,23.6,33.56,19.6,36.65666667,5.43,765.15,61.5,5.833333333,23.66666667,-1.45
140,20,22.6,37.36,20.2,37.69333333,23.6,35.82666667,21.79,33.82666667,18.7,44.2,5.06,24.73333333,20.23,25,23.6,33.53,19.6,36.2,5.27,765.2,62,5.666666667,23.33333333,-1.5
160,20,22.7,37.22333333,20.2,37.36,23.56666667,35.66333333,21.79,33.9,18.7,44.09,4.933333333,25,20.2,25,23.6,33.59,19.6,35.72333333,5.1,765.25,62.5,5.5,23,-1.55
140,20,22.7,36.83,20.23,37.29,23.5,35.59,21.82333333,33.96333333,18.7,44.09,4.745,25.195,20.2,25,23.6,33.36333333,19.6,35.46333333,4.93,765.3,63,5.333333333,22.66666667,-1.6
140,20,22.7,36.29666667,20.29,37.15666667,23.39,35.53,21.89,34.09,18.7,44.06,4.59,24.89,20.2,25,23.6,33.36333333,19.6,35.13333333,4.77,765.35,63.5,5.166666667,22.33333333,-1.65
130,30,22.7,36.03,20.29,36.93,23.32333333,35.59,21.89,34.09,18.7,44,4.463333333,24.96333333,20.16666667,25,23.7,33.4,19.6,34.93333333,4.6,765.4,64,5,22,-1.7
120,0,22.7,35.83333333,20.29,36.73,23.26,35.56,21.89,34.09,18.7,43.9,4.263333333,25.73333333,20.1,25,23.7,33.4,19.6,34.72333333,4.57,765.4333333,64,5,22.16666667,-1.72
70,0,22.7,35.56666667,20.29,36.73,23.2,35.5,22,34.02666667,18.7,43.82666667,4.123333333,26.4,20.1,25,23.7,33.53,19.6,34.53,4.53,765.4666667,64,5,22.33333333,-1.73
90,0,22.66666667,35.46666667,20.29,36.86333333,23.1,35.5,21.92666667,33.76666667,18.7,43.79,4,27.3,20.1,25,23.7,33.72333333,19.53333333,34.4,4.5,765.5,64,5,22.5,-1.75
100,10,22.65,35.35,20.26,36.93,23.1,35.5,21.85666667,33.36333333,18.7,43.73,4,27.56666667,20.1,25,23.6,34.06666667,19.53333333,34.32666667,4.47,765.5333333,64,5,22.66666667,-1.77
90,0,22.6,35.26,20.175,36.7675,23,35.4,21.7675,32.7225,18.7,43.66333333,3.863333333,28.13333333,20.1,25,23.575,34.3925,19.5,34.09,4.43,765.5666667,64,5,22.83333333,-1.78
90,0,22.6,35.16333333,20.1,36.62666667,23,35.4,21.63333333,32.19333333,18.7,43.59,3.73,28.52666667,20.06666667,24.96333333,23.5,34.53,19.5,34.03,4.4,765.6,64,5,23,-1.8
40,10,22.6,35.16333333,20.06666667,36.62666667,22.92666667,35.4,21.6,32.06,18.7,43.59,3.626666667,29.05666667,20,24.96333333,23.39,34.43333333,19.5,33.86333333,4.25,765.6166667,64.83333333,4.833333333,22.83333333,-1.8
60,0,22.56666667,35.2,19.92666667,36.56666667,22.89,35.43333333,21.6,32.4,18.7,43.46333333,3.7,29.46333333,20.1,25.56666667,23.39,34.69333333,19.5,34.45666667,4.1,765.6333333,65.66666667,4.666666667,22.66666667,-1.8
40,0,22.5,35.2,19.85666667,36.5,22.89,35.5,21.5,32.29,18.7,43.29,3.59,29.96,20.1,25.76,23.39,35.33,19.53333333,35.72666667,3.95,765.65,66.5,4.5,22.5,-1.8
40,0,22.5,35.29,19.79,36.56,22.85666667,35.56,21.5,32.29,18.7,43.36333333,3.663333333,30.43333333,20.1,26.03333333,23.39,35.99666667,19.6,36.26666667,3.8,765.6666667,67.33333333,4.333333333,22.33333333,-1.8
30,0,22.42666667,35.23,19.7,36.93333333,22.79,35.56,21.39,32.2,18.7,43.43333333,3.56,30.59333333,20.1,26.16666667,23.39,36.59666667,19.53333333,36.8,3.65,765.6833333,68.16666667,4.166666667,22.16666667,-1.8
30,0,22.39,35.32666667,19.63333333,37.06,22.79,35.62666667,21.32333333,32.2,18.7,43.5,3.433333333,31.13333333,20.1,26.32333333,23.39,37.06333333,19.6,37.13333333,3.5,765.7,69,4,22,-1.8
40,0,22.32333333,35.46666667,19.56666667,37.12666667,22.79,35.7,21.29,32.2,18.6,43.5,3.29,31.8,20.1,26.46333333,23.39,37.65666667,19.6,37.36,3.33,765.7166667,69.66666667,3.833333333,21.66666667,-1.82
50,0,22.29,35.59,19.5,37.26,22.76,35.7,21.29,32.26,18.6,43.59,3.156666667,32.19333333,20.1,26.56666667,23.32333333,37.93,19.6,37.56,3.17,765.7333333,70.33333333,3.666666667,21.33333333,-1.83
50,0,22.29,35.66333333,19.39,37.43333333,22.7,35.76,21.2,32.2,18.6,43.59,2.845,33.495,20.1,26.7,23.23,37.96333333,19.6,37.745,3,765.75,71,3.5,21,-1.85
60,0,22.26,35.7,19.32333333,37.63333333,22.7,35.73,21.13333333,32.2,18.6,43.7,2.723333333,33.93333333,20.1,26.79,23.23,38.03,19.6,37.82666667,2.83,765.7666667,71.66666667,3.333333333,20.66666667,-1.87
40,0,22.2,35.76,19.2,37.62666667,22.7,35.79,21.1,32.29,18.6,43.76,2.53,35.06666667,20.1,26.85666667,23.16666667,37.93333333,19.53333333,37.9,2.67,765.7833333,72.33333333,3.166666667,20.33333333,-1.88
60,0,22.1,35.79,19.2,37.9,22.66666667,35.86333333,21.1,32.29,18.6,43.93333333,2.466666667,35.29,20.05,26.945,23.1,37.93333333,19.6,38.03,2.5,765.8,73,3,20,-1.9
40,0,22.1,35.86333333,19.1,38.12666667,22.6,35.86333333,21.06666667,32.29,18.6,44,2.266666667,35.82333333,20,27,23.06666667,37.86333333,19.53333333,38.16333333,2.42,765.8166667,73.66666667,3.166666667,20,-1.85
60,0,22.06666667,35.96666667,19.03333333,38.12666667,22.6,35.82666667,21,32.29,18.6,44.09,2.09,36.99666667,20,27.06666667,23,37.86333333,19.6,38.23,2.33,765.8333333,74.33333333,3.333333333,20,-1.8
50,0,22,35.9,18.89,38.2,22.6,35.9,21,32.32666667,18.6,44.16333333,2.163333333,37.79666667,20,27.13333333,23,37.96333333,19.53333333,38.29,2.25,765.85,75,3.5,20,-1.75
60,0,22,35.9,18.89,38.26,22.6,35.9,21,32.4,18.6,44.23,2.06,38,20,27.2,22.92666667,38.16333333,19.56666667,38.4,2.17,765.8666667,75.66666667,3.666666667,20,-1.7
50,0,21.9175,35.9,18.79,38.2,22.66666667,35.96666667,20.89,32.43333333,18.6,44.29,2.06,39.2,20,27.2,22.89,38.5,19.5,38.46666667,2.08,765.8833333,76.33333333,3.833333333,20,-1.65
50,0,21.89,35.96666667,18.7675,38.295,22.6,35.9,20.865,32.425,18.6,44.4,2.133333333,39.62333333,20,27.26,22.82333333,38.56,19.6,38.53,2,765.9,77,4,20,-1.6
50,0,21.79,36,18.63333333,38.32666667,22.6,35.975,20.79,32.4,18.6,44.4,2,40.03,20,27.29,22.79,38.8,19.53333333,38.59,1.8,765.9166667,78,4,27.33333333,-1.63
50,0,21.79,36.06,18.6,38.2,22.6,36,20.79,32.5,18.6,44.43333333,1.863333333,40.59,20,27.35666667,22.79,39.19333333,19.6,38.59,1.6,765.9333333,79,4,34.66666667,-1.67
40,0,21.76,36.09,18.53333333,38.26,22.6,35.93333333,20.79,32.5,18.6,44.5,1.79,42.05666667,20,27.42666667,22.79,39.6,19.6,38.66333333,1.4,765.95,80,4,42,-1.7
60,0,21.7,36.09,18.5,38.29,22.6,36,20.76,32.59,18.5,44.53,1.7,42.86,20,27.5,22.76,40.06666667,19.53333333,38.73,1.2,765.9666667,81,4,49.33333333,-1.73
50,0,21.7,36.2,18.42666667,38.29,22.6,36,20.7,32.66333333,18.56666667,44.59,1.7,43.66,20,27.5,22.7,40.26,19.6,38.79,1,765.9833333,82,4,56.66666667,-1.77
50,0,21.63333333,36.2,18.29,38.43333333,22.6,36,20.7,32.7,18.56666667,44.59,1.76,44.2,20,27.5,22.7,40.5,19.6,38.9,0.8,766,83,4,64,-1.8
50,0,21.6,36.2,18.29,38.56,22.53333333,36,20.7,32.7,18.5,44.59,1.625,44.4225,19.92666667,27.6,22.7,40.76,19.6,38.9,0.8,766,82.83333333,4,64,-1.82
30,0,21.53333333,36.2,18.26,38.7,22.6,36,20.66666667,32.7,18.55,44.645,1.6,45.03,19.92666667,27.6,22.6,40.73,19.6,38.93333333,0.8,766,82.66666667,4,64,-1.83
30,0,21.5,36.23,18.2,38.76,22.5,36,20.6,32.7,18.56666667,44.7,1.566666667,45.25666667,19.89,27.7,22.6,40.99,19.6,39,0.8,766,82.5,4,64,-1.85
30,0,21.5,36.29,18.16666667,38.96333333,22.5,36.06,20.6,32.73,18.56666667,44.7,1.5,45.53,19.89,27.7,22.6,41.12666667,19.5,39.045,0.8,766,82.33333333,4,64,-1.87
30,0,21.39,36.2,18.1,39.22333333,22.39,36.09,20.6,32.79,18.5,44.7,1.2,45.56666667,19.89,27.7,22.6,41.2,19.6,39.2,0.8,766,82.16666667,4,64,-1.88
60,0,21.39,36.2,18,39.32666667,22.39,36.09,20.56666667,32.79,18.5,44.76,1.133333333,46.96666667,19.89,27.7,22.53333333,41.29,19.6,39.2,0.8,766,82,4,64,-1.9
50,0,21.39,36.29,18,39.46666667,22.39,36.2,20.5,32.86333333,18.5,44.79,1.1,47.65666667,19.89,27.79,22.6,41.23,19.53333333,39.2,0.767,766,82.16666667,3.833333333,64,-1.92
50,0,21.32333333,36.29,17.96333333,39.62666667,22.39,36.2,20.5,32.9,18.5,44.79,1.1,47.99,19.89,27.79,22.5,41.12666667,19.6,39.2,0.733,766,82.33333333,3.666666667,64,-1.93
50,0,21.26,36.29,17.89,39.76,22.35666667,36.12666667,20.5,32.9,18.5,44.79,0.9,48.36,19.82333333,27.73,22.5,41.12666667,19.6,39.2,0.7,766,82.5,3.5,64,-1.95
50,0,21.26,36.36333333,17.79,39.82666667,22.35666667,36.2,20.46333333,32.9,18.5,44.79,0.966666667,49.02666667,19.79,27.73,22.46333333,41.02666667,19.6,39.2,0.667,766,82.66666667,3.333333333,64,-1.97
50,0,21.2,36.29,17.79,39.9,22.35666667,36.12666667,20.39,32.9,18.5,44.9,0.866666667,49.16333333,19.79,27.79,22.39,40.9,19.6,39.2,0.633,766,82.83333333,3.166666667,64,-1.98
50,0,21.2,36.29,17.76,39.93333333,22.29,36.2,20.39,32.9,18.5,44.9,0.733333333,49.63,19.79,27.79,22.39,40.79,19.6,39.2,0.6,766,83,3,64,-2
40,0,21.15,36.345,17.7,40,22.29,36.2,20.39,32.925,18.5,44.9,0.6,50.39333333,19.79,27.79,22.39,40.79,19.6,39.2,0.55,766,83.33333333,3,63.83333333,-1.98
40,0,21.1,36.4,17.63333333,40,22.29,36.2,20.39,33,18.5,44.9,0.533333333,51.19333333,19.79,27.79,22.39,40.79,19.6,39.2,0.5,766,83.66666667,3,63.66666667,-1.97
60,0,21.1,36.4,17.6,40.03,22.29,36.2,20.29,33,18.5,45,0.5,52.16666667,19.79,27.79,22.39,40.695,19.53333333,39.29,0.45,766,84,3,63.5,-1.95
50,0,21.06666667,36.36333333,17.6,40.09,22.29,36.2,20.29,33,18.5,45,0.5,52.7,19.79,27.79,22.32333333,40.53,19.6,39.29,0.4,766,84.33333333,3,63.33333333,-1.93
60,0,21,36.29,17.5,40.09,22.29,36.2,20.29,33,18.5,45,0.45,52.95,19.79,27.85666667,22.29,40.56,19.53333333,39.29,0.35,766,84.66666667,3,63.16666667,-1.92
50,0,20.96333333,36.29,17.5,40.16333333,22.29,36.2,20.29,33.06,18.5,45,0.5,53.83333333,19.79,27.85666667,22.29,40.43333333,19.6,39.36333333,0.3,766,85,3,63,-1.9
40,0,20.89,36.29,17.39,40.2,22.29,36.2,20.29,33.09,18.5,45,0.433333333,53.56666667,19.79,27.85666667,22.29,40.4,19.56666667,39.4,0.15,765.9833333,85.5,2.833333333,62.83333333,-1.97
50,0,20.89,36.29,17.39,40.2,22.29,36.2,20.23,33.03,18.5,45.06,0.366666667,53.83,19.79,27.89,22.23,40.32666667,19.56666667,39.4,5.55E-17,765.9666667,86,2.666666667,62.66666667,-2.03
50,0,20.89,36.29,17.35666667,40.32666667,22.29,36.2,20.26,33.06,18.445,45.045,0.233333333,53.69666667,19.73,27.89,22.2,40.29,19.6,39.4,-0.15,765.95,86.5,2.5,62.5,-2.1
50,0,20.79,36.29,17.29,40.32666667,22.2,36.09,20.2,33,18.46333333,45.06,0.066666667,54.59,19.7,27.92666667,22.2,40.29,19.53333333,39.4,-0.3,765.9333333,87,2.333333333,62.33333333,-2.17
20,0,20.79,36.29,17.29,40.4,22.2,36.16333333,20.2,33,18.39,45,0,54.79666667,19.7,28,22.2,40.2,19.6,39.4,-0.45,765.9166667,87.5,2.166666667,62.16666667,-2.23
40,0,20.79,36.29,17.29,40.4,22.2,36.16333333,20.2,33,18.39,45,-0.1,55.42333333,19.73,28,22.2,40.12666667,19.6,39.4,-0.6,765.9,88,2,62,-2.3
30,0,20.79,36.29,17.2,40.32666667,22.2,36.09,20.16666667,32.93333333,18.39,45,-0.033333333,55.96333333,19.73,28,22.1,40.15666667,19.6,39.4,-0.567,765.9666667,87.83333333,1.833333333,62.16666667,-2.32
40,0,20.7,36.29,17.2,40.4,22.1,36.09,20.1,33,18.39,45,-0.066666667,55.6,19.7,28,22.1,40.29,19.6,39.36333333,-0.533,766.0333333,87.66666667,1.666666667,62.33333333,-2.33
50,0,20.7,36.29,17.2,40.46333333,22.1,36.09,20.1,33,18.39,45.06,-0.266666667,55.46666667,19.7,28,22.1,40.23,19.53333333,39.29,-0.5,766.1,87.5,1.5,62.5,-2.35
50,0,20.63333333,36.23,17.2,40.59,22.1,36.12666667,20.1,33,18.5,45.12666667,-0.8,54.1,19.7,28.06666667,22.1,40.29,19.53333333,39.29,-0.467,766.1666667,87.33333333,1.333333333,62.66666667,-2.37
60,0,20.7,36.23,17.1,40.59,22.03333333,36.12666667,20.1,32.9,18.42666667,45.12666667,-1.193333333,54.16,19.7,28.1,22.1,40.2,19.6,39.29,-0.433,766.2333333,87.16666667,1.166666667,62.83333333,-2.38
50,0,20.66666667,36.22333333,17.1,40.59,22.06666667,36.2,20.1,32.9,18.39,45.09,-1.533333333,54.99333333,19.7,28.1,22.1,40.2,19.53333333,39.32666667,-0.4,766.3,87,1,63,-2.4
60,0,20.6,36.22333333,17.06666667,40.56,22,36,20,32.83333333,18.39,45.09,-1.666666667,55.86,19.66666667,27.76,22,40.06,19.6,39.4,-0.35,766.35,87.66666667,1.166666667,62.66666667,-2.23
60,10,20.6,36.245,17,40.3425,21.85666667,35.29666667,20,32.55,18.39,44.83333333,-1.7,56.745,19.6,27.36,22.06666667,39.8,19.56666667,39.2,-0.3,766.4,88.33333333,1.333333333,62.33333333,-2.07
90,0,20.6,36.06,17,40.09666667,21.79,35.03,20,32.43333333,18.39,44.56666667,-1.666666667,57.23333333,19.56666667,27.13333333,22,39.1,19.56666667,39.2,-0.25,766.45,89,1.5,62,-1.9
70,10,20.6,36,17,39.9,21.745,34.79,20,32.29,18.39,44.33333333,-1.6,57.83333333,19.5,26.92666667,21.92666667,38.63333333,19.56666667,39.1,-0.2,766.5,89.66666667,1.666666667,61.66666667,-1.73
50,0,20.6,36.12666667,17,39.96666667,21.7,34.63333333,20,32.23,18.39,44.12666667,-1.43,58.63,19.5,26.76,21.89,37.995,19.56666667,38.82666667,-0.15,766.55,90.33333333,1.833333333,61.33333333,-1.57
40,10,20.66666667,36.4,17.1,40.2,21.7,34.5,19.89,32.16333333,18.39,43.96666667,-1.23,59.36333333,19.5,26.7,21.79,37.4,19.56666667,38.43,-0.1,766.6,91,2,61,-1.4
70,20,20.7,36.29,17.03333333,40.2,21.66666667,34.5,19.89,32.09,18.39,43.82666667,-0.833333333,60.69333333,19.46333333,26.56666667,21.79,37.06666667,19.5,38.09666667,0.367,766.6166667,88.66666667,2.166666667,54.33333333,-1.32
330,30,20.7,36.09666667,17.1,40.2,21.6,34.43333333,20.09666667,32.53,18.39,43.56,-0.566666667,60.96666667,19.46333333,26.5,21.79,36.83333333,19.5,37.69333333,0.833,766.6333333,86.33333333,2.333333333,47.66666667,-1.23
260,30,20.6,35.79,17.1,40.06666667,21.6,34.46333333,20.56333333,32.86333333,18.39,43.43333333,-0.1,61.12666667,19.46333333,26.35666667,21.79,36.56666667,19.5,37.36,1.3,766.65,84,2.5,41,-1.15
200,0,20.6,35.73,17.13333333,39.72333333,21.6,34.59,21.23333333,33,18.39,43.245,0.3,60.92666667,19.39,26.29,21.7,36.33333333,19.6,36.82666667,1.77,766.6666667,81.66666667,2.666666667,34.33333333,-1.07
150,10,20.6,35.66333333,17.2,39.46333333,21.6,34.5,21.69333333,32.72666667,18.39,43.02666667,0.8,60.19666667,19.39,26.29,21.7,36.12666667,19.6,37.1,2.23,766.6833333,79.33333333,2.833333333,27.66666667,-0.983
70,0,20.6,35.46333333,17.32333333,39.13333333,21.6,34.56,21.79,32.36333333,18.39,42.82666667,1.193333333,59.32333333,19.39,26.29,21.6,35.86333333,19.79,38.145,2.7,766.7,77,3,21,-0.9
60,10,20.6,35.26,17.59666667,38.93333333,21.6,34.59,21.73,32.29,18.39,42.66333333,1.7,57.72333333,19.39,26.29,21.6,35.73,19.89,38.59,3.1,766.6833333,75.83333333,3.166666667,21,-0.75
80,0,20.6,35.2,18.23333333,38.42333333,21.53333333,34.59,21.66666667,32.29,18.46333333,42.59,2.1,55.79666667,19.39,26.29,21.6,35.59,19.89,38.53,3.5,766.6666667,74.66666667,3.333333333,21,-0.6
70,10,20.63333333,35.23,18.76,37.75666667,21.39,34.23,21.6,32.29,18.46333333,42.4,2.596666667,53.83,19.39,26.29,21.6,35.53,19.96333333,38.5,3.9,766.65,73.5,3.5,21,-0.45
80,0,20.7,35.29,19.3,37.1,21.39,34.43,21.6,32.53,18.39,42.2,3.063333333,51.63,19.39,26.29,21.56666667,35.4,19.89,38.43333333,4.3,766.6333333,72.33333333,3.666666667,21,-0.3
80,10,20.7,35.26,19.69333333,36.69333333,21.39,34.5,21.6,32.66333333,18.39,42.06,3.596666667,49.29333333,19.39,26.29,21.5,35.32666667,19.89,38.53,4.7,766.6166667,71.16666667,3.833333333,21,-0.15
80,0,20.7,35.2,20.06666667,36.4,21.39,34.56,21.6,32.79,18.39,41.93333333,4.0925,45.675,19.39,26.29,21.5,35.16333333,19.89,38.59,5.1,766.6,70,4,21,0
80,10,20.7,35.29,20.4,36.06666667,21.43,34.6,21.6,32.86333333,18.39,41.76,4.526666667,43.72666667,19.46333333,26.35666667,21.5,35.09,19.79,38.59,5.38,766.6,69.16666667,4,28.33333333,0.0833
260,0,20.76,35.36333333,20.63333333,35.6,21.29,34.46666667,21.6,32.86333333,18.39,41.62666667,4.996666667,41.36666667,19.42666667,26.29,21.5,35,19.79,38.59,5.67,766.6,68.33333333,4,35.66666667,0.167
420,0,20.79,35.32666667,20.8425,34.725,21.32333333,34.7,21.6,32.6725,18.46333333,41.63333333,5.396666667,39.23333333,19.5,26.35666667,21.5,35,19.79,38.7,5.95,766.6,67.5,4,43,0.25
150,0,20.79,35.175,21.03,33.76,21.39,34.62666667,21.53333333,32.43333333,18.39,41.43333333,5.66,36.79,19.5,26.39,21.46333333,34.9,19.79,38.56666667,6.23,766.6,66.66666667,4,50.33333333,0.333
60,0,20.79,34.82666667,21.23,33.66333333,21.34,34.45,21.5,32.43333333,18.39,41.26,5.933333333,35.65666667,19.56666667,26.32333333,21.46333333,35.02666667,19.79,38.13333333,6.52,766.6,65.83333333,4,57.66666667,0.417
60,0,20.79,34.76,21.43,33.59,21.32333333,34.4,21.5,32.5,18.39,41.12666667,6.26,33.72333333,19.6,26.29,21.5,35.16333333,19.79,38,6.8,766.6,65,4,65,0.5
60,0,20.85666667,34.7,21.53333333,33.33333333,21.32333333,34.4,21.5,32.62666667,18.42666667,41.03,6.526666667,32.19666667,19.66666667,26.29,21.5,34.92,19.79,38.15666667,7.05,766.5333333,63.33333333,4,57.83333333,0.35
60,0,20.89,34.46666667,21.6,33.06666667,21.39,34.36333333,21.5,32.7,18.42666667,40.96333333,6.793333333,29.56666667,19.73,26.16666667,21.5,34.65666667,19.79,38.29,7.3,766.4666667,61.66666667,4,50.66666667,0.2
40,0,20.89,34.46666667,21.6,32.96666667,21.32333333,34.29,21.53333333,32.82666667,18.39,40.86333333,7.126666667,28.23333333,19.79,26.1,21.53333333,34.33333333,19.79,38.29,7.55,766.4,60,4,43.5,0.05
50,10,21,34.43333333,21.6,32.82666667,21.29,34.26,21.6,32.9,18.39,40.79,7.433333333,28.06333333,19.92666667,26.06666667,21.6,34.06666667,19.79,38.29,7.8,766.3333333,58.33333333,4,36.33333333,-0.1
40,0,21.06666667,34.56,21.6,32.79,21.29,34.12666667,21.6,33,18.39,40.745,7.7,27.52333333,20.06666667,26,21.73,33.83333333,19.79,38.2,8.05,766.2666667,56.66666667,4,29.16666667,-0.25
180,0,21.1,34.46666667,21.6,32.79,21.29,34.09,21.66666667,33,18.42666667,40.76666667,8.063333333,25.93333333,20.13333333,26,21.79,33.56666667,19.79,38.2,8.3,766.2,55,4,22,-0.4
100,0,21.22666667,35.93333333,21.6,32.73,21.29,34.09,21.73,33,18.42666667,40.82666667,8.323333333,24.33333333,20.26,25.92666667,21.92666667,33.43,19.84,38.145,8.5,766.1333333,54.33333333,4,23,-0.383
60,0,21.39,36.15666667,21.53333333,32.93,21.32333333,34.12666667,21.79,33,18.42666667,40.86,8.6,22.76333333,20.39,25.76,22,33.15666667,19.82333333,38.12666667,8.7,766.0666667,53.66666667,4,24,-0.367
60,0,21.46333333,36.23,21.56666667,33.2,21.39,34.2,21.79,33,18.5,41,8.6,21.43,20.46333333,25.76,22.13333333,33.02666667,19.82333333,38.12666667,8.9,766,53,4,25,-0.35
60,0,21.63333333,35.99,21.5,33.26,21.39,34.2,21.85666667,33.06,18.46333333,41.09,8.756666667,21.06,20.65,25.65,22.26,32.82666667,19.89,38.2,9.1,765.9333333,52.33333333,4,26,-0.333
80,0,21.76,35.59666667,21.5,33.32666667,21.46333333,34.26,21.89,32.86333333,18.46333333,41.16333333,8.963333333,20.33333333,20.82333333,25.5,22.32333333,32.63333333,19.89,38.12666667,9.3,765.8666667,51.66666667,4,27,-0.317
70,0,21.92666667,35.43,21.5,33.4,21.5,34.4,21.89,32.79,18.5,41.23,9.145,20.145,20.96333333,25.5,22.46333333,32.5,19.89,37.9,9.5,765.8,51,4,28,-0.3
50,10,22,35.09666667,21.5,33.4,21.5,34.4,21.89,32.9,18.5,41.29,9.3,19.46666667,21.13333333,25.39,22.63333333,32.29,19.89,37.82666667,9.52,765.7333333,51.33333333,4.166666667,27,-0.167
50,0,22.13333333,34.83333333,21.5,33.4,21.5,34.43333333,21.89,32.82666667,18.5,41.29,9.433333333,19.13333333,21.2,25.32333333,22.76,32.15666667,19.89,37.76,9.53,765.6666667,51.66666667,4.333333333,26,-0.0333
50,0,22.26,34.62666667,21.42666667,33.32666667,21.5,34.5,21.89,32.66333333,18.5,41.29,9.63,18.76333333,21.32333333,25.26,22.82333333,32,19.96333333,37.62666667,9.55,765.6,52,4.5,25,0.1
50,0,22.32333333,34.36333333,21.5,33.4,21.5,34.59,21.89,32.4975,18.5,41.29,9.69,18.03,21.46333333,25.2,22.96333333,31.92666667,19.89,37.5,9.57,765.5333333,52.33333333,4.666666667,24,0.233
40,0,22.4175,34.1175,21.39,33.2,21.5,34.59,21.89,32.4,18.5,41.29,9.89,17.59333333,21.53333333,25.06666667,23.03333333,31.7,19.96333333,37.36,9.58,765.4666667,52.66666667,4.833333333,23,0.367
60,0,22.5,33.93333333,21.39,33.2,21.5,34.7,21.89,32.29,18.53333333,41.26,9.963333333,17.26,21.66666667,25,23.16666667,31.63333333,20,37.26,9.6,765.4,53,5,22,0.5
50,0,22.6,33.66333333,21.39,33.2,21.5,34.7,21.89,32.29,18.53333333,41.26,10.22666667,17.69333333,21.79,24.85666667,23.23,31.46333333,20,37.2,9.67,765.35,52.66666667,4.833333333,22.66666667,0.433
60,0,22.66666667,33.66333333,21.39,33.2,21.5,34.7,21.89,32.29,18.6,41.26,10.3,17.5,21.93,24.85666667,23.35666667,31.39,20,37.16333333,9.73,765.3,52.33333333,4.666666667,23.33333333,0.367
60,0,22.7,33.56,21.39,33.2,21.53333333,34.7,21.89,32.29,18.53333333,41.2,10.3,17.4,22.03333333,24.79,23.445,31.245,20,37.09,9.8,765.25,52,4.5,24,0.3
40,10,22.76,33.5,21.39,33.2,21.53333333,34.7,21.92666667,32.29,18.5,41.23,10.36,17.13333333,22.1,24.73,23.6,31.16666667,20,37.09,9.87,765.2,51.66666667,4.333333333,24.66666667,0.233
50,0,22.79,33.43,21.39,33.2,21.6,34.79,21.92666667,32.29,18.56666667,41.29,10.39,16.76,22.23,24.6,23.66666667,31.03333333,20,37.03,9.93,765.15,51.33333333,4.166666667,25.33333333,0.167
50,0,22.79,32.89666667,21.29,32.35666667,21.6,34.79,22,32.16333333,18.55,41.19,10.39,16.36,22.29,24.6,23.66666667,31.06666667,20.1,37.09,10,765.1,51,4,26,0.1
60,0,22.7,33.06,21.23,31.49,21.5,34.6,21.92666667,32.03,18.6,40.83333333,10.39,16.09666667,22.39,24.46333333,23.53333333,31.4,20.1,37.09,10,765.0333333,50.66666667,4,26.33333333,0.0833
80,0,22.7,33.52666667,21.2,30.79333333,21.5,34.32666667,21.92666667,31.96333333,18.6,40.5,10.39,15.96333333,22.39,24.32333333,23.53333333,31.66333333,20.1,37.09,10.1,764.9666667,50.33333333,4,26.66666667,0.0667
80,0,22.7,32.49666667,21.13333333,30.39333333,21.6,34.06,21.92666667,31.82333333,18.6,40.02666667,10.42666667,15.66,22.5,24.35666667,23.6,31.85666667,20.1,37.09,10.1,764.9,50,4,27,0.05
70,0,22.7,31.69666667,21.1,30.2,21.6,33.93333333,21.89,31.79,18.6,39.76666667,10.5,15.93333333,22.56666667,24.23,23.6,31.89,20.1,36.83,10.1,764.8333333,49.66666667,4,27.33333333,0.0333
80,0,22.73,31.55666667,21.1,30.32666667,21.6,33.86333333,21.89,31.73,18.6,39.56,10.5,15.345,22.6,24.16666667,23.66666667,31.89,20.13333333,36.82666667,10.2,764.7666667,49.33333333,4,27.66666667,0.0167
80,0,22.79,31.89,21.1,30.89333333,21.6,33.79,21.89,31.7,18.6,39.5,10.5,15.46333333,22.675,24.15,23.6,31.73,20.13333333,36.96666667,10.2,764.7,49,4,28,0
100,0,22.79,31.79,21.1,31.22666667,21.6,33.79,21.89,31.7,18.6,39.53,10.5,14.92333333,22.7,24.1,23.66666667,31.93,20.1,37.09,10.2,764.6666667,49,4.166666667,27.5,-0.0333
80,0,22.79,31.85666667,21.1,31.46333333,21.6,33.79,21.89,31.6,18.6,39.59,10.5,15.02666667,22.7,23.96333333,23.7,32.2,20.1,37.09,10.2,764.6333333,49,4.333333333,27,-0.0667
80,0,22.79,31.6,21.03333333,31.39,21.6,33.76,21.89,31.53333333,18.63333333,39.62666667,10.5,15.16666667,22.76,23.82333333,23.7,32.26,20.1,37.06,10.2,764.6,49,4.5,26.5,-0.1
90,0,22.85666667,31.66666667,21,31.63333333,21.6,33.7,21.85666667,31.46333333,18.63333333,39.62666667,10.5,14.5,22.79,23.79,23.79,32.46333333,20.1,36.93333333,10.1,764.5666667,49,4.666666667,26,-0.133
90,10,22.79,31.7,21,31.82666667,21.6,33.62666667,21.84,31.445,18.66666667,39.7,10.42666667,14.7,22.79,23.73,23.79,32.66333333,20.1,36.86333333,10.1,764.5333333,49,4.833333333,25.5,-0.167
100,20,22.85666667,31.82666667,21,32,21.6,33.62666667,21.79,31.46333333,18.66666667,39.76,10.39,15.06333333,22.79,23.6,23.79,32.93333333,20.1,36.73,10.1,764.5,49,5,25,-0.2
110,20,22.79,31.79,20.9725,32.0675,21.65,33.645,21.92666667,32.09666667,18.7,39.79,10.39,15.26333333,22.79,23.6,23.79,33,20.1,36.56,10,764.45,49.83333333,4.833333333,24.66666667,-0.05
90,20,22.82333333,31.92666667,20.89,32.22333333,21.7,33.7,22,32.49,18.7,39.79,10.39,15.13,22.7,23.5,23.79,33.12666667,20.1,36.43333333,9.93,764.4,50.66666667,4.666666667,24.33333333,0.1
100,30,22.82333333,31.92666667,20.99333333,32.29666667,21.7,33.62666667,22.13333333,33.19333333,18.7,39.79,10.33,15.46333333,22.7,23.5,23.79,33.2,20.1,36.26,9.85,764.35,51.5,4.5,24,0.25
80,20,22.79,32,21.32666667,31.83,21.7,33.66333333,22.2,33.6,18.76,39.79,10.26333333,16.23,22.6,23.39,23.89,33.36,20.1,36.12666667,9.77,764.3,52.33333333,4.333333333,23.66666667,0.4
70,20,22.79,32.06,21.03,32.09666667,21.7,33.66333333,22.32333333,33.93333333,18.79,39.79,10.13,16.29,22.6,23.46333333,23.89,33.56,20,35.86333333,9.68,764.25,53.16666667,4.166666667,23.33333333,0.55
110,20,22.79,32.36,20.82333333,32.36333333,21.66666667,33.66333333,22.39,33.8,18.79,39.86333333,9.933333333,16.63,22.5,23.5,23.89,33.7,20.06666667,35.79,9.6,764.2,54,4,23,0.7
100,30,22.73,32.5,20.7,32.73,21.66666667,33.66333333,22.39,33.46666667,18.79,39.95,9.8,17.22333333,22.5,23.5,23.89,33.52666667,20.06666667,35.66333333,9.13,764.2,56.16666667,3.666666667,22.66666667,0.75
360,20,22.7,32.53,20.63333333,32.93,21.7,33.7,22.32333333,33.26666667,18.79,40.03,9.53,17.73333333,22.35666667,23.53333333,23.89,33.26666667,20.06666667,35.59,8.67,764.2,58.33333333,3.333333333,22.33333333,0.8
350,20,22.7,32.66333333,20.5,33.09666667,21.7,33.62666667,22.29,33.16333333,18.79,40.16333333,9.256666667,18.4,22.29,23.6,23.89,32.93,20,35.5,8.2,764.2,60.5,3,22,0.85
190,20,22.7,33.45666667,20.42666667,33.49,21.7,33.62666667,22.29,33.09,18.79,40.23,8.823333333,19.36333333,22.26,23.7,23.89,32.65666667,20,35.4,7.73,764.2,62.66666667,2.666666667,21.66666667,0.9
590,10,22.63333333,34.06333333,20.39,34.36666667,21.7,33.76,22.32333333,33.09,18.79,40.36333333,8.4475,20.32,22.2,23.76,23.89,32.36333333,20,35.4,7.27,764.2,64.83333333,2.333333333,21.33333333,0.95
90,10,22.7,37.93333333,20.39,35.5,21.73,34.06666667,22.32333333,33.03,18.79,40.65666667,7.76,20.86333333,22.1,23.92666667,23.82333333,32.15666667,20,35.29,6.8,764.2,67,2,21,1
110,10,22.76,40.06666667,20.39,37.63,21.73,34.4,22.26,32.6,18.79,41.12333333,6.863333333,22.33333333,22.025,24.025,23.7,31.82666667,20,35.29,6.58,764.2166667,67.66666667,2,28.33333333,0.933
110,10,22.82333333,38.42333333,20.39,38.09,21.79,34.86,22.2,32.32666667,18.79,41.83,6.323333333,23.86,22,24.16666667,23.63333333,31.63333333,20,35.26,6.37,764.2333333,68.33333333,2,35.66666667,0.867
140,30,22.89,38.03,20.32333333,37.93,21.79,35.13333333,22.1,32.15666667,18.79,42.29666667,5.7,25.33333333,21.89,24.42666667,23.6,31.5,20,35.2,6.15,764.25,69,2,43,0.8
130,20,22.89,37.23333333,20.39,37.79,21.79,35.32666667,22.1,32.49,18.79,42.56666667,5.293333333,26.52666667,21.82333333,24.5,23.6,31.42666667,20,35.16333333,5.93,764.2666667,69.66666667,2,50.33333333,0.733
180,30,22.89,36.69333333,20.39,37.29666667,21.85666667,35.46666667,22.1,32.79,19.12333333,57.56666667,4.83,28.09333333,21.79,24.6,23.6,31.35666667,20,35.09,5.72,764.2833333,70.33333333,2,57.66666667,0.667
130,20,22.89,36.1,20.32333333,36.96333333,21.89,35.46666667,22.125,32.97,19.39,65.15666667,4.496666667,29.23333333,21.73,24.6,23.6,31.23,20,35.2,5.5,764.3,71,2,65,0.6
140,20,22.82333333,35.63333333,20.39,36.79,21.89,35.4,22.2,33.09,19.32333333,62.62333333,4.263333333,30.76666667,21.66666667,24.56666667,23.6,31.06666667,20,35.2,5.33,764.3166667,71.83333333,2.166666667,64.83333333,0.6
140,20,22.89,35.33333333,20.39,36.695,21.89,35.36333333,22.2,33.12666667,19.2,61.99666667,4.063333333,31.76,21.6,24.56666667,23.53333333,30.92666667,20,35.29,5.17,764.3333333,72.66666667,2.333333333,64.66666667,0.6
120,20,22.89,35.025,20.32333333,36.53,21.815,35.2225,22.2,33.2,19.13333333,61.33,3.833333333,33.02666667,21.5,24.7,23.5,30.89,20,35.29,5,764.35,73.5,2.5,64.5,0.6
150,30,22.89,34.76666667,20.29,36.36333333,21.85666667,35.2,22.2,33.2,19.1,60.05666667,3.626666667,34.16666667,21.5,24.76,23.5,30.82333333,19.96333333,35.32666667,4.83,764.3666667,74.33333333,2.666666667,64.33333333,0.6
130,20,22.89,34.46666667,20.29,36.29,21.85666667,35.16333333,22.2,33.2,19.03333333,58.79666667,3.56,35.86333333,21.39,24.73,23.46333333,30.66666667,19.89,35.4,4.67,764.3833333,75.16666667,2.833333333,64.16666667,0.6
130,20,22.89,34.4,20.2,36.16333333,21.79,35.09,22.23,33.23,19,57.09666667,3.693333333,37.99666667,21.39,24.85666667,23.39,30.53333333,19.89,35.53,4.5,764.4,76,3,64,0.6
110,20,22.89,34.16333333,20.2,36.09,21.79,35,22.43,33.43,19,55.56333333,4.123333333,40.2,21.29,25,23.42666667,30.92666667,19.89,35.66333333,4.32,764.4166667,77.16666667,2.833333333,63.66666667,0.617
90,30,22.89,34.03,20.2,36,21.79,35,22.89333333,33.4,18.89,54.15,4.263333333,41.12666667,21.29,25.06666667,23.4175,31.4425,19.89,35.79,4.13,764.4333333,78.33333333,2.666666667,63.33333333,0.633
70,20,22.89,33.96666667,20.13333333,36,21.79,34.86333333,23.16666667,33.13333333,19.79333333,78.53333333,4.4,42.69666667,21.26,25.2,23.32333333,31.79,19.96333333,35.86333333,3.95,764.45,79.5,2.5,63,0.65
70,20,22.89,33.9,20.1,36.03,21.79,34.79,23.2,32.79,20.33333333,81.6,4.2725,43.2475,21.2,25.26,23.29,33.02666667,19.89,36.045,3.77,764.4666667,80.66666667,2.333333333,62.66666667,0.667
100,20,22.89,33.9,20.1,36.03,21.76,34.76,23.13333333,32.79,19.76222222,81.63,4.03,44.9,21.1,25.39,23.29,33.76666667,19.89,36.12666667,3.58,764.4833333,81.83333333,2.166666667,62.33333333,0.683
80,30,22.82333333,33.82666667,20,35.96666667,21.7,34.76,23.06666667,32.63333333,19.5,81.59333333,3.9,46.13333333,21.1,25.46333333,23.26,34.12666667,19.89,36.26,3.4,764.5,83,2,62,0.7
80,20,22.85666667,33.86333333,20,36.02666667,21.7,34.93333333,23,32.5,19.5,80.06666667,3.826666667,47.39333333,21.1,25.66333333,23.2,34.33333333,19.89,36.36,3.25,764.4833333,83.66666667,2,61.83333333,0.683
60,20,22.79,33.86333333,19.96333333,36.36,21.63333333,35,23,32.82666667,19.46333333,78.83333333,3.76,49.42333333,21.1,25.8925,23.2,34.8,19.89,36.43333333,3.1,764.4666667,84.33333333,2,61.66666667,0.667
70,30,22.79,34.06666667,19.82333333,36.56,21.6,35.12666667,23,32.96666667,19.39,78.345,3.566666667,49.29666667,21.1,26.06666667,23.2,35.26666667,19.89,36.62666667,2.95,764.45,85,2,61.5,0.65
70,20,22.79,34.26,19.76,36.86,21.6,35.2,23,33.12666667,19.29,77.86333333,3.4,51.42333333,21.1,26.23,23.16666667,35.65666667,19.89,36.7,2.8,764.4333333,85.66666667,2,61.33333333,0.633
60,20,22.7,34.4,19.63333333,37,21.6,35.29,22.92666667,33.2,19.29,77.32333333,3.266666667,51.83,21.1,26.35666667,23.1,36.06333333,19.89,36.82666667,2.65,764.4166667,86.33333333,2,61.16666667,0.617
70,20,22.7,34.46666667,19.6,37.15666667,21.6,35.29,22.89,33.29,19.26,76.39333333,3.133333333,53,21.1,26.53333333,23.06666667,36.59666667,19.89,36.96666667,2.5,764.4,87,2,61,0.6
50,20,22.7,34.53,19.6,37.36333333,21.5,35.29,22.89,33.3725,19.2,75.53333333,3,54.46,21.03333333,26.6,23,36.99,19.89,37.03,2.43,764.35,87.16666667,1.833333333,61,0.55
60,20,22.7,34.59,19.5,37.62666667,21.5,35.29,22.89,33.52666667,19.2,74.56333333,3,56.46666667,21,26.73,23,37.45666667,19.89,37.09,2.37,764.3,87.33333333,1.666666667,61,0.5
60,30,22.6,34.62666667,19.5,37.7225,21.5,35.32666667,22.89,33.59,19.2,73.49,2.933333333,56.73333333,21,26.79,23,37.99,19.89,37.2,2.3,764.25,87.5,1.5,61,0.45
70,20,22.6,34.7,19.5,37.86333333,21.5,35.345,22.89,33.66333333,19.16666667,71.26333333,2.863333333,57.82666667,21,26.89,22.89,38.5,19.89,37.26,2.23,764.2,87.66666667,1.333333333,61,0.4
70,10,22.6,34.745,19.39,38.03,21.5,35.4,22.79,33.62666667,19.1,69.45666667,2.73,58.56666667,21,27.03,22.89,38.83333333,19.89,37.29,2.17,764.15,87.83333333,1.166666667,61,0.35
50,0,22.56666667,34.86,19.32333333,38.09,21.5,35.43333333,22.79,33.76,19.1,67.89333333,2.633333333,58.43333333,20.96333333,27.1,22.89,39.19333333,19.89,37.29,2.1,764.1,88,1,61,0.3
40,0,22.5,35.06,19.35666667,38.2,21.5,35.5,22.79,33.59,19.1,67.1,2.5,58.69333333,20.89,27.16666667,22.82333333,39.52666667,19.89,37.36333333,2.08,764.1,88.16666667,1,61,0.317
30,0,22.5,35.43333333,19.23,38.26,21.5,35.5,22.73,33.53,19.06666667,66.26666667,2.245,59.145,20.89,27.29,22.85666667,39.82666667,19.89,37.36333333,2.07,764.1,88.33333333,1,61,0.333
30,0,22.5,35.43333333,19.2,38.4,21.5,35.5,22.66666667,33.36333333,19,65.53333333,2.36,60.96666667,20.89,27.35666667,22.79,40.02666667,19.89,37.43333333,2.05,764.1,88.5,1,61,0.35
30,0,22.46333333,35.36333333,19.13333333,38.46666667,21.39,35.4,22.53333333,33.29,19,64.845,2.433333333,61.1,20.89,27.42666667,22.79,40.345,19.89,37.5,2.03,764.1,88.66666667,1,61,0.367
50,0,22.39,35.36333333,19.1,38.53,21.39,35.4,22.46333333,33.16333333,19,64.2,2.29,61.42666667,20.89,27.5,22.79,40.4,19.84,37.45,2.02,764.1,88.83333333,1,61,0.383
50,0,22.39,35.36333333,19.1,38.59,21.29,35.4,22.39,33.09,18.92666667,63.66666667,2.29,61.83333333,20.79,27.42666667,22.73,40.4,19.89,37.59,2,764.1,89,1,61,0.4
50,0,22.39,35.29,19,38.62666667,21.35666667,35.46666667,22.29,33.09,18.89,62.96,2.26,62.49,20.79,27.56666667,22.73,40.4,19.89,37.59,1.88,764.0666667,89.33333333,1.166666667,60,0.333
60,0,22.39,35.29,19,38.7,21.39,35.5,22.23,33.03,18.89,62.42666667,2.2,62.49,20.79,27.6,22.73,40.4,19.85666667,37.66333333,1.77,764.0333333,89.66666667,1.333333333,59,0.267
50,0,22.32333333,35.29,18.96333333,38.7,21.39,35.5,22.2,32.93333333,18.89,61.76666667,2.09,63.12666667,20.79,27.66666667,22.7,40.5,19.79,37.59,1.65,764,90,1.5,58,0.2
50,0,22.29,35.29,18.89,38.76,21.39,35.5,22.13333333,32.93333333,18.89,61.22666667,2.03,63.12666667,20.745,27.7,22.63333333,40.5,19.89,37.7,1.53,763.9666667,90.33333333,1.666666667,57,0.133
50,0,22.29,35.29,18.89,38.79,21.39,35.5,22.06666667,32.86333333,18.89,60.66,2.026666667,63.69666667,20.76,27.79,22.6,40.82666667,19.89,37.76,1.42,763.9333333,90.66666667,1.833333333,56,0.0667
40,0,22.29,35.29,18.82333333,38.73,21.39,35.5,22,32.79,18.82333333,60.13333333,1.826666667,63.22333333,20.7,27.79,22.6,40.9,19.79,37.7,1.3,763.9,91,2,55,0
50,0,22.23,35.23,18.79,38.7,21.39,35.5,21.96333333,32.79,18.79,59.6,1.79,64.46333333,20.7,27.82333333,22.6,41.12666667,19.85666667,37.76,1.3,763.8666667,91,2,53.33333333,0
50,0,22.2,35.29,18.73,38.7,21.39,35.53,21.89,32.79,18.79,59.26666667,1.79,65.32333333,20.7,27.89,22.6,41.26,19.89,37.9,1.3,763.8333333,91,2,51.66666667,0
60,0,22.2,35.29,18.66666667,38.73,21.46333333,35.59,21.84,32.8,18.79,58.93,1.79,65.69666667,20.7,27.89,22.6,41.2,19.82333333,37.82666667,1.3,763.8,91,2,50,0
60,0,22.1,35.29,18.6,38.8175,21.5,35.62666667,21.79,32.79,18.79,58.65666667,1.79,66.23,20.7,27.96333333,22.6,41.12666667,19.85666667,37.9,1.3,763.7666667,91,2,48.33333333,0
50,0,22.1,35.29,18.6,39.02666667,21.525,35.7,21.73,32.79,18.79,58.36333333,1.79,67.26,20.66666667,28,22.56666667,41.09,19.85666667,37.96666667,1.3,763.7333333,91,2,46.66666667,0
50,0,22.1,35.29,18.56666667,39.12666667,21.6,35.62666667,21.7,32.9,18.79,58.09666667,1.7675,67.545,20.6,28,22.5,41.09,19.82333333,37.93333333,1.3,763.7,91,2,45,0
40,0,22,35.2,18.5,39.26,21.6,35.7,21.7,32.9,18.79,57.83333333,1.633333333,67.52666667,20.6,28.03333333,22.5,41.06,19.89,38,1.22,763.6333333,91.33333333,1.833333333,43,-0.0333
20,0,22,35.12666667,18.46333333,39.4,21.6,35.7,21.66666667,33,18.73,57.62666667,1.666666667,68.36333333,20.6,28.1,22.5,41,19.89,38.09,1.13,763.5666667,91.66666667,1.666666667,41,-0.0667
30,0,22,35.2,18.39,39.4,21.6,35.79,21.6,33,18.7,57.33333333,1.533333333,68.56333333,20.6,28.1,22.5,40.96666667,19.82333333,38.09,1.05,763.5,92,1.5,39,-0.1
30,0,21.92666667,35.2,18.35666667,39.5,21.53333333,35.79,21.6,33,18.7,57.12666667,1.566666667,68.99666667,20.53333333,28.1,22.42666667,40.76666667,19.82333333,38.12666667,0.967,763.4333333,92.33333333,1.333333333,37,-0.133
50,0,21.89,35.2,18.29,39.5,21.53333333,35.79,21.6,33,18.7,56.895,1.5,69.19,20.5,28.2,22.39,40.59,19.82333333,38.12666667,0.883,763.3666667,92.66666667,1.166666667,35,-0.167
60,0,21.89,35.2,18.29,39.59,21.53333333,35.79,21.5,33.03,18.7,56.63333333,1.463333333,69.62333333,20.5,28.2,22.39,40.545,19.79,38.2,0.8,763.3,93,1,33,-0.2
40,0,21.79,35.09,18.29,39.59,21.53333333,35.79,21.5,33.09,18.7,56.43333333,1.39,69.69,20.5,28.23,22.39,40.59,19.79,38.23,0.667,763.25,93.5,1,29.83333333,-0.267
50,0,21.79,35.09,18.2,39.53,21.53333333,35.79,21.46333333,33.06,18.66666667,56.22333333,1.39,70.3,20.5,28.29,22.39,40.59,19.79,38.29,0.533,763.2,94,1,26.66666667,-0.333
50,0,21.76,35.12666667,18.2,39.59,21.6,35.82666667,21.39,33.06,18.6,56.03,1.323333333,70.43333333,20.5,28.29,22.32333333,40.59,19.82333333,38.32666667,0.4,763.15,94.5,1,23.5,-0.4
50,0,21.76,35.2,18.16666667,39.62666667,21.53333333,35.9,21.39,33.09,18.6,55.86333333,1.29,70.83333333,20.42666667,28.23,22.39,40.59,19.82333333,38.4,0.267,763.1,95,1,20.33333333,-0.467
50,0,21.7,35.2,18.1,39.7,21.6,35.9,21.39,33.16333333,18.6,55.65666667,1.29,71.16666667,20.445,28.29,22.32333333,40.59,19.79,38.4,0.133,763.05,95.5,1,17.16666667,-0.533
50,0,21.7,35.26,18.1,39.79,21.6,35.96666667,21.29,33.2,18.6,55.52666667,1.29,71.46333333,20.46333333,28.39,22.29,40.62666667,19.79,38.4,0,763,96,1,14,-0.6
50,0,21.6,35.2,18.1,39.79,21.6,36,21.29,33.2,18.6,55.4,1.29,71.59,20.39,28.39,22.29,40.76,19.79,38.5,0.2,763,96.66666667,1.333333333,11.83333333,-0.3
50,0,21.6,35.2,18.06666667,39.86333333,21.6,36,21.29,33.2,18.6,55.26,1.323333333,71.82333333,20.39,28.39,22.29,40.79,19.79,38.5,0.4,763,97.33333333,1.666666667,9.666666667,-1.11E-16
50,0,21.56666667,35.29,18,39.86333333,21.6,36,21.29,33.26,18.6,55.12666667,1.463333333,72.23,20.39,28.39,22.23,40.73,19.79,38.59,0.6,763,98,2,7.5,0.3
50,0,21.56666667,35.29,18,40.03,21.6,36,21.245,33.245,18.6,55.06,1.6,72.45,20.39,28.42666667,22.26,40.76,19.79,38.66333333,0.8,763,98.66666667,2.333333333,5.333333333,0.6
40,0,21.5,35.29,18,40.195,21.6,36.03,21.2,33.26,18.6,54.93333333,1.7,72.89666667,20.39,28.5,22.2,40.7,19.82333333,38.73,1,763,99.33333333,2.666666667,3.166666667,0.9
50,0,21.5,35.36333333,18,40.36333333,21.6,36.045,21.2,33.26,18.6,54.76,1.7,73.15666667,20.39,28.6,22.2,40.59,19.82333333,38.79,1.2,763,100,3,1,1.2
50,0,21.39,35.29,17.89,40.43333333,21.6,36.09,21.1,33.4,18.53333333,54.7,1.826666667,73.36666667,20.32333333,28.6,22.2,40.59,19.79,38.79,1.33,763.05,99.83333333,3,1.166666667,1.32
50,0,21.39,35.3175,17.89,40.56,21.6,36.09,21.1,33.4,18.5,54.56,1.9,73.56,20.29,28.63333333,22.2,40.56,19.79,38.79,1.47,763.1,99.66666667,3,1.333333333,1.43
50,0,21.39,35.4,17.89,40.53,21.6,36.09,21.1,33.43333333,18.5,54.43333333,2.03,73.76,20.29,28.63333333,22.2,40.56,19.89,39,1.6,763.15,99.5,3,1.5,1.55
30,0,21.35666667,35.4,17.89,40.59,21.6,36.09,21.1,33.5,18.5,54.36333333,2.163333333,73.9,20.29,28.7,22.16666667,40.59,19.82333333,38.93333333,1.73,763.2,99.33333333,3,1.666666667,1.67
50,10,21.29,35.46666667,17.79,40.62666667,21.6,36.09,21.1,33.53,18.5,54.23,2.2,73.93333333,20.29,28.7,22.1,40.66333333,19.79,39,1.87,763.25,99.16666667,3,1.833333333,1.78
20,0,21.29,35.5,17.79,40.7,21.6,36.09,21.03333333,33.53,18.5,54.145,2.26,74.06,20.29,28.79,22.1,40.93333333,19.79,39,2,763.3,99,3,2,1.9
60,0,21.29,35.69333333,17.79,40.7,21.6,36.16333333,21,33.5,18.5,53.86333333,2.4,74.09,20.29,28.79,22.1,41.13333333,19.79,39,2.03,763.3166667,99.16666667,3,2.833333333,1.95
80,0,21.29,35.79,17.79,40.76,21.5,36.09,21,33.56,18.5,53.39,2.466666667,74.09,20.29,28.82333333,22.1,41.1,19.79,39,2.07,763.3333333,99.33333333,3,3.666666667,2
90,0,21.29,35.73,17.76,40.63333333,21.42666667,35.96333333,21,33.5,19.66666667,83.96666667,2.53,74.15666667,20.23,28.76333333,22.075,40.625,19.79,39,2.1,763.35,99.5,3,4.5,2.05
50,0,21.2,35.96333333,17.7,40.36,21.39,35.76,21,33.43333333,19.8,82.63333333,2.59,74.09,20.2,28.7,22.06666667,40,19.85666667,38.96666667,2.13,763.3666667,99.66666667,3,5.333333333,2.1
60,0,21.26,36.16333333,17.7,40.56666667,21.39,35.76,21,33.4,19.46333333,80.63,2.7,74.15666667,20.13333333,28.7,22,39.43,19.79,38.82666667,2.17,763.3833333,99.83333333,3,6.166666667,2.15
60,0,21.29,36.36333333,17.76,40.7,21.39,35.7,20.92666667,33.4,19.39,79.69666667,2.76,74.15666667,20.1,28.7,22,39.09666667,19.79,38.66333333,2.2,763.4,100,3,7,2.2
50,0,21.29,36.29,17.7,40.73,21.39,35.7,20.89,33.4,19.26,77.86666667,2.826666667,74.12333333,20.1,28.7,21.89,38.72333333,19.79,38.53,2.23,763.4333333,99.83333333,3,7.5,2.22
50,0,21.26,36.26,17.76,40.73,21.39,35.7,20.89,33.32666667,19.13333333,75.72666667,2.9,74.19,20.1,28.7,21.89,38.46333333,19.79,38.26,2.27,763.4666667,99.66666667,3,8,2.23
50,10,21.2,36.2,17.73,40.7,21.39,35.62666667,20.79,33.29,19.06666667,73.06,2.9,74.19,20.06666667,28.66666667,21.89,38.26,19.79,38.06666667,2.3,763.5,99.5,3,8.5,2.25
40,0,21.2,36.16333333,17.79,40.62666667,21.29,35.62666667,20.79,33.29,19,70.93333333,3.03,74.12333333,20,28.66666667,21.82333333,38.06666667,19.73,37.83333333,2.33,763.5333333,99.33333333,3,9,2.27
50,0,21.2,36.09,17.79,40.56,21.29,35.7,20.79,33.29,18.89,68.66,3.163333333,74.19,20,28.7,21.76,37.86333333,19.73,37.62666667,2.37,763.5666667,99.16666667,3,9.5,2.28
50,0,21.2,36.16333333,17.745,40.3425,21.35666667,35.7,20.79,33.29,18.89,67.13333333,3.23,74.09,20,28.7,21.76,37.79,19.76,37.56,2.4,763.6,99,3,10,2.3
70,0,21.2,36.09,17.79,40.23,21.29,35.7,20.79,33.36333333,18.85666667,65.22666667,3.29,74.03,20,28.7,21.79,37.66333333,19.7,37.43333333,2.42,763.6,98.83333333,3,10,2.28
50,0,21.2,36.09,17.79,40.32666667,21.29,35.7,20.79,33.32666667,18.85666667,63.76666667,3.463333333,74.03,20,28.7,21.79,37.53,19.76,37.26,2.43,763.6,98.66666667,3,10,2.27
30,0,21.2,36.09,17.79,40.4,21.29,35.7,20.79,33.4,18.79,62.36,3.59,74.03,19.96333333,28.79,21.7,37.36333333,19.7,37.12666667,2.45,763.6,98.5,3,10,2.25
30,0,21.2,35.95,17.79,40.02666667,21.29,35.62666667,20.76,33.4,18.79,61.23333333,3.626666667,73.8,19.89,28.79,21.7,37.23,19.7,37,2.47,763.6,98.33333333,3,10,2.23
30,0,21.1,35.79,17.79,39.9,21.29,35.5,20.7,33.4,18.79,59.73333333,3.7,73.66,19.89,28.79,21.7,37.16333333,19.63333333,36.86,2.48,763.6,98.16666667,3,10,2.22
40,0,21.1,35.79,17.79,39.76,21.23,35.43333333,20.7,33.43333333,18.73,58.79333333,3.79,73.42666667,19.89,28.85666667,21.63333333,37.03,19.7,36.76,2.5,763.6,98,3,10,2.2
40,0,21.1,35.7,17.79,39.7,21.16666667,35.32666667,20.7,33.5,18.7,57.645,3.73,72.69333333,19.89,28.89,21.6,36.96666667,19.7,36.62666667,2.57,763.6,97.66666667,2.833333333,13.5,2.22
60,0,21.1,35.7,17.79,39.66333333,21.1,35.4,20.7,33.4,18.7,56.49666667,3.766666667,72.72666667,19.89,28.89,21.6,36.82666667,19.7,36.5,2.63,763.6,97.33333333,2.666666667,17,2.23
60,0,21.1,35.66333333,17.79,39.53,21.1,35.4,20.63333333,33.4,18.7,55.83,3.966666667,72.46666667,19.85666667,28.85666667,21.56666667,36.79,19.66666667,36.36333333,2.7,763.6,97,2.5,20.5,2.25
50,0,21.1,35.59,17.79,39.5,21.1,35.4,20.66666667,33.46666667,18.63333333,54.99,3.933333333,71.49333333,19.79,28.79,21.5,36.73,19.6,36.23,2.77,763.6,96.66666667,2.333333333,24,2.27
70,0,21.06666667,35.52666667,17.79,39.43333333,21.1,35.29,20.66666667,33.4,18.63333333,54.53,4.06,71.16,19.82333333,28.86,21.5,36.7,19.6,36.09,2.83,763.6,96.33333333,2.166666667,27.5,2.28
40,10,21,35.32666667,17.79,39.16333333,21.1,35.23,20.6,33.29,18.6,53.9,4.123333333,70.26666667,19.82333333,28.92666667,21.5,36.59,19.6,36.03,2.9,763.6,96,2,31,2.3
60,0,21,35.32666667,17.79,39.16333333,21.1,35.2,20.6,33.29,18.6,53.42666667,4.245,69.55,19.84,28.945,21.5,36.59,19.6,35.96666667,3.03,763.6,95,2,33.16666667,2.28
50,0,20.92666667,35.46666667,17.79,39.2,21.1,35.26,20.6,33.4,18.6,52.9,4.263333333,68.2,19.79,28.89,21.39,36.43333333,19.6,35.9,3.17,763.6,94,2,35.33333333,2.27
40,0,20.96333333,35.5,17.79,39.2,21.1,35.26,20.6,33.4,18.6,52.5,4.3,67.03333333,19.79,28.89,21.39,36.43333333,19.56666667,35.79,3.3,763.6,93,2,37.5,2.25
60,0,20.89,35.56,17.82333333,39.12666667,21.1,35.2,20.6,33.36333333,18.6,52.13333333,4.433333333,66.56,19.79,28.92666667,21.39,36.4,19.56666667,35.79,3.43,763.6,92,2,39.66666667,2.23
50,0,20.89,35.62666667,17.89,39.2,21,35.12666667,20.6,33.3175,18.53333333,51.93333333,4.76,65.76666667,19.79,28.92666667,21.39,36.32666667,19.6,35.7,3.57,763.6,91,2,41.83333333,2.22
130,0,20.89,35.7,17.89,39.245,21,35.2,20.6,33.32666667,18.5,51.63333333,4.966666667,64.23333333,19.79,29,21.39,36.29,19.6,35.62666667,3.7,763.6,90,2,44,2.2
90,0,20.89,35.62666667,17.89,39.2,21,35.23,20.6,33.29,18.5,51.36,5.06,61.46666667,19.79,29,21.32333333,36.29,19.5,35.59,3.93,763.55,88.5,2,46.83333333,2.18
70,0,20.89,35.83333333,17.89,39.4,21,35.29,20.6,33.29,18.53333333,50.99,5.06,60.72666667,19.79,28.89,21.29,36.2,19.56666667,35.53,4.17,763.5,87,2,49.66666667,2.17
70,0,20.89,35.93333333,18,39.46666667,21,35.29,20.6,33.29,18.53333333,50.65666667,5.26,59.06666667,19.79,28.89,21.29,36.2,19.5,35.46666667,4.4,763.45,85.5,2,52.5,2.15
70,0,20.89,35.93333333,18,39.32666667,21,35.36333333,20.6,33.29,18.5,50.33333333,5.526666667,57.93333333,19.7,28.92666667,21.29,36.16333333,19.5,35.4,4.63,763.4,84,2,55.33333333,2.13
70,0,20.89,35.95,18.1,39.26,21,35.36333333,20.5,33.29,18.5,50.06666667,5.76,56.16,19.7,28.92666667,21.23,36.03,19.5,35.36333333,4.87,763.35,82.5,2,58.16666667,2.12
60,0,20.89,36,18.1,39.12666667,21,35.4,20.56666667,33.29,18.5,49.76,5.966666667,55.1,19.7,28.96333333,21.2,36,19.5,35.29,5.1,763.3,81,2,61,2.1
60,0,20.89,36,18.2,39.06,21,35.4,20.5,33.29,18.5,49.56666667,6.293333333,52.13333333,19.7,28.96333333,21.2,36,19.5,35.29,5.37,763.2166667,79.66666667,2,54.66666667,2.1
60,0,20.89,35.93333333,18.2,39,21,35.4,20.5,33.29,18.5,49.19,6.626666667,49.93333333,19.7,29,21.2,35.96666667,19.5,35.29,5.63,763.1333333,78.33333333,2,48.33333333,2.1
60,0,20.89,35.93333333,18.32333333,38.86333333,21,35.32666667,20.5,33.2,18.5,48.96666667,7.16,46.36,19.7,28.92666667,21.2,35.9,19.5,35.2,5.9,763.05,77,2,42,2.1
50,0,20.92666667,38.96,18.39,38.79,21.1,35.33333333,20.5,33.2,18.5,48.76666667,7.433333333,42.5,19.7,28.89,21.2,35.86333333,19.5,35.2,6.17,762.9666667,75.66666667,2,35.66666667,2.1
50,0,21,38.29333333,18.5,39.16333333,21.1,35.2,20.5,33.09,18.5,48.46666667,7.966666667,40.96666667,19.7,28.82333333,21.2,35.79,19.5,35.2,6.43,762.8833333,74.33333333,2,29.33333333,2.1
50,0,21,37.76,18.56666667,38.96333333,21.1,35.2,20.5,33.09,18.5,48.32666667,8.195,38.9675,19.7,28.79,21.2,35.745,19.5,35.29,6.7,762.8,73,2,23,2.1
50,0,21,37.56666667,18.63333333,38.76,21.1,35.2,20.6,33.09,18.5,48.13333333,8.3,37.73,19.7,28.79,21.23,35.66333333,19.5,35.36333333,6.97,762.7166667,72.33333333,2.166666667,24,2.22
40,0,21.03333333,37.26,18.7,38.62666667,21.1,35.2,20.6,33.16333333,18.5,47.93333333,8.49,37.23333333,19.7,28.79,21.29,35.59,19.6,35.43333333,7.23,762.6333333,71.66666667,2.333333333,25,2.33
60,0,21.03333333,37,18.79,38.29666667,21.16666667,35.2,20.6,33.2,18.5,47.76,8.763333333,36.96,19.7,28.79,21.39,35.46666667,19.6,35.5,7.5,762.55,71,2.5,26,2.45
50,0,21.1,36.69333333,18.79,37.89,21.1,35.09,20.66666667,33.26,18.5,47.56666667,8.8,35.1,19.7,28.79,21.46333333,35.4,19.6,35.92666667,7.77,762.4666667,70.33333333,2.666666667,27,2.57
60,0,21.1,36.22666667,18.89,37.73,21.1,35.03,20.7,33.26,18.5,47.33333333,8.933333333,35.36,19.7,28.79,21.53333333,35.36333333,19.6,36.53333333,8.03,762.3833333,69.66666667,2.833333333,28,2.68
50,0,21.1,35.86333333,18.89,37.79,21.2,34.9,20.7225,33.2675,18.5,47.06666667,9.196666667,34.75666667,19.7,28.79,21.66666667,35.29,19.6,37.06666667,8.3,762.3,69,3,29,2.8
60,0,21.16666667,35.79,19.05,37.9,21.2,34.82666667,20.79,33.23,18.5,46.9,9.59,33.83,19.7,28.79,21.73,35.16333333,19.66666667,37.33333333,8.18,762.2666667,70.16666667,3.166666667,30.83333333,2.93
50,0,21.2,35.76,19.1,37.86333333,21.23,34.82666667,20.79,33.2,18.5,46.76666667,9.53,32.92666667,19.7,28.79,21.79,35.03,19.6,37.43333333,8.07,762.2333333,71.33333333,3.333333333,32.66666667,3.07
40,0,21.26,35.76,19.16666667,37.73,21.29,34.9,20.79,33.2,18.5,46.59,9.39,33.4,19.7,28.79,21.89,35,19.6,37.56,7.95,762.2,72.5,3.5,34.5,3.2
50,0,21.32333333,35.7,19.23,37.62666667,21.29,34.9,20.89,33.29,18.56666667,46.59,9.49,34.03,19.76,28.79,21.96333333,34.93333333,19.7,37.7,7.83,762.1666667,73.66666667,3.666666667,36.33333333,3.33
50,10,21.39,35.7,19.29,37.62666667,21.29,34.86333333,20.89,33.29,18.53333333,46.5,9.563333333,33.23,19.73,28.82333333,22.03333333,34.79,19.7,37.7,7.72,762.1333333,74.83333333,3.833333333,38.16666667,3.47
60,0,21.39,35.66333333,19.32333333,37.56,21.29,34.86333333,20.89,33.29,18.53333333,46.43333333,9.263333333,34.56666667,19.79,28.89,22.1,34.79,19.63333333,37.73,7.6,762.1,76,4,40,3.6
50,0,21.39,35.59,19.39,37.5,21.35666667,34.86333333,20.89,33.36333333,18.53333333,46.36333333,9.263333333,36.62666667,19.79,28.92666667,22.2,34.7,19.7,37.79,7.33,762.1,77.83333333,4,40,3.65
50,0,21.39,35.59,19.39,37.43333333,21.29,34.79,20.89,33.4,18.6,46.29,9.2,37.63333333,19.79,29,22.2,34.7,19.7,37.79,7.07,762.1,79.66666667,4,40,3.7
50,0,21.39,35.59,19.46333333,37.5,21.35666667,34.79,20.89,33.46666667,18.5,46.2,8.793333333,39.16666667,19.79,29.13333333,22.2,34.79,19.7,37.86333333,6.8,762.1,81.5,4,40,3.75
50,0,21.39,35.72333333,19.39,37.59666667,21.29,34.86333333,20.89,33.53,18.5,46.09,8.396666667,41.86666667,19.79,29.2,22.13333333,34.86333333,19.65,37.845,6.53,762.1,83.33333333,4,40,3.8
80,0,21.39,36.12666667,19.32333333,37.86333333,21.29,34.9,20.89,33.59,18.5,46.09,7.92,44.9925,19.79,29.32333333,22.1,35.06666667,19.7,37.93333333,6.27,762.1,85.16666667,4,40,3.85
80,0,21.39,36.26,19.29,38.12666667,21.35666667,34.96666667,20.85666667,33.7,18.5,46.09,7.563333333,47.25666667,19.79,29.39,22.1,35.46,19.7,38,6,762.1,87,4,40,3.9
90,10,21.39,36.36,19.29,38.26,21.35666667,35.09,20.79,33.7,18.5,46.09,7.4,48.22666667,19.79,29.5,22.23,36,19.6,37.93333333,6.02,762.1,86.66666667,4,40,3.87
90,0,21.39,36.5,19.2,38.43333333,21.29,35.09,20.79,33.7,18.5,46.09,7.333333333,48.76666667,19.79,29.56666667,22.315,36.295,19.6,37.93333333,6.03,762.1,86.33333333,4,40,3.83
80,0,21.35666667,36.56,19.2,38.5,21.29,35.23,20.79,33.7,18.5,46.09,7.06,49.22666667,19.79,29.6,22.39,36.52666667,19.63333333,37.93333333,6.05,762.1,86,4,40,3.8
80,0,21.29,36.43333333,19.16666667,38.4,21.29,35.23,20.79,33.7,18.5,46.06,7,49.83333333,19.79,29.7,22.5,36.73,19.7,38,6.07,762.1,85.66666667,4,40,3.77
70,0,21.29,36.46666667,19.1,38.4,21.29,35.23,20.73,33.7,18.5,46,6.966666667,50.36666667,19.79,29.76,22.5,36.86333333,19.63333333,37.79666667,6.08,762.1,85.33333333,4,40,3.73
70,0,21.29,36.4,19.03333333,38.56666667,21.29,35.29,20.7,33.7,18.5,45.9,6.9,50.96,19.79,29.79,22.5,37.06666667,19.63333333,37.46333333,6.1,762.1,85,4,40,3.7
240,0,21.29,36.36333333,19.1,38.7,21.29,35.2,20.7,33.7675,18.5,45.82666667,6.866666667,51.92333333,19.73,29.79,22.5,37.2,19.6,37.46666667,6.05,762.1166667,85.33333333,4,44.16666667,3.7
250,0,21.29,36.43,19.245,38.745,21.29,35.2,20.7,33.79,18.5,45.76,6.726666667,53.19666667,19.7,29.82333333,22.53333333,37.4,19.6,37.32666667,6,762.1333333,85.66666667,4,48.33333333,3.7
100,0,21.39,36.72666667,19.29,38.73,21.29,35.2,20.6,33.7,18.5,45.76,6.56,54.39666667,19.7,29.96333333,22.6,37.46666667,19.7,37.43,5.95,762.15,86,4,52.5,3.7
110,10,21.46333333,37.19333333,19.35666667,38.86333333,21.29,35.33333333,20.6,33.76,18.5,45.7,6.5,55.12333333,19.7,30.1,22.6,37.52666667,19.63333333,37.15666667,5.9,762.1666667,86.33333333,4,56.66666667,3.7
130,0,21.53333333,37.16333333,19.39,39,21.29,35.59,20.6,33.79,18.42666667,45.62666667,6.4,55.66333333,19.7,30.1,22.6,37.46666667,19.66666667,36.93,5.85,762.1833333,86.66666667,4,60.83333333,3.7
120,0,21.66666667,37.16333333,19.46333333,39,21.39,35.73,20.6,33.86333333,18.5,45.79,6.4,55.72333333,19.7,30.1,22.63333333,37.53,19.6,36.73,5.8,762.2,87,4,65,3.7
120,0,21.7,37.06,19.53333333,39.09,21.46333333,35.86333333,20.56666667,33.9,18.5,45.79,6.3,55.86333333,19.7,30.16666667,22.7,37.59,19.6,36.59,5.73,762.2,87.5,4,57.83333333,3.73
110,10,21.7675,36.8975,19.66666667,39.16333333,21.53333333,35.86333333,20.5,33.9,18.5,45.86333333,6.3,55.79,19.7,30.2,22.73,37.62666667,19.6,36.53,5.67,762.2,88,4,50.66666667,3.77
120,0,21.85666667,36.79,19.73,39.06,21.6,35.79,20.5,33.93333333,18.5,45.79,6.3,56.06666667,19.7,30.26,22.79,37.7,19.6,36.46666667,5.6,762.2,88.5,4,43.5,3.8
110,0,22,36.76,19.79,39.06,21.6,35.79,20.5,34,18.5,45.9,6.3,56.8,19.7,30.29,22.82333333,37.73,19.6,36.4,5.53,762.2,89,4,36.33333333,3.83
110,0,22,36.7,19.82333333,39.03,21.6,35.79,20.42666667,34,18.5,46,6.3,57.645,19.7,30.29,22.89,37.79,19.6,36.29,5.47,762.2,89.5,4,29.16666667,3.87
130,0,22.1,36.66333333,19.89,39.03,21.7,35.9,20.42666667,34,18.5,46,6.3,58.19333333,19.7,30.39,22.89,37.73,19.6,36.29,5.4,762.2,90,4,22,3.9
110,0,22.1,36.53,19.89,39,21.7,35.9,20.39,34,18.5,46,6.3,58.73333333,19.7,30.46333333,22.96333333,37.79,19.6,36.23,5.35,762.2333333,90.33333333,4,29,3.9
110,0,22.2,36.46666667,19.96333333,38.93333333,21.7,35.9,20.39,34.06,18.5,46,6.19,59.23,19.7,30.5,23,37.73,19.56666667,36.2,5.3,762.2666667,90.66666667,4,36,3.9
80,0,22.26,36.46666667,20.03333333,38.9,21.76,35.9,20.39,34.09,18.5,46,6.123333333,59.69666667,19.625,30.5,23,37.73,19.56666667,36.2,5.25,762.3,91,4,43,3.9
80,0,22.32333333,36.4,20.1,38.82666667,21.82333333,35.9,20.39,34.09,18.5,46,6.09,60.5,19.6,30.56666667,22.89,38,19.5,36.2,5.2,762.3333333,91.33333333,4,50,3.9
80,0,22.39,36.32666667,20.2,38.79,21.82333333,35.82666667,20.39,34.2,18.5,46,6.09,60.96,19.6,30.6,22.865,38.2,19.5,36.2,5.15,762.3666667,91.66666667,4,57,3.9
70,0,22.42666667,36.29,20.2,38.73,21.89,35.9,20.39,34.2,18.5,46.06,6,61.39,19.66666667,30.66666667,22.79,38.26,19.5,36.09,5.1,762.4,92,4,64,3.9
90,0,22.5,36.29,20.29,38.76,21.89,35.9,20.39,34.29,18.5,46.09,6,61.53,19.6,30.7,22.79,38.32666667,19.5,36.09,5.08,762.4166667,91.66666667,4.166666667,63.5,3.83
80,0,22.53333333,36.2,20.29,38.62666667,22,35.9,20.39,34.29,18.5,46.09,5.9,61.69333333,19.6,30.7,22.79,38.4,19.5,36.09,5.07,762.4333333,91.33333333,4.333333333,63,3.77
70,0,22.6,36.2,20.39,38.59,22,35.82666667,20.39,34.29,18.5,46.09,5.9,61.96666667,19.6,30.7,22.79,38.96333333,19.5,36.09,5.05,762.45,91,4.5,62.5,3.7
80,0,22.7,36.29,20.39,38.59,22.1,35.9,20.29,34.29,18.5,46.03,5.763333333,62,19.6,30.7,22.79,39.29666667,19.5,36.09,5.03,762.4666667,90.66666667,4.666666667,62,3.63
80,0,22.7,36.29,20.46333333,38.59,22.1,35.9,20.29,34.29,18.5,46,5.69,62,19.6,30.7,22.76,39.53,19.5,36.09,5.02,762.4833333,90.33333333,4.833333333,61.5,3.57
80,0,22.7,36.29,20.46333333,38.66333333,22.1,35.9,20.29,34.32666667,18.5,46,5.656666667,61.93,19.6,30.7,22.7,39.53,19.5,36.06,5,762.5,90,5,61,3.5
50,0,22.7,36.29,20.39,38.59,22.1,35.9,20.29,34.32666667,18.56666667,46,5.59,61.79,19.6,30.7,22.7,39.53,19.5,36,5,762.5,90,4.666666667,61,3.48
60,10,22.7,36.29,20.35666667,38.73,22.1,35.9,20.29,34.32666667,18.5,46,5.56,62.39,19.6,30.7,22.7,39.66333333,19.5,36,5,762.5,90,4.333333333,61,3.47
30,0,22.7,36.29,20.29,38.65666667,22,35.82666667,20.29,34.32666667,18.5,45.96666667,5.5,62.4475,19.6,30.7,22.7,40.19333333,19.5,36.13333333,5,762.5,90,4,61,3.45
30,0,22.6,36.2,20.26,38.43333333,21.92666667,35.96666667,20.29,34.4,18.5,45.9,5.5,62.4,19.6,30.7,22.76,40.6,19.5,36.89,5,762.5,90,3.666666667,61,3.43
40,0,22.6,36.2,20.2,38.56,21.85666667,35.96666667,20.29,34.46666667,18.5,46.045,5.466666667,62.36333333,19.63333333,30.73,22.7,41.06666667,19.56666667,37.09,5,762.5,90,3.333333333,61,3.42
30,0,22.6,36.26,20.1,38.62666667,21.79,35.96666667,20.26,34.46666667,18.5,46.12666667,5.466666667,62.29,19.7,30.79,22.7,41.26,19.6,37.245,5,762.5,90,3,61,3.4
60,0,22.5,36.29,20.1,38.76,21.79,36.09,20.2,34.46666667,18.5,46.26,5.433333333,61.52666667,19.7,30.79,22.66666667,41.43333333,19.6,37.32666667,5.05,762.5,89.66666667,3,61.16666667,3.42
50,0,22.5,36.36333333,20,38.79,21.79,36.09,20.2,34.5,18.5,46.32666667,5.5,61.4,19.7,30.85666667,22.6,41.69333333,19.6,37.46666667,5.1,762.5,89.33333333,3,61.33333333,3.43
80,10,22.5,36.4,19.92666667,38.86333333,21.79,36.09,20.2,34.5,18.42666667,46.32666667,5.466666667,61.76666667,19.7,30.89,22.6,42,19.6,37.53,5.15,762.5,89,3,61.5,3.45
50,0,22.42666667,36.4,19.85666667,39,21.79,36.16333333,20.2,34.59,18.5,46.5,5.4,62.16,19.7,30.89,22.6,42,19.6,37.59,5.2,762.5,88.66666667,3,61.66666667,3.47
50,0,22.39,36.4,19.79,39,21.79,36.2,20.2,34.59,18.5,46.56,5.5,62.4,19.7,30.89,22.56666667,42.2,19.6,37.7,5.25,762.5,88.33333333,3,61.83333333,3.48
60,0,22.39,36.4,19.7,39.12666667,21.79,36.26,20.2,34.62666667,18.46333333,46.56,5.5,62.46666667,19.7,30.89,22.5,42.12666667,19.6,37.76,5.3,762.5,88,3,62,3.5
50,0,22.29,36.5,19.63333333,39.2,21.79,36.29,20.2,34.7,18.46333333,46.63333333,5.5,62.4,19.7,30.89,22.5,41.95,19.6,37.9,5.32,762.5166667,88,3.166666667,61.5,3.5
60,0,22.29,36.5,19.56666667,39.23,21.79,36.29,20.2,34.7,18.46333333,46.66333333,5.56,62.19333333,19.7,30.92666667,22.46333333,41.86333333,19.6,37.96666667,5.33,762.5333333,88,3.333333333,61,3.5
50,0,22.26,36.56,19.5,39.29,21.79,36.29,20.2,34.7,18.39,46.59,5.59,61.6,19.7,31,22.39,41.79,19.6,38.12666667,5.35,762.55,88,3.5,60.5,3.5
50,0,22.2,36.56,19.39,39.32666667,21.79,36.36333333,20.13333333,34.76,18.39,46.62666667,5.59,61.26666667,19.7,31,22.39,41.93333333,19.6,38.26,5.37,762.5666667,88,3.666666667,60,3.5
50,0,22.2,36.59,19.39,39.425,21.79,36.36333333,20.1,34.79,18.39,46.7,5.623333333,61.09,19.7,31,22.39,42.06,19.6,38.43333333,5.38,762.5833333,88,3.833333333,59.5,3.5
40,0,22.13333333,36.66333333,19.32333333,39.5,21.79,36.29,20.1,34.73,18.39,46.7,5.69,61.16333333,19.7,31,22.32333333,42.76666667,19.6,38.56,5.4,762.6,88,4,59,3.5
50,0,22.1,36.73,19.29,39.53,21.79,36.4,20.1,34.79,18.39,46.7,5.69,61.32666667,19.7,31,22.32333333,43.02666667,19.6,38.73,5.27,762.5833333,89,4,59.33333333,3.53
60,0,22.03333333,36.73,19.23,39.59,21.79,36.4,20.1,34.79,18.39,46.7,5.69,61.345,19.7,31.1,22.39,43.23,19.6,38.86333333,5.13,762.5666667,90,4,59.66666667,3.57
50,0,22,36.7,19.2,39.59,21.79,36.46666667,20.1,34.79,18.39,46.7,5.69,61.4,19.7,31.03333333,22.39,43.29,19.6,39.06666667,5,762.55,91,4,60,3.6
40,0,22,36.62666667,19.2,39.59,21.79,36.5,20.1,34.79,18.39,46.7,5.69,61.62666667,19.7,31.1,22.39,43.29,19.6,39.2,4.87,762.5333333,92,4,60.33333333,3.63
40,0,21.96333333,36.62666667,19.2,39.7,21.79,36.5,20.1,34.9,18.39,46.7,5.623333333,61.9,19.7,31.1,22.32333333,43.29,19.63333333,39.23,4.73,762.5166667,93,4,60.66666667,3.67
30,0,21.89,36.7,19.13333333,39.7,21.79,36.5,20.1,34.9,18.39,46.745,5.5,63.13,19.7,31.1,22.29,43.29,19.63333333,39.23,4.6,762.5,94,4,61,3.7
30,0,21.89,36.7,19.1,39.73,21.79,36.5,20.1,34.9,18.39,46.79,5.433333333,64.25666667,19.7,31.16666667,22.29,43.23,19.6,39.245,4.63,762.4333333,93.33333333,3.833333333,61.5,3.63
50,0,21.79,36.7,19.03333333,39.73,21.79,36.5,20.03333333,34.82666667,18.39,46.79,5.263333333,65.86,19.7,31.13333333,22.29,43.09,19.7,39.5,4.67,762.3666667,92.66666667,3.666666667,62,3.57
50,0,21.79,36.76,19,39.79,21.79,36.5,20.06666667,34.96666667,18.39,46.79,5.123333333,66.8,19.63333333,31.13333333,22.29,43.09,19.7,39.56,4.7,762.3,92,3.5,62.5,3.5
50,0,21.7,36.79,18.92666667,39.86333333,21.7,36.53,20,34.82666667,18.39,46.79,5.06,67.39666667,19.63333333,31.13333333,22.2,42.9,19.7,39.59,4.73,762.2333333,91.33333333,3.333333333,63,3.43
50,0,21.7,36.79,18.89,39.93333333,21.7,36.53,20,34.9,18.39,46.79,5,67.53,19.625,31.125,22.26,42.9,19.7,39.66333333,4.77,762.1666667,90.66666667,3.166666667,63.5,3.37
60,0,21.7,36.9,18.89,40,21.7,36.59,20,34.96666667,18.39,46.79,5,67.26333333,19.6,31.1,22.2,42.79,19.66666667,39.76,4.8,762.1,90,3,64,3.3
50,0,21.7,36.9,18.79,40,21.7,36.59,20,35,18.39,46.79,5,66.93,19.6,31.1,22.2,42.73,19.66666667,39.76,4.78,762.05,89.83333333,2.833333333,64,3.25
50,0,21.6,36.9,18.79,40.06,21.7,36.59,20,35,18.39,46.79,5,66.49333333,19.6,31.1,22.1,42.59,19.7,39.79,4.77,762,89.66666667,2.666666667,64,3.2
60,0,21.6,36.9,18.76,40.09,21.63333333,36.59,20,35,18.39,46.79,5.06,66.22666667,19.6,31.1,22.1,42.59,19.7,39.86333333,4.75,761.95,89.5,2.5,64,3.15
50,0,21.56666667,36.9,18.7,40.16333333,21.6,36.5,20,35,18.39,46.79,5.09,65.7,19.6,31.16666667,22.1,42.53,19.7,39.93333333,4.73,761.9,89.33333333,2.333333333,64,3.1
50,0,21.5,36.9,18.7,40.2,21.6,36.5,19.92666667,35,18.39,46.76,5.09,64.89333333,19.6,31.2,22.1,42.5,19.7,40,4.72,761.85,89.16666667,2.166666667,64,3.05
40,0,21.5,37,18.625,40.1175,21.6,36.5,19.92666667,35,18.39,46.76,5.09,63.69666667,19.6,31.2,22.1,42.43333333,19.7,40.09,4.7,761.8,89,2,64,3
40,0,21.5,37.06,18.6,40.09,21.6,36.5,20,35,18.32333333,46.76,5.115,62.7975,19.6,31.16666667,22.06666667,42.36333333,19.7,40.09,4.68,761.8,88.83333333,1.833333333,64.16666667,2.97
60,0,21.39,37.03,18.6,40.09,21.55,36.5,20,35,18.39,46.76,5.123333333,62.3,19.6,31.16666667,22.06666667,42.36333333,19.7,40.12666667,4.67,761.8,88.66666667,1.666666667,64.33333333,2.93
50,0,21.39,37.09,18.53333333,40.16333333,21.5,36.5,19.92666667,35,18.39,46.76,5.19,61.86333333,19.6,31.13333333,22,42.26,19.7,40.2,4.65,761.8,88.5,1.5,64.5,2.9
60,0,21.39,37.12666667,18.5,40.16333333,21.5,36.5,19.89,35,18.39,46.7,5.19,61.33,19.6,31.2,22,42.2,19.7,40.32666667,4.63,761.8,88.33333333,1.333333333,64.66666667,2.87
40,0,21.39,37.12666667,18.5,40.16333333,21.5,36.53,19.89,35,18.39,46.7,5.19,60.93,19.6,31.1,22,42.09,19.7,40.4,4.62,761.8,88.16666667,1.166666667,64.83333333,2.83
30,0,21.29,37.12666667,18.39,40.12666667,21.5,36.59,19.89,35,18.32333333,46.7,5.19,60.65666667,19.6,31.16666667,22,42.22333333,19.7,40.5,4.6,761.8,88,1,65,2.8
20,0,21.29,37.1725,18.39,40.2,21.5,36.59,19.89,35,18.29,46.7,5.19,60.19333333,19.6,31.1,22,42.4,19.7,40.5,4.6,761.8,88,1.166666667,65,2.8
20,0,21.23,37.09,18.39,40.2,21.5,36.59,19.85666667,34.96666667,18.35666667,46.7,5.19,59.72666667,19.6,31.1,22,42.32666667,19.7,40.545,4.6,761.8,88,1.333333333,65,2.8
50,0,21.2,37.09,18.39,40.2,21.39,36.5,19.79,34.9,18.29,46.7,5.226666667,58.99666667,19.6,31.1,22,42.29,19.7,40.59,4.6,761.8,88,1.5,65,2.8
50,0,21.2,37.09,18.29,40.23,21.39,36.56,19.85666667,34.96666667,18.29,46.7,5.3,58.33,19.6,31.1,22,42.29,19.7,40.66333333,4.6,761.8,88,1.666666667,65,2.8
60,0,21.16666667,37.09,18.29,40.29,21.35666667,36.56,19.79,34.9,18.29,46.7,5.3,57.59333333,19.53333333,31.1,22,42.16333333,19.7,40.73,4.6,761.8,88,1.833333333,65,2.8
50,0,21.1,37.09,18.29,40.29,21.29,36.5,19.79,34.9,18.29,46.66333333,5.3,57.12666667,19.575,31.1,22,42.09,19.7,40.79,4.6,761.8,88,2,65,2.8
60,0,21.1,37.2,18.29,40.29,21.32333333,36.5,19.79,34.9,18.29,46.66333333,5.3,56.93333333,19.5,31.1,21.92666667,42.09,19.7,40.79,4.63,761.8,88,2,57.66666667,2.83
50,0,21.1,37.2,18.2,40.23,21.39,36.5,19.79,34.9,18.29,46.62666667,5.3,57,19.56666667,31.06666667,21.92666667,42.09,19.7,40.86333333,4.67,761.8,88,2,50.33333333,2.87
50,0,21.1,37.16333333,18.2,40.29,21.39,36.59,19.79,34.9,18.29,46.62666667,5.3,57,19.5,31.06666667,21.89,42.09,19.7,40.9,4.7,761.8,88,2,43,2.9
50,0,21.03333333,37.03,18.2,40.4,21.39,36.66333333,19.79,34.9,18.32333333,46.7,5.3,57.06,19.5,31.03333333,21.89,42.09,19.7,40.9,4.73,761.8,88,2,35.66666667,2.93
50,0,21,37,18.2,40.46666667,21.5,36.79,19.79,34.9,18.39,46.62666667,5.3,57.09,19.5,31.03333333,21.84,41.95,19.7,40.93333333,4.77,761.8,88,2,28.33333333,2.97
50,0,21,37.06,18.2,40.5,21.56666667,36.79,19.79,34.9,18.29,46.62666667,5.375,57.195,19.5,31,21.79,41.9,19.7,41,4.8,761.8,88,2,21,3
60,0,21,37.03,18.16666667,40.59,21.6,36.9,19.76,34.9,18.29,46.62666667,5.4,57.43,19.5,31.06666667,21.79,41.9,19.7,41,4.83,761.8666667,87.66666667,2,21,2.97
60,0,21,37.03,18.1,40.59,21.6,36.96666667,19.7,34.9,18.29,46.59,5.4,57.76666667,19.5,31.03333333,21.79,42,19.7,41.06,4.87,761.9333333,87.33333333,2,21,2.93
50,0,21,37,18.1,40.62666667,21.6,37,19.7,34.9,18.29,46.59,5.466666667,58.1,19.5,31.1,21.79,42.06,19.7,41.06,4.9,762,87,2,21,2.9
60,0,20.92666667,37.06,18.1,40.7,21.6,37,19.7,34.9,18.29,46.66333333,5.5,58.43333333,19.5,31.03333333,21.79,42.09,19.7,41,4.93,762.0666667,86.66666667,2,21,2.87
60,0,20.96333333,37.56666667,18.1,40.82666667,21.6,36.93333333,19.7,35,18.29,46.66333333,5.56,58.5,19.5,31.1,21.79,42.16333333,19.7,41.06,4.97,762.1333333,86.33333333,2,21,2.83
50,0,20.96333333,37.7,18.1,41.02666667,21.6,36.9,19.7,35,18.29,46.7,5.59,58.46666667,19.5,31.1,21.76,42.32666667,19.7,41,5,762.2,86,2,21,2.8
30,0,21,37.73,18.1,41.3,21.53333333,36.9,19.7,35,18.29,46.7,5.656666667,58.4,19.5,31.1,21.76,42.4,19.7,41,5.02,762.2166667,85.33333333,2.166666667,28.33333333,2.72
30,0,21,37.79,18.1,41.63333333,21.5,36.76,19.7,35,18.29,46.7,5.726666667,58.22333333,19.5,31.1,21.79,42.46666667,19.7,40.93333333,5.03,762.2333333,84.66666667,2.333333333,35.66666667,2.63
110,0,21,37.845,18.1,41.56,21.42666667,36.7,19.7,35.12666667,18.29,46.5,5.8,57.89,19.5,31.1,21.79,42.32666667,19.7,40.69,5.05,762.25,84,2.5,43,2.55
50,0,21,37.93,18.1,41.36,21.39,36.59,19.7,35.2,18.29,46.43333333,5.8,56.99666667,19.39,31,21.76,42.02666667,19.7,40.43,5.07,762.2666667,83.33333333,2.666666667,50.33333333,2.47
120,0,21,37.99,18.1,41.26,21.39,36.53,19.7,35.29,18.29,46.26,5.866666667,56.39,19.39,30.92666667,21.7,41.76666667,19.63333333,40.09666667,5.08,762.2833333,82.66666667,2.833333333,57.66666667,2.38
350,0,21,37.76,18.1,41.12666667,21.29,36.59,19.7,35.36333333,18.29,46.12666667,5.933333333,55.36,19.39,30.89,21.7,41.46666667,19.6,39.83333333,5.1,762.3,82,3,65,2.3
60,0,21,37.62666667,18.1,40.96666667,21.29,36.59,19.7,35.53,18.29,45.96666667,6.06,54.02666667,19.39,30.7925,21.7,41.4,19.6,39.62666667,5.12,762.35,81.83333333,3,64.5,2.28
60,0,21,37.5,18.1,40.82666667,21.29,36.56,19.7,35.59,18.29,45.82666667,6.09,52.05666667,19.39,30.7,21.7,41.29,19.6,39.33333333,5.13,762.4,81.66666667,3,64,2.27
60,0,21,37.43333333,18.1,40.59,21.29,36.5,19.7,35.56,18.29,45.76,6.09,50.79666667,19.29,30.6,21.7,41.15666667,19.6,39.2,5.15,762.45,81.5,3,63.5,2.25
280,0,21,37.26,18.1,40.46333333,21.29,36.46666667,19.7,35.43333333,18.29,45.7,6.09,49.19333333,19.35666667,30.53333333,21.7,41.06,19.66666667,39.26,5.17,762.5,81.33333333,3,63,2.23
360,0,20.92666667,37.12666667,18.1,40.43333333,21.29,36.4,19.7,35.245,18.29,45.62666667,6.115,48.5725,19.35666667,30.46333333,21.7,40.93333333,19.6,39.12666667,5.18,762.55,81.16666667,3,62.5,2.22
120,0,20.89,37.06,18.16666667,40.43333333,21.29,36.36333333,19.66666667,35.06,18.29,45.5,6.263333333,48.49,19.29,30.39,21.63333333,40.76666667,19.6,38.86333333,5.2,762.6,81,3,62,2.2
80,0,20.89,36.93333333,18.2,40.19,21.29,36.36333333,19.66666667,35,18.29,45.43333333,6.4,48.1,19.29,30.29,21.7,40.925,19.6,38.73,5.27,762.6166667,80.83333333,3,62,2.22
110,0,20.89,36.9,18.2,40.06,21.29,36.29,19.6,34.79,18.29,45.29,6.466666667,47.9,19.29,30.29,21.7,41,19.6,38.52666667,5.33,762.6333333,80.66666667,3,62,2.23
70,0,20.89,36.9,18.2,39.93333333,21.29,36.36333333,19.6,34.73,18.29,45.254,6.59,47.22333333,19.29,30.29,21.7,40.76,19.6,38.32666667,5.4,762.65,80.5,3,62,2.25
90,0,20.89,36.9,18.2,39.9,21.23,36.23,19.6,34.59,18.29,45.09,6.59,45.89,19.29,30.29,21.7,40.7,19.56666667,38.2,5.47,762.6666667,80.33333333,3,62,2.27
190,0,20.89,36.82666667,18.2,39.82666667,21.2675,36.2675,19.6,34.59,18.29,45.03,6.76,45.93333333,19.29,30.2,21.66666667,40.52666667,19.5,38.12666667,5.53,762.6833333,80.16666667,3,62,2.28
420,0,20.89,36.7,18.23,39.76,21.2,36.12666667,19.6,34.5,18.29,44.96666667,6.966666667,45.13333333,19.29,30.2,21.6,40.32666667,19.56666667,38,5.6,762.7,80,3,62,2.3
230,0,20.89,36.7,18.29,39.7,21.2,36.06,19.6,34.5,18.29,44.9,7.03,43.82666667,19.29,30.16666667,21.6,40.26,19.5,37.93333333,5.65,762.7166667,78.66666667,3.166666667,56,2.12
650,0,20.89,36.7,18.29,39.66333333,21.2,36,19.6,34.4,18.29,44.79,7.23,43.56666667,19.29,30.1,21.66666667,40.12666667,19.5,37.9,5.7,762.7333333,77.33333333,3.333333333,50,1.93
690,0,20.89,36.76,18.29,39.59,21.2,36.22666667,19.6,34.4,18.29,44.73,7.433333333,41.69333333,19.29,30.1,21.7,39.86333333,19.5,37.82666667,5.75,762.75,76,3.5,44,1.75
410,10,20.89,36.7,18.39,39.5,21.32666667,37.1,19.6,34.29,18.39,44.7,7.5,40.63333333,19.29,30.03333333,21.76,39.73,19.5,37.645,5.8,762.7666667,74.66666667,3.666666667,38,1.57
330,0,20.89,36.86333333,18.39,39.5,21.69666667,38.19666667,19.6,34.29,18.29,44.59,7.623333333,39.1,19.29,30,21.79,39.4,19.5,37.46666667,5.85,762.7833333,73.33333333,3.833333333,32,1.38
320,0,20.89,36.79,18.42666667,39.5,22.03,38.66333333,19.53333333,34.26,18.35666667,44.53,7.896666667,38.9,19.29,30,21.85666667,39.06666667,19.5,37.32666667,5.9,762.8,72,4,26,1.2
300,0,20.89,36.79,18.5,39.43333333,22.36,38.66333333,19.6,34.2,18.32333333,44.5,8.533333333,36.9,19.29,29.96333333,21.82333333,38.52666667,19.5,37.26,5.98,762.7666667,72,4,26.5,1.28
270,0,20.89,36.79,18.53333333,39.26,22.63333333,38.53,19.6,34.09,18.39,44.5,8.66,35.16,19.29,29.89,21.89,38.19333333,19.5,37.12666667,6.07,762.7333333,72,4,27,1.37
140,0,20.92666667,36.79,18.6,39.12666667,22.82333333,38.06,19.6,34.09,18.39,44.5,8.83,34.13333333,19.23,29.82333333,22,37.72333333,19.5,37,6.15,762.7,72,4,27.5,1.45
110,0,21,36.86333333,18.73,39.06,22.89,37.85,19.6,34,18.39,44.43333333,9.0475,32.5,19.26,29.76,22,37.46333333,19.5,36.93333333,6.23,762.6666667,72,4,28,1.53
340,0,21.06666667,37.66666667,18.79,38.93333333,22.76,37.06333333,19.6,33.975,18.39,44.36333333,9.1,30.33333333,19.26,29.7,22.03333333,36.96666667,19.5,36.79,6.32,762.6333333,72,4,28.5,1.62
370,0,21.2,38.19333333,18.89,39.5,22.7,36.86333333,19.6,33.9,18.39,44.36333333,9.33,30.39,19.2,29.6,22.03333333,36.76666667,19.5,36.73,6.4,762.6,72,4,29,1.7
290,0,21.2,37.52666667,18.89,39.43333333,22.76333333,37.3,19.6,33.86333333,18.39,44.4,9.463333333,29.46333333,19.26,29.66666667,22,36.56,19.5,36.56,6.42,762.5833333,71.66666667,4,28,1.65
310,0,21.2,37.32666667,19,39.29,22.96333333,37.56,19.6,33.79,18.39,44.4,9.66,27.69333333,19.2,29.5,22,36.56,19.5,36.5,6.43,762.5666667,71.33333333,4,27,1.6
270,0,21.23,37.02666667,19,39.06,23.16333333,37.56,19.6,33.76,18.39,44.4,9.533333333,27.83333333,19.26,29.5,22.05,36.69,19.46333333,36.43,6.45,762.55,71,4,26,1.55
260,0,21.29,36.82666667,19.06666667,39,23.35666667,37.43333333,19.6,33.7,18.39,44.4,9.83,28.03,19.2,29.46333333,22.1,36.93333333,19.39,36.29,6.47,762.5333333,70.66666667,4,25,1.5
230,0,21.32333333,36.7,19.1,38.96666667,23.5,37.22333333,19.6,33.73,18.42666667,44.43333333,9.83,26.76333333,19.2,29.39,22.1,37.06,19.46333333,36.33333333,6.48,762.5166667,70.33333333,4,24,1.45
200,0,21.39,36.9,19.16666667,38.96666667,23.6,36.815,19.6,33.73,18.42666667,44.36,9.6,26.49333333,19.2,29.39,22.2,37.12666667,19.46333333,36.26,6.5,762.5,70,4,23,1.4
90,0,21.39,37,19.13333333,39.09,23.7,36.46333333,19.6,33.7,18.39,44.4,9.6,26.42666667,19.2,29.39,22.2,37.26,19.5,36.16333333,6.52,762.4833333,70.16666667,3.833333333,23.66666667,1.45
100,0,21.39,37,19.2,39.03,23.7,35.9,19.6,33.76,18.39,44.32666667,9.726666667,25.29333333,19.2,29.29,22.2,37.26,19.42666667,36.03,6.53,762.4666667,70.33333333,3.666666667,24.33333333,1.5
110,0,21.5,36.63333333,19.2,38.63333333,23.56666667,35.5,19.6,34.69333333,18.39,44.4,9.86,24.7,19.2,29.29,22.26,37.26,19.5,36,6.55,762.45,70.5,3.5,25,1.55
90,0,21.42666667,36.36,19.2,38.36,23.35666667,34.99,19.66666667,35.16,18.46333333,44.4,9.6,24.76333333,19.2,29.2,22.29,37.29,19.5,36,6.57,762.4333333,70.66666667,3.333333333,25.66666667,1.6
100,0,21.39,36.16333333,19.23,38.16333333,23.23,34.73,19.73,35.62666667,18.445,44.245,9.6,24.96333333,19.2,29.2,22.35666667,37.23,19.445,35.845,6.58,762.4166667,70.83333333,3.166666667,26.33333333,1.65
100,0,21.39,36.0225,19.29,38.03,23.1,34.66333333,19.99666667,35.76,18.46333333,44.16333333,9.5,24.9,19.2,29.23,22.39,37.23,19.46333333,35.76,6.6,762.4,71,3,27,1.7
90,0,21.39,35.93333333,19.29,37.96666667,23.03333333,34.53,20.55666667,35.59,18.46333333,44.09,9.566666667,25.83333333,19.2,29.23,22.39,37.29,19.46333333,35.7,6.67,762.3833333,70.66666667,3,29.16666667,1.68
80,0,21.39,35.86333333,19.29,37.82666667,22.89,34.46666667,21.09666667,35.39,18.5,44.06,9.6,25.66,19.2,29.26,22.39,37.36333333,19.46333333,35.66333333,6.73,762.3666667,70.33333333,3,31.33333333,1.67
80,0,21.39,35.79,19.29,37.76,22.82333333,34.4,21.39,34.93,18.5,44,9.733333333,25.2,19.2,29.2,22.39,37.36333333,19.39,35.46333333,6.8,762.35,70,3,33.5,1.65
80,0,21.39,35.79,19.29,37.7,22.76,34.29,21.32333333,34.73,18.42666667,43.82666667,9.845,24.75,19.2,29.2,22.39,37.29,19.46333333,35.5,6.87,762.3333333,69.66666667,3,35.66666667,1.63
60,0,21.32333333,35.73,19.29,37.56,22.63333333,34.23,21.26,34.43,18.5,43.9,10.03,23.93,19.2,29.2,22.46333333,37.29,19.46333333,35.5,6.93,762.3166667,69.33333333,3,37.83333333,1.62
90,0,21.29,35.46666667,19.29,37.43333333,22.56666667,34.02666667,21.175,34.195,18.5,43.76,9.696666667,23.93,19.2,29.2,22.42666667,37.2,19.5,35.5,7,762.3,69,3,40,1.6
80,0,21.29,35.46666667,19.26,37.26,22.5,33.96666667,21.03333333,33.96333333,18.5,43.7,9.5,24.79333333,19.2,29.2,22.5,37.2,19.42666667,35.43333333,7.02,762.2666667,68.83333333,3,38.16666667,1.6
110,0,21.29,36.16333333,19.2,37.33333333,22.46333333,34.06,21,34.03,18.5,43.59,9.366666667,24.2,19.2,29.2,22.5,37.16333333,19.46333333,35.36333333,7.03,762.2333333,68.66666667,3,36.33333333,1.6
120,0,21.29,36.03,19.2,37.45,22.39,34.06,20.92666667,34.62333333,18.5,43.59,9.256666667,23.63,19.2,29.1,22.5,37.09,19.39,35.29,7.05,762.2,68.5,3,34.5,1.6
100,0,21.2,35.9,19.2,37.4,22.35666667,34.12666667,20.96333333,35.03,18.5,43.5,9.39,23.43,19.2,29.03333333,22.6,37.02666667,19.39,35.26,7.07,762.1666667,68.33333333,3,32.66666667,1.6
110,0,21.2,35.96666667,19.2,37.4,22.35666667,34.26,20.89,35.09,18.5,43.5,9.426666667,23.56333333,19.2,28.96333333,22.675,36.85,19.39,35.2,7.08,762.1333333,68.16666667,3,30.83333333,1.6
100,0,21.2,35.93,19.2,37.46666667,22.26,34.4,20.89,35.12666667,18.5,43.5,9.5,23.16333333,19.26,28.96333333,22.7,36.7,19.39,35.2,7.1,762.1,68,3,29,1.6
100,0,21.2,35.93,19.2,37.46666667,22.175,34.4,20.96333333,35.2,18.5,43.5,9.3,23.12333333,19.23,28.89,22.7,36.73,19.39,35.2,7.07,762.1,68,3.166666667,28.16666667,1.57
90,0,21.2,36.03,19.2,37.5,22.1,34.4,21.16333333,35.16333333,18.5,43.5,9.1,23.39666667,19.29,28.89,22.76,36.79,19.39,35.03,7.03,762.1,68,3.333333333,27.33333333,1.53
80,0,21.26,36.09,19.26,37.56,22.1,34.4,21.35666667,35.03,18.5,43.43333333,8.963333333,24.36666667,19.26,28.82666667,22.76,36.79,19.39,35.09,7,762.1,68,3.5,26.5,1.5
80,0,21.32333333,36.09,19.39,37.59,22.1,34.32666667,21.63333333,34.96666667,18.5,43.4,8.83,24.82666667,19.2,28.76,22.7,36.86333333,19.39,35,6.97,762.1,68,3.666666667,25.66666667,1.47
90,0,21.39,36.03,19.46333333,37.66333333,22.1,34.4,21.82666667,34.9,18.5,43.4,8.66,25.46,19.2,28.79,22.7,37.03,19.39,35,6.93,762.1,68,3.833333333,24.83333333,1.43
110,0,21.42666667,36.03,19.6,37.56,22.1,34.4,22,34.7,18.5,43.345,8.46,25.46,19.26,28.79,22.7,37.09,19.39,35,6.9,762.1,68,4,24,1.4
110,10,21.5,36.0225,19.66666667,37.56,22.1,34.43333333,22,34.62666667,18.5,43.29,8.3,26.33333333,19.2,28.79,22.7,37.06,19.32333333,34.9,6.85,762.1166667,68.16666667,3.833333333,24,1.37
130,30,21.5,36,19.73,37.59,22.1,34.5,21.96333333,34.5,18.5,43.29,8.226666667,26.93333333,19.26,28.85666667,22.76,36.93333333,19.32333333,34.9,6.8,762.1333333,68.33333333,3.666666667,24,1.33
220,20,21.53333333,36,19.79,37.53,22.1,34.59,21.96333333,34.5,18.5,43.29,8.033333333,28.36666667,19.2,28.82333333,22.79,36.79,19.35666667,34.9,6.75,762.15,68.5,3.5,24,1.3
200,20,21.66666667,36.6,19.89,37.46666667,22.1,34.59,22,34.29,18.5,43.29,7.7175,29.545,19.2,28.89,22.79,36.73,19.29,34.9,6.7,762.1666667,68.66666667,3.333333333,24,1.27
150,10,21.73,37.7,19.89,37.4,22.1,34.73,22.06666667,34.29,18.5,43.32666667,7.53,29.5,19.2,28.89,22.89,36.66333333,19.29,34.79,6.65,762.1833333,68.83333333,3.166666667,24,1.23
140,10,21.79,37.96,19.89,37.62666667,22.16666667,34.86333333,22,34.13333333,18.5,43.4,7.4,29.59666667,19.2,28.89,22.89,36.39,19.29,34.79,6.6,762.2,69,3,24,1.2
120,10,21.89,38.09,19.89,37.76,22.2,35.12666667,21.8925,33.725,18.56666667,43.53,7.333333333,29.99666667,19.2,28.89,22.79,36.12666667,19.29,34.79,6.52,762.2,69.83333333,2.833333333,23.33333333,1.28
90,0,21.89,38.29666667,19.92666667,37.93333333,22.2,35.26,21.79,33.43333333,18.5,43.66333333,7.19,30.63,19.2,28.89,22.85666667,36.26,19.29,34.79,6.43,762.2,70.66666667,2.666666667,22.66666667,1.37
100,0,22,37.76666667,20,38.13333333,22.2,35.4,21.7,33.26,18.6,43.73,7.123333333,31.09666667,19.2,28.89,22.92666667,36.4,19.29,34.73,6.35,762.2,71.5,2.5,22,1.45
110,0,22,37.3,20,38.4,22.2,35.32666667,21.63333333,33.06666667,18.53333333,43.79,7.09,31.63,19.2,28.89,23,36.4,19.29,34.73,6.27,762.2,72.33333333,2.333333333,21.33333333,1.53
120,0,22.03333333,36.93,20,38.22333333,22.2,35.29,21.56666667,32.9,18.6,43.9,7.03,31.89,19.2,28.89,23.03333333,36.46333333,19.29,34.7,6.18,762.2,73.16666667,2.166666667,20.66666667,1.62
140,10,22.1,36.59666667,20,37.96333333,22.2,35.23,21.5,32.9,18.53333333,43.9,7,32.29,19.2,28.92666667,23.1,36.53,19.29,34.7,6.1,762.2,74,2,20,1.7
110,0,22.1,36.26,20.1,37.93333333,22.2,35.16333333,21.35666667,32.73,18.6,43.82666667,6.95,32.745,19.2,29,23.1,36.59,19.2,34.59,6.07,762.2666667,74.83333333,2.166666667,20.33333333,1.83
100,0,22.16666667,36.26,20.1,38.06,22.2,35.09,21.29,32.86333333,18.6,43.9,6.9,33.3,19.2,29,23.1,36.33333333,19.26,34.59,6.03,762.3333333,75.66666667,2.333333333,20.66666667,1.97
120,0,22.2,36.29,20.1,38.06,22.2,35.045,21.29,33.06666667,18.6,43.9,6.9,34.1,19.2,29,23.03333333,36.06666667,19.23,34.53,6,762.4,76.5,2.5,21,2.1
100,0,22.2,36.23,20.1,38,22.2,35,21.29,33.26,18.6,43.9,6.8,35.76333333,19.2,29.1,22.96333333,35.72333333,19.23,34.53,5.97,762.4666667,77.33333333,2.666666667,21.33333333,2.23
80,10,22.29,36.2,20.1,38.06666667,22.2,35,21.2,33.43333333,18.6,43.79,6.8,37.36333333,19.2,29.16666667,22.89,35.59,19.2,34.5,5.93,762.5333333,78.16666667,2.833333333,21.66666667,2.37
100,0,22.29,36.2,20.1,38.2,22.2,35,21.2,33.56,18.6,43.79,6.763333333,38.55666667,19.2,29.2,22.89,35.36333333,19.2,34.56,5.9,762.6,79,3,22,2.5
100,0,22.29,36.09,20.1,38.2,22.2,35,21.1,33.73,18.6,43.79,6.69,39.63,19.2,29.26,22.82333333,35.23,19.2,34.59,5.83,762.5833333,79.33333333,3.166666667,22.33333333,2.48
100,0,22.29,36.09,20.03333333,38.12666667,22.16666667,35,21.1,33.86333333,18.6,43.7,6.59,40.39,19.2,29.39,22.79,35.06,19.2,34.59,5.77,762.5666667,79.66666667,3.333333333,22.66666667,2.47
100,0,22.29,36,20,38.09,22.16666667,35,21.06666667,34,18.6,43.62666667,6.5675,40.9975,19.2,29.39,22.79,35,19.2,34.66333333,5.7,762.55,80,3.5,23,2.45
90,0,22.29,35.96666667,20,38.09,22.16666667,35,21.06666667,34.06,18.6,43.59,6.5,41.66,19.2,29.5,22.76,34.86333333,19.2,34.7,5.63,762.5333333,80.33333333,3.666666667,23.33333333,2.43
100,0,22.29,35.9,20,38.09,22.1,35,21,34.09,18.6,43.53,6.466666667,42.56666667,19.2,29.525,22.7,34.79,19.2,34.7,5.57,762.5166667,80.66666667,3.833333333,23.66666667,2.42
90,0,22.29,35.9,19.92666667,38.09,22.1,35,21,34.16333333,18.6,43.5,6.4,42.83333333,19.2,29.6,22.7,34.7,19.2,34.7,5.5,762.5,81,4,24,2.4
90,0,22.29,35.82666667,19.89,38.16333333,22.1,35,20.96333333,34.23,18.6,43.43333333,6.3,43.53,19.2,29.6,22.7,34.7,19.2,34.7,5.47,762.5,81.33333333,3.833333333,24.16666667,2.43
80,30,22.29,35.79,19.89,38.09,22.1,35,20.945,34.3175,18.6,43.4,6.226666667,43.79,19.2,29.6,22.6,34.5,19.2,34.7,5.43,762.5,81.66666667,3.666666667,24.33333333,2.47
40,0,22.23,35.73,19.79,37.96666667,22.1,35.06,20.96333333,34.6,18.6,43.4,6.19,44.43333333,19.2,29.66333333,22.6,34.83333333,19.2,34.76,5.4,762.5,82,3.5,24.5,2.5
70,0,22.2,35.7,19.79,37.82666667,22,35.23,20.89,34.86333333,18.6,43.29,6.19,44.63333333,19.2,29.79,22.7,35.75666667,19.23,35.53,5.37,762.5,82.33333333,3.333333333,24.66666667,2.53
60,0,22.2,35.7,19.745,37.845,22,35.36333333,20.89,34.86333333,18.6,43.36333333,6.09,44.65666667,19.2,29.82333333,22.7,36.42333333,19.29,35.99,5.33,762.5,82.66666667,3.166666667,24.83333333,2.57
50,0,22.2,35.79,19.7,38,22,35.4,20.89,34.79,18.56666667,43.53,6.09,45.26333333,19.2,29.96333333,22.76,37.22666667,19.32333333,36.5,5.3,762.5,83,3,25,2.6
30,10,22.13333333,35.86333333,19.63333333,38,21.92666667,35.4,20.82333333,34.79,18.56666667,43.59,6.06,45.73,19.2,30.03333333,22.7,37.76666667,19.32333333,36.83333333,5.27,762.5,83.16666667,3,24.83333333,2.6
30,0,22.1,35.9,19.6,38.09,21.89,35.5,20.79,34.79,18.6,43.62666667,6,45.93,19.2,30.1,22.66666667,38.2,19.32333333,37.12666667,5.23,762.5,83.33333333,3,24.66666667,2.6
40,0,22.1,35.96666667,19.6,38.16333333,21.89,35.5,20.79,34.79,18.53333333,43.7,5.966666667,46.36,19.2,30.1,22.575,38.425,19.39,37.26,5.2,762.5,83.5,3,24.5,2.6
50,0,22,35.9,19.5,38.2,21.89,35.545,20.76,34.79,18.5,43.79,5.9,46.83333333,19.2,30.16666667,22.5,38.96,19.35666667,37.32666667,5.17,762.5,83.66666667,3,24.33333333,2.6
60,0,22,35.9,19.5,38.26,21.89,35.59,20.7,34.79,18.5,43.79,5.866666667,47.32666667,19.26,30.26,22.5,39.53,19.35666667,37.46666667,5.13,762.5,83.83333333,3,24.16666667,2.6
50,0,22,36,19.46333333,38.36333333,21.82333333,35.53,20.7,34.79,18.5,43.9,5.8,47.66,19.2,30.26,22.5,40.06333333,19.39,37.59,5.1,762.5,84,3,24,2.6
60,0,22,36,19.39,38.36333333,21.82333333,35.56666667,20.7,34.79,18.5,43.9,5.8,48.09666667,19.29,30.39,22.5,40.43333333,19.39,37.695,5.12,762.4666667,83.66666667,3,23.83333333,2.57
70,0,21.96333333,36.09,19.35666667,38.43333333,21.82333333,35.62666667,20.7,34.86333333,18.5,44,5.7725,48.4975,19.29,30.39,22.5,40.69333333,19.39,37.79,5.13,762.4333333,83.33333333,3,23.66666667,2.53
60,0,21.89,36.16333333,19.29,38.5,21.82333333,35.62666667,20.63333333,34.79,18.5,44.03,5.69,48.9,19.29,30.39,22.39,41.06666667,19.39,37.93333333,5.15,762.4,83,3,23.5,2.5
50,10,21.89,36.12666667,19.26,38.59,21.89,35.7,20.6,34.79,18.5,44.09,5.69,49.15666667,19.29,30.46333333,22.39,41.33333333,19.39,38.06,5.17,762.3666667,82.66666667,3,23.33333333,2.47
60,0,21.865,36.1725,19.2,38.59,21.89,35.7,20.6,34.79,18.5,44.12666667,5.69,49.29,19.29,30.5,22.39,41.46333333,19.39,38.23,5.18,762.3333333,82.33333333,3,23.16666667,2.43
50,0,21.79,36.09,19.2,38.7,21.96333333,35.7,20.6,34.79,18.5,44.2,5.69,49.33333333,19.29,30.525,22.39,41.66333333,19.39,38.36333333,5.2,762.3,82,3,23,2.4
50,0,21.79,36.09,19.13333333,38.7,22,35.73,20.53333333,34.86333333,18.5,44.2,5.69,49.33333333,19.29,30.6,22.39,41.82666667,19.39,38.59,5.22,762.3,81.66666667,3,23,2.35
60,0,21.73,36.09,19.1,38.79,22,35.79,20.5,34.9,18.5,44.26,5.69,49.26,19.29,30.6,22.32333333,41.96666667,19.39,38.72333333,5.23,762.3,81.33333333,3,23,2.3
50,0,21.7,36.16333333,19.1,38.79,22,35.82666667,20.5,34.9,18.5,44.29,5.69,49.46,19.29,30.6,22.29,42.09,19.39,38.93333333,5.25,762.3,81,3,23,2.25
60,0,21.7,36.16333333,19,38.79,22,35.9,20.5,34.9,18.5,44.36333333,5.656666667,49.66333333,19.29,30.63333333,22.29,42.16333333,19.39,39.06,5.27,762.3,80.66666667,3,23,2.2
70,0,21.66666667,36.09,19,38.86333333,22.03333333,35.93333333,20.46333333,34.86333333,18.5,44.4,5.656666667,49.53,19.29,30.7,22.29,42.29,19.39,39.09,5.28,762.3,80.33333333,3,23,2.15
50,0,21.6,36.09,18.89,38.9,22.1,36.06,20.39,34.79,18.5,44.46666667,5.623333333,48.56666667,19.29,30.7,22.23,42.29,19.39,39.09,5.3,762.3,80,3,23,2.1
60,10,21.6,36.09,18.89,38.845,22.1,36.09,20.46333333,34.9,18.5,44.5,5.69,47.76666667,19.23,30.63333333,22.29,42.29,19.42666667,39.12666667,5.27,762.2666667,79.33333333,3,23.33333333,1.93
50,0,21.6,36.09,18.89,38.9,22.1,36.09,20.46333333,34.9,18.5,44.5,5.69,47.22333333,19.29,30.7,22.29,42.36333333,19.42666667,39.12666667,5.23,762.2333333,78.66666667,3,23.66666667,1.77
50,0,21.5,36.12666667,18.79,38.82666667,22.1,36.09,20.39,34.79,18.5,44.5,5.69,46.83,19.23,30.63333333,22.26,42.29,19.39,39.09,5.2,762.2,78,3,24,1.6
40,0,21.5,36.2,18.79,38.9,22.1,36.09,20.39,34.79,18.5,44.56,5.623333333,46.36333333,19.23,30.63333333,22.2,42.23,19.46333333,39.16333333,5.17,762.1666667,77.33333333,3,24.33333333,1.43
40,0,21.5,36.2,18.76,38.9,22.1,36.245,20.39,34.79,18.5,44.59,5.69,46.36333333,19.29,30.7,22.2,42.045,19.42666667,39.32666667,5.13,762.1333333,76.66666667,3,24.66666667,1.27
30,0,21.42666667,36.12666667,18.7,38.96666667,22.1,36.26,20.39,34.79,18.5,44.59,5.656666667,46.56,19.26,30.66666667,22.2,41.86333333,19.42666667,39.4,5.1,762.1,76,3,25,1.1
40,0,21.39,36.09,18.7,38.93333333,22.1,36.26,20.35666667,34.79,18.5,44.62666667,5.59,45.675,19.2,30.6,22.2,41.73,19.39,39.43333333,5.08,762.05,76.16666667,3,25.16666667,1.13
70,0,21.39,36.09,18.63333333,39,22.1,36.29,20.29,34.79,18.42666667,44.62666667,5.59,45.2,19.23,30.63333333,22.16666667,41.7,19.445,39.5675,5.07,762,76.33333333,3,25.33333333,1.17
60,0,21.39,36.09,18.66666667,39,22.1,36.36333333,20.29,34.79,18.5,44.7,5.59,44.4,19.23,30.63333333,22.1,41.7,19.39,39.59,5.05,761.95,76.5,3,25.5,1.2
60,10,21.32333333,36.16333333,18.6,39,22.1,36.4,20.29,34.79,18.5,44.7,5.59,44.06666667,19.23,30.63333333,22.16666667,41.7,19.42666667,39.73,5.03,761.9,76.66666667,3,25.66666667,1.23
50,0,21.35666667,36.2,18.6,39,22.1,36.4,20.29,34.79,18.42666667,44.62666667,5.5,43.86333333,19.23,30.63333333,22.1,41.62666667,19.5,39.79,5.02,761.85,76.83333333,3,25.83333333,1.27
50,0,21.29,36.2,18.53333333,39,22.1,36.5,20.29,34.79,18.46333333,44.66333333,5.5,43.93,19.2,30.6,22.1,41.7,19.5,39.79,5,761.8,77,3,26,1.3
60,0,21.29,36.2,18.5,39.03,22.1,36.5,20.23,34.7,18.46333333,44.66333333,5.5,44.39,19.2,30.6,22.1,41.7,19.5,39.79,4.98,761.75,77,3.166666667,25.16666667,1.28
50,0,21.2,36.09,18.5,39.09,22.1,36.59,20.29,34.7,18.5,44.7,5.5,44.33,19.2,30.6,22.1,41.76,19.5,39.79,4.97,761.7,77,3.333333333,24.33333333,1.27
60,0,21.2,36.09,18.39,39.03,22.1,36.59,20.2,34.66333333,18.42666667,44.62666667,5.4,43.55666667,19.2,30.6,22.1,41.7,19.5,39.79,4.95,761.65,77,3.5,23.5,1.25
60,0,21.2,36.09,18.39,39.09,22.1,36.59,20.2,34.59,18.42666667,44.73,5.4,43.03,19.2,30.6,22,41.46666667,19.5,39.82666667,4.93,761.6,77,3.666666667,22.66666667,1.23
60,0,21.2,36.09,18.35666667,39.09,22.1,36.59,20.2,34.59,18.42666667,44.73,5.4,42.86333333,19.2,30.56666667,22,41.4,19.5,39.9,4.92,761.55,77,3.833333333,21.83333333,1.22
50,0,21.16666667,36.2,18.35666667,39.16333333,22.2,36.59,20.2,34.66333333,18.39,44.7,5.4,42.99,19.2,30.5,22,41.26,19.5,39.9,4.9,761.5,77,4,21,1.2
60,0,21.1,36.2,18.29,39.2,22.2,36.59,20.2,34.59,18.46333333,44.76,5.3,43.09,19.2,30.5,22,41.2,19.5,39.9,4.88,761.5,77.33333333,3.833333333,28.16666667,1.23
50,0,21.1,36.2,18.29,39.2225,22.2,36.59,20.2,34.59,18.39,44.7,5.3,43.09,19.2,30.5,22,41.16333333,19.5,39.9,4.87,761.5,77.66666667,3.666666667,35.33333333,1.27
50,0,21.1,36.2,18.29,39.29,22.2,36.59,20.2,34.59,18.39,44.7,5.3,43.23,19.2,30.5,22,41.09,19.5,39.9,4.85,761.5,78,3.5,42.5,1.3
50,0,21.06666667,36.26,18.2,39.23,22.1,36.59,20.1,34.59,18.39,44.7,5.3,43.29,19.2,30.5,22,41,19.5,39.9,4.83,761.5,78.33333333,3.333333333,49.66666667,1.33
60,0,21,36.2,18.2,39.29,22.1,36.59,20.1,34.59,18.46333333,44.76,5.3,43.3,19.2,30.5,21.92666667,41,19.5,39.96666667,4.82,761.5,78.66666667,3.166666667,56.83333333,1.37
60,0,21,36.2,18.2,39.4,22.1,36.7,20.1,34.59,18.39,44.7,5.3,43.46333333,19.2,30.5,21.89,40.9,19.5,40,4.8,761.5,79,3,64,1.4
60,0,20.92666667,36.2,18.13333333,39.4,22.2,36.7,20.1,34.59,18.39,44.76,5.3,43.72333333,19.2,30.5,21.89,40.9,19.5,40,4.8,761.55,79,2.833333333,64,1.42
50,0,20.89,36.29,18.16666667,39.43333333,22.2,36.7,20.1,34.59,18.39,44.76,5.3,43.96333333,19.2,30.5,21.89,40.9,19.5,40.09,4.8,761.6,79,2.666666667,64,1.43
50,0,20.89,36.29,18.1,39.5,22.2,36.66333333,20.1,34.59,18.39,44.76,5.3,44.22333333,19.2,30.5,21.89,40.9,19.5,40.09,4.8,761.65,79,2.5,64,1.45
40,0,20.89,36.29,18.1,39.5,22.2,36.66333333,20.1,34.59,18.39,44.79,5.3,44.5,19.2,30.5,21.82333333,40.9,19.5,40.09,4.8,761.7,79,2.333333333,64,1.47
40,0,20.89,36.29,18.1,39.5,22.16666667,36.59,20.03333333,34.53,18.39,44.79,5.3,44.62666667,19.13333333,30.5,21.79,40.93333333,19.5,40.23,4.8,761.75,79,2.166666667,64,1.48
30,0,20.79,36.23,18.1,39.59,22.1,36.66333333,20.06666667,34.56,18.39,44.86333333,5.3,44.82666667,19.2,30.5,21.79,41.06,19.5,40.23,4.8,761.8,79,2,64,1.5
50,0,20.79,36.29,18.1,39.59,22.06666667,36.66333333,20,34.5,18.39,45.12666667,5.3,45.02666667,19.2,30.5,21.79,41.09,19.5,40.26,4.83,761.8,79.33333333,2.166666667,56.66666667,1.57
60,0,20.79,36.29,18.1,39.59,22,36.66333333,20,34.5,18.39,45.2,5.333333333,45.32666667,19.13333333,30.5,21.79,41.09,19.5,40.26,4.87,761.8,79.66666667,2.333333333,49.33333333,1.63
60,0,20.79,36.29,18.03333333,39.59,22,36.7,20,34.5,18.39,45.23,5.4,45.6,19.2,30.5,21.79,41.32666667,19.5,40.29,4.9,761.8,80,2.5,42,1.7
60,0,20.79,36.29,18,39.62666667,22,36.7,20,34.5,18.39,45.23,5.433333333,45.86,19.2,30.5,21.79,41.52666667,19.5,40.29,4.93,761.8,80.33333333,2.666666667,34.66666667,1.77
60,0,20.79,36.29,18,39.7,22,36.7,20,34.5,18.39,45.2,5.5,46.06,19.13333333,30.5,21.79,41.79,19.5,40.29,4.97,761.8,80.66666667,2.833333333,27.33333333,1.83
80,0,20.73,36.29,18,39.7,22.06666667,36.76,20,34.5,18.39,45.2,5.5,46.12666667,19.1,30.6,21.79,41.86333333,19.5,40.36333333,5,761.8,81,3,20,1.9
110,0,20.7,36.45666667,18,39.7,22,36.7,19.89,34.46666667,19.93,82.76666667,5.5,46.26,19.16666667,30.6,21.79,41.79,19.5,40.62666667,5.02,761.85,81,3.166666667,20.16666667,1.93
100,0,20.76,36.99,18,39.995,22,36.56666667,19.96333333,34.4,20.45666667,82.96666667,5.59,46.46333333,19.1,30.5,21.79,41.73,19.5,40.56666667,5.03,761.9,81,3.333333333,20.33333333,1.97
90,0,20.79,37.15666667,18,40.32666667,21.96333333,36.22333333,19.96333333,34.4,19.79333333,83.42333333,5.59,46.59,19.1,30.42666667,21.79,40.8,19.5,40.43,5.05,761.95,81,3.5,20.5,2
100,0,20.79,37.15666667,18,40.4,21.82333333,36.03,19.89,34.46666667,19.46,82.89666667,5.69,46.845,19.03333333,30.23,21.79,39.99333333,19.5,40.15666667,5.07,762,81,3.666666667,20.66666667,2.03
100,0,20.79,37.06,18,40.29,21.79,35.76,19.89,34.5,19.16666667,81.86333333,5.8,46.93333333,19.03333333,30.23,21.79,39.29666667,19.5,39.93,5.08,762.05,81,3.833333333,20.83333333,2.07
90,0,20.79,37,18,40.29,21.73,35.7,19.89,34.43333333,19.1,81.06333333,5.8,46.93333333,19.06666667,30.26,21.79,38.89,19.42666667,39.59666667,5.1,762.1,81,4,21,2.1
100,0,20.79,36.9,18,40.16333333,21.7,35.56,19.89,34.4,19.1,79.22666667,5.8,47.09,19,30.2,21.79,38.43,19.39,39.22333333,5.18,762.05,80.5,3.833333333,22.16666667,2.1
90,0,20.79,36.9,18,40.03,21.7,35.5,19.89,34.32666667,19.03333333,77.1,5.866666667,47.22333333,19,30.2,21.79,38.03,19.39,39.09,5.27,762,80,3.666666667,23.33333333,2.1
140,0,20.79,36.79,18,39.86333333,21.63333333,35.36,19.85666667,34.26,19,73.66333333,5.933333333,47.59,19,30.2,21.79,37.645,19.39,38.7,5.35,761.95,79.5,3.5,24.5,2.1
370,0,20.79,36.73,18,39.79,21.6,35.29,19.79,34.12666667,18.92666667,70.45666667,6.126666667,47.46333333,19,30.2,21.89,37.43,19.39,38.6175,5.43,761.9,79,3.333333333,25.66666667,2.1
230,0,20.79,36.59,18.1,39.66333333,21.66666667,35.36333333,19.79,34.09,18.89,68.64,6.4,46.62333333,19,30.2,21.82333333,37.15666667,19.39,38.46333333,5.52,761.85,78.5,3.166666667,26.83333333,2.1
100,0,20.79,36.59,18.03333333,38.92333333,21.6,35.26,19.79,34.09,18.79,66.1,6.4,45.62333333,19,30.2,21.79,36.96666667,19.39,38.26,5.6,761.8,78,3,28,2.1
90,0,20.79,36.62333333,18,38.46666667,21.6,35.12666667,19.79,34,18.79,63.1,6.563333333,44.63,19,30.2,21.73,36.82666667,19.32333333,38.12666667,5.63,761.85,78.33333333,2.833333333,28,2.18
140,0,20.79,37.95666667,18.13333333,38.6,21.6,35,19.79,34,18.79,60.82666667,6.896666667,43.83,19,30.2,21.89,37,19.39,38.06,5.67,761.9,78.66666667,2.666666667,28,2.27
150,0,20.89,38.95,18.29,38.86,21.6,35.06,19.79,33.96666667,18.79,59.02666667,7.123333333,41.46,19,30.13333333,21.89,37.06,19.39,37.93333333,5.7,761.95,79,2.5,28,2.35
110,10,20.89,39.86,18.43,39.13333333,21.6,35.23,19.79,33.9,18.79,57.29333333,7.263333333,41.06666667,19,30.2,22.03333333,37.12666667,19.35666667,37.76,5.73,762,79.33333333,2.333333333,28,2.43
130,0,20.96333333,39.46666667,18.53333333,39.23,21.6,35.43,19.79,33.9,18.79,56.23333333,7.263333333,40.86,19,30.2,22.03333333,37.12666667,19.35666667,37.62666667,5.77,762.05,79.66666667,2.166666667,28,2.52
100,0,21,38.69333333,18.6,39.56333333,21.6,35.59,19.79,33.9,18.76,55.16666667,7.123333333,41.19333333,19,30.2,22.1,37.29,19.32333333,37.5,5.8,762.1,80,2,28,2.6
130,0,21,38.22666667,18.63333333,39.73,21.66666667,35.66333333,19.79,33.9,18.715,54.15,7.26,42.06666667,19,30.23,22.16666667,37.29,19.32333333,37.43333333,5.8,762.05,80.66666667,2.333333333,30,2.72
490,0,21,37.83333333,18.76,39.73,21.6,35.59,19.79,33.93333333,18.73,53.6,7.4,42.26,19,30.29,22.29,37.5,19.29,37.36333333,5.8,762,81.33333333,2.666666667,32,2.83
410,0,21,37.7,18.79,39.495,21.6,35.79666667,19.79,34,18.7,52.86333333,7.295,42.9,19,30.32333333,22.35666667,37.5,19.29,37.29,5.8,761.95,82,3,34,2.95
360,0,21.03333333,37.62666667,18.82333333,39.4,21.86,37.26666667,19.7,34.03,18.7,52.25666667,7.09,44.66,19,30.46333333,22.42666667,37.56666667,19.35666667,37.23,5.8,761.9,82.66666667,3.333333333,36,3.07
340,0,21.03333333,37.7,18.89,39.32666667,22.19333333,38.52666667,19.7,34.09,18.7,51.69333333,7.23,44.52666667,19,30.5,22.5,37.7,19.35666667,37.29,5.8,761.85,83.33333333,3.666666667,38,3.18
310,0,21.1,37.66333333,19.03333333,39.32666667,22.69666667,39.36666667,19.7,34.09,18.7,51.3,7.826666667,43.33333333,19,30.56666667,22.53333333,37.7,19.29,37.29,5.8,761.8,84,4,40,3.3
290,0,21.1,37.53,19.16666667,39.26666667,23.03,39.76,19.7,34.16333333,18.7,50.79666667,8.16,41.13333333,19,30.6,22.6,37.7,19.29,37.23,5.97,761.75,82.33333333,3.833333333,40,3.15
230,0,21.2,37.46666667,19.29,39.16333333,23.32333333,39.96666667,19.7,34.2,18.7,50.46333333,8.16,39.72333333,19,30.6,22.7,37.66333333,19.29,37.2,6.13,761.7,80.66666667,3.666666667,40,3
150,0,21.26,37.4,19.35666667,39.03,23.4975,39.7675,19.7,34.2,18.7,50.13333333,8.033333333,39.59,19,30.66666667,22.76,37.59,19.35666667,37.12666667,6.3,761.65,79,3.5,40,2.85
100,0,21.32333333,37.36333333,19.42666667,39,23.66666667,39.53,19.7,34.2,18.7,49.86,8.1,39.76666667,19,30.66666667,22.79,37.56,19.35666667,37.2,6.47,761.6,77.33333333,3.333333333,40,2.7
110,0,21.46333333,37.76333333,19.56666667,38.86,23.66666667,38.99,19.7,34.2,18.7,49.52666667,8.233333333,38.83333333,19,30.7,22.79,37.5,19.365,37.1725,6.63,761.55,75.66666667,3.166666667,40,2.55
120,0,21.53333333,37.76666667,19.76333333,38.7,23.53333333,38.59666667,19.7,34.2,18.7225,49.2,8.6,37.29,19,30.7,22.89,37.59,19.39,37.09,6.8,761.5,74,3,40,2.4
120,0,21.6,37.36,19.96333333,38.56666667,23.35666667,38.13333333,19.7,34.2,18.79,48.93333333,9.133333333,35.82333333,19,30.66666667,22.92666667,37.56,19.29,37,6.73,761.5,74.33333333,3.166666667,40,2.42
120,0,21.7,37.2,20.13333333,38.29666667,23.23,37.8,19.7,34.2,18.79,48.66333333,9.2,30.4,19,30.53333333,23,37.43333333,19.35666667,36.93333333,6.67,761.5,74.66666667,3.333333333,40,2.43
110,0,21.76,37.12666667,20.26,38.03,23.2,37.5,19.7,34.2,18.79,48.53,8.866666667,29.73333333,19,30.445,23.1,37.36333333,19.39,36.86333333,6.6,761.5,75,3.5,40,2.45
120,0,21.84,37,20.32333333,38.06,23.13333333,37.36,19.7,34.09,18.79,48.26,8.566666667,31.2,19,30.35666667,23.1,37.23,19.32333333,36.73,6.53,761.5,75.33333333,3.666666667,40,2.47
110,0,21.89,36.86333333,20.39,37.86,23.06666667,37.16333333,19.7,34.09,18.79,48.12666667,8.366666667,31.32666667,19,30.29,23.1,37.2,19.35666667,36.66333333,6.47,761.5,75.66666667,3.833333333,40,2.48
110,0,21.96333333,36.73,20.5,37.76,23,37.03,19.7,34,18.79,47.96666667,8.3,32.32333333,19,30.23,23.16666667,37.2,19.29,36.59,6.4,761.5,76,4,40,2.5
230,0,22,36.59,20.5,37.62666667,22.96333333,36.86333333,19.7,34,18.79,47.82666667,8.226666667,33.26333333,19,30.29,23.2,37.16333333,19.32333333,36.46666667,6.5,761.4333333,75.33333333,4,40,2.47
180,0,22.06666667,36.59,20.6,37.43,22.89,36.73,19.7,34,18.79,47.49,8.46,33.99666667,19,30.29,23.26,37.16333333,19.39,36.73333333,6.6,761.3666667,74.66666667,4,40,2.43
70,0,22.1,36.4,20.66666667,37.29,22.79,36.52666667,19.7,34,18.79,47.23,8.695,32.3675,19,30.29,23.29,37.32666667,19.39,37.96666667,6.7,761.3,74,4,40,2.4
70,0,22.1,36.4,20.73,37.22333333,22.79,36.32666667,19.7,34,18.79,47.09,8.726666667,31.36666667,19,30.29,23.23,37.4,19.39,38.83333333,6.8,761.2333333,73.33333333,4,40,2.37
80,0,22.23,36.39,20.815,37.1725,22.7,36.19333333,19.7,33.96333333,18.79,47.03,8.5,31.43,19,30.23,23.29,37.46666667,19.5,39.2,6.9,761.1666667,72.66666667,4,40,2.33
80,0,22.29,36.39,20.89,37,22.7,36,19.76,34.96333333,18.79,46.86333333,8.76,31.36333333,19,30.2,23.29,37.32666667,19.5,39.2,7,761.1,72,4,40,2.3
100,0,22.29,36.06,20.89,36.66333333,22.6,35.76,19.92666667,36.33,18.85666667,46.79,8.86,29.92666667,19,30.2,23.39,37.26,19.5,39.13333333,7.12,761.05,71.5,4,40,2.3
80,0,22.35666667,35.93333333,20.96333333,36.53,22.6,35.62666667,20.06666667,36.86333333,18.89,46.66333333,8.666666667,29.59333333,19,30.2,23.39,37.12666667,19.56666667,38.93333333,7.23,761,71,4,40,2.3
90,0,22.5,35.9,21.1,36.46666667,22.6,35.5,20.23,37.19333333,18.89,46.53,8.766666667,30.29333333,19,30.2,23.5,37.16333333,19.6,38.86,7.35,760.95,70.5,4,40,2.3
80,0,22.56666667,35.82666667,21.1,36.32666667,22.6,35.43333333,20.35666667,37.4,18.89,46.36333333,9.233333333,28.36666667,19,30.1,23.5,37.09,19.6,39,7.47,760.9,70,4,40,2.3
100,0,22.6,35.76,21.2,36.2,22.6,35.29,20.42666667,37.5,18.89,46.15666667,9.066666667,27.43,19,30.1,23.5,37.2,19.6,38.93,7.58,760.85,69.5,4,40,2.3
100,0,22.6,35.62666667,21.2,36.2,22.6,35.26,20.5,37.43333333,18.89,46.06,9,28.09666667,19,30,23.5,37.2,19.6,38.5925,7.7,760.8,69,4,40,2.3
80,0,22.6,35.56,21.16666667,36.2,22.6,35.2,20.5,37.36333333,18.9175,45.925,9,28.59666667,19,30,23.53333333,37.2,19.6,38.32666667,7.8,760.7666667,69,4,40,2.4
100,0,22.66666667,35.5,21.16666667,36.2,22.6,35.09,20.56666667,37.29,18.92666667,45.82666667,9,28.72333333,19,30,23.6,37.095,19.6,38.13333333,7.9,760.7333333,69,4,40,2.5
160,0,22.7,35.53,21.2,36.2,22.6,35.09,20.6,36.99,19,45.66333333,9.4,28.09333333,19.06666667,30,23.6,37,19.6,38,8,760.7,69,4,40,2.6
460,0,22.7,35.66333333,21.2,36.12666667,22.6,35.09,20.53333333,36.59666667,19,45.59,9.6,27.23333333,19.1,30.05,23.63333333,37.12666667,19.6,37.86333333,8.1,760.6666667,69,4,40,2.7
120,0,22.73,37.72333333,21.2,36.03,22.6,35.09,20.5,36.22333333,19,45.53,9.823333333,26.53,19.06666667,30,23.7,37.2,19.6,37.79,8.2,760.6333333,69,4,40,2.8
70,0,22.79,40.895,21.2,36.36333333,22.6,35.5,20.4175,35.92,19,45.66333333,9.63,26.32333333,19.06666667,30,23.7,37.06,19.6,37.66333333,8.3,760.6,69,4,40,2.9
100,0,22.79,39.72333333,21.2,36.8,22.6,35.76,20.39,35.65666667,19,45.79,9.5,26.49666667,19.1,30.1,23.76,37,19.6,37.59,8.2,760.6166667,69.33333333,4,40,2.88
100,0,22.7,38.33333333,21.2,37.06,22.6,35.9,20.35666667,35.46666667,19,45.79,9.5,26.2475,19.1,30.03333333,23.79,36.96666667,19.6,37.46666667,8.1,760.6333333,69.66666667,4,40,2.87
130,0,22.7,37.8,21.1,37.06,22.6,35.9,20.29,35.32666667,19.03333333,45.79,9.566666667,26.56666667,19.1,30.03333333,23.79,36.9,19.6,37.32666667,8,760.65,70,4,40,2.85
110,0,22.7,37.13333333,21.1,36.93333333,22.6,35.86333333,20.29,35.16333333,19.1,45.73,9.36,26.56666667,19.1,30.1,23.79,36.79,19.6,37.26,7.9,760.6666667,70.33333333,4,40,2.83
110,0,22.7,36.86,21,36.76,22.6,35.73,20.29,35.03,19.09666667,45.16666667,9.226666667,26.76,19.1,30,23.85666667,36.79,19.6,37.12666667,7.8,760.6833333,70.66666667,4,40,2.82
220,0,22.6,36.46666667,21,36.7675,22.6,35.56,20.2,34.86333333,19.43,43.89333333,9.066666667,28.63333333,19.1,30,23.89,36.79,19.56666667,37,7.7,760.7,71,4,40,2.8
430,0,22.6,36.32666667,20.92666667,36.79,22.6,35.43333333,20.13333333,34.79,19.63333333,42.86333333,8.866666667,30.23333333,19.1,30.1,23.89,36.73,19.5,36.93333333,7.58,760.7166667,72.33333333,4.166666667,38.16666667,2.92
290,0,22.6,36.2,20.89,36.9,22.6,35.46666667,20.16666667,34.76,19.76,42.39,8.626666667,31.99666667,19.1,30.1,23.92666667,36.7,19.56666667,36.79,7.47,760.7333333,73.66666667,4.333333333,36.33333333,3.03
250,0,22.6,36.2,20.89,36.96666667,22.6,35.4,20.1,34.7,19.89,42.13333333,8.426666667,33.53,19.1,30.23,24,36.7,19.5,36.73,7.35,760.75,75,4.5,34.5,3.15
260,10,22.7,36.65666667,20.89,36.93333333,22.6,35.43333333,20.1,34.7,19.96333333,41.8,8.263333333,34.96666667,19.1,30.29,24,36.82666667,19.56666667,36.7,7.23,760.7666667,76.33333333,4.666666667,32.66666667,3.27
250,10,22.7,37.06333333,20.82333333,37.06,22.6,35.5,20.1,34.7,20.1,41.46666667,8.19,36.22666667,19.1,30.39,24,36.96666667,19.5,36.62666667,7.12,760.7833333,77.66666667,4.833333333,30.83333333,3.38
240,0,22.73,37.5,20.79,37.19333333,22.6,35.645,20.1,35.33,20.16666667,41.26666667,8,37.86,19.1,30.46333333,23.92666667,37.36,19.5,36.59,7,760.8,79,5,29,3.5
190,0,22.79,37.76,20.79,37.46666667,22.66666667,35.79,20.16666667,36.25666667,20.23,41.15666667,7.933333333,38.39333333,19.1,30.53333333,24,37.56,19.5,36.5675,6.75,760.85,80.5,4.666666667,27.83333333,3.53
70,10,22.89,38.26666667,20.7,37.8,22.66666667,35.86333333,20.2,37.45666667,20.29,41.36333333,7.763333333,40.13333333,19.1,30.6,23.89,37.73,19.5,36.5,6.5,760.9,82,4.333333333,26.66666667,3.57
80,10,23.03,38.26666667,20.7,38.33333333,22.73,36.2,20.26,38.19666667,20.445,41.645,7.623333333,41.86,19.1,30.7,23.89,37.59666667,19.5,36.5,6.25,760.95,83.5,4,25.5,3.6
90,0,23.2,37.9,20.7,38.53,22.73,36.2,20.29,38.73,20.5,41.52666667,7.466666667,44.36,19.125,30.7675,23.89,37.5,19.5,36.5,6,761,85,3.666666667,24.33333333,3.63
100,0,23.13333333,37.63333333,20.63333333,38.59,22.66666667,36.2,20.29,38.79,20.5,41.32666667,7.26,46.5,19.2,30.85666667,23.89,37.5,19.42666667,36.43333333,5.75,761.05,86.5,3.333333333,23.16666667,3.67
110,0,23.1,37.22333333,20.6,38.59,22.6,36.2,20.39,38.79,20.53333333,41.16333333,7.026666667,49.03,19.2,31.03333333,23.89,37.43333333,19.5,36.5,5.5,761.1,88,3,22,3.7
130,10,23.1,37.03,20.6,38.53,22.6,36.2,20.39,38.7225,20.6,40.89,6.833333333,51.09666667,19.2,31.1,23.96333333,37.4,19.46333333,36.46666667,5.52,761.1666667,88.33333333,3,21.83333333,3.77
170,0,23.1,36.745,20.56666667,38.36333333,22.53333333,36.2,20.39,38.62666667,20.63333333,40.86333333,6.4,53.2,19.2,31.23,23.96333333,37.46666667,19.46333333,36.46666667,5.53,761.2333333,88.66666667,3,21.66666667,3.83
120,0,23.1,36.53,20.5,38.29,22.56666667,36.09,20.39,38.43,20.7,44.92333333,6.026666667,55.83333333,19.2,31.29,23.96333333,37.56666667,19.39,36.53,5.55,761.3,89,3,21.5,3.9
110,10,23.1,36.86333333,20.5,39.25666667,22.5,36.09,20.32333333,38.15666667,20.79,45.09666667,5.833333333,57.42666667,19.16666667,31.32333333,23.89,37.76,19.39,36.59,5.57,761.3666667,89.33333333,3,21.33333333,3.97
120,0,23.06666667,37.12666667,20.5,39.72333333,22.56666667,36.23,20.29,38.02666667,20.79,43.82333333,5.656666667,58.39,19.16666667,31.39,23.89,37.9,19.39,36.59,5.58,761.4333333,89.66666667,3,21.16666667,4.03
120,0,23,37.2,20.46333333,39.79,22.5,36.36333333,20.29,37.9,20.73,43.16,5.73,60.39,19.1,31.42666667,23.89,37.9,19.39,36.59,5.6,761.5,90,3,21,4.1
110,0,23,37.26,20.39,39.8725,22.5,36.5,20.29,37.76,20.73,42.69333333,5.9,61.13333333,19.1,31.5,23.92666667,37.86333333,19.5,36.59,5.58,761.4666667,90.33333333,2.833333333,28.16666667,4.13
120,0,23,37.2,20.32333333,39.96666667,22.5,36.56,20.29,37.62666667,20.7,42.19333333,5.76,61,19.2,31.6,24,37.79,19.42666667,36.59,5.57,761.4333333,90.66666667,2.666666667,35.33333333,4.17
130,0,22.96333333,37.2,20.26,40,22.5,36.59,20.2,37.36333333,20.76,41.86,5.466666667,61.99333333,19.2,31.6,24,37.76,19.39,36.56,5.55,761.4,91,2.5,42.5,4.2
130,0,22.89,37.2,20.2,39.93333333,22.42666667,36.53,20.2,37.23,20.7,41.56,5.333333333,62.66,19.2,31.7,24,37.7,19.46333333,36.56,5.53,761.3666667,91.33333333,2.333333333,49.66666667,4.23
130,0,22.89,37.2,20.1,39.9,22.39,36.5,20.2,37.06,20.7,41.36,5.433333333,63.99333333,19.13333333,31.7,24.1,37.7,19.46333333,36.56,5.52,761.3333333,91.66666667,2.166666667,56.83333333,4.27
80,0,22.82333333,37.06666667,20.1,39.96666667,22.39,36.5,20.13333333,37,20.7,41.16333333,5.56,64.46666667,19.13333333,31.73,24.1,37.7,19.39,36.5,5.5,761.3,92,2,64,4.3
80,10,22.79,37,20,39.93333333,22.39,36.5,20.1,36.9,20.7,41.03,5.833333333,64.59,19.2,31.79,24.1,37.89,19.39,36.5,5.57,761.3333333,91.66666667,1.833333333,56.66666667,4.32
60,10,22.79,37,20,40,22.39,36.59,20.1,36.9,20.7,40.86333333,5.966666667,64.65666667,19.2,31.89,24.1,38.22333333,19.39,36.5,5.63,761.3666667,91.33333333,1.666666667,49.33333333,4.33
60,0,22.7,37.12666667,19.89,40.12666667,22.32333333,36.66333333,20.1,37.09,20.63333333,40.93,6,64.49333333,19.2,31.89,24.06666667,38.43333333,19.46333333,36.63333333,5.7,761.4,91,1.5,42,4.35
40,0,22.7,37.26,19.82333333,40.12666667,22.29,36.7,20.1,37.16333333,20.445,41.595,6,64.43333333,19.2,31.89,24,38.63333333,19.39,36.73,5.77,761.4333333,90.66666667,1.333333333,34.66666667,4.37
60,0,22.66666667,37.46666667,19.79,40.2,22.29,36.7,20.1,37.2,20.29,42.22666667,5.966666667,64.49666667,19.2,31.89,23.96333333,38.96333333,19.39,36.86333333,5.83,761.4666667,90.33333333,1.166666667,27.33333333,4.38
60,0,22.6,37.4,19.73,40.2,22.29,36.7,20.1,37.2,20.23,42.56,5.966666667,64.69,19.2,31.96333333,23.89,39.29666667,19.39,37.12666667,5.9,761.5,90,1,20,4.4
50,0,22.6,37.4,19.66666667,40.29,22.29,36.7,20.1,37.2,20.16666667,42.96333333,6.045,64.495,19.2,32,23.89,39.645,19.46333333,37.4,5.88,761.4833333,90.16666667,1.166666667,27.5,4.4
40,0,22.53333333,37.4,19.6,40.29,22.2,36.62666667,20.025,37.1175,20.1,43.22333333,6.09,64.09333333,19.2,32,23.79,39.89,19.5,37.65666667,5.87,761.4666667,90.33333333,1.333333333,35,4.4
40,0,22.5,37.4,19.56666667,40.4,22.2,36.7,20,37.09,20.06666667,43.53,6.09,63.56666667,19.29,32.09,23.79,40.36333333,19.42666667,37.86333333,5.85,761.45,90.5,1.5,42.5,4.4
30,0,22.4175,37.4,19.5,40.46666667,22.2,36.66333333,20,37.09,20,43.66333333,6.09,62.83333333,19.29,32.09,23.79,40.73,19.5,38.15666667,5.83,761.4333333,90.66666667,1.666666667,50,4.4
60,10,22.39,37.4,19.46333333,40.5,22.2,36.66333333,20,37.09,19.92666667,43.96666667,6.09,62.5,19.29,32.09,23.73,40.93,19.42666667,38.29,5.82,761.4166667,90.83333333,1.833333333,57.5,4.4
50,0,22.39,37.43333333,19.39,40.5,22.1,36.7,20,37.06,19.89,44.03,6.09,62.22333333,19.29,32.09,23.7,40.96,19.5,38.53,5.8,761.4,91,2,65,4.4
50,0,22.32333333,37.43333333,19.39,40.62666667,22.1,36.7,20,37,19.89,44.16333333,6.09,62.03,19.29,32.2,23.63333333,40.56666667,19.5,38.72333333,5.73,761.4,90.66666667,2,58,4.28
60,0,22.29,37.5,19.39,40.76,22.1,36.79,20,37.06,19.85666667,44.4,6.19,61.82666667,19.29,32.2,23.56666667,40.4,19.5,38.82666667,5.67,761.4,90.33333333,2,51,4.17
60,0,22.29,37.5,19.29,40.845,22.1,36.79,19.92666667,37.06,19.79,44.4,6.263333333,61.9,19.29,32.2,23.5,40.6,19.56666667,39.02666667,5.6,761.4,90,2,44,4.05
60,0,22.26,37.5,19.29,40.9,22.1,36.79,19.89,37,19.79,44.53,6.3,61.86333333,19.29,32.2,23.5,41.06666667,19.5,39.2,5.53,761.4,89.66666667,2,37,3.93
70,0,22.2,37.5,19.29,40.9,22.1,36.79,19.96333333,37,19.73,44.66333333,6.3,61.86333333,19.29,32.2,23.42666667,41.4,19.5,39.2,5.47,761.4,89.33333333,2,30,3.82
50,0,22.2,37.5,19.26,40.86333333,22.1,36.9,19.89,37,19.7,44.79,6.23,61.05666667,19.29,32.2,23.39,41.8,19.5,39.32666667,5.4,761.4,89,2,23,3.7
60,0,22.2,37.5,19.26,40.86333333,22.1,36.82666667,19.89,37,19.7,44.86333333,5.896666667,61.13,19.29,32.2,23.39,42.13333333,19.5,39.46666667,5.17,761.3833333,89.66666667,2,29.66666667,3.58
50,0,22.1,37.5,19.2,40.79,22.1,36.79,19.89,37,19.7,45,5.833333333,63.1,19.29,32.2,23.35666667,42.8,19.5,39.53,4.93,761.3666667,90.33333333,2,36.33333333,3.47
50,0,22.1,37.5,19.2,40.86333333,22.1,36.79,19.89,37,19.63333333,45,5.833333333,62.83333333,19.29,32.23,23.29,43.13333333,19.525,39.6725,4.7,761.35,91,2,43,3.35
50,0,22.06666667,37.5,19.16666667,40.86333333,22.1,36.79,19.89,36.96666667,19.6,45.03,5.433333333,62.59,19.29,32.29,23.29,43.32666667,19.6,39.76,4.47,761.3333333,91.66666667,2,49.66666667,3.23
50,0,22,37.5,19.1,40.86333333,22.1,36.79,19.89,36.96666667,19.6,45.09,5.1,62.53,19.29,32.29,23.23,43.32666667,19.6,39.79,4.23,761.3166667,92.33333333,2,56.33333333,3.12
70,0,22,37.5,19,40.79,22.1,36.79,19.89,36.96666667,19.6,45.2,4.39,61.09,19.29,32.2675,23.2,43.65666667,19.6,39.86333333,4,761.3,93,2,63,3
60,0,22,37.5,19,40.79,22.1,36.79,19.89,36.9,19.5,45.29,3.86,62.23333333,19.29,32.2,23.2,43.93,19.6,40,4.08,761.2666667,93.5,1.833333333,61.16666667,3.15
60,0,21.96333333,37.46666667,19,40.79,22.1,36.79,19.79,36.845,19.5,45.36333333,4.2,65.7,19.29,32.2,23.2,44.26666667,19.6,40,4.17,761.2333333,94,1.666666667,59.33333333,3.3
50,0,21.89,37.4,18.92666667,40.86333333,22.1,36.79,19.79,36.79,19.5,45.43333333,4.396666667,65.73333333,19.29,32.2,23.175,44.4975,19.6,40.12666667,4.25,761.2,94.5,1.5,57.5,3.45
50,0,21.89,37.4,18.89,40.93333333,22.1,36.79,19.79,36.79,19.5,45.5,3.996666667,63.73333333,19.29,32.2,23.1,44.59,19.6,40.2,4.33,761.1666667,95,1.333333333,55.66666667,3.6
50,0,21.815,37.3175,18.82333333,40.93333333,22.1,36.79,19.79,36.76,19.5,45.53,3.826666667,65.63333333,19.29,32.2,23.1,44.7,19.6,40.32666667,4.42,761.1333333,95.5,1.166666667,53.83333333,3.75
40,0,21.79,37.29,18.79,40.9,22.1,36.79,19.79,36.76,19.5,45.59,3.966666667,66.22666667,19.29,32.2,23.1,44.9,19.6,40.4,4.5,761.1,96,1,52,3.9
30,0,21.79,37.29,18.79,40.96666667,22.1,36.79,19.79,36.7,19.39,45.5,4.063333333,66.85666667,19.29,32.2,23.06666667,44.96666667,19.6,40.5,4.55,761.1,95.83333333,1,51.33333333,3.93
30,0,21.79,37.29,18.7,41.12666667,22.1,36.79,19.79,36.7,19.39,45.56,4.19,66.66333333,19.29,32.2,23,44.9,19.6,40.5,4.6,761.1,95.66666667,1,50.66666667,3.97
50,0,21.7,37.32666667,18.7,41.2,22.1,36.9,19.79,36.73,19.39,45.59,3.966666667,65.8,19.29,32.2,23,44.79,19.6,40.53,4.65,761.1,95.5,1,50,4
50,0,21.7,37.4,18.65,41.245,22.1,36.9,19.79,36.73,19.39,45.59,3.9,66.32666667,19.29,32.23,23,44.73,19.6,40.59,4.7,761.1,95.33333333,1,49.33333333,4.03
70,0,21.63333333,37.32666667,18.6,41.23,22.1,36.9,19.7,36.7,19.39,45.7,4.06,67.06333333,19.29,32.29,22.89,44.66333333,19.6,40.59,4.75,761.1,95.16666667,1,48.66666667,4.07
50,0,21.63333333,37.32666667,18.53333333,41.29,22.1,36.9,19.76,36.7,19.39,45.7,4,66.99666667,19.29,32.23,22.96333333,44.59,19.6,40.66333333,4.8,761.1,95,1,48,4.1
50,0,21.6,37.29,18.56666667,41.4,22.13333333,36.9,19.7,36.7,19.35666667,45.7,4.366666667,68.62333333,19.29,32.29,22.89,44.53,19.6,40.7,4.77,761.0666667,95.33333333,1,48.66666667,4.12
60,0,21.6,37.29,18.5,41.46666667,22.13333333,36.9,19.7,36.7,19.35666667,45.7,4.5,68.16333333,19.29,32.29,22.89,44.66333333,19.6,40.76,4.73,761.0333333,95.66666667,1,49.33333333,4.13
50,0,21.56666667,37.4,18.5,41.59,22.2,36.93333333,19.7,36.7,19.29,45.79,4.23,67.03,19.29,32.29,22.89,44.66333333,19.6,40.79,4.7,761,96,1,50,4.15
50,0,21.5,37.4,18.42666667,41.59,22.2,37,19.7,36.7,19.29,45.79,4.165,67.7225,19.26,32.29,22.89,44.59,19.6,40.79,4.67,760.9666667,96.33333333,1,50.66666667,4.17
60,0,21.5,37.43333333,18.39,41.62666667,22.2,37,19.7,36.7,19.29,45.79,4.263333333,68.12666667,19.26,32.36333333,22.79,44.29,19.6,40.86333333,4.63,760.9333333,96.66666667,1,51.33333333,4.18
60,0,21.5,37.5,18.39,41.7,22.2,37,19.7,36.7,19.29,45.86333333,4.433333333,68.62333333,19.29,32.4,22.79,44.29,19.66666667,40.96666667,4.6,760.9,97,1,52,4.2
60,0,21.5,37.5,18.39,41.82666667,22.2,37,19.7,36.7,19.29,45.9,4.5,68.62333333,19.245,32.345,22.79,44.2,19.6,40.9,4.6,760.9333333,97,1,52.66666667,4.18
60,0,21.42666667,37.43333333,18.32333333,41.9,22.2,37,19.7,36.7,19.2225,45.8175,4.53,68.46666667,19.23,32.32666667,22.79,44.2,19.6,41,4.6,760.9666667,97,1,53.33333333,4.17
50,0,21.39,37.4,18.29,41.93333333,22.2,37,19.7,36.7,19.2,45.86333333,4.656666667,68.73333333,19.23,32.32666667,22.79,44.13333333,19.66666667,41.06,4.6,761,97,1,54,4.15
50,0,21.39,37.4,18.29,42.06,22.2,37.09,19.66666667,36.7,19.26,45.9,4.9,69.02666667,19.29,32.4,22.79,44,19.66666667,41.09,4.6,761.0333333,97,1,54.66666667,4.13
50,0,21.35666667,37.5,18.29,42.09,22.2,37.09,19.6,36.7,19.2,45.9,4.966666667,68.96666667,19.2,32.29,22.79,44,19.6,41.03,4.6,761.0666667,97,1,55.33333333,4.12
50,0,21.35666667,37.5,18.29,42.16333333,22.2,37.09,19.6,36.7,19.2,45.9,5.03,69.25666667,19.2,32.36333333,22.76,43.9,19.6,41.09,4.6,761.1,97,1,56,4.1
90,0,21.29,37.645,18.29,42.23,22.2,37.09,19.6,36.7,19.2,45.96666667,5.156666667,69.73,19.2,32.4,22.7,43.9,19.66666667,41.29666667,4.75,761.1,97,1.333333333,56.83333333,4.25
60,0,21.29,38.03,18.29,42.36333333,22.16666667,37,19.6,36.7,19.2,46,5.226666667,69.99666667,19.2,32.4,22.7,43.82666667,19.6,41.4,4.9,761.1,97,1.666666667,57.66666667,4.4
70,0,21.29,38.22333333,18.2,42.53,22.1,36.93333333,19.6,36.76,19.2,46,5.366666667,70.33,19.2,32.43333333,22.7,43.9,19.6,41.32666667,5.05,761.1,97,2,58.5,4.55
370,0,21.29,38.16333333,18.2,42.59,22.1,36.9,19.6,36.86,19.2,46.03,5.433333333,70.79333333,19.2,32.5,22.66666667,43.83333333,19.6,41.29,5.2,761.1,97,2.333333333,59.33333333,4.7
70,0,21.29,38.03,18.2,42.59,22.03333333,36.82666667,19.6,37.06,19.2,46.09,5.5,71,19.2,32.5,22.6,43.76,19.6,41.36333333,5.35,761.1,97,2.666666667,60.16666667,4.85
60,10,21.26,38.03,18.2,42.62666667,22,36.66333333,19.6,37.23,19.2,46.12666667,5.53,71.29333333,19.2,32.56,22.6,43.96333333,19.7,41.56,5.5,761.1,97,3,61,5
50,0,21.2,38.22333333,18.2,42.62666667,22,36.59,19.6,37.36333333,19.26,46.33333333,5.656666667,71.62666667,19.2,32.53,22.6,43.89,19.7,41.43333333,5.57,761.1333333,96.66666667,3,61.33333333,5.02
50,0,21.2,38.29,18.2,42.79,22,36.7,19.6,37.62666667,19.29,46.05666667,5.833333333,71.76333333,19.2,32.59,22.6,43.52666667,19.63333333,41.29,5.63,761.1666667,96.33333333,3,61.66666667,5.03
70,0,21.2,38.29,18.2,42.86333333,22,36.7,19.66666667,37.76,19.35666667,45.33,5.85,71.7175,19.26,32.7,22.6,43.26666667,19.63333333,41.23,5.7,761.2,96,3,62,5.05
80,0,21.2,38.46666667,18.23,42.96333333,21.96333333,36.7,19.6,37.79,19.32333333,44.69333333,5.966666667,72.06,19.2,32.7,22.5,42.93,19.6,41.16333333,5.77,761.2333333,95.66666667,3,62.33333333,5.07
70,0,21.2,38.4,18.23,43.09,21.89,36.7225,19.6,37.79,19.39,44.36,6.123333333,72.15666667,19.26,32.76,22.5,42.73,19.6,41.0675,5.83,761.2666667,95.33333333,3,62.66666667,5.08
80,0,21.2,38.43333333,18.29,43.29,21.89,36.79,19.6,37.79,19.39,44.02666667,6.263333333,72.23,19.2,32.76,22.46333333,42.49,19.6,40.93333333,5.9,761.3,95,3,63,5.1
70,0,21.2,38.5,18.29,43.23,22,36.79,19.6,37.73,19.39,43.76666667,6.563333333,72.43333333,19.26,32.86333333,22.39,42.23,19.6,40.86333333,6,761.3333333,94.5,3,55.83333333,5.12
60,0,21.2,38.5,18.39,43.09,21.92666667,36.79,19.6,37.7,19.39,43.46666667,6.763333333,71.89333333,19.2,32.79,22.39,42.09,19.6,40.73,6.1,761.3666667,94,3,48.66666667,5.13
60,0,21.2,38.56,18.39,43.03,22,36.9,19.6,37.7,19.4175,43.3175,6.866666667,71.52666667,19.2,32.86333333,22.39,42.03,19.6,40.7,6.2,761.4,93.5,3,41.5,5.15
370,0,21.2,38.59,18.42666667,43.03,22,36.9,19.6,37.7,19.5,43.23,7.126666667,71.19333333,19.2,32.9,22.29,41.86333333,19.6,40.62666667,6.3,761.4333333,93,3,34.33333333,5.17
380,0,21.2,38.59,18.5,42.96333333,21.92666667,36.9,19.6,37.66333333,19.5,43.09,7.156666667,70.06,19.2,32.9,22.29,41.79,19.6,40.5,6.4,761.4666667,92.5,3,27.16666667,5.18
50,0,21.2,38.65666667,18.5,42.9,21.92666667,36.9,19.6,37.59,19.5,43.03,7.09,69.99333333,19.26,32.96666667,22.29,41.66333333,19.6,40.43333333,6.5,761.5,92,3,20,5.2
70,0,21.2,38.79,18.5,42.9,22,36.9,19.6,37.59,19.5,42.9,7.226666667,69.59666667,19.26,32.96666667,22.29,41.5675,19.6,40.4,6.63,761.5333333,90.5,3,21.33333333,5.1
60,0,21.2,38.79,18.63333333,42.82666667,22,36.9,19.6,37.59,19.5,42.82666667,7.366666667,67.79,19.29,33.03,22.23,41.36,19.6,40.32666667,6.77,761.5666667,89,3,22.66666667,5
50,0,21.2,38.79,18.76,42.69333333,22,36.9,19.6,37.59,19.5,42.79,7.563333333,65.06666667,19.29,33.09,22.2,41.26,19.6,40.26,6.9,761.6,87.5,3,24,4.9
60,0,21.2,38.79,18.82333333,42.5,22,36.9,19.6,37.53,19.5,42.73,7.83,62.8,19.23,33.03,22.2,41.12666667,19.6,40.2,7.03,761.6333333,86,3,25.33333333,4.8
50,0,21.2,38.79,18.89,42.475,22,36.9,19.6,37.59,19.5,42.59,8.166666667,59.76666667,19.29,33.09,22.2,41.06,19.6,40.09,7.17,761.6666667,84.5,3,26.66666667,4.7
60,0,21.26,38.86333333,18.89,42.32666667,22,36.9,19.6,37.53,19.5,42.59,8.433333333,56.9,19.29,33.09,22.13333333,41,19.6,40.03,7.3,761.7,83,3,28,4.6
50,0,21.2,38.79,19.03333333,42.2,22,36.9,19.63333333,37.53,19.5,42.5,8.666666667,53.33333333,19.29,33.09,22.16666667,40.9,19.6,40,7.48,761.7166667,81.66666667,3,30,4.53
40,0,21.26,38.79,19.1,42.12666667,22,36.9,19.7,37.53,19.5,42.43333333,8.9975,49.77,19.29,33.09,22.1,40.9,19.6,39.93333333,7.67,761.7333333,80.33333333,3,32,4.47
60,0,21.29,38.76,19.23,41.86333333,22,36.9,19.7,37.59,19.5,42.36333333,9.396666667,46.83333333,19.29,33.09,22.1,40.79,19.6,39.86333333,7.85,761.75,79,3,34,4.4
50,0,21.29,38.62666667,19.29,41.65666667,22,36.9,19.7,37.79666667,19.5,42.36333333,9.69,42.62666667,19.29,33.09,22.1,40.73,19.6,39.79,8.03,761.7666667,77.66666667,3,36,4.33
40,0,21.29,38.56,19.32333333,41.19333333,21.96333333,36.9,20.09666667,38.09,19.5,42.76666667,9.823333333,40.76,19.29,33.03,22.1,40.46666667,19.6,39.63333333,8.22,761.7833333,76.33333333,3,38,4.27
70,0,21.29,38.43333333,19.46333333,40.86,21.89,36.9,20.43,37.89,19.42666667,42.96666667,10.03333333,35.23,19.29,32.86333333,22.1,40.26666667,19.6,39.375,8.4,761.8,75,3,40,4.2
60,0,21.29,38.22333333,19.5,40.4,21.89,36.79,20.5,37.59,19.39,43.09,10.1,30.43,19.29,32.65666667,22.06666667,39.9,19.6,39.2,8.38,761.8,73.33333333,3.166666667,40,3.83
60,0,21.29,38.03,19.5,40.06666667,21.85666667,36.83333333,20.5,37.59,19.39,43.16333333,9.823333333,29.46666667,19.2,32.26,22,39.56666667,19.6,38.96666667,8.37,761.8,71.66666667,3.333333333,40,3.47
60,0,21.29,37.86333333,19.39,39.66333333,21.79,36.7,20.46333333,37.52666667,19.39,43.2,9.69,30.33333333,19.2675,32.095,22,39.22333333,19.6,38.82666667,8.35,761.8,70,3.5,40,3.1
60,0,21.29,37.65666667,19.32333333,39.53,21.79,36.76,20.39,37.4,19.34,43.2,9.566666667,30.06666667,19.29,31.92666667,22,39.03,19.6,38.59,8.33,761.8,68.33333333,3.666666667,40,2.73
70,0,21.29,37.46666667,19.29,39.36333333,21.79,36.7,20.46333333,37.4,19.32333333,43.12666667,9.566666667,30,19.2,31.66666667,21.89,38.76,19.6,38.53,8.32,761.8,66.66666667,3.833333333,40,2.37
70,0,21.29,37.32666667,19.29,39.29,21.79,36.7,20.39,37.29,19.29,43.09,9.666666667,28.39333333,19.2,31.53333333,21.89,38.62666667,19.5,38.36333333,8.3,761.8,65,4,40,2
70,0,21.29,37.22333333,19.29,39.16333333,21.79,36.62666667,20.39,37.15666667,19.35666667,43.03,9.8,27,19.23,31.39,21.89,38.36333333,19.5,38.23,8.47,761.75,64.66666667,3.833333333,40,2.08
60,0,21.29,37.09,19.29,39.03,21.79,36.46666667,20.39,36.79666667,19.29,42.9,10.1,26.19,19.23,31.26333333,21.82333333,38.23,19.5,38.06,8.63,761.7,64.33333333,3.666666667,40,2.17
50,0,21.29,36.86333333,19.32333333,38.72333333,21.79,36.4,20.39,36.46333333,19.29,42.82666667,10.5,25.06333333,19.2,31.16666667,21.84,38.1,19.5,37.86,8.8,761.65,64,3.5,40,2.25
60,0,21.29,36.695,19.39,38.46333333,21.79,36.29,20.29,36.22333333,19.29,42.7,10.8,22.83333333,19.2,31.03333333,21.79,37.96666667,19.5,37.72333333,8.97,761.6,63.66666667,3.333333333,40,2.33
50,0,21.29,36.59,19.42666667,38.29,21.79,36.29,20.29,36.03,19.29,42.62666667,10.93333333,22.42666667,19.2,30.96333333,21.79,37.82666667,19.5,37.53,9.13,761.55,63.33333333,3.166666667,40,2.42
50,0,21.23,36.4,19.5,38.15666667,21.79,36.29,20.29,35.86333333,19.29,42.5,11.16,21.32333333,19.2,30.89,21.79,37.76,19.5,37.46666667,9.3,761.5,63,3,40,2.5
50,0,21.29,36.4,19.5,37.95,21.79,36.23,20.29,35.73,19.29,42.43333333,11.16,20.59666667,19.2,30.79,21.79,37.7,19.5,37.32666667,9.27,761.4333333,63.16666667,3,40,2.52
60,0,21.23,36.2,19.6,37.76,21.79,36.2,20.2,35.5,19.29,42.26,11.4,19.59,19.26,30.79,21.76,37.62666667,19.5,37.26,9.23,761.3666667,63.33333333,3,40,2.53
60,0,21.23,36.12666667,19.6,37.62666667,21.79,36.12666667,20.2,35.43333333,19.29,42.2,11.36,20.06666667,19.26,30.66666667,21.76,37.62666667,19.5,37.12666667,9.2,761.3,63.5,3,40,2.55
70,0,21.26,36.06,19.6,37.46666667,21.79,35.93,20.2,35.4,19.29,42.16333333,11.16666667,20.26,19.2,30.53333333,21.76,37.5,19.5,37,9.17,761.2333333,63.66666667,3,40,2.57
40,0,21.2,36,19.6,37.32666667,21.79,35.79,20.2,35.32666667,19.29,42.09,11.06333333,20.03,19.2,30.5,21.7,37.43333333,19.5,36.93333333,9.13,761.1666667,63.83333333,3,40,2.58
30,0,21.23,35.9,19.63333333,37.29,21.79,35.7,20.2,35.2,19.29,42,11.26333333,20.09666667,19.2,30.5,21.7,37.36333333,19.5,36.86333333,9.1,761.1,64,3,40,2.6
30,0,21.23,35.82666667,19.7,37.23,21.79,35.7,20.13333333,35.2,19.23,41.93333333,11.56666667,19.93333333,19.2,30.46333333,21.7,37.29,19.5,36.7225,9.18,761.0333333,63.66666667,2.666666667,40,2.62
30,0,21.2,35.76,19.6,37,21.7,35.745,20.1,35.2,19.29,41.96666667,11.42666667,19.53333333,19.2,30.39,21.7,37.2,19.5,36.7,9.27,760.9666667,63.33333333,2.333333333,40,2.63
60,0,21.2,35.7,19.6,37,21.7,35.59,20.1,35.2,19.29,41.9,11.13,19.86,19.2,30.32333333,21.63333333,37.06666667,19.5,36.59,9.35,760.9,63,2,40,2.65
50,0,21.2,35.59,19.56666667,37,21.7,35.66333333,20.1,35.2,19.2,41.7,11.13,20.46666667,19.2,30.39,21.6,37,19.5,36.59,9.43,760.8333333,62.66666667,1.666666667,40,2.67
60,0,21.2,35.59,19.56666667,37,21.66666667,35.7,20.1,35.2,19.245,41.6725,11.39333333,21.56666667,19.2,30.39,21.6,37,19.5,36.59,9.52,760.7666667,62.33333333,1.333333333,40,2.68
60,0,21.2,35.5,19.6,36.86333333,21.66666667,35.62666667,20.1,35.2,19.26,41.59,12.13333333,21.36666667,19.2,30.42666667,21.6,37,19.5,36.53,9.6,760.7,62,1,40,2.7
60,0,21.2,35.5,19.6,36.73,21.7,35.52666667,20.06666667,35.16333333,19.29,41.5,12.6,19.29,19.2,30.42666667,21.6,37,19.42666667,36.43333333,9.58,760.65,62,1.166666667,38,2.67
50,0,21.2,35.5,19.7,36.76,21.7,35.4,20.06666667,35.16333333,19.29,41.5,12.66,18.56333333,19.29,30.5,21.6,37,19.5,36.43333333,9.57,760.6,62,1.333333333,36,2.63
60,0,21.2,35.5,19.7,36.7,21.7,35.36333333,20,35.2,19.26,41.36333333,12.36,18.43,19.23,30.42666667,21.6,37,19.42666667,36.32666667,9.55,760.55,62,1.5,34,2.6
50,0,21.2,35.5,19.7,36.66333333,21.7,35.29,20,35.2,19.2,41.23,12.22666667,18.35666667,19.29,30.39,21.5,36.96666667,19.42666667,36.32666667,9.53,760.5,62,1.666666667,32,2.57
50,0,21.2,35.5,19.63333333,36.59,21.7,35.29,20,35.09,19.2,41.2,11.93333333,18.26,19.23,30.32333333,21.5,36.9,19.42666667,36.23,9.52,760.45,62,1.833333333,30,2.53
60,0,21.2,35.5,19.6,36.59,21.7,35.29,20,35.16333333,19.2,41.2,11.93333333,18.8,19.29,30.39,21.5,36.9,19.42666667,36.15666667,9.5,760.4,62,2,28,2.5
50,0,21.13333333,35.4,19.6,36.53,21.7,35.2,20,35.2,19.2,41.09,11.8,19.23,19.29,30.39,21.5,36.79,19.46333333,36.16333333,9.47,760.3333333,62.33333333,2.166666667,30,2.55
70,0,21.13333333,35.4,19.6,36.5,21.7,35.2,20,35.2,19.2,41.09,11.7175,19.545,19.29,30.39,21.5,36.79,19.46333333,36.09,9.43,760.2666667,62.66666667,2.333333333,32,2.6
60,0,21.1,35.4,19.6,36.5,21.7,35.09,20,35.12666667,19.2,41.06,11.63,19.76333333,19.29,30.39,21.5,36.79,19.42666667,36.09,9.4,760.2,63,2.5,34,2.65
50,0,21.1,35.4,19.53333333,36.5,21.7,35.09,19.92666667,35.2,19.2,41.06,11.26,19.9,19.2,30.29,21.42666667,36.65666667,19.42666667,36.09,9.37,760.1333333,63.33333333,2.666666667,36,2.7
50,0,21.1,35.4,19.5,36.59,21.7,35,19.89,35.2,19.2,41.06,10.86666667,20.96666667,19.2,30.29,21.39,36.59,19.39,36.09,9.33,760.0666667,63.66666667,2.833333333,38,2.75
50,0,21.1,35.4,19.42666667,36.59,21.7,35,19.89,35.2,19.2,41,10.66,22.09666667,19.2,30.29,21.39,36.59,19.39,36.03,9.3,760,64,3,40,2.8
50,0,21.1,35.4,19.39,36.62666667,21.7,34.93333333,19.89,35.2,19.2,41,10.53333333,22.29,19.2,30.35666667,21.39,36.5,19.39,36,9.22,760.0333333,65.16666667,2.833333333,38.16666667,2.97
50,10,21.1,35.4,19.39,36.7,21.7,35,19.89,35.2,19.2,41,10.26333333,23.16,19.2,30.39,21.39,36.5,19.39,36,9.13,760.0666667,66.33333333,2.666666667,36.33333333,3.13
50,0,21.06666667,35.36333333,19.35666667,36.7,21.7,34.95,19.89,35.23,19.2,40.9,10.19,24.23333333,19.2,30.72333333,21.29,36.5,19.39,36,9.05,760.1,67.5,2.5,34.5,3.3
40,30,21.06666667,35.49,19.29,36.83333333,21.63333333,34.79,19.89,35.29,19.2,40.9,10.1,25.09333333,19.29,31.16666667,21.29,36.5,19.39,36,8.97,760.1333333,68.66666667,2.333333333,32.66666667,3.47
40,20,21.1,35.82666667,19.29,36.9,21.63333333,34.73,19.99333333,35.83,19.2,40.93333333,10.03333333,26.02666667,19.29,31.175,21.29,36.46666667,19.32333333,36,8.88,760.1666667,69.83333333,2.166666667,30.83333333,3.63
60,30,21.1,35.96666667,19.29,36.96666667,21.6,34.79,20.4975,36.295,19.2,41,9.86,27.36333333,19.29,31.32666667,21.29,36.46666667,19.39,36,8.8,760.2,71,2,29,3.8
50,20,21.13333333,36,19.39,36.9,21.6,34.79,21.06333333,36.29,19.2,41,9.726666667,28.55666667,19.29,31.66333333,21.26,36.46666667,19.32333333,36,8.68,760.1666667,71.16666667,2,30.83333333,3.72
90,20,21.2,36,19.39,36.96666667,21.6,34.82666667,21.39,35.93,19.1,41,9.6,29.16666667,19.29,31.93,21.26,36.46666667,19.35666667,36,8.57,760.1333333,71.33333333,2,32.66666667,3.63
90,30,21.23,36.03,19.5,37.09,21.66666667,34.96666667,21.39,35.93,19.16666667,41.06,9.533333333,29.9,19.29,32.12666667,21.2,36.69333333,19.29,36,8.45,760.1,71.5,2,34.5,3.55
560,30,21.35666667,36.09,19.56666667,37.16333333,21.63333333,35.03,21.39,36.12666667,19.1,41.12666667,9.36,30.13333333,19.29,32.33333333,21.26,37.1,19.29,36,8.33,760.0666667,71.66666667,2,36.33333333,3.47
410,20,21.53333333,36.49,19.73,37.29,21.7,35.03,21.39,36.2,19.16666667,41.2,9.226666667,29.92666667,19.35666667,32.5,21.32333333,37.43333333,19.29,36,8.22,760.0333333,71.83333333,2,38.16666667,3.38
170,10,21.66666667,37.82333333,19.85666667,37.36333333,21.73,35.26666667,21.39,36.03,19.13333333,41.32666667,9.066666667,29.9,19.29,32.56,21.46333333,37.56,19.29,36.03,8.1,760,72,2,40,3.3
110,10,21.84,39.85,20.03333333,37.95666667,21.79,35.8,21.32333333,36.16333333,19.2,41.52666667,8.926666667,29.7,19.29,32.46666667,21.5,37.3,19.29,36.03,7.92,759.9666667,73.5,1.833333333,37.66666667,3.4
130,10,21.92666667,39.29666667,20.16666667,38.49,21.92666667,36.36,21.29,36.56666667,19.2,41.86,8.8,30.1,19.29,32.26666667,21.63333333,37.15666667,19.29,36.06,7.73,759.9333333,75,1.666666667,35.33333333,3.5
140,20,22.06666667,38.75666667,20.245,38.645,22,36.5,21.23,36.7,19.2,42.06,8.66,30.46333333,19.29,32.06,21.7,37.36333333,19.29,36,7.55,759.9,76.5,1.5,33,3.6
140,30,22.1,38.1,20.29,38.52666667,22.03333333,36.5,21.2,36.82666667,19.2,42.26,8.533333333,30.46333333,19.35666667,32.86,21.79,37.62666667,19.29,36,7.37,759.8666667,78,1.333333333,30.66666667,3.7
140,20,22.16666667,37.96666667,20.35666667,38.26666667,22.1,36.43333333,21.2,36.82666667,19.2,42.2,8.463333333,30.66333333,19.6,33.66,21.85666667,37.76,19.29,36.06,7.18,759.8333333,79.5,1.166666667,28.33333333,3.8
110,30,22.23,37.56,20.42666667,38.23,22.1,36.36333333,21.36,37.2,19.2,42.32666667,8.39,30.99666667,19.6,33.4,22,37.79,19.29,36.06,7,759.8,81,1,26,3.9
140,30,22.29,37.36,20.56666667,38.23,22.1,36.29,21.76,37.12666667,19.26,49.19333333,8.19,31.52333333,19.5,33.06,22.06666667,37.86333333,19.29,36,7.05,759.8333333,79.83333333,1.166666667,28.33333333,3.75
140,20,22.42666667,37.16333333,20.73,38.16333333,22.13333333,36.2,22.23,36.76666667,19.76,64.23333333,8.13,32.19666667,19.5,32.93333333,22.03333333,38.33,19.29,36,7.1,759.8666667,78.66666667,1.333333333,30.66666667,3.6
140,20,22.5,37.09,20.79,38.16333333,22.2,36.12666667,22.29,36.56,19.7,63.43333333,8,32.89,19.5,33.5,22.1,38.72333333,19.2225,35.925,7.15,759.9,77.5,1.5,33,3.45
130,30,22.6,37.09,20.89,38.2,22.2,36.09,22.29,37.39,19.7,60.76666667,8,33.36333333,19.5,33.43333333,22.23,39.03,19.2,35.9,7.2,759.9333333,76.33333333,1.666666667,35.33333333,3.3
120,20,22.6,37.09,20.89,38.2,22.2,36.09,22.29,37.53,19.82666667,57.23333333,8,33.82666667,19.63333333,35.03,22.29,39.09,19.2,35.86333333,7.25,759.9666667,75.16666667,1.833333333,37.66666667,3.15
140,20,22.63333333,37.09,20.89,38.2,22.2,36.09,22.2,37.16333333,19.76,56.7,8,33.96666667,19.7,35.1175,22.32333333,39.06,19.2,35.79,7.3,760,74,2,40,3
120,20,22.7,37.09,20.96333333,38.2,22.2,36.12666667,22.125,36.9975,19.7,56.56666667,7.966666667,34.46666667,19.7,35.2,22.39,39.06,19.2,35.79,7.3,760,74.16666667,2.166666667,37.16666667,3.03
120,30,22.7,36.96666667,21,38.09,22.2,36.2,22.1,36.9,19.65,55.7,7.966666667,34.6,19.66666667,35.06,22.5,39.16333333,19.2,35.79,7.3,760,74.33333333,2.333333333,34.33333333,3.07
140,20,22.7,36.82666667,21,38.03,22.2,36.2,22.06666667,36.66333333,19.66666667,54.83333333,8,34.29333333,19.6,34.93333333,22.5,39.03,19.2,35.79,7.3,760,74.5,2.5,31.5,3.1
100,20,22.79,36.7,20.89,38,22.2,36.2,22.06666667,36.66333333,19.6,54.22666667,8,35.23333333,19.6,34.86333333,22.6,38.96666667,19.2,35.79,7.3,760,74.66666667,2.666666667,28.66666667,3.13
70,20,22.79,36.62666667,20.89,38.06,22.16666667,36.26666667,22,36.73,19.6,53.56333333,7.9,35.89666667,19.6,34.79,22.66666667,38.96666667,19.2,35.79,7.3,760,74.83333333,2.833333333,25.83333333,3.17
60,20,22.79,36.59,20.85666667,38.2,22.1,36.4,22,36.79,19.6,53.15666667,7.833333333,36.49,19.6,34.73,22.7,39.06666667,19.2,35.86333333,7.3,760,75,3,23,3.2
70,30,22.73,36.66333333,20.79,38.33333333,22,36.32666667,22,36.9,19.5,52.96666667,7.69,37.795,19.6,34.79,22.7,39.46,19.2,36.03,7.18,759.9333333,76,2.833333333,30,3.27
70,20,22.7,36.79,20.76,38.43333333,22,36.4,22,36.96666667,19.5,52.82666667,7.59,38.73333333,19.6,34.93333333,22.7,39.96333333,19.2,36.16333333,7.07,759.8666667,77,2.666666667,37,3.33
50,20,22.7,36.8725,20.7,38.63333333,22,36.4,22,37.03,19.5,52.63333333,7.53,39.73333333,19.6,35.13333333,22.7,40.29666667,19.2,36.32666667,6.95,759.8,78,2.5,44,3.4
60,20,22.63333333,36.9,20.6,38.69,22,36.46666667,22.06666667,37.22333333,19.5,52.36,7.5,41.03333333,19.6,35.29,22.7,40.8,19.2,36.46666667,6.83,759.7333333,79,2.333333333,51,3.47
30,20,22.6,36.9,20.46333333,38.9,22,36.5,22.36,37.22333333,19.5,52.22333333,7.5,42.09333333,19.6,35.36333333,22.66666667,41.23,19.2,36.62666667,6.72,759.6666667,80,2.166666667,58,3.53
40,20,22.6,36.9,20.39,38.96666667,22,36.5,22.5,37.09,19.5,51.96333333,7.4,43.59333333,19.6,35.56666667,22.6,41.43,19.2,36.76,6.6,759.6,81,2,65,3.6
40,30,22.6,37,20.35666667,39.09,21.89,36.4,22.5,37.12666667,19.39,51.66333333,7.333333333,44.4,19.6,35.83333333,22.6,41.82666667,19.2,36.82666667,6.42,759.6,81.5,1.833333333,64.83333333,3.48
60,20,22.53333333,37.06,20.29,39.16333333,21.89,36.46666667,22.42666667,37.2,19.39,51.46333333,7.19,45.83333333,19.6,36.12666667,22.6,41.9,19.2,36.96666667,6.23,759.6,82,1.666666667,64.66666667,3.37
70,20,22.5,37.29,20.2,39.2,21.82333333,36.43333333,22.39,37.23,19.39,51.06,7.123333333,47.09333333,19.6,36.33333333,22.56666667,41.86,19.2,37.23,6.05,759.6,82.5,1.5,64.5,3.25
70,20,22.5,37.29,20.13333333,39.33333333,21.89,36.56,22.39,37.29,19.39,50.86,7.06,47.65666667,19.7,36.62666667,22.5,42,19.2,37.3975,5.87,759.6,83,1.333333333,64.33333333,3.13
70,20,22.39,37.2,20.1,39.53,21.79,36.5,22.35666667,37.29,19.39,50.66333333,6.933333333,48.19666667,19.7,36.7,22.39,41.82666667,19.2,37.5,5.68,759.6,83.5,1.166666667,64.16666667,3.02
60,30,22.39,37.26,20.03333333,39.53,21.865,36.5675,22.29,37.29,19.39,50.46333333,6.763333333,48.93333333,19.7,36.7,22.39,41.96666667,19.2,37.7,5.5,759.6,84,1,64,2.9
60,20,22.35666667,37.29,19.96333333,39.59,21.82333333,36.53,22.29,37.29,19.39,50.26,6.563333333,49.19333333,19.7,36.93333333,22.39,42.26666667,19.2,37.76,5.48,759.5833333,84.16666667,1,56.66666667,2.93
60,20,22.29,37.29,19.89,39.66333333,21.89,36.59,22.245,37.29,19.32333333,50.06666667,6.33,48.86333333,19.7,37,22.32333333,42.6,19.2,37.93333333,5.47,759.5666667,84.33333333,1,49.33333333,2.97
60,20,22.29,37.29,19.79,39.7,21.89,36.59,22.23,37.23,19.34,49.8,6.19,48.86333333,19.7,36.76,22.29,43,19.2,38.06,5.45,759.55,84.5,1,42,3
50,10,22.29,37.29,19.79,39.7,21.82333333,36.53,22.2,37.23,19.35666667,49.56,6.3,48.02666667,19.7,36.62666667,22.29,43.46,19.2,38.12666667,5.43,759.5333333,84.66666667,1,34.66666667,3.03
60,10,22.2,37.32666667,19.7,39.73,21.82333333,36.53,22.2,37.09666667,19.29,49.43333333,6.366666667,46.96666667,19.7,36.62666667,22.29,43.86,19.2,38.26,5.42,759.5166667,84.83333333,1,27.33333333,3.07
60,0,22.2,37.52666667,19.63333333,39.79,21.89,36.73,22.1,36.83333333,19.29,49.26,6.35,46.545,19.7,36.83333333,22.29,44.06,19.2,38.43333333,5.4,759.5,85,1,20,3.1
50,0,22.16666667,37.7,19.6,39.73,21.89,36.79,22.03333333,36.62666667,19.29,49.12666667,6.19,47.03,19.7,37,22.26,44.2,19.2,38.5,5.42,759.45,85,1.166666667,20,3.1
60,0,22.1,37.7,19.6,39.73,22,36.79,21.96333333,36.5,19.29,49,6.19,47.09,19.7,37.06,22.26,44.33333333,19.2,38.65666667,5.43,759.4,85,1.333333333,20,3.1
40,0,22.1,37.59,19.5,39.79,22.06666667,36.86333333,21.82333333,36.43333333,19.29,48.93333333,6.19,47.59666667,19.7,37.09,22.2,44.4,19.2,38.79,5.45,759.35,85,1.5,20,3.1
50,0,22.025,37.4975,19.5,39.79,22.1,37,21.76,36.5,19.29,48.79,6.123333333,47.79,19.76,37.22333333,22.2,44.4,19.2,38.93333333,5.47,759.3,85,1.666666667,20,3.1
50,0,22,37.4,19.445,39.79,22.1,37,21.7,36.56,19.29,48.79,6.19,48.06,19.79,37.29,22.2,44.4,19.2,39,5.48,759.25,85,1.833333333,20,3.1
40,0,22,37.4,19.39,39.79,22.13333333,37,21.6,36.5,19.2,48.56,6.123333333,48.26666667,19.79,37.23,22.2,44.3175,19.2,39.03,5.5,759.2,85,2,20,3.1
60,0,21.92666667,37.4,19.32333333,39.79,22.2,37.06,21.53333333,36.5,19.2,48.43333333,6.09,49.16666667,19.79,37.23,22.2,44.29,19.2,39.22333333,5.5,759.15,85.33333333,2,27.33333333,3.17
50,0,21.89,37.4,19.29,39.9,22.2,37.12666667,21.5,36.5,19.2,48.36333333,6.09,49.56,19.79,37.29,22.2,44.26,19.23,39.46333333,5.5,759.1,85.66666667,2,34.66666667,3.23
60,0,21.89,37.4,19.29,39.96666667,22.2,37.2,21.42666667,36.5,19.2,48.29,6.09,49.79,19.79,37.2,22.13333333,44.12666667,19.23,39.59,5.5,759.05,86,2,42,3.3
30,0,21.79,37.32666667,19.2,39.9,22.23,37.15666667,21.35666667,36.5,19.2,48.2,6.03,49.93,19.79,37.2,22.1,44.09,19.2,39.73,5.5,759,86.33333333,2,49.33333333,3.37
40,0,21.79,37.4,19.2,39.9,22.29,37.29,21.29,36.5,19.2,48.12666667,6,51.19666667,19.79,37.2,22.1,44.03,19.2225,39.8975,5.5,758.95,86.66666667,2,56.66666667,3.43
20,0,21.79,37.4,19.16666667,40,22.26,37.2,21.26,36.5,19.2,48,5.933333333,51.79666667,19.79,37.12666667,22.03333333,43.82666667,19.23,40,5.5,758.9,87,2,64,3.5
30,0,21.79,37.4,19.1,40.06,22.2,37.2,21.2,36.5,19.2,47.93333333,5.866666667,52.09,19.79,37.045,22.1,43.82666667,19.29,40.2,5.2,758.8333333,88,1.833333333,63.66666667,3.37
40,0,21.7,37.4,19.1,40.2,22.2,37.26,21.16666667,36.5,19.2,47.9,5.66,52.22333333,19.79,37.29,22.06666667,43.86333333,19.29,40.26,4.9,758.7666667,89,1.666666667,63.33333333,3.23
50,0,21.7,37.4,19.03333333,40.12666667,22.13333333,37.29,21.1,36.5,19.2,47.82666667,5.296666667,52.63333333,19.79,37.29,22,43.79,19.29,40.4,4.6,758.7,90,1.5,63,3.1
60,0,21.7,37.5,19,40.09,22.2,37.29,21.03333333,36.5,19.2,47.76,4.823333333,52.22666667,19.79,37.26,22,43.86,19.29,40.46666667,4.3,758.6333333,91,1.333333333,62.66666667,2.97
60,0,21.63333333,37.43333333,18.92666667,40.16333333,22.2,37.32666667,21,36.5,19.2,47.6725,4.1,52.295,19.79,37.2,22,44.13333333,19.29,40.5,4,758.5666667,92,1.166666667,62.33333333,2.83
50,0,21.6,37.4,18.89,40.2,22.2,37.32666667,21,36.5,19.2,47.59,3.46,53.5,19.79,37.09,22,44.4,19.29,40.56,3.7,758.5,93,1,62,2.7
50,0,21.6,37.4,18.89,40.26,22.2,37.32666667,20.92666667,36.5,19.2,47.5,3.066666667,53.96,19.79,37.03,22,44.46666667,19.29,40.62666667,3.48,758.4833333,93.66666667,1,59.83333333,2.58
50,0,21.56666667,37.4,18.85666667,40.26,22.2,37.4,20.92666667,36.5,19.13333333,47.43333333,2.723333333,54.92666667,19.79,36.96666667,22,44.62666667,19.29,40.7,3.27,758.4666667,94.33333333,1,57.66666667,2.47
50,0,21.5,37.4,18.79,40.26,22.2,37.36333333,20.85666667,36.46666667,19.2,47.4,2.463333333,55.53333333,19.79,36.96666667,21.92666667,44.7,19.29,40.82666667,3.05,758.45,95,1,55.5,2.35
40,0,21.5,37.4,18.7,40.32666667,22.2,37.36333333,20.79,36.32666667,19.13333333,47.32666667,2.223333333,55.92666667,19.79,37,22,44.59,19.29,40.9,2.83,758.4333333,95.66666667,1,53.33333333,2.23
50,0,21.5,37.4,18.63333333,40.32666667,22.2,37.32666667,20.79,36.29,19.1,47.26,2.03,56.4,19.79,37,21.92666667,44.53,19.29,40.93333333,2.62,758.4166667,96.33333333,1,51.16666667,2.12
60,0,21.5,37.4,18.6,40.43333333,22.2,37.4,20.79,36.29,19.1,47.2,1.76,56.83,19.79,36.9,21.89,44.4,19.29,41,2.4,758.4,97,1,49,2
50,0,21.39,37.29,18.525,40.5225,22.2,37.4,20.76,36.29,19.1,47.16333333,1.633333333,57.36333333,19.73,36.82666667,21.89,44.32666667,19.29,41.03,2.27,758.35,97.16666667,1,41.5,1.88
50,0,21.39,37.29,18.5,40.59,22.2,37.4,20.7,36.23,19.1,47.09,1.356666667,57.76666667,19.79,36.9,21.89,44.245,19.29,41.09,2.13,758.3,97.33333333,1,34,1.77
60,0,21.39,37.2,18.39,40.59,22.23,37.43333333,20.7,36.2,19.1,47.09,1.23,57.96666667,19.79,36.82666667,21.89,44.2,19.29,41.12666667,2,758.25,97.5,1,26.5,1.65
50,0,21.39,37.2,18.39,40.59,22.29,37.5,20.7,36.2,19.1,47.03,1.066666667,58.26666667,19.79,36.79,21.89,44.12666667,19.29,41.2,1.87,758.2,97.66666667,1,19,1.53
40,0,21.29,37.2,18.32333333,40.62666667,22.2,37.4,20.6,36,19.1,47,0.933333333,58.6,19.73,36.79,21.89,43.96666667,19.29,41.2,1.73,758.15,97.83333333,1,11.5,1.42
60,0,21.29,37.2,18.32333333,40.7,22.2,37.4,20.6,36,19.1,47,0.766666667,58.96333333,19.79,36.93333333,21.89,43.82666667,19.29,41.2675,1.6,758.1,98,1,4,1.3
70,0,21.29,37.3,18.2,40.8,22.2,37.4,20.6,36,19.1,46.96666667,0.7,59.49666667,19.79,37,21.79,43.59,19.29,41.29,1.42,758.1,97.83333333,1,8.666666667,1.1
60,10,21.29,37.69333333,18.2,41.13333333,22.125,37.2225,20.6,36,19.1,46.69333333,0.7,59.96333333,19.79,37.245,21.79,43.33,19.29,41.29,1.23,758.1,97.66666667,1,13.33333333,0.9
40,0,21.29,37.73,18.16666667,41.4,22.1,36.89,20.5,36,19.2,45.46666667,0.625,60.2475,19.79,37.2,21.76,42.93,19.29,41.29,1.05,758.1,97.5,1,18,0.7
90,0,21.29,37.65666667,18.1,41.52666667,22,36.76,20.5,36,19.26,44.8,0.6,61.63333333,19.79,37.53333333,21.7,42.79,19.29,41.33333333,0.867,758.1,97.33333333,1,22.66666667,0.5
30,10,21.2,37.79,18.03333333,41.76666667,22,36.7,20.42666667,35.93333333,19.26,44.76666667,0.533333333,61.43333333,19.79,37.7,21.7,42.82666667,19.29,41.12666667,0.683,758.1,97.16666667,1,27.33333333,0.3
30,0,21.2,37.93,18.03333333,41.9,22,36.59,20.46333333,35.9,19.2,45.145,0.333333333,61.16,19.79,37.56666667,21.7,42.82666667,19.29,40.96666667,0.5,758.1,97,1,32,0.1
50,0,21.2,38.12666667,18,42.09,21.92666667,36.53,20.39,35.9,19.2,45.63333333,0.2,61.59333333,19.79,37.22333333,21.7,42.52666667,19.29,40.82666667,0.85,758.1166667,97,1,32.5,0.433
50,0,21.2,38.26,18,42.16333333,21.89,36.5,20.39,35.9,19.1,45.96333333,0.2,62.26,19.79,36.96333333,21.7,42.26666667,19.29,40.56,1.2,758.1333333,97,1,33,0.767
40,0,21.2,38.16333333,18,42.4,21.89,36.5,20.39,35.9,19.1,46.16333333,0.3,62.56,19.79,36.63333333,21.66666667,41.99,19.29,40.43333333,1.55,758.15,97,1,33.5,1.1
50,0,21.2,38.09,17.92666667,42.4,21.79,36.4,20.39,35.79,19.1,46.43333333,0.366666667,62.76666667,19.79,36.36,21.6,41.73,19.29,40.26,1.9,758.1666667,97,1,34,1.43
60,0,21.1,38.09,17.92666667,42.4,21.79,36.4,20.32333333,35.79,19.1,46.56,0.533333333,63.63333333,19.7,36.06,21.6,41.52666667,19.29,40.12666667,2.25,758.1833333,97,1,34.5,1.77
50,0,21.1,38.09,18,42.32666667,21.79,36.43333333,20.29,35.79,19.1,46.62666667,0.8,64.42666667,19.7,35.86,21.6,41.32666667,19.29,39.93,2.6,758.2,97,1,35,2.1
60,0,21.1,38.09,18,42.345,21.79,36.5,20.29,35.79,19.1,46.7,1.3,65.39333333,19.7,35.66333333,21.6,41.16333333,19.35666667,39.73,3.07,758.1833333,95.33333333,1,39.5,2.32
50,0,21.1,38.09,18.03333333,42.32666667,21.79,36.53,20.29,35.79,19.1,46.79,1.766666667,66.46666667,19.7,35.53,21.53333333,41.03,19.5,39.52666667,3.53,758.1666667,93.66666667,1,44,2.53
50,0,21.1,38.09,18.03333333,42.32666667,21.79,36.59,20.29,35.79,19.1,46.79,2.39,67.39666667,19.7,35.36333333,21.5,40.96666667,19.56666667,39.26666667,4,758.15,92,1,48.5,2.75
50,0,21.1,38.09,18.1,42.36333333,21.79,36.53,20.32333333,35.82666667,19.06666667,46.76,2.796666667,67.86333333,19.7,35.29,21.5,40.795,19.6,39.2,4.47,758.1333333,90.33333333,1,53,2.97
50,0,21.1,38.09,18.16666667,42.29,21.79,36.59,20.46333333,35.9,19,46.7,3.193333333,68.66,19.7,35.26,21.5,40.7,19.6,39.2,4.93,758.1166667,88.66666667,1,57.5,3.18
50,0,21.1,38.15666667,18.36,42.26,21.79,36.59,20.6,36,19,46.7,3.6,69.06,19.7,35.2,21.42666667,40.53,19.63333333,39.02666667,5.4,758.1,87,1,62,3.4
40,0,21.1,38.29,18.83333333,41.86666667,21.79,36.59,20.72666667,36.06,19,46.7,4.15,69.65,19.6,35.06,21.42666667,40.53,19.7225,38.7,5.82,758.1,84.16666667,1.166666667,55.5,3.3
60,0,21.1,38.2,19.45666667,40.99666667,21.7,36.59,20.92666667,36.09,19,46.66333333,4.693333333,69.96333333,19.6,34.93333333,21.46333333,40.46666667,19.79,38.36,6.23,758.1,81.33333333,1.333333333,49,3.2
50,0,21.16666667,38.2,20.06333333,40.19666667,21.7675,36.59,21.06666667,36.09,19,46.59,5.166666667,70.15666667,19.6,34.845,21.39,40.32666667,19.85666667,38.22333333,6.65,758.1,78.5,1.5,42.5,3.1
60,0,21.2,38.2,20.63,39.49,21.79,36.53,21.23,36.12666667,19,46.56,5.93,69.02666667,19.6,34.79,21.39,40.29,19.79,38.16333333,7.07,758.1,75.66666667,1.666666667,36,3
40,0,21.2,38.2,21.03,39.03,21.79,36.5,21.3925,36.1175,19,46.5,6.456666667,65.9,19.6,34.79,21.39,40.23,19.79,38.23,7.48,758.1,72.83333333,1.833333333,29.5,2.9
50,0,21.2,38.2,21.46,38.49,21.85666667,36.56,21.56666667,36.09,19,46.5,7.1,57.63333333,19.6,34.66333333,21.39,40.26,19.73,38.29,7.9,758.1,70,2,23,2.8
40,0,21.2,38.2,21.66666667,38.09666667,21.79,36.5,21.6,35.96666667,19,46.475,7.493333333,47.69333333,19.6,34.59,21.39,40.12666667,19.7,38.29,8.18,758.05,68.33333333,2,25.83333333,2.7
30,0,21.29,38.2,21.86,37.72333333,21.85666667,36.56,21.66666667,35.96666667,19,46.4,8.1,39.92333333,19.56666667,34.46666667,21.39,40.12666667,19.7,38.36333333,8.47,758,66.66666667,2,28.66666667,2.6
30,0,21.29,38.2,22.06666667,37.46333333,21.79,36.5,21.7,35.9,19,46.4,8.5,34.66333333,19.56666667,34.4,21.39,40.06666667,19.7,38.5,8.75,757.95,65,2,31.5,2.5
30,0,21.29,38.16333333,22.32333333,36.99,21.79,36.5,21.7,35.9,19,46.4,8.83,32.12333333,19.6,34.26,21.39,39.76,19.7,38.5,9.03,757.9,63.33333333,2,34.33333333,2.4
50,0,21.35666667,38.09,22.46333333,36.65666667,21.79,36.5,21.79,35.79,19,46.4,9.03,32.79,19.6,34.12666667,21.39,39.62666667,19.7,38.5,9.32,757.85,61.66666667,2,37.16666667,2.3
60,0,21.39,38.06,22.6,36.33333333,21.79,36.5,21.79,35.79,19,46.4,9.256666667,31.89333333,19.6,34.09,21.39,39.46666667,19.7,38.5,9.6,757.8,60,2,40,2.2
60,0,21.39,38,22.66666667,36.12666667,21.79,36.46666667,21.79,35.7,19,46.4,9.463333333,31.56666667,19.6,34.03,21.39,39.32666667,19.7,38.5,9.77,757.7666667,59.5,2,37.83333333,2.23
40,0,21.42666667,38,22.7,36,21.85666667,36.52666667,21.79,35.7,19,46.32666667,9.63,30.42666667,19.6,33.96666667,21.46,39.2,19.7,38.5,9.93,757.7333333,59,2,35.66666667,2.27
50,0,21.5,38,22.675,35.8975,21.89,36.59,21.82333333,35.7,19,46.29,9.823333333,28.03333333,19.6,33.9,21.6,39.06666667,19.7,38.53,10.1,757.7,58.5,2,33.5,2.3
50,0,21.5,38,22.6,35.79,21.89,36.59,21.89,35.7,19,46.29,10.06333333,25.09666667,19.6,33.79,21.63333333,38.86333333,19.7,38.86333333,10.3,757.6666667,58,2,31.33333333,2.33
50,0,21.6,38,22.6,35.7,21.89,36.59,22,35.59,19,46.2,10.32333333,23.62333333,19.6,33.73,21.76,38.65666667,19.73,39.29,10.4,757.6333333,57.5,2,29.16666667,2.37
50,0,21.66666667,38,22.6,35.7,21.89,36.59,22,35.53,19,46.2,10.36,21.53333333,19.6,33.66333333,21.89,38.545,19.79,39.43,10.6,757.6,57,2,27,2.4
60,0,21.7,37.86333333,22.56666667,35.7,21.89,36.62666667,22,35.56,19,46.2,10.35,20.62,19.6,33.53,21.92666667,38.36333333,19.73,39.62666667,10.8,757.55,56.66666667,2.166666667,29.16666667,2.52
60,0,21.76,37.73,22.5,35.7,21.89,36.62666667,22,35.5,19,46.12666667,10.62666667,21.03333333,19.6,33.46666667,22,38.23,19.79,39.7675,11,757.5,56.33333333,2.333333333,31.33333333,2.63
50,0,21.82333333,37.66333333,22.5,35.59,21.92666667,36.59,22,35.5,19,46.09,11.03333333,19.83333333,19.6,33.4,22.13333333,38.06,19.79,39.86333333,11.3,757.45,56,2.5,33.5,2.75
50,0,21.96333333,37.53,22.5,35.53,22,36.59,22.06666667,35.5,19,46.09,11.1,19.56666667,19.6,33.345,22.26,38,19.79,39.82666667,11.5,757.4,55.66666667,2.666666667,35.66666667,2.87
50,0,22,37.46666667,22.5,35.5,22,36.5,22.1,35.5,19,46.06,11.36666667,18.62666667,19.6,33.29,22.36,37.9,19.79,39.9,11.7,757.35,55.33333333,2.833333333,37.83333333,2.98
40,0,22.06666667,37.4,22.5,35.5,22.1,36.59,22.1,35.475,19,46.06,11.56666667,18.22666667,19.6,33.23,22.5,37.76666667,19.79,39.82666667,11.9,757.3,55,3,40,3.1
60,0,22.13333333,37.36333333,22.5,35.5,22.1,36.53,22.1,35.4,19,46.09,12.06333333,17.46,19.63333333,33.2,22.53333333,37.66333333,19.79,39.82666667,11.9,757.2333333,55.33333333,3,40,3.18
50,0,22.2,37.29,22.5,35.5,22.1,36.5,22.06666667,35.36333333,19.025,46.045,12.39666667,16.79333333,19.7,33.2,22.6,37.53,19.79,39.79,11.9,757.1666667,55.66666667,3,40,3.27
50,0,22.26,37.26,22.5,35.43333333,22.1,36.5,22,35.36333333,19.03333333,46.03,12.53333333,16.23333333,19.66666667,33.16333333,22.6,37.5,19.79,39.79,11.9,757.1,56,3,40,3.35
50,0,22.26,37.2,22.5,35.43333333,22.1,36.43333333,22,35.4,19,46,12.73333333,16.56666667,19.66666667,33.09,22.6,37.5,19.79,39.9,12,757.0333333,56.33333333,3,40,3.43
70,0,22.26,37.2,22.39,35.4,22.1,36.43333333,22,35.4,19,46,12.76333333,15.69,19.7,33.09,22.56666667,37.5,19.79,39.9,12,756.9666667,56.66666667,3,40,3.52
40,0,22.2,37.2,22.32333333,35.4,22.13333333,36.4,21.89,35.4,19,46,12.76333333,16.02333333,19.7,33.09,22.5,37.5,19.79,39.9,12,756.9,57,3,40,3.6
50,0,22.2,37.2,22.29,35.5,22.2,36.4,21.89,35.4,19,46,12.89,15.63,19.6,33,22.39,37.5,19.79,39.96666667,11.8,756.8333333,57.66666667,3.333333333,37.83333333,3.58
50,0,22.2,37.2,22.23,35.5,22.2,36.4,21.85666667,35.36333333,19.1,46.06,13.03,16.29666667,19.66666667,33.06,22.39,37.5,19.79,40,11.6,756.7666667,58.33333333,3.666666667,35.66666667,3.57
50,0,22.2,37.2,22.16666667,35.5,22.2,36.4,21.79,35.29,19.1,46,12.93333333,16.42666667,19.7,33,22.39,37.59,19.79,40,11.4,756.7,59,4,33.5,3.55
50,0,22.2,37.1175,22.16666667,35.5,22.2,36.29,21.82333333,35.32666667,19.1,46,12.86,16.82666667,19.7,33,22.46333333,37.59,19.79,39.9,11.3,756.6333333,59.66666667,4.333333333,31.33333333,3.53
30,0,22.26,37.09,22.2,35.5,22.2,36.29,21.89,35.4,19.1,45.93333333,13.19,16.5,19.7,33,22.6,37.5,19.85666667,39.9,11.1,756.5666667,60.33333333,4.666666667,29.16666667,3.52
40,0,22.2,37,22.1,35.53,22.2,36.29,21.79,35.29,19.1,45.9,13.06333333,16.29333333,19.7,33,22.6,37.5,19.79,39.9,10.9,756.5,61,5,27,3.5
30,0,22.2,37.06,22.03333333,35.59,22.2,36.29,21.79,35.36333333,19.1,45.96666667,12.745,16.59,19.7,33,22.5,37.5,19.79,39.9,10.9,756.45,60.83333333,4.833333333,29.16666667,3.5
40,0,22.2,37.09,21.89,35.73,22.2,36.23,21.76,35.4,19.1,46,12.56666667,16.96666667,19.7,33,22.4725,37.545,19.79,39.9,10.9,756.4,60.66666667,4.666666667,31.33333333,3.5
50,0,22.2,37.09,21.82333333,35.79,22.13333333,36.29,21.7,35.4,19.1,46,12.36666667,17.5,19.7,33,22.39,37.5,19.79,39.925,10.9,756.35,60.5,4.5,33.5,3.5
60,0,22.2,37.03,21.7,35.93333333,22.1,36.29,21.7,35.5,19,45.9,12.06666667,18.43,19.7,33,22.39,37.59,19.79,39.93333333,11,756.3,60.33333333,4.333333333,35.66666667,3.5
40,0,22.2,37.09,21.63333333,36,22.1,36.29,21.7,35.5,19.06666667,45.96666667,12,18.96333333,19.7,32.95,22.39,37.66333333,19.79,39.9,11,756.25,60.16666667,4.166666667,37.83333333,3.5
50,0,22.13333333,37.03,21.56666667,36.12666667,22.1,36.29,21.6,35.4,19.1,46,12,19.16333333,19.7,32.96666667,22.29,37.7,19.79,39.9,11,756.2,60,4,40,3.5
50,0,22.13333333,37.03,21.5,36.2,22.1,36.4,21.575,35.4,19.1,46,12.12666667,19.62333333,19.7,32.9,22.23,37.62666667,19.79,39.86333333,11.1,756.1833333,59.33333333,4,40,3.37
50,0,22.1,37.09,21.46333333,36.29,22.16666667,36.4,21.56666667,35.4,19.1,45.9,12.1,19.4,19.66666667,32.9,22.2,37.7,19.79,39.79,11.1,756.1666667,58.66666667,4,40,3.23
60,0,22.1,37.09,21.32333333,36.29,22.1,36.29,21.53333333,35.32666667,19.05,45.845,12.03333333,18.73333333,19.66666667,32.9,22.2,37.7,19.79,39.79,11.2,756.15,58,4,40,3.1
50,0,22.1,37.09,21.29,36.43333333,22.1,36.29,21.53333333,35.4,19.1,45.9,11.62666667,19.16,19.66666667,32.86333333,22.13333333,37.7,19.79,39.79,11.2,756.1333333,57.33333333,4,40,2.97
60,0,22.1,37.09,21.23,36.43333333,22.2,36.29,21.5,35.4,19.1,45.79,11.56666667,19.96666667,19.66666667,32.86333333,22.13333333,37.7,19.79,39.79,11.3,756.1166667,56.66666667,4,40,2.83
50,0,22.1,37.09,21.1,36.5,22.2,36.29,21.5,35.4,19.1,45.79,11.53333333,20.33,19.7,32.9,22.2,37.7,19.79,39.79,11.3,756.1,56,4,40,2.7
50,0,22.1,37.09,21.1,36.56,22.2,36.29,21.46333333,35.46666667,19.1,45.76,11.6,20.19,19.7,32.9,22.2,37.7,19.79,39.79,11.2,756.0666667,56.83333333,4.166666667,40,2.8
40,0,22.1,37.09,21.06666667,36.7,22.2,36.29,21.46333333,35.46666667,19.1,45.7,11.69,18.19,19.7,32.86333333,22.2,37.62666667,19.79,39.79,11.1,756.0333333,57.66666667,4.333333333,40,2.9
70,0,22.1,37.16333333,21,36.76,22.2,36.26,21.5,35.5,19.2,45.96333333,11.63,18.12333333,19.7,32.79,22.2,37.62666667,19.79,39.79,10.9,756,58.5,4.5,40,3
80,0,22.1,37.09,21,36.76,22.2,36.2,21.5,35.43333333,19.2,46.16333333,11.75666667,19.03333333,19.7,32.72333333,22.2,37.59,19.79,39.79,10.8,755.9666667,59.33333333,4.666666667,40,3.1
90,0,22.1,37.03,21,36.7,22.2,36.2,21.46333333,35.22333333,19.23,46.02666667,12.03,18.62666667,19.7,32.53,22.26,37.72333333,19.79,39.66333333,10.7,755.9333333,60.16666667,4.833333333,40,3.2
100,0,22.1,36.9,20.84,36.545,22.2,36.2,21.39,35.03,19.29,45.76666667,12,17.4,19.66666667,32.29666667,22.32333333,37.9,19.79,39.59,10.6,755.9,61,5,40,3.3
100,0,22.06666667,36.72333333,20.79,36.5,22.1,36.09,21.39,34.86333333,19.29,45.43,11.42,18.195,19.6,32.03,22.46333333,37.96666667,19.79,39.56,10.3,755.9333333,63.16666667,4.833333333,37.83333333,3.43
120,0,22,36.66333333,20.73,36.5,22.1,36.09,21.39,34.79,19.29,45.15666667,10.96,19.92666667,19.6,31.89,22.63333333,38,19.79,39.5,9.93,755.9666667,65.33333333,4.666666667,35.66666667,3.57
110,0,22,37.36666667,20.6,36.4,22.1,35.96666667,21.35666667,34.7,19.2,44.76,10.66,21.83,19.6,31.82333333,22.76,38,19.79,39.36333333,9.6,756,67.5,4.5,33.5,3.7
320,0,22,37.56666667,20.6,36.46666667,22.1,35.82666667,21.29,34.62666667,19.2,44.62666667,10.46,22.95666667,19.6,31.79,22.79,38,19.79,39.29,9.27,756.0333333,69.66666667,4.333333333,31.33333333,3.83
620,0,22,37.3,20.6,36.59,22.1,35.79,21.29,34.59,19.2,44.46666667,10.03,25.95666667,19.6,31.79,22.89,38.09,19.79,39.29,8.93,756.0666667,71.83333333,4.166666667,29.16666667,3.97
450,0,22.06666667,40.5,20.6,36.79666667,22.16666667,35.79,21.29,34.59,19.2,44.32666667,9.696666667,28.35666667,19.6,31.89,22.96333333,38.09,19.79,39.26,8.6,756.1,74,4,27,4.1
240,0,22.23,48.96666667,20.7,38.26,22.2,36.79,21.26,34.59,19.2,44.46333333,9.323333333,30.9,19.6,31.995,23,38.2,19.79,39.26,8.25,756.1,75.5,3.833333333,26.66666667,4.05
100,10,22.35666667,46.43333333,20.76,39.73333333,22.29,38,21.2,34.59,19.2,44.92333333,8.99,32.96,19.6,32.09,23.06666667,38.2,19.79,39.29,7.9,756.1,77,3.666666667,26.33333333,4
120,10,22.5,44.69666667,20.89,40.59,22.29,38.26,21.2,34.66333333,19.2,45.53,8.626666667,35.09333333,19.6,32.23,23.03333333,37.9,19.79,39.29,7.55,756.1,78.5,3.5,26,3.95
130,0,22.5,43.55666667,20.89,40.59,22.32333333,38.32666667,21.16666667,34.73,19.26,45.99,8.366666667,37.56666667,19.53333333,32.36333333,23.1,37.96666667,19.79,39.29,7.2,756.1,80,3.333333333,25.66666667,3.9
140,20,22.53333333,42.19666667,20.92666667,40.59,22.39,38.4,21.16666667,34.79,19.29,46.245,8.066666667,40.63333333,19.6,32.59,23.13333333,38.12666667,19.79,39.29,6.85,756.1,81.5,3.166666667,25.33333333,3.85
140,20,22.6,41.25666667,21,40.53,22.39,38.33333333,21.13333333,35.23333333,19.33333333,52.13333333,7.933333333,42.63333333,19.6,32.66333333,23.2,38.26,19.79,39.2,6.5,756.1,83,3,25,3.8
160,30,22.6,40.33333333,21.1,40.06,22.46333333,38.2,21.2,36.09333333,19.79333333,63.06,7.656666667,45.22333333,19.53333333,32.7,23.23,38.36,19.79,39.26,6.42,756.1166667,83.16666667,2.666666667,24.5,3.75
110,20,22.66666667,40.13333333,21.1,40.26666667,22.5,38,21.32333333,37.16666667,20.03333333,53.13,7.53,47.09,19.6,32.76,23.29,38.56,19.79,39.13333333,6.33,756.1333333,83.33333333,2.333333333,24,3.7
120,30,22.73,40.02666667,21.1,40.36333333,22.56666667,38,21.39,37.69333333,20.22666667,57.13,7.263333333,48.89,19.6,33.36333333,23.29,38.73,19.79,38.86,6.25,756.15,83.5,2,23.5,3.65
130,20,22.79,39.69333333,21.16666667,40.09666667,22.6,37.96666667,21.5,38.06666667,20.72666667,72.96666667,7.123333333,50.69666667,19.6,33.43,23.29,38.86333333,19.79,38.66333333,6.17,756.1666667,83.66666667,1.666666667,23,3.6
140,20,22.82333333,39.56666667,21.2,40,22.66666667,37.96666667,21.56666667,38.26,20.6,60.29333333,6.83,52.12333333,19.63333333,34.36666667,23.32333333,38.9,19.79,38.53,6.08,756.1833333,83.83333333,1.333333333,22.5,3.55
130,20,22.89,39.62666667,21.2,40.2,22.7,38,21.63333333,38.46333333,20.73,52.09666667,6.623333333,52.93,19.76,34.9,23.46333333,38.9,19.79,38.4,6,756.2,84,1,22,3.5
150,0,22.89,39.52666667,21.23,40.12666667,22.7,38,21.7,38.59,20.73,49.15666667,6.4,54.395,19.79,35.12666667,23.5,38.9,19.73,38.32666667,5.83,756.1833333,85,1,28.83333333,3.48
140,10,22.9725,39.2675,21.29,40.0425,22.7,38,21.7,38.46666667,21.23333333,74.6,6.06,55.9,19.79,35.26,23.5,38.9,19.7,38.2,5.67,756.1666667,86,1,35.66666667,3.47
130,0,23,39.03,21.29,39.79,22.7,37.93333333,21.7,38.26666667,21.36,75.99333333,5.866666667,56.7,19.79,35.4,23.5,38.9,19.76,38.12666667,5.5,756.15,87,1,42.5,3.45
120,0,23.03333333,38.76,21.29,39.72333333,22.66666667,37.86333333,21.7,38.09,21.06666667,73.56666667,5.626666667,59,19.79,35.46666667,23.56666667,38.82666667,19.7,38.06,5.33,756.1333333,88,1,49.33333333,3.43
110,0,23.03333333,38.62666667,21.23,39.53,22.53333333,37.79,21.63333333,37.96333333,20.86,71.96666667,5.56,60.73333333,19.79,35.43,23.6,38.79,19.7,37.925,5.17,756.1166667,89,1,56.16666667,3.42
80,0,23.1,38.52666667,21.2,39.36333333,22.39,37.7,21.6,37.79,20.7,69.89666667,5.466666667,62.36333333,19.79,35.29,23.6,38.73,19.7,37.82666667,5,756.1,90,1,63,3.4
60,0,23.03333333,38.26666667,21.13333333,39.29,22.39,37.7,21.6,37.73,20.63333333,68.03,5.4,63.96333333,19.79,35.16333333,23.7,38.79,19.7,37.76,5.13,756.1166667,90.66666667,1.5,62.66666667,3.65
40,10,23,38.09,21.06666667,39.23,22.35666667,37.59,21.6,37.73,20.5,64.86333333,5.466666667,64.8,19.79,35.09,23.6,39.1,19.63333333,37.62666667,5.27,756.1333333,91.33333333,2,62.33333333,3.9
40,0,23,38.16333333,21,39.36333333,22.2225,37.59,21.575,37.79,20.5,59.45666667,5.333333333,65.46666667,19.79,35.09,23.6,39.76666667,19.7,38.06666667,5.4,756.15,92,2.5,62,4.15
50,0,23,38.23,20.85666667,39.76666667,22.2,37.59,21.5,37.79,20.6,53.8,5.3,66.66666667,19.79,35.26666667,23.6,40.3,19.76,38.52666667,5.53,756.1666667,92.66666667,3,61.66666667,4.4
70,0,22.92666667,38.36333333,20.79,40.1,22.16666667,37.59,21.39,37.7,20.66666667,51.46666667,5.366666667,67.46,19.79,35.46666667,23.6,40.63333333,19.7,38.73,5.67,756.1833333,93.33333333,3.5,61.33333333,4.65
60,0,22.89,38.43333333,20.66666667,40.43333333,22.1,37.59,21.39,37.62666667,20.65,49.5,5.53,67.96333333,19.79,35.73,23.53333333,41.09666667,19.7,38.86333333,5.8,756.2,94,4,61,4.9
50,0,22.89,38.56,20.6,40.63333333,22.1,37.59,21.35666667,37.59,20.7,48.3,5.656666667,68.09,19.79,35.86333333,23.6,41.29,19.73,39.09,5.78,756.1916667,93.91666667,3.833333333,61.08333333,4.87
40,0,22.79,38.62666667,20.5,40.93333333,22.1,37.59,21.29,37.53,20.7,47.56666667,5.726666667,68.16,19.79,36.06666667,23.5,41.23,19.79,39.16333333,5.77,756.1833333,93.83333333,3.666666667,61.16666667,4.83
60,0,22.79,38.7,20.42666667,41.06,22.1,37.59,21.29,37.5,20.63333333,46.79666667,5.866666667,68.43333333,19.79,36.26,23.5,41.43,19.7,39.29,5.75,756.175,93.75,3.5,61.25,4.8
50,0,22.76,38.73,20.29,41.32666667,22.1,37.59,21.29,37.5,20.7,46.39,5.9,68.22666667,19.82333333,36.46333333,23.46333333,41.46666667,19.7,39.29,5.73,756.1666667,93.66666667,3.333333333,61.33333333,4.77
60,0,22.7,38.79,20.29,41.46666667,22.1,37.59,21.26,37.46666667,20.6,45.83333333,5.975,68.3475,19.82333333,36.59,23.32333333,41.4,19.76,39.29,5.72,756.1583333,93.58333333,3.166666667,61.41666667,4.73
60,0,22.7,38.79,20.16666667,41.53,22.1,37.59,21.2,37.4,20.6,45.5,6.06,68.09,19.89,36.7,23.2,41.32666667,19.7,39.29,5.7,756.15,93.5,3,61.5,4.7
60,0,22.7,38.79,20.1,41.59,22.1,37.66333333,21.2,37.29,20.6,45.13333333,6.09,67.7,19.89,36.7,23.2,41.46666667,19.7,39.5,5.68,756.1416667,93.41666667,2.833333333,61.58333333,4.67
50,0,22.6,38.79,20.06666667,41.7,22.1,37.59,21.13333333,37.29,20.6,44.86,6.09,67.29333333,19.82333333,36.86,23.16666667,41.65666667,19.76,39.56,5.67,756.1333333,93.33333333,2.666666667,61.66666667,4.63
50,0,22.6,38.79,19.9725,41.7,22.1,37.59,21.1,37.29,20.6,44.56,6.09,66.83,19.89,37.06,23.1,41.99,19.7,39.62666667,5.65,756.125,93.25,2.5,61.75,4.6
50,0,22.55,38.79,19.89,41.76,22.1,37.59,21.1,37.29,20.6,44.43333333,6.09,66.56333333,19.92666667,37.23,23.1,42.23,19.7,39.76,5.63,756.1166667,93.16666667,2.333333333,61.83333333,4.57
50,0,22.5,38.79,19.85666667,41.79,22.1,37.59,21.06666667,37.22333333,20.5,44.16333333,6.09,65.95666667,19.92666667,37.29,23.03333333,42.23,19.7,39.82666667,5.62,756.1083333,93.08333333,2.166666667,61.91666667,4.53
50,0,22.5,38.79,19.79,41.79,22.1,37.66333333,21,37.09,20.5,43.96333333,6.03,65.62333333,19.92666667,37.29,23,42.46333333,19.7225,39.975,5.6,756.1,93,2,62,4.5
40,0,22.46333333,38.79,19.7,41.9,22.13333333,37.7,21,37.09,20.5,43.79,6,65.65666667,20,37.29,23,42.66333333,19.79,40.06,5.57,756.0666667,93.33333333,2,62,4.52
60,0,22.39,38.79,19.7,41.96666667,22.2,37.76,21,37.09,20.5,43.73,6,65.53,19.92666667,37.29,23,42.79,19.76,40.23,5.53,756.0333333,93.66666667,2,62,4.53
60,0,22.39,38.79,19.66666667,42,22.23,37.82666667,21,37.09,20.5,43.56,6,65.4,20,37.3725,22.9725,42.79,19.76,40.36333333,5.5,756,94,2,62,4.55
50,0,22.32333333,38.79,19.6,42,22.29,37.9,21,37.09,20.5,43.5,6,65.4,20,37.4,22.89,42.79,19.79,40.56666667,5.47,755.9666667,94.33333333,2,62,4.57
60,0,22.29,38.79,19.5,42.09,22.29,37.9,20.92666667,37.09,20.39,43.26,6,65.22666667,19.89,37.36333333,22.89,42.82666667,19.79,40.7,5.43,755.9333333,94.66666667,2,62,4.58
50,0,22.29,38.79,19.5,42.16333333,22.32333333,37.93333333,20.89,37.09,20.39,43.12666667,5.933333333,65.16,19.96333333,37.29,22.89,42.96666667,19.79,40.82666667,5.4,755.9,95,2,62,4.6
40,0,22.26,38.76,19.5,42.2,22.39,37.93333333,20.89,37.03,20.39,43.09,5.593333333,64.56333333,20,37.2,22.85666667,43.03,19.79,40.96666667,5.35,755.8833333,95,2,60.33333333,4.55
30,0,22.2,38.7,19.5,42.26,22.39,38,20.89,37,20.39,43.0675,5.333333333,65.23,20,37.2,22.79,43.03,19.79,41,5.3,755.8666667,95,2,58.66666667,4.5
20,0,22.2,38.7,19.39,42.23,22.39,38,20.89,37,20.39,42.93333333,5.09,66.46,19.89,37.2,22.79,43.15666667,19.79,41.06,5.25,755.85,95,2,57,4.45
40,0,22.2,38.7,19.32333333,42.23,22.35666667,38,20.85666667,36.96666667,20.39,42.9,5.1925,67.45,19.96333333,37.26,22.79,43.43,19.79,41.09,5.2,755.8333333,95,2,55.33333333,4.4
40,0,22.16666667,38.7,19.29,42.32666667,22.29,38,20.79,36.9,20.39,42.82666667,5.433333333,68.06,20,37.4,22.79,43.73,19.79,41.16333333,5.15,755.8166667,95,2,53.66666667,4.35
60,0,22.1,38.7,19.29,42.4,22.29,38,20.79,36.9,20.39,42.79,5.5,68.09,20,37.4,22.79,43.93,19.79,41.23,5.1,755.8,95,2,52,4.3
60,0,22.1,38.7,19.2,42.29,22.29,38,20.79,36.9,20.32333333,42.73,5.5,68.03,20,37.43333333,22.7,44.06666667,19.79,41.29,5.08,755.8,95,2,50.33333333,4.3
50,0,22.03333333,38.62666667,19.2,42.36333333,22.32333333,38.09,20.79,36.9,20.32333333,42.7,5.59,67.86666667,20,37.63333333,22.7,44.2,19.79,41.4,5.07,755.8,95,2,48.66666667,4.3
40,0,22,38.62666667,19.16666667,42.4,22.39,38.09,20.79,36.9,20.39,42.62666667,5.59,67.66,20,37.7,22.7,44.2,19.79,41.4,5.05,755.8,95,2,47,4.3
60,0,22,38.7,19.15,42.475,22.29,38.09,20.79,36.9,20.29,42.59,5.59,67.43333333,20,37.7,22.7,44.2,19.79,41.43333333,5.03,755.8,95,2,45.33333333,4.3
40,0,22,38.62666667,19.1,42.5,22.29,38.03,20.73,36.9,20.29,42.59,5.59,67.16,20,37.7,22.7,44.23,19.79,41.5,5.02,755.8,95,2,43.66666667,4.3
50,0,21.9175,38.7,19.1,42.5,22.39,38.09,20.7,36.9,20.29,42.59,5.59,67.09,20,37.76,22.63333333,44.23,19.79,41.5,5,755.8,95,2,42,4.3
50,0,21.89,38.7,19.03333333,42.5,22.39,38.09,20.7,36.9,20.29,42.53,5.59,67.09,20,37.79,22.6,44.29,19.79,41.5,5.03,755.8,95,2,40.66666667,4.33
50,0,21.89,38.7,19.1,42.5,22.39,38.09,20.7,36.9,20.29,42.5,5.59,66.96666667,20,37.73,22.6,44.29,19.79,41.5,5.07,755.8,95,2,39.33333333,4.37
60,0,21.82333333,38.62666667,19.03333333,42.43333333,22.39,38.09,20.7,36.9,20.29,42.43333333,5.59,66.83333333,20,37.7,22.6,44.29,19.79,41.53,5.1,755.8,95,2,38,4.4
60,0,21.79,38.7,19,42.43333333,22.39,38.12666667,20.66666667,36.86333333,20.2,42.29,5.59,67.06333333,20,37.7,22.6,44.29,19.79,41.59,5.13,755.8,95,2,36.66666667,4.43
50,0,21.79,38.7,19,42.5,22.39,38.2,20.65,36.845,20.2,42.29,5.59,67.33,20,37.7,22.6,44.2,19.79,41.59,5.17,755.8,95,2,35.33333333,4.47
50,0,21.79,38.7,18.89,42.53,22.39,38.2,20.6,36.79,20.2,42.29,5.59,67.4,20,37.7,22.5,44.09,19.79,41.66333333,5.2,755.8,95,2,34,4.5
50,0,21.79,38.7,18.89,42.53,22.39,38.2,20.6,36.79,20.2,42.2,5.656666667,67.4,20,37.7,22.5,44.09,19.79,41.7,5.22,755.8,95,2,33.83333333,4.52
40,0,21.76,38.76,18.96333333,42.5,22.39,38.2,20.6,36.79,20.2,42.2,5.69,67.4,20,37.7,22.5,44.06,19.79,41.7,5.23,755.8,95,2,33.66666667,4.53
50,0,21.7,38.76,18.89,42.56,22.39,38.2,20.6,36.79,20.2,42.2,5.69,67.325,20,37.76,22.5,44,19.79,41.7,5.25,755.8,95,2,33.5,4.55
50,0,21.7,38.73,18.89,42.59,22.39,38.2,20.6,36.79,20.2,42.2,5.763333333,67.3,20.06666667,38.09,22.46333333,43.86333333,19.79,41.76,5.27,755.8,95,2,33.33333333,4.57
60,0,21.7,38.79,18.89,42.59,22.39,38.23,20.56666667,36.79,20.2,42.12666667,5.726666667,67.33333333,20,38.09,22.39,43.73,19.79,41.79,5.28,755.8,95,2,33.16666667,4.58
60,0,21.7,38.79,18.79,42.56,22.39,38.23,20.56666667,36.79,20.2,42.09,5.8,67.46666667,20.1,38.26,22.46333333,43.76,19.79,41.86333333,5.3,755.8,95,2,33,4.6
80,0,21.63333333,38.79,18.79,42.56,22.39,38.2,20.5,36.82666667,20.2,42.16333333,5.8,67.59,20.03333333,38.12666667,22.39,43.76,19.82333333,41.93333333,5.3,755.85,95.33333333,2,32.66666667,4.63
40,0,21.6,39.06666667,18.79,42.76666667,22.39,38.12666667,20.5,36.9,20.1,42.86666667,5.8,67.65666667,20.06666667,37.96666667,22.39,43.79,19.82333333,41.93333333,5.3,755.9,95.66666667,2,32.33333333,4.67
290,10,21.6,39.4,18.79,43.02666667,22.29,38.06,20.5,36.9,20.03333333,43.4,5.763333333,67.72666667,20,37.96666667,22.39,43.79,19.79,41.9,5.3,755.95,96,2,32,4.7
130,0,21.6,39.46666667,18.76,43.32666667,22.29,38,20.5,36.9,20,44,5.763333333,67.8,20.03333333,38.03,22.32333333,43.79,19.79,41.9,5.3,756,96.33333333,2,31.66666667,4.73
330,0,21.6,39.4,18.745,43.475,22.29,37.96666667,20.5,36.9,20,44.4,5.726666667,67.93333333,20.1,38.22333333,22.39,43.79,19.82333333,42.03,5.3,756.05,96.66666667,2,31.33333333,4.77
80,0,21.6,39.4,18.7,43.56,22.23,37.9,20.5,36.9,20,44.86,5.726666667,68,20.1,38.69333333,22.29,43.9,19.82333333,41.96333333,5.3,756.1,97,2,31,4.8
280,0,21.525,39.475,18.7,43.65666667,22.2,37.86333333,20.46333333,36.86333333,19.9175,45.15,5.8,68.12333333,20.16666667,38.82666667,22.35666667,44.02666667,19.85666667,42.13333333,5.38,756.1,97,2.166666667,33.5,4.88
150,0,21.5,39.7,18.7,43.79,22.2,37.79,20.46333333,36.86333333,19.89,44.69666667,5.8,68.19,20.16666667,38.66333333,22.29,43.83333333,19.79,41.925,5.47,756.1,97,2.333333333,36,4.97
60,0,21.6,40,18.7,43.93333333,22.1,37.9,20.5,36.93333333,19.96333333,44.09666667,5.833333333,68.3,20.1,38.59,22.29,43.42666667,19.79,41.82666667,5.55,756.1,97,2.5,38.5,5.05
70,0,21.53333333,40,18.7,44.06,22.1,37.9,20.42666667,36.93333333,20,43.83333333,5.966666667,68.3,20.1,38.33333333,22.26,42.86333333,19.79,41.7,5.63,756.1,97,2.666666667,41,5.13
50,0,21.5,40.03,18.7,44.06,22.1,37.9,20.39,36.9,20,43.62666667,6.123333333,68.53,20.1,37.9975,22.2,42.46333333,19.79,41.62666667,5.72,756.1,97,2.833333333,43.5,5.22
110,0,21.5,40.03,18.76,44,22.1,37.9,20.39,36.9,20,43.46666667,6.263333333,68.73,20.1,37.73,22.16666667,42.16333333,19.79,41.56,5.8,756.1,97,3,46,5.3
410,0,21.5,39.96666667,18.79,43.96666667,22.1,37.9,20.39,36.96666667,20,43.32666667,6.333333333,68.75666667,20.1,37.46666667,22.1,41.9975,19.79,41.43333333,5.92,756.1166667,96.33333333,2.833333333,48.16666667,5.33
160,0,21.5,39.9,18.79,43.9,22.1,37.96666667,20.59666667,37.43333333,20,43.2,6.4975,69.165,20.1,37.32666667,22.1,41.76666667,19.79,41.36333333,6.03,756.1333333,95.66666667,2.666666667,50.33333333,5.37
70,0,21.5,39.9,18.82333333,43.82666667,22.1,37.9,20.99666667,37.5,20,43.12666667,6.656666667,69.12333333,20.1,37.16333333,22.1,41.66333333,19.79,41.23,6.15,756.15,95,2.5,52.5,5.4
80,10,21.56666667,39.82666667,18.89,43.9,22.1,38,21.2,37.53,20.13333333,45.36333333,6.866666667,68.73,20.03333333,37.03,22.03333333,41.59,19.76,41.16333333,6.27,756.1666667,94.33333333,2.333333333,54.66666667,5.43
60,0,21.6,39.7,18.89,43.82666667,22.1,37.93333333,21.2,37.72333333,20.2,47.9425,7.06,68.53,20.1,36.96666667,22.06666667,41.7,19.76,41.09,6.38,756.1833333,93.66666667,2.166666667,56.83333333,5.47
100,0,21.6,39.76,18.89,43.9,22.1,37.9,21.2,38.03,20.2,47.76666667,7.16,67.62666667,20.03333333,36.82666667,22,41.7,19.79,41,6.5,756.2,93,2,59,5.5
80,0,21.6,39.79,18.96333333,44,22.1,37.9,21.2,38.16333333,20.1,47.86,7.366666667,67.29333333,20,36.99666667,22,41.79,19.79,40.93333333,6.65,756.1833333,92.33333333,2.166666667,59.83333333,5.53
60,10,21.6,39.79,18.96333333,44.06,22.1,37.9,21.2,38.32666667,20.03333333,48.06,7.66,66.63,20.06666667,37.59,22,41.79,19.79,40.86333333,6.8,756.1666667,91.66666667,2.333333333,60.66666667,5.57
80,0,21.6,40.03,19.03333333,44.3,22.1,37.9,21.2,38.46666667,20,48.39,7.866666667,65.42333333,20.1,37.46666667,21.89,41.96333333,19.73,40.79,6.95,756.15,91,2.5,61.5,5.6
60,0,21.66666667,40.22333333,19.1,44.83333333,22.1,37.93333333,21.2,38.62666667,19.92666667,48.59,8.13,63.36,20.03333333,37.32666667,21.89,42.16333333,19.76,40.76,7.1,756.1333333,90.33333333,2.666666667,62.33333333,5.63
60,0,21.7,40.53,19.2,45.32666667,22.1,38,21.2,38.76,19.96333333,48.7,8.323333333,61.5,20,37.16333333,21.89,42.2,19.7,40.7,7.25,756.1166667,89.66666667,2.833333333,63.16666667,5.67
80,0,21.7,40.79666667,19.2675,46.0675,22.1,38.09,21.2,39,19.89,48.7,8.756666667,59.29,20,37.03,21.89,42.12666667,19.7,40.66333333,7.4,756.1,89,3,64,5.7
100,0,21.7,41.12666667,19.35666667,46.23,22.1,38.16333333,21.2,39.06,19.89,48.66333333,9.03,57.49,20.06666667,36.93,21.89,42.09,19.76,40.59,7.52,756.1166667,88,3.166666667,57.33333333,5.63
80,0,21.76,41.2,19.39,46.26333333,22.1,38.23,21.2,39.15666667,19.89,48.59,9.256666667,55.09666667,20,36.79,21.89,42.09,19.7,40.59,7.63,756.1333333,87,3.333333333,50.66666667,5.57
110,0,21.745,41.395,19.46333333,46.79,22.16666667,38.36333333,21.2,39.29,19.89,48.59,9.53,53.09666667,20,36.7,21.79,42,19.745,40.5225,7.75,756.15,86,3.5,44,5.5
60,0,21.79,41.72666667,19.6,46.26,22.2,38.5,21.2,39.4,19.89,48.59,9.726666667,49.76666667,20,36.62666667,21.79,42,19.7,40.43333333,7.87,756.1666667,85,3.666666667,37.33333333,5.43
40,0,21.79,41.93333333,19.6,46.33333333,22.2,38.5,21.2,39.46666667,19.79,48.5,9.666666667,47.96666667,20,36.5,21.79,42,19.73,40.4,7.98,756.1833333,84,3.833333333,30.66666667,5.37
40,0,21.79,42.36,19.63333333,46.45666667,22.2,38.59,21.2,39.53,19.79,48.5,9.696666667,47.5,20,36.3975,21.79,42.06,19.73,40.32666667,8.1,756.2,83,4,24,5.3
60,0,21.79,43.69333333,19.7,46.99,22.2,38.66333333,21.2675,39.59,19.79,48.5,10.09,45.3,20,36.23,21.79,42,19.73,40.22333333,8.25,756.2166667,81.66666667,4,26.66666667,5.22
70,0,21.89,44.63,19.79,46.72333333,22.2,38.995,21.29,39.59,19.79,48.5,10.245,42.94,19.96333333,36.06,21.73,41.86,19.73,39.96333333,8.4,756.2333333,80.33333333,4,29.33333333,5.13
90,20,21.89,43.89,19.73,46.46333333,22.1,39.26666667,21.23,39.43333333,19.79,48.4,10.06666667,41.19333333,19.89,35.86,21.79,41.49,19.73,39.76,8.55,756.25,79,4,32,5.05
100,20,21.89,43.12333333,19.7,45.9,22.1,39.52666667,21.29,39.63333333,19.79,48.32666667,10,40.8,19.96333333,35.66333333,21.7675,41.195,19.73,39.62666667,8.7,756.2666667,77.66666667,4,34.66666667,4.97
100,10,21.89,42.53,19.76,45.29333333,22.1,39.56,21.32333333,40.23,19.79,48.13333333,10.16,39.96333333,19.89,35.53,21.7,40.96333333,19.79,39.43,8.85,756.2833333,76.33333333,4,37.33333333,4.88
50,0,21.89,41.93,19.79,44.49,22.1,39.43333333,21.39,40.56333333,19.79,47.93333333,10.1,38.75666667,19.89,35.26,21.7,40.72333333,19.79,39.29,9,756.3,75,4,40,4.8
50,0,21.89,41.65666667,19.79,44.15666667,22.1,39.46333333,21.39,40.79666667,19.745,47.645,10,37.83333333,19.89,35.12666667,21.7,40.53,19.7,39.26,9.02,756.2833333,74.66666667,4.166666667,40,4.73
50,0,21.85666667,41.23333333,19.79,43.76666667,22.1,39.59,21.32333333,40.39,19.7,47.43,10.06666667,37.62666667,19.89,35,21.7,40.36333333,19.7,39.12666667,9.03,756.2666667,74.33333333,4.333333333,40,4.67
50,0,21.85666667,40.69333333,19.79,43.16666667,22.1,39.52666667,21.29,39.9,19.7,47.15666667,10.1,37.8,19.89,34.93333333,21.7,40.23,19.7,38.86333333,9.05,756.25,74,4.5,40,4.6
50,0,21.79,40.22333333,19.76,42.69333333,22.1,39.4,21.29,39.42666667,19.7,46.96666667,10.1,36.46666667,19.82333333,34.7,21.66666667,39.99,19.7,38.79,9.07,756.2333333,73.66666667,4.666666667,40,4.53
50,0,21.79,39.89,19.7,42.36,22.1,39.22333333,21.23,38.96666667,19.7,46.76666667,10.13,36.39333333,19.82333333,34.56666667,21.6,39.73,19.7,38.66333333,9.08,756.2166667,73.33333333,4.833333333,40,4.47
50,0,21.79,39.63333333,19.7,41.99,22.1,39.09,21.23,38.69333333,19.7,46.43,10.26333333,36.13333333,19.79,34.4,21.6,39.62666667,19.7,38.53,9.1,756.2,73,5,40,4.4
60,0,21.79,39.43333333,19.7,41.73,22.1,38.96666667,21.2,38.36333333,19.7,46.23,10.16,36.75666667,19.79,34.32666667,21.6,39.62666667,19.7,38.5,9.05,756.2,74,4.833333333,40,4.57
60,0,21.79,39.16333333,19.7,41.495,22.1,38.82666667,21.13333333,38.23,19.7,46.06,9.96,37.42333333,19.79,34.29,21.6,39.5,19.7,38.43333333,9,756.2,75,4.666666667,40,4.73
60,0,21.79,39.03,19.6,41.26,22.1,38.7,21.1,38,19.63333333,45.8,9.86,38.92333333,19.79,34.29,21.53333333,39.43333333,19.7,38.36333333,8.95,756.2,76,4.5,40,4.9
80,0,21.7,38.845,19.6,41.2,22.1,38.62666667,21.1,37.93333333,19.66666667,45.63333333,9.666666667,41.19666667,19.79,34.29,21.5,39.43333333,19.7,38.29,8.9,756.2,77,4.333333333,40,5.07
90,0,21.7,38.79,19.6,41.16333333,22.06666667,38.46666667,21,37.76,19.66666667,45.5,9.6,43.69666667,19.79,34.36333333,21.5,39.63333333,19.7,38.29,8.85,756.2,78,4.166666667,40,5.23
90,0,21.7,38.73,19.6,41.03,22,38.4,21,37.7,19.6,45.26,9.733333333,44.76333333,19.79,34.43333333,21.63333333,39.82666667,19.66666667,38.26,8.8,756.2,79,4,40,5.4
90,0,21.7,38.73,19.6,41,22,38.36333333,21,37.7,19.66666667,45.2,9.89,44.745,19.79,34.5675,21.7,39.9,19.66666667,38.26,8.77,756.1333333,79,4.166666667,40,5.35
100,0,21.7,38.73,19.6,40.93333333,22,38.29,20.9725,37.7,19.6,45,9.86,44.66666667,19.79,34.66333333,21.82333333,39.96333333,19.66666667,38.26,8.73,756.0666667,79,4.333333333,40,5.3
100,0,21.6,38.59,19.5,41,22,38.29,20.89,37.7,19.6,45,9.726666667,45.66666667,19.79,34.7,21.89,40.16333333,19.6,38.2,8.7,756,79,4.5,40,5.25
90,0,21.6,38.59,19.5,41,22,38.2,20.89,37.7,19.6,44.86333333,10.05666667,45.32666667,19.79,34.7,22.03333333,40.23,19.63333333,38.29,8.67,755.9333333,79,4.666666667,40,5.2
90,0,21.6,38.59,19.6,40.93,22,38.12666667,20.89,37.7,19.6,44.73,10.53,42.93333333,19.73,34.79,22.1,40.29,19.63333333,38.23,8.63,755.8666667,79,4.833333333,40,5.15
60,0,21.6,38.59,19.6,40.73,22,38.06,20.85666667,37.56,19.6,44.59,10.53,39.7,19.79,34.73,22.245,40.345,19.66666667,38.26,8.6,755.8,79,5,40,5.1
80,0,21.6,38.5,19.6,40.62666667,22,38,20.79,37.5,19.6,44.59,10.33,39.5,19.79,34.7,22.29,40.4,19.6,38.2,8.55,755.8,80.16666667,5,40,5.25
60,0,21.6,38.5,19.6,40.62666667,21.89,38,20.79,37.4,19.6,44.5,10.3,39.7,19.79,34.62666667,22.35666667,40.4,19.6,38.16333333,8.5,755.8,81.33333333,5,40,5.4
70,0,21.56666667,38.4,19.6,40.59,21.89,38,20.79,37.4,19.6,44.4,10.36,39.56666667,19.76,34.59,22.5,40.5,19.6,38.09,8.45,755.8,82.5,5,40,5.55
90,0,21.5,38.4,19.6,40.59,21.89,37.86333333,20.79,37.36333333,19.6,44.32666667,10.5,38.93333333,19.7,34.59,22.56666667,40.43333333,19.66666667,38.13333333,8.4,755.8,83.66666667,5,40,5.7
100,10,21.5,38.23,19.56666667,40.36333333,21.82333333,37.73,20.79,37.36333333,19.6,44.29,10.29333333,38.4,19.73,34.65666667,22.63333333,40.32666667,19.6,38,8.35,755.8,84.83333333,5,40,5.85
120,0,21.5,38.15666667,19.5,40.29,21.76,37.7,20.7,37.4,19.6,44.23,9.866666667,42.06666667,19.79,34.93,22.7,40.4,19.6,38.03,8.3,755.8,86,5,40,6
120,0,21.5,38.09,19.5,40.4,21.76,37.7,20.7,37.6,19.56666667,44.29,9.533333333,45.2,19.79,35.23,22.73,40.93333333,19.6,38.09,8.42,755.8,84.66666667,5,40,5.9
110,0,21.5,38.09,19.5,40.46666667,21.79,37.62666667,20.79,38,19.56666667,44.36333333,9.666666667,44.9,19.85666667,35.49,22.79,41.39333333,19.6,38.2,8.53,755.8,83.33333333,5,40,5.8
90,10,21.5,38.2,19.5,40.59,21.79,37.7,20.79,38.2,19.53333333,44.5,9.933333333,43.9,19.89,35.82666667,22.92666667,41.96666667,19.6,38.2,8.65,755.8,82,5,40,5.7
100,20,21.42666667,38,19.39,40.03333333,21.79,37.66333333,20.76,37.73333333,19.6,44.5,10.06666667,41.36,19.89,35.96666667,23,42.02666667,19.6,38.26,8.77,755.8,80.66666667,5,40,5.6
110,10,21.39,37.46,19.32333333,39.5,21.79,37.59,20.63333333,37.13333333,19.56666667,44.26,10,40.5,19.89,36.03,23,42.29,19.6,38.2,8.88,755.8,79.33333333,5,40,5.5
100,10,21.315,37.025,19.29,39.16333333,21.7,37.33333333,20.5,36.86,19.5,44.12666667,10.13,40.3,19.89,36.29666667,23.06666667,42.23,19.6,38.26,9,755.8,78,5,40,5.4
110,10,21.29,36.9,19.23,39.03,21.7,37.2,20.5,37.19333333,19.5,43.96666667,10.0975,39.92,20,36.5,23.1,41.83333333,19.6,38.2,8.93,755.8166667,78.33333333,5,40,5.38
100,10,21.29,37.15666667,19.2,39.12666667,21.7,37.12666667,20.6,37.545,19.5,43.9,9.866666667,40.53333333,19.945,36.5225,23.16666667,41.56666667,19.6,38.12666667,8.87,755.8333333,78.66666667,5,40,5.37
90,10,21.23,37.23,19.13333333,39.26,21.7,37.2,20.6,37.5,19.5,43.9,9.69,41.46333333,20,36.66333333,23.23,41.16333333,19.56666667,38.09,8.8,755.85,79,5,40,5.35
100,10,21.2,37.23,19.16666667,39.53,21.7,37.2,20.6,37.5,19.5,43.9,9.763333333,41.46333333,20,36.79,23.29,41.09,19.5,38.03,8.73,755.8666667,79.33333333,5,40,5.33
110,10,21.2,37.62333333,19.16666667,39.66333333,21.7,37.09,20.5,37.4,19.5,43.9,9.8,41.05666667,20,36.86333333,23.29,41.09,19.56666667,38,8.67,755.8833333,79.66666667,5,40,5.32
100,10,21.29,38.43,19.29,39.82666667,21.7,37.09,20.56666667,37.4,19.5,43.82666667,9.8,40.19666667,20.03333333,37.06666667,23.29,41.03,19.5,38,8.6,755.9,80,5,40,5.3
190,10,21.29,38.29,19.35666667,39.96666667,21.7,37.2,20.56666667,37.29,19.5,43.82666667,9.66,40.49666667,20.1,37.33333333,23.39,40.9,19.5,37.9,8.5,755.95,80.5,4.5,40,5.3
210,20,21.39,38.36,19.42666667,40.12666667,21.7,37.2,20.5,37.29,19.5,43.9,9.46,41.49666667,20.1,37.56666667,23.4175,40.75,19.5,37.9,8.4,756,81,4,40,5.3
140,10,21.46333333,38.83333333,19.56666667,40.26,21.7,37.2,20.5,37.2,19.5,43.93333333,9.19,42.63,20.16666667,37.7,23.5,40.62666667,19.5,37.9,8.3,756.05,81.5,3.5,40,5.3
100,10,21.63333333,39.43333333,19.7,40.46333333,21.7,37.26,20.5,37.2,19.5,44.0225,9.19,43.55666667,20.2,37.59,23.5,40.73,19.5,37.82666667,8.2,756.1,82,3,40,5.3
120,10,21.76,39.3,19.82666667,40.72333333,21.79,37.43333333,20.46333333,37.16333333,19.5,44.16333333,9.066666667,44.2,20.2,37.59,23.5,40.79,19.5,37.79,8.1,756.15,82.5,2.5,40,5.3
90,10,21.82333333,39.09,20,40.79,21.79,37.43333333,20.39,37.09,19.5,44.29,9,44.33333333,20.2,37.5,23.6,40.66333333,19.5,37.79,8,756.2,83,2,40,5.3
200,10,21.96333333,39.09,20.06666667,40.86333333,21.89,37.5,20.46333333,37.16333333,19.5,44.36333333,8.89,43.6,20.26,37.5,23.6,40.46333333,19.39,37.7,8,756.2333333,82.5,2.333333333,40,5.2
140,10,22,39.65666667,20.23,40.86333333,21.89,37.56,20.46333333,37.16333333,19.5,44.43333333,8.89,43.52666667,20.29,37.1,23.7,40.29,19.46333333,37.76,8,756.2666667,82,2.666666667,40,5.1
100,10,22.06666667,41.39666667,20.29,40.93,21.92666667,38,20.39,37.09,19.5,44.56,8.733333333,43.69666667,20.29,36.69333333,23.7,40.15666667,19.42666667,37.73,8,756.3,81.5,3,40,5
120,20,22.13333333,41.06333333,20.445,41.2,22,38.33333333,20.39,37.09,19.5,44.7,8.6,42.89666667,20.2,36.22333333,23.7,39.96666667,19.42666667,37.73,8,756.3333333,81,3.333333333,40,4.9
130,10,22.2,40.32333333,20.6,41.23,22.03333333,38.5,20.39,37.06,19.5,44.83333333,8.5,42.36333333,20.2,35.89,23.7,39.9,19.39,37.59,8,756.3666667,80.5,3.666666667,40,4.8
150,10,22.29,39.9,20.6,41.29,22.1,38.43333333,20.39,37,20.03333333,62.62666667,8.5,42.03,20.2,35.52666667,23.76,39.79,19.39,37.59,8,756.4,80,4,40,4.7
140,20,22.35666667,39.76,20.63333333,41.65666667,22.2,38.29,20.39,36.96666667,20.16666667,53.7,8.5,41.745,20.2,35.26666667,23.76,39.86333333,19.46333333,37.66333333,7.9,756.4333333,80.16666667,3.666666667,40,4.65
120,10,22.39,39.79,20.7,41.86333333,22.2,38.29,20.39,36.9,20.32333333,49.56,8.463333333,41.86333333,20.2,34.96666667,23.82333333,39.9,19.39,37.62666667,7.8,756.4666667,80.33333333,3.333333333,40,4.6
140,10,22.42666667,39.76666667,20.73,41.72333333,22.2,38.4,20.39,36.79,20.39,47.63333333,8.33,41.86333333,20.2225,34.925,23.89,39.82666667,19.39,37.62666667,7.7,756.5,80.5,3,40,4.55
120,20,22.5,39.76666667,20.79,41.46333333,22.2,38.4,20.29,36.79,20.53333333,46.19666667,8.3,42.39,20.29,35.06,23.85666667,39.4,19.39,37.59,7.6,756.5333333,80.66666667,2.666666667,40,4.5
110,10,22.53333333,39.52666667,20.79,41.1,22.29,38.5,20.29,36.79,20.6,45.32333333,8.226666667,42.66333333,20.32333333,35.09,23.85666667,39.2,19.39,37.59,7.5,756.5666667,80.83333333,2.333333333,40,4.45
90,10,22.6,39.32666667,20.79,40.9,22.29,38.4,20.29,36.76,20.73,44.42333333,8.066666667,43.22666667,20.46333333,35.16333333,23.79,39.06,19.46333333,37.59,7.4,756.6,81,2,40,4.4
90,20,22.6,39.16333333,20.79,40.66333333,22.29,38.4,20.29,36.7,20.79,43.83,7.866666667,43.76666667,20.5,35.23,23.79,39,19.46333333,37.59,7.33,756.6333333,81.5,2,40,4.4
90,20,22.6,39.03,20.79,40.46333333,22.29,38.29,20.29,36.7,20.76,43.66666667,7.69,45.25666667,20.5,35.29,23.76,39.26666667,19.39,37.5,7.27,756.6666667,82,2,40,4.4
90,30,22.63333333,38.86333333,20.79,40.36333333,22.29,38.23,20.29,36.7,20.63333333,44.53333333,7.623333333,45.86333333,20.6,35.59,23.7,39.46666667,19.39,37.5,7.2,756.7,82.5,2,40,4.4
80,40,22.7,38.65666667,20.79,40.15666667,22.29,38.16333333,20.32333333,37.36,20.46333333,45.15666667,7.59,46.3,20.6,35.59,23.6,39.645,19.46333333,37.56,7.13,756.7333333,83,2,40,4.4
80,30,22.63333333,38.36333333,20.79,39.96666667,22.29,38.09,20.53,38.3,20.315,45.4975,7.59,46.89333333,20.5,35.62666667,23.6,39.86,19.39,37.5,7.07,756.7666667,83.5,2,40,4.4
60,30,22.7,38.29,20.79,39.9,22.2,38.03,21.02333333,38.96666667,20.29,45.76,7.5,48.02666667,20.5,35.83333333,23.6,40.13333333,19.39,37.5,7,756.8,84,2,40,4.4
70,20,22.6,38.23,20.7,40.03,22.2,38.09,21.62333333,38.76666667,20.2,46.22666667,7.5,49.02666667,20.5,36.03,23.56666667,40.5,19.39,37.56,6.82,756.8333333,84.5,2,38.16666667,4.3
50,30,22.6,38.29,20.63333333,40.09,22.1,38.12666667,22.23333333,38.56,20.2,46.69333333,7.366666667,49.93333333,20.5,36.22333333,23.5,40.9,19.42666667,37.96333333,6.63,756.8666667,85,2,36.33333333,4.2
80,20,22.6,38.4,20.6,40.12666667,22.1,38.2,22.76,38.43333333,20.1,47.06666667,7.3,50.13333333,20.5,36.29,23.5,41.69333333,19.42666667,38.09,6.45,756.9,85.5,2,34.5,4.1
50,20,22.53333333,38.4,20.53333333,40.26,22.1,38.2,23,37.93,20.03333333,47.2,7.06,50,20.5,36.36333333,23.5,41.96666667,19.42666667,38.23,6.27,756.9333333,86,2,32.66666667,4
70,20,22.56666667,38.4,20.445,40.5,22.1,38.2,23,37.73,20,47.43333333,7,50,20.46333333,36.46666667,23.5,42.23,19.5,38.36333333,6.08,756.9666667,86.5,2,30.83333333,3.9
60,20,22.5,38.46666667,20.35666667,40.59,22,38.09,22.89,37.82666667,20,47.56,7.045,50.45,20.39,36.4,23.5,42.49,19.39,38.4,5.9,757,87,2,29,3.8
60,30,22.5,38.53,20.29,40.72333333,22,38.09,22.82333333,37.82666667,20,47.73,7.06,50.59666667,20.39,36.62666667,23.39,42.62666667,19.39,38.475,5.9,756.9833333,87,1.833333333,28.5,3.82
50,20,22.42666667,38.53,20.2,40.73,22,38.2,22.79,37.82666667,19.92666667,47.86333333,6.933333333,50.99,20.39,36.7,23.39,42.76,19.39,38.5,5.9,756.9666667,87,1.666666667,28,3.83
40,10,22.46333333,38.59,20.2,40.86333333,22,38.2,22.73,37.9,19.89,48,6.763333333,51.53,20.39,36.7,23.29,42.93333333,19.39,38.59,5.9,756.95,87,1.5,27.5,3.85
20,0,22.39,38.6175,20.1,40.93333333,22.06666667,38.26,22.65,37.845,19.89,48.06,6.69,52.19666667,20.39,36.795,23.29,43.06,19.39,38.59,5.9,756.9333333,87,1.333333333,27,3.87
50,0,22.32333333,38.9,20.1,41.06,22.06666667,38.26,22.56666667,37.56,19.89,48.2,6.69,52.43,20.39,36.96666667,23.2,43.5,19.39,38.73,5.9,756.9166667,87,1.166666667,26.5,3.88
50,0,22.29,39.2,20,41.2,22.1,38.43333333,22.42666667,37.43333333,19.89,48.26,6.69,52.43,20.39,37.09,23.2,43.83333333,19.39,38.86333333,5.9,756.9,87,1,26,3.9
50,0,22.29,39.2,20,41.2,22.1,38.5,22.35666667,37.29,19.79,48.2,6.623333333,52.56666667,20.39,37.09,23.1,44.23,19.39,39.09,5.98,756.9,86.5,1.166666667,26.5,3.9
50,0,22.29,39.2,19.89,41.29,22.16666667,38.5,22.23,37.23,19.79,48.26,6.623333333,52.96666667,20.39,37.09,23.1,44.49,19.39,39.09,6.07,756.9,86,1.333333333,27,3.9
50,0,22.23,39.12666667,19.82333333,41.29,22.2,38.59,22.1,37.2,19.79,48.29,6.623333333,52.86333333,20.39,37.09,23.06666667,45.12666667,19.39,39.36,6.15,756.9,85.5,1.5,27.5,3.9
60,0,22.2,39.09,19.76,41.32666667,22.2,38.66333333,22.03333333,37.2,19.73,48.29,6.623333333,52.59666667,20.39,37.2,23.06666667,45.4,19.39,39.56,6.23,756.9,85,1.666666667,28,3.9
50,0,22.2,39.09,19.7,41.4,22.2,38.7,21.96333333,37.23,19.7,48.29,6.59,52.65666667,20.39,37.2,23,45.4,19.42666667,39.76666667,6.32,756.9,84.5,1.833333333,28.5,3.9
60,0,22.2,39,19.66666667,41.36333333,22.26,38.76,21.89,37.29,19.7,48.29,6.53,52.86333333,20.39,37.4,23,45.6,19.42666667,39.96666667,6.4,756.9,84,2,29,3.9
50,0,22.13333333,39,19.6,41.36333333,22.29,38.79,21.79,37.2,19.7,48.29,6.59,53.12666667,20.39,37.4,23,45.8,19.5,40.12666667,6.27,756.8666667,85.16666667,1.833333333,27.83333333,3.95
50,0,22.1,39,19.6,41.36333333,22.29,38.79,21.73,37.2,19.7,48.32666667,6.53,53.33333333,20.39,37.5,22.96333333,46.06666667,19.42666667,40.26,6.13,756.8333333,86.33333333,1.666666667,26.66666667,4
50,0,22.03333333,38.93333333,19.53333333,41.29,22.29,38.79,21.66666667,37.16333333,19.7,48.4,6.466666667,53.82666667,20.39,37.56,22.89,46.2,19.39,40.4,6,756.8,87.5,1.5,25.5,4.05
50,0,22,38.86333333,19.5,41.29,22.29,38.86333333,21.6,37.09,19.7,48.4,6.333333333,54.36,20.39,37.59,22.89,46.36,19.39,40.46666667,5.87,756.7666667,88.66666667,1.333333333,24.33333333,4.1
50,0,22,38.86333333,19.5,41.29,22.29,38.9,21.5,37.09,19.7,48.4,6.3,54.9,20.39,37.59,22.82333333,46.5,19.46333333,40.66333333,5.73,756.7333333,89.83333333,1.166666667,23.16666667,4.15
50,0,22,38.9,19.39,41.245,22.35666667,38.9,21.5,37.09,19.7,48.4,6.4,54.96666667,20.39,37.7,22.89,46.59,19.46333333,40.72333333,5.6,756.7,91,1,22,4.2
50,0,21.92666667,38.82666667,19.39,41.29,22.39,38.93333333,21.39,37.09,19.63333333,48.32666667,6.4,54.82666667,20.46333333,37.83333333,22.82333333,46.53,19.5,40.79,5.58,756.6833333,91,1,29.16666667,4.2
60,0,21.89,38.79,19.32333333,41.29,22.39,39,21.32333333,37.16333333,19.6,48.29,6.433333333,54.59,20.5,37.76,22.79,46.53,19.5,40.8725,5.57,756.6666667,91,1,36.33333333,4.2
60,0,21.89,38.79,19.29,41.36333333,22.39,38.9,21.29,37.2,19.6,48.36333333,6.433333333,54.53,20.42666667,37.7,22.79,46.53,19.5,40.96666667,5.55,756.65,91,1,43.5,4.2
50,0,21.89,38.79,19.29,41.36333333,22.39,38.96666667,21.29,37.2,19.6,48.4,6.366666667,54.83,20.46333333,37.7,22.79,46.4,19.5,41.03,5.53,756.6333333,91,1,50.66666667,4.2
40,0,21.815,38.7225,19.26,41.5,22.39,38.9,21.26,37.26,19.6,48.4,6.3,55.29666667,20.39,37.7,22.79,46.32666667,19.5,41.09,5.52,756.6166667,91,1,57.83333333,4.2
50,0,21.79,38.7,19.2,41.5,22.39,38.96666667,21.2,37.2,19.6,48.4,6.3,55.5,20.39,37.9,22.79,46.16333333,19.5,41.23,5.5,756.6,91,1,65,4.2
50,0,21.79,38.73,19.16666667,41.53,22.39,39,21.13333333,37.2,19.53333333,48.4,6.226666667,55.56,20.5,38.09,22.73,46.09,19.5,41.29,5.42,756.5833333,91.33333333,1,65,4.15
50,0,21.79,38.79,19.1,41.66333333,22.4175,39.0225,21.1,37.2,19.6,48.4,6.19,55.82666667,20.5,38.03,22.7,46.06,19.5,41.4,5.33,756.5666667,91.66666667,1,65,4.1
50,0,21.7,38.79,19.1,41.7,22.42666667,39.03,21.1,37.26,19.53333333,48.4,6.123333333,55.9,20.5,38.12666667,22.7,45.93333333,19.5,41.4,5.25,756.55,92,1,65,4.05
50,0,21.7,38.79,19.03333333,41.62666667,22.39,39,21,37.2,19.5,48.4,6.09,56.09666667,20.5,38.12666667,22.7,45.79,19.53333333,41.5,5.17,756.5333333,92.33333333,1,65,4
50,0,21.7,38.79,19,41.7,22.46333333,39.06,21,37.2,19.5,48.4,6.09,56.36333333,20.39,38.09,22.7,45.79,19.53333333,41.56,5.08,756.5166667,92.66666667,1,65,3.95
40,0,21.7,38.79,19,41.7,22.5,39.09,21,37.2,19.5,48.4,6.09,56.29,20.46333333,38.09,22.63333333,45.59,19.6,41.59,5,756.5,93,1,65,3.9
20,0,21.6,38.7,18.89,41.79,22.5,39.03,21,37.2,19.5,48.4,6.09,56.23,20.5,38.09,22.63333333,45.46333333,19.53333333,41.59,5.07,756.45,92.66666667,1.166666667,65,3.92
30,0,21.6,38.7,18.89,41.79,22.46333333,39.06,20.89,37.2,19.5,48.345,6.03,56.22666667,20.5,38.09,22.6,45.26,19.6,41.62666667,5.13,756.4,92.33333333,1.333333333,65,3.93
30,0,21.6,38.7,18.89,41.93333333,22.39,39,20.89,37.26,19.5,48.29,6.03,56.5,20.39,37.96666667,22.6,45.2,19.6,41.7,5.2,756.35,92,1.5,65,3.95
50,0,21.53333333,38.7,18.89,42,22.35666667,39,20.89,37.2,19.5,48.29,5.95,56.645,20.39,37.96666667,22.6,45.2,19.6,41.73,5.27,756.3,91.66666667,1.666666667,65,3.97
50,0,21.5,38.7,18.85666667,42,22.29,39.06,20.82333333,37.12666667,19.5,48.29,6,56.82666667,20.5,38.2,22.6,45.16333333,19.6,41.79,5.33,756.25,91.33333333,1.833333333,65,3.98
60,0,21.5,38.7,18.79,42,22.29,39.09,20.79,37.09,19.5,48.29,6,56.9,20.42666667,38.2,22.6,45.16333333,19.6,41.79,5.4,756.2,91,2,65,4
60,0,21.5,38.73,18.79,42.045,22.29,39.09,20.79,37.09,19.46333333,48.26,5.966666667,56.86,20.42666667,38.2,22.56666667,45.09,19.6,41.79,5.42,756.2,90.66666667,2,65,3.97
50,0,21.5,38.73,18.76,42.12666667,22.29,39.09,20.79,37.09,19.39,48.2,5.9,57,20.42666667,38.12666667,22.5,45.03,19.6,41.9,5.43,756.2,90.33333333,2,65,3.93
50,0,21.5,38.73,18.7,42.2,22.35666667,39.09,20.73,37.09,19.42666667,48.23,5.9,57.23,20.46333333,38.22333333,22.5,44.86333333,19.6,41.9,5.45,756.2,90,2,65,3.9
50,0,21.42666667,38.73,18.7,42.23,22.39,39.12666667,20.76,37.09,19.5,48.29,5.9,57.43,20.46333333,38.16333333,22.5,44.79,19.6,41.96666667,5.47,756.2,89.66666667,2,65,3.87
50,0,21.39,38.7,18.7,42.29,22.39,39.2,20.7,37.09,19.39,48.09,5.9,57.53,20.46333333,38.16333333,22.39,44.66333333,19.6,42,5.48,756.2,89.33333333,2,65,3.83
50,0,21.39,38.7,18.7,42.29,22.39,39.12666667,20.7,37.09,19.39,48.16333333,5.9,57.72333333,20.39,38.16333333,22.39,44.59,19.6,42,5.5,756.2,89,2,65,3.8
80,0,21.39,38.8,18.63333333,42.23,22.39,39.2,20.7,37.09,19.39,48.09,5.866666667,58,20.39,38.2,22.39,44.53,19.6,42.03,5.52,756.2166667,88.83333333,2,65,3.78
50,0,21.39,39.23,18.6,42.56666667,22.29,38.93,20.63333333,37.03,19.39,48.09,5.8,58.06,20.39,38.2,22.39,44.53,19.6,42.09,5.53,756.2333333,88.66666667,2,65,3.77
50,10,21.39,39.49,18.6,42.9,22.29,38.695,20.6,37,19.39,48.2,5.8,58.23,20.39,38.12666667,22.39,44.53,19.6,42.09,5.55,756.25,88.5,2,65,3.75
70,0,21.39,39.52666667,18.6,43.15666667,22.23,38.53,20.6,37,19.39,48.2,5.8,58.29,20.39,38.19333333,22.39,44.59,19.6,42.09,5.57,756.2666667,88.33333333,2,65,3.73
60,0,21.39,39.46666667,18.6,43.36333333,22.2,38.43333333,20.6,37,19.365,48.2,5.8,58.56666667,20.39,38.4,22.35666667,44.7,19.6,42.16333333,5.58,756.2833333,88.16666667,2,65,3.72
100,0,21.39,39.4,18.56666667,43.53,22.2,38.43333333,20.6,37,19.35666667,48.2,5.8,58.9,20.5,38.72666667,22.29,44.76,19.6,42.16333333,5.6,756.3,88,2,65,3.7
60,0,21.39,39.52666667,18.5,43.59,22.2,38.4,20.6,37.03,19.39,48.23,5.9,59.26,20.5,38.93333333,22.35666667,45.12666667,19.6,42.26,5.72,756.35,87.5,1.833333333,57.5,3.75
50,0,21.39,39.73,18.6,43.79,22.13333333,38.32666667,20.6,37.03,19.39,48.23,5.966666667,59.33333333,20.5,38.76,22.35666667,45.12666667,19.6,42.2,5.83,756.4,87,1.666666667,50,3.8
40,0,21.39,39.93,18.6,43.93,22.2,38.4,20.56666667,37.09,19.39,48.245,6.045,59.59,20.42666667,38.5,22.29,44.6,19.6,42.06,5.95,756.45,86.5,1.5,42.5,3.85
40,0,21.39,40.09,18.56666667,44.12666667,22.2,38.4,20.5,37.09,19.39,48.23,6.226666667,59.5,20.46333333,38.19333333,22.23,44.06666667,19.6,42,6.07,756.5,86,1.333333333,35,3.9
30,0,21.39,40.09,18.56666667,44.12666667,22.16666667,38.5,20.5,37.09,19.39,48.29,6.366666667,59.43333333,20.39,37.86,22.2,43.55,19.56666667,41.86333333,6.18,756.55,85.5,1.166666667,27.5,3.95
30,0,21.29,40,18.5,44.09,22.1,38.5,20.5,37.09,19.32333333,48.29,6.5,59.36333333,20.39,37.66333333,22.2,43.22333333,19.5,41.73,6.3,756.6,85,1,20,4
40,0,21.29,40,18.5,44.03,22.1,38.4,20.5,37.09,19.32333333,48.29,6.5,59.23,20.39,37.53,22.2,43.03,19.5,41.56,6.33,756.6166667,84.66666667,1.333333333,20.33333333,3.97
20,0,21.29,39.93333333,18.55,44,22.1,38.4,20.5,37.09,19.39,48.29,6.59,59.06,20.32333333,37.36333333,22.16666667,42.86333333,19.5,41.43333333,6.37,756.6333333,84.33333333,1.666666667,20.66666667,3.93
60,0,21.29,39.93333333,18.5,43.9,22.06666667,38.36333333,20.42666667,37.12666667,19.32333333,48.29,6.656666667,58.8,20.39,37.23,22.1,42.73,19.5,41.26,6.4,756.65,84,2,21,3.9
50,0,21.29,39.93333333,18.5,43.9,22,38.29,20.5,37.2,19.29,48.29,6.833333333,58.36333333,20.39,37.06,22.1,42.56,19.5,41.095,6.43,756.6666667,83.66666667,2.333333333,21.33333333,3.87
60,20,21.29,39.93333333,18.53333333,43.79,22,38.29,20.46333333,37.16333333,19.29,48.29,6.9,57.95666667,20.32333333,36.93333333,22.1,42.43333333,19.5,41,6.47,756.6833333,83.33333333,2.666666667,21.66666667,3.83
60,20,21.2,39.9,18.53333333,43.79,22,38.29,20.46333333,37.22333333,19.29,48.29,7.03,57.42333333,20.29,36.76,22.1,42.36333333,19.5,40.86333333,6.5,756.7,83,3,22,3.8
60,20,21.2,39.9,18.6,43.76,22,38.29,20.745,37.395,19.29,48.23,7.156666667,56.83,20.29,36.7,22.1,42.29,19.5,40.73,6.58,756.7333333,82.33333333,2.833333333,22.33333333,3.77
60,30,21.2,39.9,18.6,43.76,22,38.29,20.82333333,37.56666667,19.29,48.2,7.333333333,56.05666667,20.29,36.59,22.06666667,42.16333333,19.5,40.66333333,6.67,756.7666667,81.66666667,2.666666667,22.66666667,3.73
60,20,21.2,39.86333333,18.6,43.7,22,38.29,20.89,37.76,19.29,48.2,7.466666667,55.13,20.29,36.4,22,42.03,19.42666667,40.46333333,6.75,756.8,81,2.5,23,3.7
70,20,21.2,39.79,18.6,43.62666667,22,38.23,20.92666667,37.82666667,19.29,48.09,7.563333333,54.29666667,20.29,36.32666667,22,41.9,19.39,40.36333333,6.83,756.8333333,80.33333333,2.333333333,23.33333333,3.67
60,20,21.2,39.79,18.6,43.56,22,38.2,21,37.96666667,19.29,48.09,7.83,53.69666667,20.29,36.26,22,41.82666667,19.39,40.29,6.92,756.8666667,79.66666667,2.166666667,23.66666667,3.63
70,20,21.2,39.79,18.6,43.5,22,38.09,21.03333333,38.15666667,19.29,48,8.166666667,52.7,20.29,36.2,21.89,41.7,19.42666667,40.2,7,756.9,79,2,24,3.6
60,30,21.2,39.79,18.6,43.46666667,22,38.09,21.1,38.29,19.29,48,8.36,50.42666667,20.26,36.06,21.89,41.62666667,19.42666667,40.06666667,7.13,756.9,77.83333333,2.166666667,24,3.5
60,20,21.2,39.79,18.66666667,43.46666667,22,38.06,21.13333333,38.29,19.29,47.9,8.7,48.75,20.2,35.93333333,21.89,41.56,19.42666667,40,7.27,756.9,76.66666667,2.333333333,24,3.4
60,20,21.2,39.79,18.7,43.46666667,22,38,21.2,38.29,19.29,47.9,9.063333333,46.69333333,20.2,35.86333333,21.89,41.5,19.42666667,39.93333333,7.4,756.9,75.5,2.5,24,3.3
60,20,21.2,39.79,18.76,43.4,22,38.06,21.2,38.32666667,19.29,47.79,9.323333333,44.76666667,20.2,35.73,21.89,41.46666667,19.5,39.86333333,7.53,756.9,74.33333333,2.666666667,24,3.2
60,20,21.2,39.76,18.79,43.26,22,38,21.26,38.46666667,19.29,47.7675,9.666666667,42.16333333,20.2,35.66333333,21.89,41.4,19.42666667,39.73,7.67,756.9,73.16666667,2.833333333,24,3.1
70,20,21.2,39.7,18.85666667,43.2,22,38,21.29,38.5,19.29,47.7,9.86,40.63,20.2,35.59,21.85666667,41.26,19.46333333,39.63333333,7.8,756.9,72,3,24,3
70,10,21.2,39.73,18.89,43.09,22,38,21.29,38.5,19.29,47.59,10.1,37.86333333,20.2,35.5,21.79,41.12666667,19.39,39.5,7.93,756.9,71,3.166666667,23.5,2.93
50,0,21.2,39.73,18.89,43.03,22,37.96666667,21.35666667,38.5,19.29,47.59,10.03333333,36.05666667,20.2,35.43333333,21.79,41.09,19.39,39.46666667,8.07,756.9,70,3.333333333,23,2.87
50,0,21.2,39.9,18.89,42.845,22,37.9,21.29,38.36,19.29,47.5,10.16666667,35.26666667,20.2,35.36333333,21.79,40.96666667,19.46333333,39.46666667,8.2,756.9,69,3.5,22.5,2.8
20,0,21.2,39.9,19,42.76,22,37.9,21.29,38.02666667,19.29,47.43333333,10.5,34,20.2,35.23,21.79,40.9,19.39,39.26,8.33,756.9,68,3.666666667,22,2.73
30,0,21.13333333,39.9,19,42.62666667,22,37.82666667,21.23,37.69333333,19.29,47.36333333,10.86666667,31.42666667,20.2,35.16333333,21.79,40.86333333,19.39,39.1725,8.47,756.9,67,3.833333333,21.5,2.67
30,0,21.2,39.82666667,19.13333333,42.46666667,21.96333333,37.9,21.2,37.46666667,19.29,47.29,11,29.36666667,20.2,35.09,21.79,40.73,19.39,39.09,8.6,756.9,66,4,21,2.6
30,0,21.1,39.76,19.2,42.32666667,21.89,37.82666667,21.2,37.32666667,19.29,47.2,11.13,27.82666667,20.2,35,21.76,40.66333333,19.46333333,39.16333333,8.68,756.8666667,65.66666667,4,28.33333333,2.58
60,0,21.1,39.7,19.2,42.16333333,21.89,37.86333333,21.1,37.16333333,19.29,47.12666667,11.32333333,26.9,20.2,35,21.7,40.59,19.39,39.09,8.77,756.8333333,65.33333333,4,35.66666667,2.57
50,0,21.1,39.66333333,19.26,42.03,21.89,37.86333333,21.1,37.0225,19.29,47.09,11.42666667,25.49666667,20.2,34.845,21.76,40.5,19.46333333,39.13333333,8.85,756.8,65,4,43,2.55
60,0,21.1,39.59,19.29,41.96666667,21.89,37.86333333,21.03333333,36.86,19.29,47.03,11.5,24.95666667,20.2,34.79,21.7,40.5,19.39,38.93333333,8.93,756.7666667,64.66666667,4,50.33333333,2.53
50,0,21.1,39.59,19.29,41.82666667,21.89,37.79,21,36.7,19.29,47,11.5,23.76333333,20.2,34.73,21.7,40.4,19.39,38.79,9.02,756.7333333,64.33333333,4,57.66666667,2.52
50,0,21.1,39.56,19.29,41.76,21.89,37.79,21,36.62666667,19.29,46.93333333,11.7,23.29,20.2,34.66333333,21.7,40.32666667,19.39,38.73,9.1,756.7,64,4,65,2.5
40,0,21.1,39.5,19.29,41.7,21.89,37.7,20.96333333,36.56,19.29,46.9,12.03333333,21.36666667,20.2,34.59,21.7,40.29,19.42666667,38.7,9.17,756.65,63.33333333,4.166666667,65,2.43
50,0,21.1,39.4,19.39,41.59,21.89,37.7,20.89,36.5,19.29,46.82666667,12.1725,19.9725,20.2,34.5,21.7,40.23,19.42666667,38.62666667,9.23,756.6,62.66666667,4.333333333,65,2.37
50,0,21.1,39.4,19.39,41.46333333,21.89,37.7,20.89,36.5,19.29,46.79,12.46333333,18.79666667,20.2,34.43333333,21.66666667,40.06,19.39,38.5,9.3,756.55,62,4.5,65,2.3
50,0,21.1,39.4,19.42666667,41.29,21.89,37.7,20.89,36.5,19.29,46.73,12.42666667,18.3,20.2,34.36333333,21.6,40,19.39,38.43333333,9.37,756.5,61.33333333,4.666666667,65,2.23
50,0,21.1,39.32666667,19.5,41.23,21.89,37.66333333,20.79,36.4,19.29,46.66333333,12.5,18.56666667,20.2,34.29,21.6,39.9,19.39,38.36333333,9.43,756.45,60.66666667,4.833333333,65,2.17
50,0,21.1,39.29,19.5,41.09,21.89,37.59,20.79,36.32666667,19.29,46.59,12.66666667,18.39,20.2,34.2,21.6,39.9,19.46333333,38.36333333,9.5,756.4,60,5,65,2.1
50,0,21.1,39.29,19.56666667,41.03,21.89,37.56,20.79,36.29,19.29,46.59,12.72666667,18.26333333,20.2,34.2,21.6,39.86333333,19.39,38.2,9.5,756.3666667,60.5,4.833333333,64.83333333,2.22
60,0,21.1,39.29,19.56666667,40.9,21.89,37.5,20.79,36.29,19.29,46.5,12.42666667,18.83,20.13333333,34.2,21.6,39.79,19.39,38.2,9.5,756.3333333,61,4.666666667,64.66666667,2.33
40,0,21.1,39.23,19.56666667,40.9,21.89,37.5,20.79,36.29,19.29,46.43333333,12.62666667,19.35666667,20.2,34.12666667,21.6,39.79,19.39,38.16333333,9.5,756.3,61.5,4.5,64.5,2.45
50,0,21.03333333,39.12666667,19.6,40.79,21.89,37.5,20.79,36.29,19.29,46.46666667,12.56666667,18.89,20.13333333,34.09,21.6,39.79,19.39,38.09,9.5,756.2666667,62,4.333333333,64.33333333,2.57
50,0,21.1,39.2,19.5,40.79,21.89,37.5,20.76,36.29,19.29,46.4,12.36666667,19.09666667,20.13333333,34.09,21.6,39.79,19.39,38.09,9.5,756.2333333,62.5,4.166666667,64.16666667,2.68
50,0,21.1,39.2,19.5,40.79,21.89,37.5,20.7,36.29,19.29,46.4,11.79333333,19.56,20.1,34.09,21.5,39.7,19.39,38.0225,9.5,756.2,63,4,64,2.8
50,0,21.1,39.2,19.5,40.79,21.89,37.5,20.7,36.29,19.29,46.32666667,11.53333333,19.96,20.1,34.09,21.5,39.7,19.39,38,9.48,756.1833333,63.5,4,63.83333333,2.88
50,0,21.1,39.09,19.5,40.73,21.89,37.5,20.7,36.29,19.29,46.29,11.6,19.95666667,20.1,34.06,21.5,39.7,19.39,38,9.47,756.1666667,64,4,63.66666667,2.97
30,0,21.1,39.09,19.6,40.63333333,21.89,37.4,20.7,36.29,19.29,46.23,11.86,19.95666667,20.1,34,21.5,39.7,19.39,37.93333333,9.45,756.15,64.5,4,63.5,3.05
40,0,21.03333333,39.09,19.6,40.5,21.89,37.4,20.7,36.3725,19.29,46.2,11.76333333,19.93333333,20.16666667,34,21.5,39.59,19.39,37.9,9.43,756.1333333,65,4,63.33333333,3.13
50,0,21.05,39.045,19.56666667,40.5,21.85666667,37.26,20.63333333,36.32666667,19.29,46.12666667,11.63,21,20.1,34,21.5,39.66333333,19.39,37.9,9.42,756.1166667,65.5,4,63.16666667,3.22
90,0,21.03333333,39.03,19.56666667,40.5,21.85666667,37.33333333,20.6,36.4,19.29,46.09,11.8,21.42666667,20.1,34,21.5,40.06666667,19.39,37.86333333,9.4,756.1,66,4,63,3.3
90,0,21,39,19.6,40.5,21.79,37.29,20.6,36.4,19.29,46.03,11.86,21.3,20.1,34,21.56666667,40.26,19.39,37.86333333,9.35,756.1166667,66,4,56.33333333,3.25
130,0,21,39,19.6,40.43333333,21.79,37.4,20.6,36.4,19.29,46,11.95,20.195,20.1,33.93333333,21.73,40.56666667,19.39,37.79,9.3,756.1333333,66,4,49.66666667,3.2
130,0,21,39,19.56666667,40.4,21.79,37.32666667,20.6,36.46666667,19.29,46,11.43333333,20.36666667,20.1,34,21.79,40.7,19.39,37.79,9.25,756.15,66,4,43,3.15
140,0,21,39,19.5,40.46666667,21.79,37.4,20.6,36.8,19.29,46,11.16666667,21.03333333,20.1,34,21.92666667,40.82666667,19.39,37.79,9.2,756.1666667,66,4,36.33333333,3.1
150,0,21,39,19.46333333,40.5,21.79,37.32666667,20.6,37.19333333,19.29,46.06,10.86,22.36333333,20.1,33.96666667,22.06666667,40.96666667,19.39,37.73,9.15,756.1833333,66,4,29.66666667,3.05
140,0,21,39,19.39,40.36,21.79,37.36333333,20.6,37.4,19.29,46.06,10.66666667,23.43,20.1,33.76666667,22.13333333,40.83333333,19.35666667,37.66333333,9.1,756.2,66,4,23,3
130,0,21,38.9,19.35666667,40.16333333,21.79,37.29,20.6,37.6,19.29,45.975,10.43333333,25.96666667,20,33.59,22.2,40.62666667,19.29,37.53,9,756.2,67.5,4,23.33333333,3.2
90,0,21,38.82666667,19.29,40.09,21.79,37.29,20.6,37.46666667,19.29,45.82666667,10.16666667,27.42666667,20,33.53,22.29,40.72666667,19.29,37.46666667,8.9,756.2,69,4,23.66666667,3.4
100,0,20.96333333,38.76,19.29,40,21.79,37.29,20.6,37.32666667,19.29,45.66333333,10.06666667,28.96666667,20,33.73,22.35666667,41,19.29,37.4,8.8,756.2,70.5,4,24,3.6
70,0,20.96333333,38.7,19.29,40,21.7,37.2,20.6,37.06,19.29,45.53,9.926666667,30.36,20,33.86333333,22.5,41,19.29,37.29,8.7,756.2,72,4,24.33333333,3.8
80,0,20.96333333,38.79,19.2,40,21.7,37.26,20.6,37,19.29,45.36333333,9.8,31.76,20,33.96333333,22.5,40.93333333,19.29,37.29,8.6,756.2,73.5,4,24.66666667,4
90,0,20.89,38.79,19.2225,40.1175,21.66666667,37.26,20.6,36.9,19.29,45.29,9.726666667,32.83333333,20,34.16333333,22.5,40.845,19.29,37.2,8.5,756.2,75,4,25,4.2
160,0,21,38.82666667,19.23,40.23,21.6,37.2,20.6,36.9,19.29,45.16333333,9.6,33.69666667,19.96333333,34.32666667,22.53333333,40.86333333,19.29,37.245,8.43,756.2166667,75.5,4,24.66666667,4.25
560,0,21,38.9,19.29,40.2,21.7,37.2,20.53333333,36.9,19.29,45.03,9.533333333,34.29666667,19.89,34.46666667,22.53333333,40.73,19.29,37.2,8.37,756.2333333,76,4,24.33333333,4.3
390,0,21.03333333,40.66666667,19.29,40.26,21.7,37.2,20.53333333,36.9,19.29,45,9.36,35.39333333,20,34.65666667,22.5,40.59,19.23,37.2,8.3,756.25,76.5,4,24,4.35
190,0,21.16666667,46.46,19.42666667,41.29666667,21.73,37.2,20.5,36.845,19.29,45.06,9.226666667,36.26666667,20,34.86333333,22.5,40.53,19.23,37.2,8.23,756.2666667,77,4,23.66666667,4.4
80,10,21.39,48.33333333,19.56666667,42.69666667,21.79,37.33333333,20.5,36.79,19.29,45.39,9.126666667,36.86,20,35.06666667,22.56666667,40.4,19.26,37.26,8.17,756.2833333,77.5,4,23.33333333,4.45
90,10,21.46333333,46.4,19.73,43.5,21.89,38.13333333,20.5,36.79,19.23,45.72333333,8.926666667,37.13333333,20,35.025,22.5,40.12666667,19.2,37.2,8.1,756.3,78,4,23,4.5
90,0,21.5,44.995,19.79,43.5,21.89,38.52666667,20.39,36.73,19.23,46.09666667,8.733333333,38.16666667,20,34.9,22.53333333,40.2,19.2,37.2,8,756.3166667,78.83333333,3.833333333,22.66666667,4.53
80,0,21.6,43.39333333,19.92666667,43.4,21.92666667,38.73,20.39,36.73,19.29,46.29,8.4975,39.5225,19.92666667,34.76,22.53333333,40.2,19.2,37.2,7.9,756.3333333,79.66666667,3.666666667,22.33333333,4.57
100,0,21.6,42.66666667,20.06666667,43.12666667,22,38.7225,20.39,36.7,19.29,46.36333333,8.256666667,41.13,20,34.62666667,22.5,40.2,19.2,37.2,7.8,756.35,80.5,3.5,22,4.6
100,10,21.7,42.03333333,20.1,42.69333333,22,38.62666667,20.39,36.76,19.29,46.23,8.066666667,42.53333333,20.09666667,36.66666667,22.56666667,40.26,19.2,37.2,7.7,756.3666667,81.33333333,3.333333333,21.66666667,4.63
120,0,21.7,41.42666667,20.16666667,42.3,22,38.52666667,20.39,36.79,19.29,45.96666667,7.933333333,43.66666667,20.43,37.13333333,22.53333333,40.46333333,19.2,37.23,7.6,756.3833333,82.16666667,3.166666667,21.33333333,4.67
100,10,21.79,41.02666667,20.23,41.9,22.06666667,38.46666667,20.39,36.79,19.43,45.82666667,7.763333333,44.82333333,20.39,36.6,22.6,40.59,19.2,37.29,7.5,756.4,83,3,21,4.7
100,10,21.85666667,40.76666667,20.29,41.76666667,22.13333333,38.33333333,20.39,36.79,20.16666667,71.76666667,7.69,45.89666667,20.32333333,36.32666667,22.6,40.7,19.2,37.29,7.38,756.4,84.16666667,2.833333333,20.83333333,4.78
100,30,22,40.52666667,20.42666667,41.59,22.2,38.2,20.39,36.93,20.56666667,69.76666667,7.69,47.25666667,20.26,36.12666667,22.6,40.7,19.2,37.29,7.27,756.4,85.33333333,2.666666667,20.66666667,4.87
100,30,22.06666667,40.32666667,20.5,41.46333333,22.2,38.16333333,20.42666667,37.69666667,20.55,64.89,7.623333333,47.86333333,20.32666667,36.92666667,22.6,40.82666667,19.2,37.4,7.15,756.4,86.5,2.5,20.5,4.95
90,20,22.1,40.02666667,20.6,41.06,22.2,38.09,20.5,38.29666667,20.35666667,62.16333333,7.59,49,20.63333333,37.36333333,22.6,40.9,19.2,37.4,7.03,756.4,87.66666667,2.333333333,20.33333333,5.03
80,20,22.16666667,39.82666667,20.6,40.86,22.2,38,20.6,38.62666667,20.23,60.09,7.53,49.73333333,20.7,37.23,22.6,41.15666667,19.2,37.43333333,6.92,756.4,88.83333333,2.166666667,20.16666667,5.12
110,0,22.2,39.66333333,20.6,40.76,22.2,38,20.66666667,38.9,20.2,61.86666667,7.5,50.86,20.6,37.23,22.6,41.43,19.2,37.5,6.8,756.4,90,2,20,5.2
80,0,22.2,39.53,20.625,40.795,22.2,37.9,20.79,38.96666667,20.86666667,79.8,7.5,51.86,20.53333333,37.36333333,22.6,41.62666667,19.16666667,37.53,6.75,756.35,90.5,2.166666667,26.83333333,5.23
110,0,22.29,39.62666667,20.63333333,40.82666667,22.26,37.96666667,20.73,38.9,21.13333333,82.95666667,7.5,53.13,20.5,37.32666667,22.675,41.85,19.1,37.59,6.7,756.3,91,2.333333333,33.66666667,5.27
100,0,22.29,39.62666667,20.6,40.76,22.23,37.93333333,20.7,38.79,20.92666667,80.56333333,7.433333333,53.99666667,20.5,37.4,22.7,42.02666667,19.1,37.59,6.65,756.25,91.5,2.5,40.5,5.3
90,0,22.29,39.5,20.6,40.7,22.23,37.93333333,20.7,38.79,20.66666667,78.49666667,7.263333333,54.89333333,20.46333333,37.29,22.63333333,42.26666667,19.1,37.7,6.6,756.2,92,2.666666667,47.33333333,5.33
90,0,22.29,39.43333333,20.56666667,40.73,22.2,37.9,20.7,38.79,20.53333333,76.69,7.19,56.22666667,20.39,37.29,22.63333333,42.4,19.1,37.7,6.55,756.15,92.5,2.833333333,54.16666667,5.37
70,10,22.29,39.46333333,20.5,41.06333333,22.2,37.9,20.7,38.82666667,20.6,64.43,7.09,57.29333333,20.39,37.36333333,22.7,42.73,19.1,37.73,6.5,756.1,93,3,61,5.4
80,10,22.29,39.59,20.5,41.46333333,22.2,38.03,20.7,38.9,20.66666667,58.09666667,7.0225,58.2225,20.39,37.2225,22.7,42.86333333,19.1,37.79,6.5,756.05,93,3,60,5.42
50,0,22.29,39.73,20.42666667,41.59,22.2,38.09,20.7,39.09,20.66666667,54.29,7,59.06333333,20.39,37.26,22.7,43.36,19.13333333,38.03,6.5,756,93,3,59,5.43
50,0,22.29,39.7675,20.35666667,41.53,22.1,38.12666667,20.7,39.03,20.6,52.89666667,6.966666667,59.69666667,20.32333333,37.29,22.7,43.69333333,19.2,38.76333333,6.5,755.95,93,3,58,5.45
70,0,22.29,39.7,20.29,41.66333333,22.1,38.2,20.6,39,20.46333333,53.33,6.9,60.49666667,20.39,37.36333333,22.7,44.06666667,19.2,39.09666667,6.5,755.9,93,3,57,5.47
60,0,22.2,39.59,20.29,41.7,22.1,38.26,20.6,39,20.32333333,53.79666667,6.9,61.15666667,20.39,37.46333333,22.7,44.2,19.2,39.43,6.5,755.85,93,3,56,5.48
50,0,22.2,39.53,20.23,41.7,22,38.2,20.6,38.9,20.29,54.12666667,6.9,61.56333333,20.39,37.66333333,22.7,44.32666667,19.2,39.62666667,6.5,755.8,93,3,55,5.5
50,0,22.2,39.5,20.16666667,41.79,22,38.2,20.53333333,38.9,20.23,54.2,6.866666667,62.19333333,20.35666667,37.82666667,22.7,44.46666667,19.2,39.76,6.47,755.7833333,93.5,3,53.33333333,5.53
50,0,22.2,39.5,20.1,41.79,22,38.23,20.5,38.9,20.2,54.2,6.8,62.6,20.35666667,37.9,22.7,44.65666667,19.29,40.03,6.43,755.7666667,94,3,51.66666667,5.57
50,0,22.1,39.5,20,41.79,22,38.23,20.5,38.82666667,20.2,54.2,6.9,63.12666667,20.32333333,37.9,22.7,44.86333333,19.23,40.09,6.4,755.75,94.5,3,50,5.6
40,0,22.1,39.56,20,41.79,22,38.29,20.46333333,38.76,20.1,54.145,6.9,63.12666667,20.32333333,37.96666667,22.7,45.12666667,19.26,40.2,6.37,755.7333333,95,3,48.33333333,5.63
60,0,22.1,39.59,19.89,41.82666667,22,38.29,20.39,38.7,20.1,54,6.9,63.66666667,20.39,38.15666667,22.7,45.26,19.26,40.33333333,6.33,755.7166667,95.5,3,46.66666667,5.67
60,0,22.03333333,39.53,19.89,41.96666667,21.92666667,38.29,20.39,38.7,20.1,53.93333333,6.833333333,64.06,20.39,38.36333333,22.66666667,45.26,19.29,40.53,6.3,755.7,96,3,45,5.7
60,0,22,39.5,19.79,41.93333333,22,38.29,20.39,38.7,20,53.66333333,6.866666667,64.46333333,20.39,38.5,22.6,45.2,19.29,40.66333333,6.3,755.6666667,96,3,43.66666667,5.7
60,0,22,39.5,19.7225,42,22,38.29,20.39,38.7,20,53.53,6.726666667,64.73,20.39,38.63333333,22.56666667,45.2,19.29,40.82666667,6.3,755.6333333,96,3,42.33333333,5.7
50,0,22,39.5,19.63333333,41.93333333,22,38.29,20.39,38.7,19.96333333,53.36333333,6.69,65.35666667,20.39,38.73,22.5,45.4,19.29,41.07,6.3,755.6,96,3,41,5.7
50,0,21.92666667,39.5,19.6,42,22,38.29,20.35666667,38.7,19.96333333,53.23,6.69,65.89666667,20.39,38.73,22.445,45.7,19.29,41.26,6.3,755.5666667,96,3,39.66666667,5.7
40,0,21.89,39.5,19.53333333,42,22,38.36333333,20.29,38.7,19.89,52.96666667,6.69,66.49666667,20.39,38.59,22.46333333,46.15666667,19.29,41.43333333,6.3,755.5333333,96,3,38.33333333,5.7
30,0,21.89,39.5,19.5,42,22.1,38.5,20.29,38.7,19.89,52.9,6.69,66.9975,20.39,38.59,22.39,46.43,19.29,41.63333333,6.3,755.5,96,3,37,5.7
30,0,21.85666667,39.46666667,19.42666667,41.93333333,22.1,38.5,20.29,38.7,19.89,52.7,6.69,67.36666667,20.39,38.59,22.39,46.76666667,19.29,41.93333333,6.3,755.45,95.83333333,3.166666667,38.66666667,5.68
40,0,21.79,39.4,19.39,41.93333333,22.1,38.5,20.29,38.62666667,19.89,52.62666667,6.69,67.89666667,20.39,38.695,22.39,46.96666667,19.35666667,42.06,6.3,755.4,95.66666667,3.333333333,40.33333333,5.67
50,0,21.79,39.4,19.39,42,22.1,38.5,20.29,38.59,19.79,52.29,6.69,68.29666667,20.39,38.86333333,22.39,47.26666667,19.35666667,42.32666667,6.3,755.35,95.5,3.5,42,5.65
60,0,21.79,39.4,19.35666667,42.03,22.13333333,38.59,20.29,38.59,19.79,52.23,6.763333333,69.03333333,20.39,39,22.39,47.4,19.35666667,42.4,6.3,755.3,95.33333333,3.666666667,43.66666667,5.63
50,0,21.73,39.4,19.29,42.09,22.2,38.59,20.29,38.59,19.76,52.06,6.69,69.49333333,20.46333333,39.13333333,22.39,47.5,19.39,42.5,6.3,755.25,95.16666667,3.833333333,45.33333333,5.62
50,0,21.7,39.4,19.26,42.16333333,22.2,38.66333333,20.23,38.53,19.76,52,6.69,69.83333333,20.39,39.12666667,22.32333333,47.56,19.39,42.56,6.3,755.2,95,4,47,5.6
60,0,21.7,39.4,19.2,42.09,22.2,38.7,20.2,38.5,19.76,51.86333333,6.69,70.02666667,20.39,39.2,22.35666667,47.65666667,19.39,42.62666667,6.27,755.1166667,95.33333333,4,45.66666667,5.6
50,0,21.7,39.43333333,19.2,42.2,22.2,38.7,20.2,38.5,19.7,51.73,6.656666667,70.22666667,20.39,39.26666667,22.29,47.86333333,19.39,42.7,6.23,755.0333333,95.66666667,4,44.33333333,5.6
50,0,21.63333333,39.5,19.13333333,42.26,22.29,38.79,20.2,38.5,19.7,51.59,6.59,70.43333333,20.39,39.4,22.29,47.9,19.39,42.79,6.2,754.95,96,4,43,5.6
50,0,21.6,39.5,19.1,42.32666667,22.23,38.79,20.2,38.5,19.7,51.53,6.59,70.72666667,20.39,39.43333333,22.29,47.96666667,19.39,42.86333333,6.17,754.8666667,96.33333333,4,41.66666667,5.6
50,0,21.6,39.5,19.1,42.46666667,22.29,38.82666667,20.2,38.5,19.7,51.4,6.59,70.86666667,20.39,39.63333333,22.29,47.96666667,19.39,43,6.13,754.7833333,96.66666667,4,40.33333333,5.6
60,0,21.5,39.5,19.06666667,42.46666667,22.29,38.9,20.2,38.5,19.7,51.3175,6.56,71.03,20.39,39.79,22.29,47.82666667,19.39,43,6.1,754.7,97,4,39,5.6
60,0,21.5,39.56,19,42.46666667,22.29,38.9,20.1,38.56,19.7,51.23,6.56,71.15666667,20.46333333,39.86333333,22.23,47.7,19.5,43.09,6.1,754.6333333,97,4.166666667,38.66666667,5.6
50,0,21.5,39.53,19,42.5,22.29,38.9,20.1,38.56,19.66666667,51.06,6.56,71.36666667,20.46333333,39.86333333,22.23,47.62666667,19.5,43.09,6.1,754.5666667,97,4.333333333,38.33333333,5.6
60,0,21.5,39.59,18.9175,42.5675,22.29,38.9,20.1,38.59,19.6,51,6.5,71.56,20.39,39.79,22.2,47.56,19.5,43.2,6.1,754.5,97,4.5,38,5.6
50,0,21.39,39.5,18.89,42.59,22.35666667,38.96666667,20.1,38.59,19.6,50.96666667,6.5,71.76,20.46333333,39.93,22.2,47.43333333,19.5,43.2225,6.1,754.4333333,97,4.666666667,37.66666667,5.6
50,0,21.39,39.5,18.89,42.7,22.29,38.96666667,20.1,38.59,19.6,50.9,6.5,71.9975,20.39,39.79,22.2,47.33333333,19.5,43.36333333,6.1,754.3666667,97,4.833333333,37.33333333,5.6
50,0,21.39,39.5,18.89,42.76,22.35666667,38.96666667,20.1,38.59,19.6,50.76,6.5,72.15666667,20.39,39.79,22.2,47.12666667,19.46333333,43.4,6.1,754.3,97,5,37,5.6
60,0,21.39,39.5,18.85666667,42.76,22.39,38.96666667,20.1,38.59,19.6,50.7,6.5,72.33333333,20.39,39.73,22.2,47,19.46333333,43.46666667,6.13,754.2333333,96.66666667,5,37.33333333,5.6
50,0,21.39,39.5,18.79,42.76,22.39,38.96666667,20.06666667,38.56,19.6,50.59,6.5,72.4,20.39,39.7,22.2,47,19.39,43.4,6.17,754.1666667,96.33333333,5,37.66666667,5.6
60,0,21.39,39.5,18.76,42.82666667,22.39,39,20,38.5,19.6,50.53,6.5,72.59,20.39,39.7,22.2,47.06,19.46333333,43.46666667,6.2,754.1,96,5,38,5.6
50,0,21.35666667,39.5,18.76,42.9,22.39,39,20,38.56,19.5,50.46666667,6.5,72.65666667,20.39,39.83333333,22.1,47,19.42666667,43.43333333,6.23,754.0333333,95.66666667,5,38.33333333,5.6
50,0,21.29,39.5,18.7,43,22.39,39,20,38.5,19.5,50.4,6.5,72.69,20.39,40,22.1,47,19.5,43.56,6.27,753.9666667,95.33333333,5,38.66666667,5.6
50,0,21.29,39.59,18.7,43,22.39,39,20,38.5,19.5,50.29,6.5,72.76333333,20.39,39.93333333,22.1,46.96666667,19.46333333,43.59,6.3,753.9,95,5,39,5.6
40,0,21.2,39.5,18.7,43.09,22.39,39,20,38.56,19.5,50.23,6.5,72.8,20.39,40,22.1,46.9,19.46333333,43.59,6.27,753.85,95,5.166666667,38.83333333,5.57
60,0,21.2,39.5,18.63333333,43.09,22.39,39,20,38.53,19.5,50.2,6.433333333,72.8,20.39,40,22.1,46.79,19.5,43.59,6.23,753.8,95,5.333333333,38.66666667,5.53
50,0,21.2,39.5,18.6,43.09,22.39,39,20,38.59,19.5,50.12666667,6.5,72.9,20.39,40,22.1,46.79,19.5,43.66333333,6.2,753.75,95,5.5,38.5,5.5
50,0,21.2,39.5,18.6,43.16333333,22.39,39,19.92666667,38.59,19.5,50.23,6.5,72.96666667,20.39,40,22.06666667,46.66333333,19.46333333,43.7,6.17,753.7,95,5.666666667,38.33333333,5.47
40,0,21.2,39.59,18.6,43.2,22.39,39,19.92666667,38.59,19.5,50.23,6.5,72.96333333,20.39,40,22.06666667,46.59,19.39,43.7,6.13,753.65,95,5.833333333,38.16666667,5.43
40,0,21.2,39.59,18.53333333,43.2,22.39,39,19.89,38.59,19.5,50.26,6.5,73.09,20.39,40.19333333,22.1,46.59,19.46333333,43.76,6.1,753.6,95,6,38,5.4
30,0,21.1,39.59,18.5,43.29,22.39,39,19.89,38.59,19.4725,50.095,6.5,73.09,20.39,40.2,22.1,46.53,19.46333333,43.76,6.1,753.5333333,95.33333333,6,38.5,5.43
30,0,21.1,39.59,18.5,43.29,22.35666667,39,19.89,38.59,19.39,50,6.433333333,73.09,20.39,40.26,22.06666667,46.43,19.5,43.79,6.1,753.4666667,95.66666667,6,39,5.47
60,0,21.1,39.59,18.5,43.4,22.29,39,19.89,38.59,19.39,49.96666667,6.4,73.19,20.39,40.26,22,46.29,19.5,43.79,6.1,753.4,96,6,39.5,5.5
40,0,21.1,39.59,18.5,43.4,22.29,39.03,19.89,38.59,19.39,49.9,6.425,73.3225,20.39,40.2,22,46.26,19.5,43.79,6.1,753.3333333,96.33333333,6,40,5.53
60,0,21.1,39.62666667,18.5,43.46666667,22.29,39.09,19.89,38.59,19.39,49.79,6.5,73.5,20.39,40.29,22,46.2,19.5,43.8725,6.1,753.2666667,96.66666667,6,40.5,5.57
50,10,21.1,39.7,18.39,43.4,22.29,39.09,19.89,38.59,19.39,49.79,6.5,73.53,20.39,40.49,22,46.23,19.5,43.96666667,6.1,753.2,97,6,41,5.6
90,0,21,39.73,18.39,43.4,22.29,39.09,19.89,38.59,19.39,49.79,6.5,73.59,20.5,41.26,22,46.29,19.5,43.96666667,6.15,753.2333333,97,6,42.5,5.65
70,10,21,40.12333333,18.39,43.62666667,22.29,38.96666667,19.89,38.845,19.39,49.79,6.53,73.62333333,20.42666667,40.86666667,21.96333333,45.76666667,19.5,43.9,6.2,753.2666667,97,6,44,5.7
60,0,21.1,40.62666667,18.39,43.83333333,22.23,38.82666667,19.89,38.93333333,19.39,49.7,6.53,73.69,20.39,40.19333333,21.89,45.145,19.5,43.76,6.25,753.3,97,6,45.5,5.75
70,0,21.03333333,40.62666667,18.39,43.96666667,22.2,38.66333333,19.89,38.93333333,19.39,49.62666667,6.59,73.69,20.32333333,39.8,21.89,44.69333333,19.5,43.7,6.3,753.3333333,97,6,47,5.8
50,0,21,40.56666667,18.39,43.9,22.13333333,38.53,19.89,38.9,19.39,49.56,6.59,73.69,20.29,39.3,21.79,44.13333333,19.5,43.56,6.35,753.3666667,97,6,48.5,5.85
60,0,21,40.62666667,18.39,44.03,22.06666667,38.36333333,19.89,38.9,19.39,49.5,6.69,73.8,20.29,38.93,21.79,43.86,19.42666667,43.36,6.4,753.4,97,6,50,5.9
40,0,21,40.45,18.39,44.09,22,38.29,19.85666667,38.86333333,19.32333333,49.53,6.69,73.8,20.23,38.65666667,21.79,43.52666667,19.5,43.16333333,6.42,753.4333333,97,6,50.83333333,5.92
50,0,21,40.29,18.39,44.12666667,21.89,38.2,19.79,38.79,19.32333333,49.53,6.726666667,73.8,20.2,38.43,21.79,43.32666667,19.5,42.96333333,6.43,753.4666667,97,6,51.66666667,5.93
50,0,21,40.29,18.39,44.2,21.89,38.09,19.79,38.7,19.39,49.36333333,6.8,73.8,20.2,38.23,21.7,43.06,19.46333333,42.69333333,6.45,753.5,97,6,52.5,5.95
300,10,21,40.43333333,18.39,44.2,21.89,38.09,19.79,38.7,19.32333333,49.29,6.8,73.8,20.2,38.06,21.7,42.93333333,19.39,42.43333333,6.47,753.5333333,97,6,53.33333333,5.97
140,10,21,40.5,18.39,44.2,21.79,38,19.79,38.7,19.39,49.09,6.866666667,73.86666667,20.2,37.93333333,21.66666667,42.86333333,19.39,42.22333333,6.48,753.5666667,97,6,54.16666667,5.98
490,0,21,40.4,18.39,44.06,21.79,38.06,19.79,38.7,19.32333333,49.03,7,73.9,20.16666667,37.86333333,21.6,42.73,19.39,42.03,6.5,753.6,97,6,55,6
370,0,21,40.4,18.39,44.06,21.79,38.09,19.79,38.7,19.29,48.9,7,73.9,20.1,37.79,21.6,42.59,19.39,41.93,6.58,753.6166667,96.83333333,5.833333333,56.16666667,6.07
370,0,20.89,40.7,18.39,44.09,21.79,38.16333333,19.79,38.7,19.29,48.9,7.09,74,20.1,37.7,21.6,42.53,19.46333333,41.86333333,6.67,753.6333333,96.66666667,5.666666667,57.33333333,6.13
210,0,20.89,40.7,18.39,44.22333333,21.79,38.2,19.79,38.82666667,19.29,48.82666667,7.115,74,20.1,37.62666667,21.6,42.46666667,19.39,41.7,6.75,753.65,96.5,5.5,58.5,6.2
60,0,20.89,40.76666667,18.39,44.5,21.79,38.12666667,19.79,38.96666667,19.29,48.76,7.263333333,74.06,20.1,37.59,21.53333333,42.4,19.39,41.62666667,6.83,753.6666667,96.33333333,5.333333333,59.66666667,6.27
70,0,20.89,40.82666667,18.39,44.5,21.79,38.16333333,19.73,39.12666667,19.29,48.62666667,7.53,74.19,20.1,37.53,21.5,42.29,19.39,41.5,6.92,753.6833333,96.16666667,5.166666667,60.83333333,6.33
90,0,20.89,40.66333333,18.445,44.4,21.73,38.09,19.79,39.26,19.29,48.5,7.656666667,74.33,20.1,37.5,21.5,42.29,19.39,41.425,7,753.7,96,5,62,6.4
80,0,20.89,40.59,18.46333333,44.33333333,21.7,38.2,19.79,39.29,19.29,48.5,7.69,74.3,20.1,37.5,21.5,42.26,19.39,41.4,7.08,753.75,95.83333333,4.833333333,62.33333333,6.47
310,0,21,40.5,18.46333333,44.26,21.7,38.2,19.79,39.29,19.29,48.36333333,7.763333333,74.3,20.06666667,37.46666667,21.5,42.2,19.39,41.29,7.17,753.8,95.66666667,4.666666667,62.66666667,6.53
370,0,21,40.43333333,18.5,44.29,21.6,38.09,19.745,39.29,19.29,48.29,7.866666667,74.33333333,20,37.46666667,21.5,42.2,19.39,41.29,7.25,753.85,95.5,4.5,63,6.6
60,0,21,40.43333333,18.5,44.23,21.6,38.16333333,19.7,39.29,19.29,48.2,8.066666667,74.46666667,20,37.5,21.42666667,42.12666667,19.39,41.26,7.33,753.9,95.33333333,4.333333333,63.33333333,6.67
40,0,21,40.5,18.5,44.2,21.66666667,38.16333333,19.7,39.36333333,19.29,48.12666667,8.226666667,74.53,20,37.5,21.39,42.09,19.39,41.2,7.42,753.95,95.16666667,4.166666667,63.66666667,6.73
250,0,21,40.46666667,18.5,44.2,21.6,38.16333333,19.7,39.4,19.26,48.02666667,8.3,74.65666667,20,37.5,21.39,42.09,19.39,41.2,7.5,754,95,4,64,6.8
780,0,21,40.4,18.5,44.12666667,21.6,38.12666667,19.7,39.4,19.2,47.82666667,8.46,74.72666667,20,37.59,21.39,42.09,19.39,41.2,7.68,754.05,95,4,63.83333333,6.98
520,0,21,40.53,18.5,44.33333333,21.6,38.4,19.7,39.43333333,19.29,47.86333333,8.733333333,74.86666667,20,37.59,21.39,42.09,19.39,41.16333333,7.87,754.1,95,4,63.66666667,7.17
440,0,21.075,40.87,18.6,44.76666667,21.84,39.25,19.7,39.5,19.29,47.79,9.1,75.12333333,20,37.7,21.32333333,42.09,19.39,41.09,8.05,754.15,95,4,63.5,7.35
600,0,21.1,41.16333333,18.66666667,45.1,22.23,40.06666667,19.7,39.53,19.2,47.7,9.233333333,75.19,20,37.7,21.29,42.12666667,19.39,41.09,8.23,754.2,95,4,63.33333333,7.53
530,0,21.13333333,43.39333333,18.7,45.56666667,22.49666667,40.33333333,19.7,39.59,19.2,47.7,9.3,75.19,20,37.82666667,21.29,42.2,19.39,41.09,8.42,754.25,95,4,63.16666667,7.72
290,0,21.2,42.86,18.7,46.1,22.76333333,40.62666667,19.7,39.7,19.2,47.73,9.433333333,75.26333333,20,37.9,21.29,42.2,19.39,41.12666667,8.6,754.3,95,4,63,7.9
240,0,21.29,43.02666667,18.82333333,46.72666667,23.03,40.76,19.7,39.76,19.2,47.79,9.726666667,75.46666667,20,37.99833333,21.29,42.345,19.39,41.2,8.6,754.4333333,94.16666667,4.333333333,57.33333333,7.77
240,0,21.35666667,42.9,18.89,46.93333333,23.2,40.72333333,19.7,39.82666667,19.23,47.96333333,9.86,75.46666667,20,38.09,21.29,42.4,19.39,41.2,8.6,754.5666667,93.33333333,4.666666667,51.66666667,7.63
80,0,21.39,42.63333333,18.92666667,46.86333333,23.26,40.46333333,19.7,39.96666667,19.23,48.09,9.995,74.295,20,38.2,21.29,42.46666667,19.39,41.26,8.6,754.7,92.5,5,46,7.5
60,0,21.39,42.43333333,19,46.59666667,23.29,40.13333333,19.7,40.03,19.245,48.145,10.06666667,72.86666667,20,38.2,21.26,42.46666667,19.42666667,41.59666667,8.6,754.8333333,91.66666667,5.333333333,40.33333333,7.37
50,0,21.39,42.26,19,46.33333333,23.16333333,39.72666667,19.7,40.09,19.2,48.09,9.866666667,70.79333333,20,38.2,21.26,42.52666667,19.42666667,41.86333333,8.6,754.9666667,90.83333333,5.666666667,34.66666667,7.23
230,0,21.46333333,42.12666667,19,46.06666667,22.96333333,39.36333333,19.7,40.09,19.2,48.03,9.53,68.7,20,38.2,21.26,42.46666667,19.39,41.93333333,8.6,755.1,90,6,29,7.1
690,10,21.5,41.96666667,19,45.845,22.82333333,39.23,19.7,40.09,19.2,48,9.463333333,67.7,20,38.06,21.2,42.4,19.4725,42.15,8.87,755.2,86.83333333,6,30.83333333,6.78
570,0,21.5,41.82666667,19.13333333,45.79666667,22.89,39.5,19.7,40.09,19.26,48.06,9.966666667,67.16333333,20,37.93333333,21.2,42.29,19.5,42.12666667,9.13,755.3,83.66666667,6,32.66666667,6.47
330,0,21.5,41.86333333,19.26,45.59,22.96333333,39.7,19.7,40.03,19.26,48.06,10.36,63.89666667,20,37.86333333,21.2,42.23,19.5,42.06,9.4,755.4,80.5,6,34.5,6.15
270,0,21.56666667,41.79,19.32333333,45.56,23.23,39.93333333,19.7,39.95,19.26,48.06,10.29333333,57.59333333,20.06666667,37.73,21.2,42.13333333,19.5,41.93333333,9.67,755.5,77.33333333,6,36.33333333,5.83
280,0,21.63333333,41.79,19.46333333,45.5,23.35666667,40.06,19.79,39.76,19.29,48.09,10.62666667,58,20.13333333,37.43,21.26,42,19.5,41.76,9.93,755.6,74.16666667,6,38.16666667,5.52
250,0,21.7,41.73,19.53333333,45.26,23.53333333,40.06,19.79,39.7,19.29,48.09,10.86666667,51.9,20.26,37.29,21.32333333,41.72333333,19.5,41.62666667,10.2,755.7,71,6,40,5.2
240,0,21.79,41.56,19.6,45.12666667,23.66666667,40.06,19.82333333,39.56,19.29,48.12666667,11.12666667,48.36666667,20.445,36.95,21.4725,41.515,19.53333333,41.56,10.3,755.7666667,69.66666667,5.833333333,40,4.95
190,0,21.79,41.43333333,19.73,44.93,23.73,39.76666667,19.89,39.5,19.29,48.2,11.36666667,46.19333333,20.5,36.63333333,21.5,41.23,19.6,41.43333333,10.3,755.8333333,68.33333333,5.666666667,40,4.7
80,0,21.89,41.33333333,19.79,44.65666667,23.79,39.36,19.89,39.26,19.32333333,48.16333333,11.56666667,45.26666667,20.5,36.36,21.53333333,40.96666667,19.6,41.26,10.4,755.9,67,5.5,40,4.45
650,0,21.9725,41.1175,19.82333333,44.43,23.76,38.99,19.89,39.2,19.39,48.09,11.72666667,45.36333333,20.63333333,36.06,21.6,40.69333333,19.6,41.26,10.5,755.9666667,65.66666667,5.333333333,40,4.2
660,0,22,41.09,19.96333333,44.23,23.7,38.8425,20,39.06,19.39,48.06,11.72666667,45.09666667,20.7,35.86,21.63333333,40.89,19.63333333,41.42666667,10.5,756.0333333,64.33333333,5.166666667,40,3.95
370,0,22.1,41.2,20,44.06,23.76,39.13333333,20,38.93333333,19.32333333,48,11.53,40.72666667,20.79,35.49,21.7,41.22333333,19.7,41.76,10.6,756.1,63,5,40,3.7
310,0,22.16666667,41.4,20,43.93333333,24.03333333,39.46333333,20,38.76,19.39,48,11.13,41.13333333,20.85666667,35.29,21.82333333,41.46333333,19.7,41.93333333,10.5,756.1666667,64,5.166666667,40,3.85
330,0,22.23,41.76666667,20.03333333,43.86333333,24.16666667,39.59,20,38.62666667,19.39,48,11,41.39666667,21.03333333,35.02666667,21.89,41.53,19.7,42,10.4,756.2333333,65,5.333333333,40,4
320,10,22.29,41.9,20.1,43.79,24.32333333,39.56,20.03333333,38.5,19.35666667,48.03,11.025,39.665,21.16666667,34.76666667,22.03333333,41.43333333,19.7,42.09,10.3,756.3,66,5.5,40,4.15
310,0,22.32333333,41.79666667,20.13333333,43.79,24.46333333,39.5,20.1,38.43333333,19.35666667,48.09,11.03333333,38.15666667,21.2,34.36333333,22.16666667,41.36,19.7,42.09,10.2,756.3666667,67,5.666666667,40,4.3
260,0,22.39,41.39,20.2,43.79,24.5,39.33333333,20.1,38.26,19.39,48.09,11.03,41.52666667,21.2,34.15666667,22.29,41.26,19.76,42.06,10.1,756.4333333,68,5.833333333,40,4.45
200,0,22.39,41.13333333,20.2,43.79,24.5,39.06666667,20.1,38.06666667,19.39,48.09,10.83,40.06,21.2,33.96666667,22.35666667,41.12666667,19.76,42,10,756.5,69,6,40,4.6
110,0,22.46333333,41,20.26,43.73,24.53333333,38.6,20.1,37.96666667,19.39,48.09,11.19,39.36333333,21.2,33.82666667,22.42666667,41,19.73,41.93333333,10.1,756.5833333,68.5,5.666666667,40,4.53
500,0,22.5,40.79,20.245,43.495,24.53333333,38.26666667,20.1,37.9,19.39,48.09,10.93,37.83,21.23,33.59,22.56666667,40.86,19.7675,42,10.1,756.6666667,68,5.333333333,40,4.47
640,0,22.5,40.65666667,20.23,43.32666667,24.29,38.09666667,20.1,37.72333333,19.39,48.09,10.8,41.23333333,21.29,33.59,22.63333333,40.66333333,19.76,42,10.2,756.75,67.5,5,40,4.4
420,0,22.6,40.46666667,20.29,43.4,24.35666667,38.36333333,20.1,37.5675,19.39,48.09,10.93333333,39.7,21.32333333,33.33333333,22.76,40.53,19.79,42,10.3,756.8333333,67,4.666666667,40,4.33
320,0,22.6,40.4,20.32333333,43.33333333,24.5,38.59,20.1,37.5,19.39,48.09,11.09,37.82666667,21.39,33.12666667,22.79,40.36333333,19.79,42,10.3,756.9166667,66.5,4.333333333,40,4.27
300,0,22.6,40.26,20.32333333,43.2,24.56666667,38.53,20.1,37.36333333,19.42666667,48.12666667,10.63,35.02666667,21.39,32.86333333,22.85666667,40.29,19.79,41.96666667,10.4,757,66,4,40,4.2
280,0,22.6,40.26,20.29,43.16333333,24.63333333,38.5,20.1,37.23,19.42666667,48.12666667,10.23333333,38.76333333,21.32333333,32.79,22.89,40.16333333,19.79,41.76666667,10.3,757.1166667,65.33333333,3.833333333,40,4
330,10,22.6,40.29,20.29,42.96333333,24.82666667,38.63333333,20.1,37.2,19.39,48.06,9.96,40.09666667,21.29,32.66333333,22.96333333,39.96333333,19.79,41.7,10.2,757.2333333,64.66666667,3.666666667,40,3.8
240,0,22.6,40.29,20.29,42.49,25.13333333,38.79,20.1,37.2,19.46333333,48.06,9.763333333,41.63333333,21.29,32.5675,23.05,39.9,19.79,41.7,10.2,757.35,64,3.5,40,3.6
170,0,22.7,40.62666667,20.35666667,42.15666667,25.2,38.59666667,20.1,37.09,19.5,48.06,9.63,42.16,21.23,32.43333333,23.13333333,39.9,19.76,41.56,10.1,757.4666667,63.33333333,3.333333333,40,3.4
110,0,22.7,40.76,20.39,41.96666667,25.29,38.13333333,20.1,37.09,19.5,48,9.6,44.86,21.2,32.4,23.2,39.82666667,19.76,41.43333333,9.98,757.5833333,62.66666667,3.166666667,40,3.2
470,30,22.79,40.6,20.46333333,41.96666667,25.23,37.72666667,20.1,37.25666667,19.6,47.86333333,9.733333333,42.86,21.2,32.32666667,23.23,39.7,19.79,41.2,9.9,757.7,62,3,40,3
380,20,22.89,40.62666667,20.5,41.56333333,25,37.7,20.16666667,37.92333333,19.6,47.65666667,9.89,42.66,21.29,34.52666667,23.29,39.62666667,19.79,41.06666667,9.6,757.7666667,64,2.833333333,40,3.1
330,20,22.89,40.5,20.56666667,41.23,25.13333333,38.36,20.23,38.46333333,19.6,47.43,9.795,39.4725,21.43,35.26666667,23.32333333,39.46666667,19.79,40.86333333,9.3,757.8333333,66,2.666666667,40,3.2
340,20,23,40.5,20.7,41.26,25.32666667,38.5,20.29,38.59,19.66666667,47.29,9.563333333,40.03,21.53333333,35.56666667,23.39,39.32666667,19.79,40.65666667,9,757.9,68,2.5,40,3.3
320,20,23.06666667,40.5,20.76,41.2,25.42666667,38.46666667,20.39,38.56,19.63333333,47.12666667,9.233333333,43.1,21.66666667,35.83333333,23.39,39.29,19.79,40.43,8.7,757.9666667,70,2.333333333,40,3.4
510,0,23.13333333,40.46333333,20.79,41.16333333,25.56666667,38.32666667,20.39,38.5,19.7,47.06666667,8.9,45.56666667,21.73,36,23.39,39.43,19.79,40.15666667,8.4,758.0333333,72,2.166666667,40,3.5
880,10,23.2,40.53,20.85666667,41.03,25.63333333,38.26,20.5,38.76666667,19.7,46.8,8.06,48.73,21.85666667,36.06,23.29,39.65666667,19.73,39.86333333,8.1,758.1,74,2,40,3.6
440,0,23.23,42.9,20.89,40.99333333,25.7,38.06666667,20.5,39.3,19.66666667,46.66333333,7.533333333,50.65666667,21.89,35.96666667,23.35666667,39.86333333,19.79,39.73,8,758.1666667,73.33333333,1.833333333,40,3.4
110,10,23.35666667,49.56666667,20.96333333,42.19333333,25.66666667,38.23,20.5,41.23,19.66666667,46.79666667,6.766666667,52.69333333,21.76333333,35.22666667,23.35666667,39.9,19.79,39.66333333,7.9,758.2333333,72.66666667,1.666666667,40,3.2
110,10,23.5,48.23333333,21.1,43.595,25.6,38.23,20.56666667,43.03,19.7,47.39,6.2675,54.0925,21.56666667,34.6,23.29,39.5,19.79,39.4975,7.8,758.3,72,1.5,40,3
130,10,23.5,47.43333333,21.13333333,43.86,25.46333333,38.23,20.6,44.19333333,19.7,47.69,5.796666667,55.36,21.42666667,34.13333333,23.29,39.3175,19.79,39.32666667,7.7,758.3666667,71.33333333,1.333333333,40,2.8
110,10,23.6,45.13333333,21.2,43.93333333,25.32333333,38.36333333,20.625,44.295,19.7,48.06666667,5.396666667,56.16666667,21.39,33.72333333,23.29,39.36333333,19.79,39.29,7.6,758.4333333,70.66666667,1.166666667,40,2.6
120,10,23.66666667,43.93333333,21.2,43.69333333,25.16666667,38.29,20.7,43.73333333,19.7,48.2,4.933333333,57.09333333,21.32333333,33.46333333,23.32333333,39.5,19.79,39.29,7.5,758.5,70,1,40,2.4
130,0,23.6,42.83333333,21.2,43.3,25.03333333,38.29,20.7,42.69666667,19.7,48.06,4.66,58.29333333,21.2,33.2,23.39,39.43333333,19.73,39.26,7.13,758.6,72.66666667,1,38.16666667,2.52
180,0,23.6,42.1,21.2,42.9,24.82666667,38.13333333,20.63333333,41.82333333,19.7,48,4.433333333,59.16666667,21.2,33.045,23.5,39.29,19.73,39.12666667,6.77,758.7,75.33333333,1,36.33333333,2.63
130,10,23.66666667,41.46,21.2,42.56666667,24.63333333,37.93333333,20.6,41.06333333,19.7,47.79,4.226666667,60.3,21.1,32.86333333,23.5,39.29,19.76,39,6.4,758.8,78,1,34.5,2.75
130,0,23.6,40.86666667,21.1,42.79333333,24.56666667,38,20.6,40.53,19.7,48.19666667,4.23,62.12333333,21.1,32.856,23.5,39.4,19.7,38.86,6.03,758.9,80.66666667,1,32.66666667,2.87
110,0,23.6,40.79,21.1,43.33333333,24.5,37.93333333,20.56666667,39.99,19.7,48.43333333,4.03,61.93,21.03333333,32.76666667,23.56666667,39.32666667,19.7,38.66333333,5.67,759,83.33333333,1,30.83333333,2.98
110,0,23.6,40.73,21,43.56666667,24.35666667,37.9,20.5,39.65666667,19.76,48.63333333,3.966666667,63.09666667,20.96333333,32.66333333,23.6,39.2,19.7,38.53,5.3,759.1,86,1,29,3.1
110,0,23.6,40.66333333,20.92666667,43.7,24.29,37.82666667,20.5,39.22333333,19.79,48.9,3.645,62.5225,20.89,32.59,23.6,39.29,19.7,38.46666667,5.03,759.1166667,86.83333333,1,28.5,2.97
100,0,23.525,40.47,20.85666667,43.63333333,24.2,37.73,20.5,39.03,19.79,48.9,3.36,62.32666667,20.89,32.46666667,23.6,39.23,19.7,38.4,4.77,759.1333333,87.66666667,1,28,2.83
110,0,23.5,40.23,20.79,43.5,24.175,37.745,20.39,38.72333333,19.79,48.86333333,3.23,63.69666667,20.89,32.4,23.6,39.16333333,19.7,38.29,4.5,759.15,88.5,1,27.5,2.7
110,10,23.5,40.02666667,20.76,43.36333333,24.03333333,37.65666667,20.39,38.53,19.73,48.65666667,3.29,64.56333333,20.79,32.29,23.6,39.03,19.7,38.23,4.23,759.1666667,89.33333333,1,27,2.57
110,0,23.42666667,39.76666667,20.7,43.29,23.96333333,37.59,20.46333333,38.33333333,19.79,48.46666667,3.2,64.83333333,20.79,32.29,23.6,38.96666667,19.7,38.16333333,3.97,759.1833333,90.16666667,1,26.5,2.43
90,0,23.39,39.63333333,20.6,43.09,23.89,37.59,20.39,38.12666667,19.79,48.26666667,3.26,65.56,20.76,32.2,23.6,38.9,19.7,38.09,3.7,759.2,91,1,26,2.3
70,10,23.39,39.5,20.53333333,43.03,23.79,37.59,20.39,38.06,19.79,48.02666667,3.06,64.56,20.7,32.2,23.6,38.79,19.66666667,37.96666667,3.38,759.2,91.66666667,1,25.66666667,2.08
70,0,23.35666667,39.56,20.5,42.93,23.73,37.59,20.39,38.26666667,19.815,48.05,2.86,64.02666667,20.7,32.5175,23.53333333,38.99,19.6,37.9,3.07,759.2,92.33333333,1,25.33333333,1.87
50,0,23.29,39.69333333,20.42666667,42.45666667,23.7,37.7,20.39,39.55666667,19.89,47.8175,2.663333333,64.56,20.76,33.69666667,23.6,39.46333333,19.7,38.72666667,2.75,759.2,93,1,25,1.65
50,0,23.26,39.52666667,20.29,41.96666667,23.63333333,37.62666667,20.46333333,40.29666667,19.85666667,47.76,2.53,64.49777778,20.86777778,34.37,23.53333333,39.74777778,19.7675,39.1725,2.43,759.2,93.66666667,1,24.66666667,1.43
70,0,23.2,39.32666667,20.2675,41.795,23.56666667,37.59,20.53333333,40.62666667,19.79,47.775,2.407142857,65.09642857,20.81727273,34.68818182,23.493125,40.2875,19.79,39.29,2.12,759.2,94.33333333,1,24.33333333,1.22
50,10,23.2,39.16333333,20.2,41.76,23.56666667,37.66333333,20.6,40.7225,19.78,47.785,2.277777778,64.75,20.79555556,34.78611111,23.40222222,40.645,19.76,39.36,1.8,759.2,95,1,24,1
50,0,23.2,39.03,20.1,41.79,23.5,37.59,20.6,40.73,19.76,47.73,2.145,64.90333333,20.79,34.86333333,23.37333333,41.01611111,19.7,39.5,1.75,759.2,95.33333333,1,23.33333333,1.02
50,0,23.1,38.9,20.03333333,41.73,23.5,37.59,20.6,40.76,19.715,47.69388889,2.07,65.215,20.79,34.9,23.29,41.34777778,19.7,39.62666667,1.7,759.2,95.66666667,1,22.66666667,1.03
50,0,23.1,38.96666667,19.89,41.82666667,23.39,37.5,20.66666667,40.83333333,19.7,47.62666667,2.06,65.62,20.79,34.975,23.235,41.74555556,19.7,39.76,1.65,759.2,96,1,22,1.05
60,0,23.06666667,38.86333333,19.82333333,41.82666667,23.39,37.5,20.7,40.79,19.705,47.585,2.005,65.70833333,20.79,35.14777778,23.2,42.11388889,19.7,39.93333333,1.6,759.2,96.33333333,1,21.33333333,1.07
60,0,23,38.73,19.79,41.9,23.39,37.43333333,20.7,40.79,19.715,47.54,1.937777778,65.70555556,20.79,35.395,23.2,42.48722222,19.7,40.13333333,1.55,759.2,96.66666667,1,20.66666667,1.08
70,0,23,38.59,19.73,41.96666667,23.39,37.5,20.7,40.79,19.7,47.50444444,1.863333333,65.67277778,20.79,35.60833333,23.12777778,42.95277778,19.7,40.32666667,1.5,759.2,97,1,20,1.1
50,0,23,38.59,19.66666667,42.06,23.39,37.5,20.7,40.73,19.7,47.44444444,1.820555556,66.04888889,20.79,35.82055556,23.1,43.26055556,19.7,40.46666667,1.63,759.1333333,96,1,21.16666667,1.07
60,0,22.96333333,38.46666667,19.53333333,42.06,23.39,37.5,20.7,40.7,19.7,47.41111111,1.857222222,66.90388889,20.79,35.9,23.08888889,43.52388889,19.79,40.59,1.77,759.0666667,95,1,22.33333333,1.03
50,0,22.865,38.3725,19.46333333,42.2,23.35666667,37.5,20.63333333,40.56666667,19.7,47.4,1.863333333,67.22166667,20.82333333,35.96,23.02777778,43.60444444,19.79,40.66333333,1.9,759,94,1,23.5,1
50,0,22.79,38.23,19.39,42.2,23.29,37.56,20.66666667,40.56,19.7,47.33277778,1.844444444,67.53222222,20.82333333,36.015,23,43.67,19.73,40.82666667,2.03,758.9333333,93,1,24.66666667,0.967
50,0,22.79,38.09,19.29,42.32666667,23.29,37.5,20.6,40.5,19.7,47.29,1.955555556,68.11888889,20.80111111,36.20166667,22.97555556,43.90333333,19.79,40.9,2.17,758.8666667,92,1,25.83333333,0.933
50,0,22.79,38.03,19.29,42.32666667,23.29,37.56,20.6,40.4,19.67777778,47.255,1.881111111,68.12055556,20.82333333,36.56444444,22.93888889,44.11055556,19.79,41,2.3,758.8,91,1,27,0.9
50,0,22.7,38,19.2,42.2,23.29,37.5,20.6,40.4,19.66666667,47.18333333,1.887777778,68.40444444,20.86222222,36.63,22.89611111,44.2,19.79,41.06,2.65,758.8,90.16666667,1.333333333,27.16666667,1.12
60,0,22.7,37.93333333,19.13333333,42.2,23.29,37.5,20.6,40.4,19.67222222,47.16944444,1.791111111,68.02,20.85666667,36.63333333,22.89,44.245,19.79,41.15666667,3,758.8,89.33333333,1.666666667,27.33333333,1.33
60,0,22.66666667,37.86333333,19.1,42.2,23.29,37.5,20.6,40.32666667,19.6,47.09,1.626666667,67.32944444,20.82333333,36.59833333,22.89,44.285,19.79,41.29,3.35,758.8,88.5,2,27.5,1.55
50,0,22.6,37.79,19.03333333,42.06666667,23.29,37.5,20.6,40.29,19.6,47.09,1.503333333,67.25611111,20.80111111,36.69277778,22.84,44.155,19.79,41.4,3.7,758.8,87.66666667,2.333333333,27.66666667,1.77
60,0,22.6,37.79,19,41.96666667,23.29,37.56,20.53333333,40.29,19.6,47.075,1.688888889,68.225,20.82888889,36.85333333,22.79,44.085,19.79,41.425,4.05,758.8,86.83333333,2.666666667,27.83333333,1.98
60,0,22.53333333,37.73,18.9175,41.975,23.29,37.5,20.56666667,40.2,19.6,47.03,1.616111111,67.705,20.79,36.91666667,22.79,44.01,19.79,41.5,4.4,758.8,86,3,28,2.2
50,0,22.5,37.7,18.82333333,41.93333333,23.29,37.5,20.5,40.2,19.6,47,1.391111111,67.01666667,20.79,37.02,22.79,43.91666667,19.79,41.59,4.33,758.75,86,3,27.83333333,2.13
50,0,22.5,37.7,18.79,41.9,23.29,37.5,20.5,40.2,19.6,47,1.378888889,67.36055556,20.79555556,37.005,22.79,43.82055556,19.79,41.59,4.27,758.7,86,3,27.66666667,2.07
50,0,22.39,37.59,18.79,41.96666667,23.29,37.5,20.5,40.09,19.6,47,1.292777778,66.91277778,20.80666667,37.015,22.775,43.775,19.79,41.62666667,4.2,758.65,86,3,27.5,2
50,0,22.39,37.59,18.7,42,23.29,37.5,20.42666667,40.03,19.6,47,1.138888889,66.32611111,20.81777778,37.11777778,22.7,43.7,19.79,41.76,4.13,758.6,86,3,27.33333333,1.93
50,0,22.29,37.59,18.7,42,23.29,37.5,20.39,40,19.57777778,46.95,1.05,66.14,20.81777778,37.17555556,22.7,43.60333333,19.79,41.82666667,4.07,758.55,86,3,27.16666667,1.87
40,0,22.29,37.59,18.7,42.09,23.29,37.5,20.39,39.93333333,19.6,46.92222222,0.944444444,66.12666667,20.80111111,37.03333333,22.7,43.51,19.79,41.9,4,758.5,86,3,27,1.8
40,0,22.29,37.59,18.63333333,42.03,23.29,37.5,20.39,39.86333333,19.6,46.93333333,0.988888889,66.73833333,20.79,36.97222222,22.68333333,43.33444444,19.79,42,3.87,758.4333333,86.33333333,2.833333333,26.5,1.73
40,0,22.23,37.53,18.6,42.12666667,23.29,37.5,20.39,39.79,19.6,46.91818182,0.983333333,66.95833333,20.79,36.9,22.6,43.20692308,19.79,42.06,3.73,758.3666667,86.66666667,2.666666667,26,1.67
30,0,22.2,37.5,18.53333333,42.26,23.29,37.43333333,20.39,39.76,19.51818182,46.91818182,1.1,67.495,20.79,37.095,22.6,43.26545455,19.79,42.09,3.6,758.3,87,2.5,25.5,1.6
50,0,22.2,37.5,18.5,42.29,23.29,37.5,20.32333333,39.7,19.52222222,46.92222222,1.145454545,67.8,20.79,37.20875,22.6,43.23,19.79,42.16333333,3.47,758.2333333,87.33333333,2.333333333,25,1.53
50,0,22.1,37.5,18.5,42.43,23.29,37.5,20.35666667,39.7,19.51111111,46.9,1.191666667,67.9575,20.79,37.27363636,22.58125,43.138125,19.79,42.09,3.33,758.1666667,87.66666667,2.166666667,24.5,1.47
60,0,22.1,37.5,18.39,42.4,23.29,37.5,20.29,39.7,19.5,46.9,1.217142857,68.19952381,20.79,37.25,22.55555556,43.02944444,19.79,42.09,3.2,758.1,88,2,24,1.4
50,0,22.1,37.5,18.39,42.46666667,23.29,37.5,20.29,39.59,19.5,46.893125,1.3885,68.6705,20.79,37.29,22.5,42.93888889,19.79,42.09,3.17,758.0166667,88,2.166666667,23.83333333,1.37
50,0,22,37.4,18.29,42.53,23.29,37.5,20.29,39.59,19.5,46.88166667,1.498421053,68.84052632,20.79,37.31444444,22.5,42.98888889,19.79,42.16333333,3.13,757.9333333,88,2.333333333,23.66666667,1.33
60,0,22,37.4,18.29,42.59,23.2,37.5,20.29,39.59,19.5,46.9,1.6,68.9,20.79,37.29,22.5,42.91666667,19.79,42.2,3.1,757.85,88,2.5,23.5,1.3
50,0,22,37.4,18.29,42.59,23.26,37.56,20.29,39.59,19.5,46.85722222,1.641176471,68.95294118,20.79,37.215,22.48777778,42.79833333,19.79,42.2,3.07,757.7666667,88,2.666666667,23.33333333,1.27
60,0,22,37.4,18.23,42.59,23.26,37.56,20.26,39.56,19.5,46.80222222,1.75,69.12,20.79,37.225,22.40833333,42.715,19.79,42.2,3.03,757.6833333,88,2.833333333,23.16666667,1.23
60,0,21.89,37.4,18.2,42.62666667,23.2,37.5,20.2,39.5,19.5,46.82666667,1.863333333,69.29111111,20.77,37.35722222,22.39,42.7,19.79,42.2,3,757.6,88,3,23,1.2
50,0,21.89,37.4,18.175,42.7225,23.29,37.59,20.2,39.46666667,19.5,46.82666667,1.944545455,69.42636364,20.79,37.41666667,22.39,42.66944444,19.79,42.2,3.12,757.5333333,87.66666667,3.166666667,23,1.27
50,0,21.79,37.29,18.1,42.79,23.29,37.59,20.175,39.4,19.5,46.83,2.055454545,69.63727273,20.79,37.45833333,22.39,42.67,19.79,42.29,3.23,757.4666667,87.33333333,3.333333333,23,1.33
50,0,21.79,37.29,18.1,42.79,23.29,37.7,20.16666667,39.4,19.5,46.85,2.287272727,69.83272727,20.79,37.5,22.37181818,42.61,19.79,42.29,3.35,757.4,87,3.5,23,1.4
40,0,21.79,37.29,18.03333333,42.79,23.29,37.7,20.1,39.4,19.5,46.82666667,2.45,70.03388889,20.77,37.5,22.31777778,42.61444444,19.79,42.4,3.47,757.3333333,86.66666667,3.666666667,23,1.47
50,0,21.73,37.29,18.03333333,42.93333333,23.26,37.66333333,20.1,39.4,19.5,46.79,2.622777778,70.15111111,20.77,37.5,22.34,42.645,19.79,42.4,3.58,757.2666667,86.33333333,3.833333333,23,1.53
60,0,21.7,37.29,18.03333333,42.93333333,23.2,37.59,20.1,39.36333333,19.5,46.79,2.76,70.19,20.76,37.5,22.30666667,42.72,19.79,42.4,3.7,757.2,86,4,23,1.6
60,0,21.7,37.36333333,18,42.93333333,23.2,37.7,20.1,39.36333333,19.47555556,46.77,2.935555556,70.38166667,20.76,37.555,22.29,42.7,19.79,42.4,3.83,757.1666667,85.66666667,4,23.66666667,1.67
60,0,21.66666667,37.36333333,17.92666667,43,23.2,37.7,20.1,39.29,19.5,46.79,3.145,70.5,20.745,37.59,22.29,42.7,19.79,42.4,3.97,757.1333333,85.33333333,4,24.33333333,1.73
50,0,21.66666667,37.36333333,17.89,43.03,23.2,37.73,20.1,39.29,19.47555556,46.77,3.358888889,70.67666667,20.725,37.58,22.29,42.7,19.79,42.4,4.1,757.1,85,4,25,1.8
60,0,21.6,37.29,17.89,43.09,23.2,37.73,20.1,39.29,19.47555556,46.77,3.545,70.81111111,20.735,37.55,22.26,42.66333333,19.79,42.36333333,4.23,757.0666667,84.66666667,4,25.66666667,1.87
40,0,21.6,37.36333333,17.89,43.09,23.23,37.73,20.03333333,39.29,19.445,46.745,3.716666667,70.95555556,20.715,37.58,22.265,42.66944444,19.79,42.29,4.37,757.0333333,84.33333333,4,26.33333333,1.93
60,0,21.6,37.4,17.89,43.09,23.29,37.79,20.06666667,39.26,19.445,46.745,3.845,71.03,20.73,37.66222222,22.225,42.62055556,19.79,42.29,4.5,757,84,4,27,2
50,0,21.525,37.4,17.89,43.09,23.2,37.7,20,39.26,19.43277778,46.735,3.966111111,71.055,20.725,37.835,22.2,42.59,19.79,42.36333333,4.75,756.95,83.66666667,4.166666667,26.5,2.18
50,0,21.5,37.4,17.89,43.09,23.2225,37.7675,20,39.29,19.43277778,46.735,4.13,71.12444444,20.765,37.83277778,22.2,42.67,19.79,42.4,5,756.9,83.33333333,4.333333333,26,2.37
50,0,21.5,37.5,18,43.06,23.23,37.73,20,39.23,19.40833333,46.69055556,4.308888889,71.27611111,20.74,37.82055556,22.2,42.86277778,19.79,42.4,5.25,756.85,83,4.5,25.5,2.55
60,0,21.5,37.5,18,42.93333333,23.2,37.79,20,39.23,19.39,46.7,4.617222222,71.52277778,20.7,37.85111111,22.2,43.01388889,19.79,42.5,5.5,756.8,82.66666667,4.666666667,25,2.73
70,0,21.42666667,37.43333333,18.03333333,42.9,23.26,37.79,20,39.29,19.39,46.7,4.889090909,71.66272727,20.7,37.9,22.2,43.09,19.79,42.5,5.75,756.75,82.33333333,4.833333333,24.5,2.92
80,0,21.42666667,37.56,18.16666667,42.82666667,23.23,37.73,20,39.29,19.41444444,46.72,5.33125,71.97,20.7,38.02454545,22.18,43.14866667,19.79,42.5,6,756.7,82,5,24,3.1
90,0,21.39,37.62666667,18.23,42.7,23.23,37.65666667,20,39.49,19.39,46.7,5.741666667,72.205,20.7,38.09,22.17272727,43.29090909,19.815,42.45,6.13,756.7,83,5.666666667,23.33333333,3.4
60,0,21.39,37.76,18.365,42.7225,23.2,37.4,20,40,19.39,46.71,6.201666667,72.52277778,20.7,38.145,22.13888889,43.56166667,19.82333333,42.36,6.27,756.7,84,6.333333333,22.66666667,3.7
60,0,21.39,37.93333333,18.39,42.79,23.13333333,37.32666667,20.075,40.35,19.39,46.72,6.508888889,72.64666667,20.7,38.09,22.13888889,43.81055556,19.79,42.26,6.4,756.7,85,7,22,4
50,0,21.39,38.19333333,18.5,43,23.1,37.2,20.1,40.4,19.39,46.73,6.807272727,72.80727273,20.7,38.13714286,22.12857143,43.9,19.79,42.2,6.53,756.7,86,7.666666667,21.33333333,4.3
60,0,21.39,38.46333333,18.42666667,43,23.1,37.2,20.1,40.26,19.39,46.7,6.9,72.56,20.7,38.33333333,22.1,43.9,19.79,42.2,6.67,756.7,87,8.333333333,20.66666667,4.6
50,0,21.39,38.66333333,18.46333333,43.32666667,23.06666667,37.09,20.1,40.12666667,19.39,46.79,6.9,72.36666667,20.7,38.53,22.1,44.03,19.79,42.2,6.8,756.7,88,9,20,4.9
50,0,21.39,39.06666667,18.46333333,43.6,23,37.09,20.1,39.96666667,19.39,46.79,6.963333333,72.39666667,20.7,38.72333333,22.1,44.09,19.79,42.16333333,7.08,756.6666667,88.16666667,8.666666667,20.66666667,5.22
50,0,21.39,39.2,18.42666667,43.96333333,22.96333333,37.06,20.1,39.9,19.39,46.86333333,7.296666667,72.79666667,20.7,38.93333333,22.1,44.23,19.79,42.09,7.37,756.6333333,88.33333333,8.333333333,21.33333333,5.53
60,0,21.39,39.2,18.5,44.22333333,22.89,37.06,20.1,39.9,19.39,46.86333333,7.66,73.03,20.7,39.13333333,22.1,44.29,19.79,42.06,7.65,756.6,88.5,8,22,5.85
110,0,21.39,39.26,18.5,44.4,22.89,37.09,20.1,39.96666667,19.39,46.9,8,73.29666667,20.7,39.29,22.1,44.43333333,19.79,42,7.93,756.5666667,88.66666667,7.666666667,22.66666667,6.17
50,0,21.39,39.36,18.56666667,44.46666667,22.89,37.16333333,20.06666667,39.96666667,19.39,46.9,8.366666667,73.36666667,20.76,39.36333333,22.1,44.83333333,19.79,41.9,8.22,756.5333333,88.83333333,7.333333333,23.33333333,6.48
150,0,21.39,39.56,18.6,44.59,22.89,37.12666667,20.06666667,40.02666667,19.39,46.9,8.626666667,73.22666667,20.7,39.36333333,22.1,45.1,19.79,41.9,8.5,756.5,89,7,24,6.8
210,0,21.39,39.76,18.6,44.59,22.89,37.12666667,20.03333333,40.06666667,19.46333333,53.3,8.83,72.96666667,20.7,39.36333333,22.1,45.26,19.79,41.79,8.68,756.4,88.33333333,6.833333333,24.83333333,6.85
120,0,21.39,39.795,18.6,44.56,22.89,37.2,20.03333333,40.12666667,21.83,85.89333333,8.9975,72.6925,20.7,39.43333333,22.1,45.2,19.79,41.86333333,8.87,756.3,87.66666667,6.666666667,25.66666667,6.9
380,0,21.39,39.96666667,18.66666667,44.56,22.89,37.12666667,20,40.23,21.95666667,84.96,9.16,72.35666667,20.7,39.5,22.1,45.9,19.79,42.62666667,9.05,756.2,87,6.5,26.5,6.95
160,0,21.39,40.03,18.7,44.59,22.89,37.2,20,40.36333333,21.245,87.845,9.526666667,71.99,20.7,39.59,22.1,45.5,19.85666667,42.76,9.23,756.1,86.33333333,6.333333333,27.33333333,7
140,10,21.39,40.22333333,18.76,44.66333333,22.92666667,37.23,20,40.5,20.82666667,87.76666667,10.06,70.99,20.7,39.59,22.1,44.9,19.89,42.79,9.42,756,85.66666667,6.166666667,28.16666667,7.05
130,0,21.35666667,40.29,18.82333333,44.7,22.92666667,37.29,20,40.5,20.63333333,87.1,10.73333333,67.59,20.7,39.59,22.16666667,44.42666667,19.89,42.73,9.6,755.9,85,6,29,7.1
130,0,21.29,40.36333333,18.96333333,44.62666667,22.89,37.29,20,40.62666667,20.46333333,86.33333333,11.26,64.73,20.7,39.59,22.2,43.79666667,19.89,42.59,9.92,755.7666667,82.83333333,6.666666667,30.83333333,7.02
140,0,21.29,40.4,19.13333333,44.43,22.89,37.29,20,40.7,20.26333333,82.26666667,11.99,57.76333333,20.7,39.7,22.2,43.46333333,19.89,42.4975,10.2,755.6333333,80.66666667,7.333333333,32.66666667,6.93
210,0,21.29,40.4,19.2225,44.14,22.89,37.29,20,40.7,20.23,77.6,12.39666667,55.23,20.7,39.62666667,22.2,42.93,19.89,42.32666667,10.6,755.5,78.5,8,34.5,6.85
510,10,21.39,40.4,19.29,43.96333333,22.89,37.29,20.03333333,40.73,20.29,77.32666667,12.63,52.46666667,20.7,39.33333333,22.2,42.65666667,19.89,42.16333333,10.9,755.3666667,76.33333333,8.666666667,36.33333333,6.77
630,20,21.39,40.46666667,19.42666667,43.9,22.92666667,37.8,20.1,40.73,20.2,75.43333333,12.76333333,50.52666667,20.7,39.06666667,22.2,42.19333333,19.89,42.03,11.2,755.2333333,74.16666667,9.333333333,38.16666667,6.68
500,10,21.39,40.53,19.5,43.76666667,23.13333333,39.13333333,20.1,40.66333333,20.2,73.5,13.16666667,49.92333333,20.7,38.8,22.2,41.93333333,19.89,41.9,11.5,755.1,72,10,40,6.6
290,20,21.39,40.53,19.63333333,43.52666667,23.56666667,40.36666667,20.1,40.79666667,20.2,71.33333333,13.36,46.46333333,20.7,38.52666667,22.2,41.76,19.89,41.82666667,11.7,755.0166667,71.5,9.833333333,40,6.67
270,10,21.42666667,40.82333333,19.76,43.26666667,23.82666667,40.76,20.2,41.12666667,20.13333333,69.86,13.56333333,45.02666667,20.76,38.32666667,22.2,41.56666667,19.89,41.79,11.9,754.9333333,71,9.666666667,40,6.73
250,10,21.5,41.36333333,19.92666667,43.26,24.06666667,40.22333333,20.26,41.2,20.1,68.1,13.82333333,43.22666667,20.89,38.16333333,22.23,41.4,19.89,41.79,12.1,754.85,70.5,9.5,40,6.8
130,20,21.5,41.29,20,43.12666667,24.2,39.89,20.23,40.96666667,20.1,67.03333333,14.06333333,45.1,20.89,37.96333333,22.35666667,41.26666667,19.89,41.82666667,12.3,754.7666667,70,9.333333333,40,6.87
80,10,21.56666667,41.56333333,20.13333333,43.09,24.29,39.36333333,20.29,40.9,20.06666667,65.26666667,14.46333333,45.76666667,20.92666667,37.76,22.53333333,41.23,19.89,41.9,12.5,754.6833333,69.5,9.166666667,40,6.93
100,20,21.7,42.09,20.2,43.09,24.23,38.83,20.29,40.76,20,63,14.72666667,44.6,21,37.62666667,22.6,41.23,19.92666667,42,12.7,754.6,69,9,40,7
80,10,21.76,42.16333333,20.29,43.53,23.96333333,38.43,20.29,40.7,20,60.95666667,14.72666667,44.6,21.1,37.52666667,22.6,41.32666667,20,42.06,12.9,754.4833333,67.83333333,8.833333333,40,6.98
140,0,21.79,42.09,20.35666667,43.46333333,23.89,38.29,20.29,40.59,19.92666667,59.76333333,14.86666667,44.92666667,21.1,37.4,22.6,41.3725,20,42.12666667,13.2,754.3666667,66.66666667,8.666666667,40,6.97
80,0,21.79,42.29666667,20.42666667,43.46333333,23.79,38.09,20.29,40.53,19.96333333,58.69666667,15,41.1425,21.13333333,37.36333333,22.6,41.15666667,19.92666667,42.2,13.4,754.25,65.5,8.5,40,6.95
90,0,21.89,43.09,20.5,43.59,23.79,38.09,20.32333333,40.5,19.89,57.89666667,15.26,39.45666667,21.2,37.23,22.7,41.09,19.92666667,42.2,13.6,754.1333333,64.33333333,8.333333333,40,6.93
80,0,22,42.93,20.63333333,43.59,23.79,38.12666667,20.39,40.76666667,19.89,57.095,15.69666667,36.33333333,21.2,37.09,22.7,41.03,20,42.2,13.9,754.0166667,63.16666667,8.166666667,40,6.92
80,0,22,42.79,20.76,43.53,23.7225,38.2,20.39,40.86333333,19.89,56.36333333,15.96333333,34.59333333,21.26,37.03,22.7,40.86333333,20,42.2,14.1,753.9,62,8,40,6.9
80,0,22,42.66333333,20.82333333,43.29,23.7,38.2,20.39,40.73,19.96333333,55.89,16.1,33.36333333,21.29,36.86333333,22.7,40.73,20,42.2,14,753.7833333,62.66666667,8,40,6.97
70,0,22,42.59,20.89,43.15666667,23.6,38.12666667,20.39,40.59,19.89,55.4,16.1,31.83,21.29,36.73,22.79,40.56,20,42.16333333,13.9,753.6666667,63.33333333,8,40,7.03
70,0,22,42.46666667,20.89,42.96666667,23.6,38.2,20.39,40.53,19.89,55,15.83333333,29.03333333,21.29,36.66333333,22.79,40.5,20,42.1725,13.8,753.55,64,8,40,7.1
70,0,22,42.32666667,20.9175,42.7225,23.6,38.23,20.39,40.4,19.89,54.63333333,15.5,30.5,21.29,36.59,22.79,40.4,20,42.2,13.7,753.4333333,64.66666667,8,40,7.17
60,0,22,42.26,21,42.53,23.6,38.29,20.39,40.4,19.96333333,54.3,15.66,32.26333333,21.26,36.56,22.73,40.4,20,42.2,13.6,753.3166667,65.33333333,8,40,7.23
60,0,22,42.12666667,20.96333333,42.43333333,23.5,38.29,20.39,40.4,19.89,53.93,15.4,30.72333333,21.2,36.5,22.79,40.4,20,42.2,13.5,753.2,66,8,40,7.3
70,0,22,41.96666667,20.89,42.5,23.5,38.29,20.29,40.43333333,19.89,53.65666667,14.86,31.5,21.2,36.59,22.79,40.4,20,42.2,13.4,753.1333333,67.33333333,8,40,7.45
70,0,22,41.9,20.89,42.4,23.5,38.29,20.29,40.5,19.89,53.33333333,14.93333333,33.16666667,21.2,36.7,22.7,40.4,20,42.2,13.3,753.0666667,68.66666667,8,40,7.6
80,0,22,41.76,20.89,42.26666667,23.42666667,38.29,20.29,40.53,19.89,53.12666667,15.03333333,34.13333333,21.2,36.7,22.76,40.46666667,20,42.2,13.2,753,70,8,40,7.75
60,0,22,41.7,20.92666667,42.2,23.39,38.29,20.29,40.59,19.89,52.83333333,15.16,34.8,21.13333333,36.79,22.7,40.5,20,42.2,13,752.9333333,71.33333333,8,40,7.9
80,0,22,41.59,20.92666667,42.12666667,23.39,38.29,20.29,40.62666667,19.89,52.56666667,14.89666667,33.93,21.13333333,36.86333333,22.7,40.56,20,42.2,12.9,752.8666667,72.66666667,8,40,8.05
60,0,22,41.53,20.85666667,42.16333333,23.39,38.29,20.29,40.7,19.89,52.33333333,14.63,34.32333333,21.1,37,22.7,40.62666667,20,42.2,12.8,752.8,74,8,40,8.2
50,0,22,41.5,20.79,42.09,23.39,38.29,20.29,40.73,19.89,52.12666667,14.75666667,36.66666667,21.1,37.06,22.7,40.7,20,42.2,12.9,752.65,73.5,7.666666667,40,8.23
90,0,22,41.83333333,20.89,42.29,23.35666667,38.29,20.23,40.79,19.89,51.86333333,14.96333333,36.33333333,21.1,37.12666667,22.7,40.89666667,20,42.12666667,13.1,752.5,73,7.333333333,40,8.27
100,10,22,42.09,20.89,42.36333333,23.29,38.29,20.29,41.16666667,19.89,51.65666667,14.76333333,34.63333333,21.03333333,37.12666667,22.76,41.62333333,20,42.2,13.3,752.35,72.5,7,40,8.3
100,0,22,42.03,20.79,42.43333333,23.26,38.36333333,20.29,42.09333333,19.89,51.56,14.74,36.575,21.06666667,37.2,22.84,42.245,20,42.2,13.4,752.2,72,6.666666667,40,8.33
100,0,21.89,41.9,20.79,42.5,23.2,38.29,20.29,42.4,19.89,51.43333333,15.03,37.52666667,21.06666667,37.26,23,42.59,20,42.23,13.6,752.05,71.5,6.333333333,40,8.37
120,10,22,41.79,20.79,42.5,23.1,38.4,20.29,42.4,19.89,51.36333333,14.96333333,34.69666667,21.06666667,37.36333333,23.06666667,42.72333333,20,42.29,13.7,751.9,71,6,40,8.4
110,0,22,41.73,20.73,42.5,23.1,38.4,20.29,42.59,19.89,51.1725,14.89,34.03,21,37.29,23.2,42.96333333,20,42.29,13.7,751.7833333,70,6,40,8.22
110,0,21.96333333,41.7,20.76,42.5,23.1,38.4,20.29,42.59,19.89,51,14.96,34.66333333,21.1,37.4,23.26,43.22333333,20,42.29,13.7,751.6666667,69,6,40,8.03
110,10,21.96333333,41.7,20.76,42.5,23.1,38.4,20.32333333,42.59,19.89,50.86333333,15.23333333,35.13,21.1,37.4,23.32333333,43.56666667,20,42.29,13.8,751.55,68,6,40,7.85
100,0,21.96333333,41.7,20.76,42.5,23.1,38.4,20.32333333,42.46333333,19.89,50.73,15.26333333,32.65666667,21.1,37.36333333,23.39,43.96,20,42.29,13.8,751.4333333,67,6,40,7.67
110,10,21.89,41.7,20.7,42.56,23.1,38.4,20.29,42.245,19.92666667,50.66333333,15.06333333,29.79,21.1,37.29,23.5,44.4,20,42.29,13.8,751.3166667,66,6,40,7.48
100,0,21.96333333,41.59,20.6,42.5,23.1,38.4,20.29,42.06,19.92666667,50.53,14.73333333,29.56666667,21.1,37.16333333,23.56666667,44.4,20,42.29,13.8,751.2,65,6,40,7.3
110,10,21.89,41.59,20.6,42.5,23.1,38.4,20.29,41.93333333,19.89,50.46666667,14.46,30.69333333,21.1,37.09,23.6,44.4,20,42.29,13.7,751.1333333,65.66666667,5.833333333,40,7.32
110,0,21.89,41.5,20.53333333,42.5,23.03333333,38.4,20.26,41.79,19.89,50.32666667,14.3,31.83,21,37,23.6,44.32666667,20,42.2,13.6,751.0666667,66.33333333,5.666666667,40,7.33
100,0,21.89,41.5,20.46333333,42.5,23,38.4,20.26,42.32333333,19.89,50.2,14.3,32.09,21.05,36.975,23.7,44.29,20,42.12666667,13.4,751,67,5.5,40,7.35
100,0,21.89,41.4,20.39,42.43333333,23,38.4,20.32333333,42.86,19.89,50.12666667,14.26333333,32.26666667,21,36.9,23.7,44.36333333,20,41.96666667,13.3,750.9333333,67.66666667,5.333333333,40,7.37
120,10,21.89,41.4,20.35666667,42.5,23,38.36333333,20.39,43.06,19.89,50.06,14.19,32.39333333,21,36.9,23.7,44.65666667,20,41.82666667,13.2,750.8666667,68.33333333,5.166666667,40,7.38
240,0,21.85666667,41.46333333,20.29,42.63333333,23,38.29,20.39,43.02666667,19.89,49.93333333,13.96333333,33.52666667,21,36.9,23.7,44.86333333,20,41.66333333,13.1,750.8,69,5,40,7.4
470,0,21.85666667,41.86333333,20.29,42.8,23,38.32666667,20.39,42.82666667,19.89,49.9,13.89,34.25,21,36.9,23.7,45,20,41.59,13.2,750.6333333,68.33333333,5.333333333,40,7.33
180,10,21.92666667,44.76333333,20.29,43.19333333,23,38.4,20.35666667,42.73,19.89,49.79,13.8225,34.1475,20.92666667,36.96666667,23.65,44.95,19.89,41.5,13.2,750.4666667,67.66666667,5.666666667,40,7.27
100,10,22.06666667,46.89666667,20.32333333,44.26333333,23,38.43333333,20.35666667,42.99,19.85666667,49.9,13.72666667,33.89,20.89,37,23.7,44.26666667,19.89,41.43333333,13.3,750.3,67,6,40,7.2
100,20,22.2,45.8,20.46333333,44.93,23,38.56,20.39,43.59666667,19.85666667,50.02666667,13.56666667,33.5,20.89,37,23.63333333,43.8,19.96333333,41.36333333,13.4,750.1333333,66.33333333,6.333333333,40,7.13
120,40,22.26,45.8,20.53333333,44.83333333,23.06666667,38.79,20.39,43.93,19.99333333,54.59333333,13.4175,34.5175,20.89,37.03,23.6,43.59,19.89,41.29,13.4,749.9666667,65.66666667,6.666666667,40,7.07
450,30,22.29,44.62333333,20.6,44.56666667,23,38.86333333,20.39,44,20.86666667,76.19333333,13.39,35.73,20.89,37.09,23.6,43.59,19.89,41.26,13.5,749.8,65,7,40,7
170,30,22.315,43.9475,20.7,44.5,23.06666667,39.06,20.39,44.19333333,21.36666667,82.66666667,13.36,35.33333333,20.85666667,37.06,23.7,43.59,19.89,41.2,13.5,749.65,65,7.166666667,40,6.98
140,30,22.39,43.56666667,20.7,44.56,23.06666667,39.06,20.53333333,44.19333333,20.76666667,78.59333333,13.16666667,34.86,20.85666667,37.06,23.73,43.59,19.89,41.2,13.4,749.5,65,7.333333333,40,6.97
150,0,22.42666667,43.4,20.79,44.7,23,39.09,20.6,43.93333333,20.65,66.59,12.82333333,35.16666667,20.85666667,37.06,23.79,43.53,19.89,41.12666667,13.4,749.35,65,7.5,40,6.95
140,0,22.5,43.32666667,20.85666667,44.76,23,39.09,20.6,43.69333333,20.73,59.42666667,12.63,35.83333333,20.79,37.19333333,23.89,43.46666667,19.89,41.09,13.4,749.2,65,7.666666667,40,6.93
140,0,22.6,43.29,20.96,44.93333333,23,39.09,20.6,43.36,20.79,56.29333333,12.53333333,36.36333333,20.79,37.36333333,23.89,43.32666667,19.89,41.09,13.3,749.05,65,7.833333333,40,6.92
120,0,22.66666667,43.29,21.16666667,44.8,23.06666667,39.29,20.55,43.1,20.92666667,53.76666667,12.53333333,36.15666667,20.79,37.29,23.92666667,43.2,19.89,41.03,13.3,748.9,65,8,40,6.9
120,0,22.7,43.16333333,21.29,44.6,23.06666667,39.36333333,20.5,42.86333333,21,52.16,12.43333333,36.26666667,20.79,37.29,24,43.2,19.85666667,40.96666667,13.3,748.8,65,7.666666667,40,6.87
120,10,22.76,43.03,21.42666667,44.26,23.1,39.43333333,20.5,42.73,21.1,50.76333333,12.22666667,36.99333333,20.79,37.29,24,43.43333333,19.85666667,40.96666667,13.3,748.7,65,7.333333333,40,6.83
120,0,22.82333333,42.86333333,21.5,44.06666667,23.1,39.5,20.46333333,42.52666667,21.16666667,49.89666667,12.26333333,37.46666667,20.7,37.26,24,43.56,19.79,40.79,13.3,748.6,65,7,40,6.8
110,0,22.89,42.73,21.6,43.76,23.1,39.5,20.39,42.4,21.23,48.96,12.19,37.13333333,20.7,37.2,24,43.56,19.79,40.79,13.3,748.5,65,6.666666667,40,6.77
130,0,22.89,42.56,21.6,43.62666667,23.1,39.5,20.39,42.29,21.29,48.42666667,12.19,37.12666667,20.7,37.2,24,43.43333333,19.79,40.7,13.3,748.4,65,6.333333333,40,6.73
470,0,22.89,42.43333333,21.7,43.56,23.1,39.5,20.39,42.15666667,21.39,47.79666667,12.26333333,36.92666667,20.7,37.09,24,43.26,19.79,40.7,13.3,748.3,65,6,40,6.7
420,0,23,42.26,21.7,43.5,23.1,39.5,20.35666667,42.06,21.39,47.46333333,12.22666667,36.13333333,20.7,37.09,24,43.12666667,19.79,40.59,13.3,748.15,64.5,6.333333333,40,6.6
130,0,23,42.12666667,21.7,43.29,23.1,39.5,20.29,42,21.39,46.99,12.3,35.93333333,20.7,37.06,24,43,19.79,40.59,13.3,748,64,6.666666667,40,6.5
110,0,23,42,21.7,43.29,23.1,39.5,20.29,41.9,21.39,46.65666667,12.3,35.79,20.7,37,24.06666667,43,19.79,40.5,13.3,747.85,63.5,7,40,6.4
100,10,23,41.93333333,21.7,43.2,23.1,39.5,20.29,41.9,21.39,46.33333333,12.3,35.79,20.7,37,24.13333333,42.79,19.79,40.5,13.2,747.7,63,7.333333333,40,6.3
70,0,23,42.2,21.63333333,43.06666667,23.1,39.5,20.26,41.83333333,21.39,46.12666667,12.3,35.095,20.7,37,24.2,42.86333333,19.79,40.4,13.2,747.55,62.5,7.666666667,40,6.2
50,0,23,42.06666667,21.6,42.9,23,39.4,20.26,41.76,21.39,47.19333333,12.3,34.72333333,20.7,37.19666667,24.23,43.19666667,19.79,40.46666667,13.2,747.4,62,8,40,6.1
60,0,23,42.09,21.53333333,42.9,23,39.4,20.2,41.7,21.32333333,48.26666667,12.36,35.05666667,20.76,37.92333333,24.29,43.86333333,19.79,40.72666667,13.3,747.25,61.66666667,8,40,6.05
50,0,23,42.03,21.5,42.79,23,39.5,20.2,41.7,21.16666667,49.73333333,12.42666667,35.02666667,20.89,38.3,24.2,43.86,19.85666667,41.13333333,13.3,747.1,61.33333333,8,40,6
60,0,23,41.95,21.42666667,42.73,23,39.5,20.2,41.59,21.03333333,50.33333333,12.56666667,33.96666667,20.82333333,38.56,24.2,44.1175,19.85666667,41.32666667,13.4,746.95,61,8,40,5.95
50,0,23,41.76,21.39,42.7,23,39.5,20.2,41.53,20.945,50.7,12.63,32.59666667,20.79,38.62666667,24.2,44.36333333,19.85666667,41.52666667,13.4,746.8,60.66666667,8,40,5.9
60,0,23,41.62666667,21.32333333,42.7,23,39.5,20.16666667,41.5,20.85666667,50.76,12.76333333,31.59666667,20.85666667,38.83333333,24.2,44.53,19.89,41.65666667,13.4,746.65,60.33333333,8,40,5.85
60,0,23,41.46666667,21.26,42.59,23,39.5,20.1,41.5,20.79,50.7,12.83,30.76666667,20.79,38.82666667,24.2,44.79666667,19.89,41.79,13.5,746.5,60,8,40,5.8
60,0,23,41.32666667,21.2,42.53,23,39.5,20.1,41.4,20.76,50.82666667,12.89,30.36666667,20.79,38.9,24.1,45.2,19.89,41.79,12.6,746.85,64.83333333,8,43.83333333,5.92
30,0,23,41.26,21.16666667,42.59,23.06666667,39.5,20.1,41.4,20.7,50.96666667,12.89,30.66333333,20.82333333,38.96333333,24.03333333,45.12666667,19.89,41.9,11.8,747.2,69.66666667,8,47.66666667,6.03
30,0,22.92666667,41.12666667,21.1,42.6175,23.06666667,39.5,20.1,41.32666667,20.7,51.26666667,12.55666667,37.33,20.89,39.03,24,45.12666667,19.89,41.9,10.9,747.55,74.5,8,51.5,6.15
40,0,22.89,41,21.03333333,42.62666667,23.06666667,39.5,20.1,41.36333333,20.63333333,51.4,11.05666667,52.5,20.89,39.12666667,23.92666667,45.2,19.89,42,10,747.9,79.33333333,8,55.33333333,6.27
30,0,22.89,40.93333333,21.06666667,42.76,23.06666667,39.5,20.1,41.29,20.6,51.43333333,9.996666667,61.89333333,20.89,39.33333333,23.89,45.23,19.89,42.06,9.17,748.25,84.16666667,8,59.16666667,6.38
70,0,22.89,40.79,21,42.7,23.06666667,39.5,20.1,41.4,20.6,51.5,9.323333333,66.4,20.89,39.545,23.89,45.36333333,19.89,42.12666667,8.3,748.6,89,8,63,6.5
60,0,22.89,40.79,20.89,42.7,23.03333333,39.43333333,20.1,41.4,20.56666667,51.5,8.93,67,20.89,39.59,23.85666667,45.5,19.89,42.2,8.15,748.65,90,7,63.16666667,6.53
70,10,22.89,40.7,20.89,42.76,23.1,39.5,20,41.29,20.5,51.5,8.53,69.03333333,20.89,39.72333333,23.79,45.69333333,19.89,42.29,8,748.7,91,6,63.33333333,6.57
60,0,22.89,40.62666667,20.76,42.66333333,23.1,39.5,20.06666667,41.36333333,20.5,51.53,8.33,70.03333333,20.89,40.03,23.79,46.26666667,19.89,42.43,7.85,748.75,92,5,63.5,6.6
70,0,22.89,40.56,20.7,42.66333333,23.1,39.5,20,41.29,20.5,51.59,8.066666667,70.89666667,20.96333333,40.09,23.79,46.46666667,19.89,42.5,7.7,748.8,93,4,63.66666667,6.63
60,0,22.89,40.5,20.66666667,42.7,23.2,39.5,20,41.23,20.46333333,51.5,7.9,71.3475,20.96333333,40.06,23.7,46.62666667,19.96333333,42.5,7.55,748.85,94,3,63.83333333,6.67
60,0,22.89,40.4,20.6,42.76,23.2,39.5,20,41.2,20.39,51.5,7.866666667,71.7,20.89,40,23.7,46.76,19.96333333,42.59,7.4,748.9,95,2,64,6.7
60,0,22.89,40.32666667,20.56666667,42.79,23.2,39.5,20,41.2,20.39,51.7,7.8,71.83333333,20.89,40,23.6,46.96333333,19.89,42.59,7.37,748.8916667,95.16666667,2,64,6.69
60,0,22.89,40.26,20.5,42.79,23.2,39.5,20,41.2,20.39,51.76,7.8,71.83333333,20.89,40,23.6,47.22333333,19.92666667,42.7,7.33,748.8833333,95.33333333,2,64,6.68
60,0,22.89,40.2,20.46333333,42.76,23.26,39.56,20,41.2,20.39,51.79,7.763333333,71.9,21,40.12666667,23.56666667,47.96333333,19.92666667,42.76,7.3,748.875,95.5,2,64,6.67
60,0,22.84,40.09,20.39,42.7,23.2,39.5,19.89,41.2,20.39,51.79,7.69,71.9,21,40.26,23.5,48.36333333,20,42.79,7.27,748.8666667,95.66666667,2,64,6.67
70,0,22.79,40,20.35666667,42.82666667,23.23,39.53,19.89,41.2,20.35666667,51.7,7.656666667,71.86666667,21,40.43333333,23.5,48.73,19.92666667,42.86333333,7.23,748.8583333,95.83333333,2,64,6.66
60,0,22.79,39.93333333,20.29,42.9,23.29,39.59,19.92666667,41.16333333,20.29,51.6725,7.59,71.86666667,21,40.5,23.5,49.065,19.89,42.9,7.2,748.85,96,2,64,6.65
70,0,22.79,39.9,20.26,42.96666667,23.29,39.59,19.92666667,41.09,20.29,51.59,7.59,71.93333333,21,40.5,23.42666667,49.29,19.89,42.975,7.17,748.8416667,96.16666667,2,64,6.64
60,0,22.79,39.9,20.2,42.96666667,23.29,39.59,19.89,41.09,20.29,51.56,7.656666667,72.06,21,40.5,23.39,49.62666667,19.89,43.06,7.13,748.8333333,96.33333333,2,64,6.63
60,0,22.79,39.79,20.16666667,43,23.29,39.59,19.89,41.09,20.29,51.5,7.59,72,21,40.46666667,23.39,49.76,19.89,43.09,7.1,748.825,96.5,2,64,6.63
60,0,22.79,39.79,20.075,43.0675,23.32333333,39.59,19.89,41.09,20.2,51.36333333,7.656666667,72.12666667,21,40.4,23.39,49.79,19.96333333,43.16333333,7.07,748.8166667,96.66666667,2,64,6.62
60,0,22.79,39.79,20.06666667,43.22333333,23.32333333,39.59,19.89,41.09,20.2,51.29,7.59,72.06,21,40.43333333,23.32333333,49.73,19.89,43.29,7.03,748.8083333,96.83333333,2,64,6.61
60,0,22.79,39.79,20,43.32666667,23.32333333,39.56,19.89,41.09,20.2,51.2,7.53,72,21,40.56,23.29,49.63333333,19.96333333,43.36333333,7,748.8,97,2,64,6.6
50,0,22.79,39.7,20,43.4,23.39,39.56,19.89,41.09,20.2,51.12666667,7.366666667,71.9,21,40.645,23.29,49.43333333,20,43.43333333,7,748.8,97.16666667,2.166666667,64.16666667,6.62
70,0,22.79,39.7,19.89,43.53,23.29,39.59,19.89,41.09,20.2,51.06,7.226666667,71.76,21.1,40.66333333,23.29,49.29,20,43.5,7,748.8,97.33333333,2.333333333,64.33333333,6.63
60,0,22.7,39.66333333,19.89,43.59,23.29,39.53,19.85666667,41.06,20.2,51,7.156666667,71.76333333,21.03333333,40.53,23.29,49.23,20,43.53,7,748.8,97.5,2.5,64.5,6.65
60,0,22.7,39.59,19.85666667,43.7,23.39,39.53,19.79,41,20.2,51,7.0675,71.69,21.03333333,40.56666667,23.2,49,20,43.53,7,748.8,97.66666667,2.666666667,64.66666667,6.67
70,0,22.7,39.59,19.79,43.76,23.39,39.53,19.79,41,20.2,50.93333333,7,71.69,21.03333333,40.62666667,23.2,48.93333333,20,43.59,7,748.8,97.83333333,2.833333333,64.83333333,6.68
60,0,22.7,39.59,19.7,43.86,23.32333333,39.56,19.79,40.93333333,20.16666667,50.86333333,6.966666667,71.72666667,21,40.46666667,23.2,48.86333333,20,43.59,7,748.8,98,3,65,6.7
60,0,22.7,39.5,19.7,44,23.39,39.5,19.79,40.96666667,20.1,50.79,6.9,71.8,21,40.32666667,23.2,48.79,20,43.62666667,6.92,748.9,97.66666667,3.333333333,58.16666667,6.57
50,0,22.7,39.5,19.66666667,43.96666667,23.39,39.5,19.79,40.9,20.1,50.79,6.866666667,71.76333333,21,40.5,23.13333333,48.79,20,43.7,6.83,749,97.33333333,3.666666667,51.33333333,6.43
50,0,22.6,39.4,19.6,43.9,23.39,39.5,19.79,40.86333333,20.1,50.79,6.8,71.62333333,21,40.43333333,23.13333333,48.73,20,43.7,6.75,749.1,97,4,44.5,6.3
60,0,22.6,39.4,19.6,44.03,23.32333333,39.5,19.79,40.79,20.1,50.7,6.656666667,71.56,21,40.4,23.1,48.56,20,43.7,6.67,749.2,96.66666667,4.333333333,37.66666667,6.17
50,0,22.6,39.36333333,19.6,44.09,23.39,39.5,19.79,40.79,20.1,50.7,6.59,71.5,21,40.4,23.1,48.43333333,20,43.79,6.58,749.3,96.33333333,4.666666667,30.83333333,6.03
60,0,22.6,39.29,19.5,44.2,23.35666667,39.5,19.79,40.79,20.1,50.59,6.56,71.5,21.03333333,40.59666667,23.1,48.4,20,43.79,6.5,749.4,96,5,24,5.9
60,0,22.6,39.29,19.5,44.2,23.29,39.5,19.76,40.79,20.1,50.59,6.433333333,71.36666667,21.03333333,40.73,23.03333333,48.26666667,20,43.79,6.47,749.45,95.66666667,5.166666667,26.66666667,5.82
60,0,22.6,39.29,19.39,44.2,23.29,39.5,19.7,40.7225,20.1,50.5,6.366666667,71.3,21,40.7,23,48.145,20,43.79,6.43,749.5,95.33333333,5.333333333,29.33333333,5.73
70,0,22.6,39.29,19.39,44.2,23.29,39.5,19.7,40.7,20.06666667,50.46666667,6.226666667,71.16,21,40.62666667,23,48.02666667,20,43.79,6.4,749.55,95,5.5,32,5.65
60,0,22.56666667,39.2,19.39,44.2,23.29,39.5,19.7,40.66333333,20,50.4,6.06,70.93333333,21,40.5,23,47.9,20,43.79,6.37,749.6,94.66666667,5.666666667,34.66666667,5.57
60,0,22.5,39.2,19.39,44.2,23.39,39.5,19.7,40.59,20,50.29,5.933333333,70.8,21,40.43333333,22.96333333,47.79,20,43.79,6.33,749.65,94.33333333,5.833333333,37.33333333,5.48
50,0,22.5,39.16333333,19.29,44.2,23.32333333,39.5,19.7,40.59,20,50.29,5.8,70.59,21.1,40.66333333,22.96333333,47.79,20,43.79,6.3,749.7,94,6,40,5.4
50,0,22.5,39.09,19.29,44.16333333,23.29,39.5,19.7,40.53,20,50.29,5.726666667,70.65666667,21.1,40.59,22.89,47.76,20,43.79,6.3,749.8333333,93.16666667,6,40,5.27
60,0,22.5,39.09,19.29,44.09,23.29,39.43333333,19.7,40.5,20,50.23,5.726666667,70.72666667,21.06666667,40.43,22.89,47.62666667,20.06666667,43.86333333,6.3,749.9666667,92.33333333,6,40,5.13
50,0,22.5,39.09,19.29,44.09,23.29,39.43333333,19.7,40.5,20,50.2,5.6925,70.67,21,40.29,22.89,47.7,20.06666667,43.86333333,6.3,750.1,91.5,6,40,5
60,0,22.46333333,38.96666667,19.29,44.03,23.29,39.5,19.7,40.4,20,50.2,5.59,70.43333333,21,40.29,22.89,47.7,20.03333333,43.93333333,6.3,750.2333333,90.66666667,6,40,4.87
50,0,22.39,38.9,19.29,44,23.29,39.4,19.7,40.4,20,50.09,5.53,70.56,21.06666667,40.56,22.85666667,47.56,20.1,44,6.3,750.3666667,89.83333333,6,40,4.73
40,0,22.39,38.9,19.29,43.93333333,23.29,39.4,19.7,40.29,20,50.09,5.59,70.62666667,21,40.43333333,22.79,47.5,20.1,44,6.3,750.5,89,6,40,4.6
40,0,22.39,38.9,19.26,43.86333333,23.29,39.4,19.7,40.29,20,50.09,5.59,70.69,21.06666667,40.56,22.79,47.36333333,20.1,44,6.3,750.5166667,88.83333333,6.166666667,40,4.58
40,0,22.39,38.9,19.26,43.79,23.29,39.4,19.6,40.16333333,20,50.09,5.656666667,70.76333333,21.06666667,40.63333333,22.79,47.29,20.1,44,6.3,750.5333333,88.66666667,6.333333333,40,4.57
40,0,22.32333333,38.82666667,19.29,43.76,23.29,39.29,19.66666667,40.16333333,20,50,5.8,70.83333333,21.03333333,40.76666667,22.79,47.29,20.1,44,6.3,750.55,88.5,6.5,40,4.55
100,0,22.29,38.79,19.29,43.62666667,23.23,39.23,19.7,40.2,20,50,5.866666667,70.9,21.03333333,40.96666667,22.79,47.29,20.2,43.9,6.3,750.5666667,88.33333333,6.666666667,40,4.53
60,0,22.29,38.99,19.29,43.62666667,23.2,39.2,19.7,40.2,20,49.76,6.16,71.22666667,21.1,41.03,22.79,47.2,20.2,43.9,6.3,750.5833333,88.16666667,6.833333333,40,4.52
50,0,22.39,39.32666667,19.29,43.96,23.13333333,39.2,19.7,40.2,20,49.62666667,6.366666667,71.3,21.03333333,41.03,22.79,47.2,20.2,43.93333333,6.3,750.6,88,7,40,4.5
80,0,22.39,40.13333333,19.59666667,44.36333333,23.1,39.09,19.7,40.2,20,49.56,6.693333333,71.49666667,21.06666667,40.79666667,22.79,47.12666667,20.2,44,6.33,750.7166667,88,7.166666667,40,4.52
100,0,22.39,40.995,20.12333333,44.09666667,23.03333333,38.96333333,19.79,40.09,20,49.43333333,7.3,71.95666667,21,40.46333333,22.79,47.2,20.42666667,43.96666667,6.37,750.8333333,88,7.333333333,40,4.53
80,0,22.42666667,41.15666667,20.8,43.06333333,23.05,39.09,19.8925,40.145,20,49.4,8.033333333,72.22666667,21.1,40.22333333,22.79,47.39,20.5,43.76666667,6.4,750.95,88,7.5,40,4.55
80,0,22.5,41.29,21.13333333,42.53,23,39.09,20.06666667,40.09,20,49.4,8.56,71.96666667,21.03333333,39.96333333,22.79,47.72333333,20.39,43.59,6.43,751.0666667,88,7.666666667,40,4.57
100,10,22.5,41.43333333,21.6,42.1,23,39.09,20.2,40,20,49.4,9.13,69.36666667,21.06666667,39.83333333,22.79,48.045,20.39,43.7,6.47,751.1833333,88,7.833333333,40,4.58
80,0,22.56666667,41.5,21.53333333,41.96666667,23,39.2,20.2,40,20.16666667,56.23333333,9.263333333,64.96,21,39.62666667,22.89,48.22333333,20.39,43.7,6.5,751.3,88,8,40,4.6
110,0,22.6,41.36333333,21.34,42.245,23,39.26,20.2,39.96333333,20.56666667,70.5,9.226666667,62.59666667,21,39.8,22.89,47.83,20.35666667,43.62666667,6.88,751.3166667,86.16666667,8.166666667,40,4.67
80,0,22.6,41.15666667,21.2,42.36333333,23,39.23,20.2,40.22333333,20.6,70.12666667,9.525,61.515,21.06666667,40.13333333,22.89,46.9,20.35666667,43.76,7.27,751.3333333,84.33333333,8.333333333,40,4.73
90,10,22.53333333,41.02666667,21.2,42.15666667,23,39.29,20.2,40.65666667,20.6,69.53333333,10.06,58.42333333,21.1,39.96666667,22.89,46.62666667,20.29,43.79,7.65,751.35,82.5,8.5,40,4.8
110,0,22.53333333,40.82666667,21.29,41.9,23,39.26,20.26,40.86333333,20.5,69,10.49,53.59666667,21.075,39.6475,23,46.43,20.29,43.79,8.03,751.3666667,80.66666667,8.666666667,40,4.87
100,0,22.6,40.63333333,21.35666667,41.56666667,23.06666667,39.26,20.29,41.33,20.42666667,67.72666667,10.76333333,50.45666667,21,39.09666667,23,45.82333333,20.29,43.66333333,8.42,751.3833333,78.83333333,8.833333333,40,4.93
100,0,22.6,40.43333333,21.42666667,41.22333333,23,39.16333333,20.29,41.79666667,20.5,63.82333333,11.06333333,47.12666667,21,38.6,23.13333333,45.29666667,20.29,43.53,8.8,751.4,77,9,40,5
80,0,22.56666667,40.29,21.5,40.96333333,23,39.09,20.39,41.9,20.42666667,63.09666667,11.13,44.86666667,21,38.26666667,23.2,44.83,20.29,43.43,8.92,751.3833333,76.16666667,9.333333333,40,4.95
80,0,22.56666667,40.09666667,21.46333333,40.66333333,23,39.09,20.39,41.96666667,20.39,62.66,11,45.03333333,20.96333333,37.9,23.2,43.96,20.29,43.09666667,9.03,751.3666667,75.33333333,9.666666667,40,4.9
70,0,22.5,39.76,21.39,40.39,23,38.96333333,20.39,41.63333333,20.39,62.19333333,11.12666667,41.5,20.96333333,37.56666667,23.2,43.42666667,20.29,42.63333333,9.15,751.35,74.5,10,40,4.85
70,0,22.5,39.56666667,21.42666667,40.02666667,23,38.9,20.39,41.43333333,20.29,61.59333333,11.46666667,42.83,21,37.33333333,23.2,42.83333333,20.29,42.5,9.27,751.3333333,73.66666667,10.33333333,40,4.8
70,0,22.56666667,39.36333333,21.5,39.82666667,23,38.82666667,20.42666667,41.16333333,20.29,60.79333333,11.86,41.69666667,21.06666667,37.2,23.2,42.5,20.29,42.73,9.38,751.3166667,72.83333333,10.66666667,40,4.75
60,0,22.56666667,39.23,21.53333333,39.56,23,38.7,20.5,41.03,20.29,59.3,12.4,38.16333333,21.03333333,36.96666667,23.23,42.06,20.29,42.86333333,9.5,751.3,72,11,40,4.7
70,0,22.6,39.06,21.6,39.36,23,38.62666667,20.5,40.83333333,20.23,58.36,12.66,38.29666667,21.1,36.76666667,23.29,41.8,20.29,42.79,9.8,751.2833333,71,10.66666667,38.16666667,4.77
70,0,22.6,38.93333333,21.63333333,39.09,23,38.5,20.5,40.62666667,20.23,57.26666667,12.86666667,38.13333333,21.1,36.63333333,23.29,41.52666667,20.29,42.79,10.1,751.2666667,70,10.33333333,36.33333333,4.83
80,0,22.6,38.79,21.7,39.03,23,38.5,20.6,40.5,20.23,56.6,13.12666667,35.39333333,21.16666667,36.43333333,23.29,41.26666667,20.29,42.72333333,10.4,751.25,69,10,34.5,4.9
80,0,22.6,38.695,21.7,38.76,22.96333333,38.46666667,20.55,40.3975,20.2,55.76666667,13.16,32.32333333,21.2,36.13333333,23.35666667,40.93,20.29,42.59,10.7,751.2333333,68,9.666666667,32.66666667,4.97
70,0,22.6,38.53,21.7,38.62666667,22.9725,38.4,20.6,40.23,20.2,55,13.1,32.93,21.2,35.86,23.29,40.65666667,20.29,42.545,11,751.2166667,67,9.333333333,30.83333333,5.03
80,0,22.6,38.4,21.7,38.43,22.92666667,38.32666667,20.6,40.06,20.13333333,54.22666667,13.32666667,32.26666667,21.2,35.7,23.32333333,40.36333333,20.29,42.46666667,11.3,751.2,66,9,29,5.1
60,0,22.6,38.32666667,21.7,38.23,22.92666667,38.2,20.6,40,20.16666667,53.46,13.73333333,31,21.26,35.56666667,23.39,40.0475,20.29,42.26666667,11.4,751.2166667,65,9,30.83333333,5.03
70,0,22.6,38.16333333,21.7,38.13333333,23,38.2,20.6,39.86333333,20.16666667,52.92666667,13.66666667,29.53333333,21.23,35.29,23.39,39.76666667,20.29,42.02666667,11.6,751.2333333,64,9,32.66666667,4.97
70,0,22.6,38.03,21.7675,37.925,22.96333333,38.09,20.6,39.79,20.2,52.26666667,13.845,27.47,21.29,35.23,23.5,39.63333333,20.29,41.76666667,11.8,751.25,63,9,34.5,4.9
60,0,22.6,37.9,21.73,37.76666667,22.89,38.09,20.6,39.7,20.2,51.8,13.66666667,26.43333333,21.39,34.96666667,23.5,39.43333333,20.29,41.59,11.9,751.2666667,62,9,36.33333333,4.83
70,0,22.66666667,37.9,21.7,37.66333333,22.89,38,20.6,39.62666667,20.16666667,51.29666667,13.6,24.06666667,21.39,34.76666667,23.5,39.16333333,20.29,41.53,12.1,751.2833333,61,9,38.16666667,4.77
60,0,22.63333333,37.7,21.7,37.59,22.89,38,20.6,39.46666667,20.16666667,50.89,13.6,24.52666667,21.39,34.545,23.5,39.03,20.29,41.5,12.2,751.3,60,9,40,4.7
50,0,22.63333333,37.62666667,21.7,37.46666667,22.89,37.96666667,20.6,39.4,20.2,50.63333333,13.93,26.3,21.42666667,34.46666667,23.6,38.86333333,20.29,41.43333333,12.1,751.2166667,59.5,9,40,4.48
50,0,22.7,37.56,21.76,37.4,22.89,37.9,20.6,39.26,20.2,50.36,14.19,23.16666667,21.5,34.19333333,23.66666667,38.79,20.29,41.02666667,12.1,751.1333333,59,9,40,4.27
60,0,22.7,37.43333333,21.7,37.29,22.89,37.86333333,20.6,39.12666667,20.2,49.99,14.06666667,19.39333333,21.6,33.86333333,23.7,38.56,20.29,40.96666667,12,751.05,58.5,9,40,4.05
70,0,22.7,37.26,21.7,37.23,22.82333333,37.73,20.66666667,39.16333333,20.2,49.65666667,14.06666667,20.46,21.6,33.73,23.7,38.36,20.29,40.79,11.9,750.9666667,58,9,40,3.83
70,0,22.76,37.2,21.7,37.16333333,22.79,37.7,20.66666667,39.09,20.2,49.33333333,14.22666667,20.56666667,21.7,33.63333333,23.79,38.22333333,20.29,40.73,11.9,750.8833333,57.5,9,40,3.62
70,0,22.79,37.09,21.7,37.03,22.79,37.7,20.7,39,20.13333333,49.06666667,14.3,16.96666667,21.76,33.43333333,23.85666667,38.09,20.29,40.65666667,11.8,750.8,57,9,40,3.4
70,0,22.79,37.03,21.7,36.96666667,22.79,37.7,20.7,38.93333333,20.1,48.72333333,14.4,17.16333333,21.82333333,33.2,23.89,37.86333333,20.29,40.65666667,12,750.75,56.33333333,9.333333333,40,3.38
60,0,22.79,36.86333333,21.7,36.82666667,22.85666667,37.76,20.7,38.86333333,20.16666667,48.46333333,14.66,18.29,21.89,33.06666667,23.96333333,37.73,20.32333333,40.62666667,12.1,750.7,55.66666667,9.666666667,40,3.37
70,0,22.85666667,36.79,21.7,36.7,22.82333333,37.82666667,20.7,38.79,20.1,48.22333333,14.73333333,17.33,21.89,32.86333333,24,37.56,20.39,40.7,12.3,750.65,55,10,40,3.35
60,0,22.89,36.76,21.7,36.62666667,22.82333333,37.76666667,20.79,38.7,20.1,48.03,14.66,16.73,21.89,32.73,24,37.43333333,20.29,40.5,12.5,750.6,54.33333333,10.33333333,40,3.33
80,0,22.89,36.6725,21.7,36.52571429,22.85666667,37.76,20.79,38.6725,20.16666667,47.76,14.46333333,15.55666667,21.89,32.5,24.1,37.36333333,20.35666667,40.43333333,12.6,750.55,53.66666667,10.66666667,40,3.32
70,0,22.89,36.66333333,21.7,36.43333333,22.865,37.745,20.79,38.59,20.16666667,47.62666667,14.46333333,15.89,21.96333333,32.43333333,24.1,37.23,20.39,40.345,12.8,750.5,53,11,40,3.3
60,0,22.89,36.7,21.7,36.29,22.89,37.7,20.79,38.56,20.2,47.345,14.42666667,16.66,22,32.26,24.13333333,37.06,20.39,40.2,12.8,750.45,53.33333333,10.83333333,40,3.33
80,0,22.89,36.7,21.7,36.36333333,22.89,37.7,20.79,38.5,20.2,47.06,14.42666667,15.73333333,22.06666667,32.2,24.2,36.93333333,20.39,40.12666667,12.7,750.4,53.66666667,10.66666667,40,3.37
60,0,22.89,36.66333333,21.66666667,36.4,22.89,37.7,20.79,38.4,20.2,46.93333333,14.04,14.845,22.2,32.06,24.29,36.86333333,20.39,40.12666667,12.7,750.35,54,10.5,40,3.4
70,0,22.89,36.53,21.6,36.4,22.89,37.7,20.79,38.4,20.1,46.76,13.69,15.83333333,22.13333333,31.92666667,24.29,36.695,20.39,40.2,12.6,750.3,54.33333333,10.33333333,40,3.43
60,0,22.89,36.36333333,21.6,36.4,22.89,37.62666667,20.79,38.4,20.16666667,46.62666667,13.76333333,17.09333333,22.1,31.85666667,24.29,36.59,20.32333333,40.13333333,12.6,750.25,54.66666667,10.16666667,40,3.47
70,0,22.89,36.29,21.5,36.4,22.89,37.66333333,20.79,38.4,20.16666667,46.46666667,13.39666667,17.03333333,22.03333333,31.79,24.2,36.5,20.32333333,40,12.5,750.2,55,10,40,3.5
60,0,22.89,36.29,21.5,36.4,22.89,37.59,20.76,38.29,20.1,46.32666667,13.06333333,17.22666667,21.945,31.7,24.13333333,36.5,20.39,39.9,12.4,750.15,55.16666667,9.833333333,40,3.47
60,0,22.82333333,36.23,21.35666667,36.4,22.89,37.56,20.7,38.29,20.1,46.22333333,12.79333333,20.76333333,21.89,31.79,24.1,36.53,20.39,39.82666667,12.3,750.1,55.33333333,9.666666667,40,3.43
80,0,22.79,36.12666667,21.29,36.46666667,22.89,37.5,20.7,38.4,20.16666667,46.03,11.99333333,30.63,21.89,31.93,24.03333333,36.59,20.32333333,39.79,12.2,750.05,55.5,9.5,40,3.4
120,10,22.79,36.26,21.29,36.69333333,22.89,37.5,20.7,38.46666667,20.2,45.9,11.03,38.69666667,21.89,32.3,24,36.72666667,20.32333333,39.79,12.1,750,55.66666667,9.333333333,40,3.37
140,0,22.79,36.43333333,21.29,37.02666667,22.89,37.43333333,20.7,38.89,20.2,45.82666667,10.83,40.95666667,21.82333333,32.56,24.06666667,37.33333333,20.29,39.82666667,12,749.95,55.83333333,9.166666667,40,3.33
140,0,22.79,36.56,21.2,37.26666667,22.89,37.36333333,20.7,39.22333333,20.16666667,45.82666667,10.8,38.1,21.79,32.7,24.1,37.8,20.29,39.9,11.9,749.9,56,9,40,3.3
160,0,22.73,36.7,21.13333333,37.46666667,22.89,37.29,20.7,39.43333333,20.16666667,45.9,10.8,35.16666667,21.79,32.7,24.1,38,20.29,40,11.6,749.9,58.83333333,8.5,40,3.63
180,0,22.73,36.7,21.1,37.59,22.89,37.29,20.76,39.56,20.2,45.93333333,10.93333333,31.59333333,21.7,32.63333333,24.13333333,38.09,20.29,40,11.3,749.9,61.66666667,8,40,3.97
160,0,22.7,36.7,21.03333333,37.59,22.89,37.29,20.79,39.62666667,20.2,46,10.52666667,33.72666667,21.7,32.5,24.26,38.16333333,20.29,40.12666667,10.9,749.9,64.5,7.5,40,4.3
160,0,22.7,36.7,20.96333333,37.62666667,22.89,37.26,20.85666667,39.76,20.2,46,10,36.76666667,21.66666667,32.56,24.29,38.46333333,20.29,40.26,10.6,749.9,67.33333333,7,40,4.63
140,0,22.66666667,36.79,20.89,37.76,22.89,37.2,20.82333333,39.66333333,20.2,46.06,9.6,38.69333333,21.6,32.56,24.35666667,38.79666667,20.29,40.36333333,10.3,749.9,70.16666667,6.5,40,4.97
120,10,22.6,36.86333333,20.79,37.82666667,22.79,37.2,20.89,39.4475,20.2,46.09,9.126666667,40.96,21.6,32.59,24.29,39.43333333,20.29,40.23,10,749.9,73,6,40,5.3
110,0,22.6,36.845,20.73,37.96666667,22.79,37.2,20.82333333,39.32666667,20.13333333,46.16333333,8.866666667,42.62666667,21.6,32.59,24.35666667,39.63333333,20.29,39.745,9.83,749.9333333,72.66666667,6.166666667,40,5.08
90,0,22.6,37,20.7,38.33,22.79,37.045,20.79,39.29,20.2,46.245,8.66,44.52666667,21.5,32.73,24.29,39.49,20.29,39.5,9.67,749.9666667,72.33333333,6.333333333,40,4.87
90,0,22.6,37.06,20.63333333,38.79666667,22.79,36.93333333,20.79,39.29,20.2,46.16333333,8.4975,45.4225,21.5,32.73,24.29,39.15666667,20.29,39.43333333,9.5,750,72,6.5,40,4.65
80,0,22.6,37.12666667,20.56666667,39.15666667,22.79,37,20.79,39.2,20.2,46.09,8.463333333,46.89666667,21.5,32.79,24.2,38.63333333,20.29,39.2,9.33,750.0333333,71.66666667,6.666666667,40,4.43
80,0,22.6,37.26,20.5,39.43,22.79,37.03,20.79,39.2,20.16666667,46.06,8.39,47.29333333,21.42666667,32.79,24.2,38.36,20.29,39.12666667,9.17,750.0666667,71.33333333,6.833333333,40,4.22
80,0,22.5,37.36,20.5,39.69,22.79,37.09,20.76,39.29,20.1,45.93333333,8.463333333,48.16666667,21.39,32.79,24.2,38.045,20.26,38.93,9,750.1,71,7,40,4
80,0,22.5,37.5,20.39,40.03,22.79,37.09,20.7,39.29,20.1,45.9,8.533333333,49.1,21.39,32.86333333,24.1,37.86333333,20.26,38.79,8.93,750.1,71.5,6.833333333,40,4.03
70,0,22.5,37.59,20.32333333,40.29666667,22.79,37.16333333,20.7,39.4,20.1,45.82666667,8.6,49.43333333,21.35666667,32.9,24.03333333,37.65666667,20.2,38.59,8.87,750.1,72,6.666666667,40,4.07
70,0,22.5,37.66333333,20.29,40.65666667,22.79,37.2,20.7,39.46666667,20.1,45.76,8.433333333,48.69333333,21.29,32.975,24,37.5,20.2,38.53,8.8,750.1,72.5,6.5,40,4.1
60,0,22.5,37.79,20.23,40.79,22.73,37.2,20.7,39.5,20.1,45.7,8.166666667,49.49333333,21.29,33,23.92666667,37.43333333,20.2,38.46666667,8.73,750.1,73,6.333333333,40,4.13
80,0,22.5,37.86333333,20.2,41.03,22.7,37.29,20.7,39.56,20.1,45.59,8,51.06666667,21.29,33.09,23.96333333,37.29,20.2,38.32666667,8.67,750.1,73.5,6.166666667,40,4.17
100,20,22.39,37.93333333,20.2,41.16333333,22.7,37.29,20.6,39.53,20.1,45.59,8,51.6,21.23,33.16333333,23.89,37.36333333,20.2,38.26,8.6,750.1,74,6,40,4.2
90,10,22.39,38.06,20.1,41.09,22.7,37.32666667,20.66666667,39.86333333,20.2,46.2,8,52.06,21.29,33.53,23.89,38.03,20.2,38.2,8.58,750.0333333,74.66666667,6.166666667,40,4.32
90,0,22.39,38.23,20.1,41.03,22.7,37.46666667,20.7,40.09,20.2,46.12666667,8,51.8,21.29,34.12333333,23.89,38.16333333,20.2,38.53,8.57,749.9666667,75.33333333,6.333333333,40,4.43
80,0,22.39,38.29,20.06666667,40.96666667,22.73,37.62666667,20.63333333,40.03,20.2,46.26666667,7.9,51.1,21.29,34.56666667,23.79,38.4,20.2,38.99,8.55,749.9,76,6.5,40,4.55
90,0,22.29,38.29,20,40.9,22.79,37.7,20.6,39.9,20.13333333,46.46666667,7.966666667,50.69333333,21.35666667,34.9,23.73,38.32666667,20.2,39.32666667,8.53,749.8333333,76.66666667,6.666666667,40,4.67
70,0,22.29,38.36333333,19.96333333,40.9,22.79,37.73,20.6,39.82666667,20.1,46.62666667,8,50.2,21.39,35.26666667,23.7,38.13333333,20.2,39.4,8.52,749.7666667,77.33333333,6.833333333,40,4.78
80,0,22.29,38.4,19.89,40.9,22.79,37.79,20.6,39.79,20.1,46.76,8.126666667,50.26,21.39,35.46666667,23.7,37.86,20.23,39.65666667,8.5,749.7,78,7,40,4.9
90,0,22.29,38.32666667,19.85666667,40.86333333,22.85666667,37.9,20.575,39.7225,20.1,46.82666667,8.19,50.13333333,21.39,35.56666667,23.6,37.62666667,20.23,39.79,8.45,749.6,77.83333333,6.833333333,40,4.82
90,0,22.2,38.29,19.79,40.86333333,22.79,37.96666667,20.5,39.7,20.1,46.9,8.19,50.13333333,21.39,35.83333333,23.66666667,37.83333333,20.245,39.995,8.4,749.5,77.66666667,6.666666667,40,4.73
80,0,22.2,38.29,19.76,40.93333333,22.89,38.045,20.5,39.62666667,20.1,46.93333333,8.145,49.345,21.39,36.23,23.7,38.12666667,20.29,40.23,8.35,749.4,77.5,6.5,40,4.65
80,0,22.13333333,38.29,19.7,41,22.89,38.12666667,20.5,39.62666667,20.075,47,8.3,48.42333333,21.39,36.36333333,23.76,38.33333333,20.23,40.36333333,8.3,749.3,77.33333333,6.333333333,40,4.57
90,0,22.1,38.29,19.7,41.12666667,22.89,38.2,20.39,39.5,20.06666667,47.06,8.226666667,48.22333333,21.39,36.62666667,23.79,38.65666667,20.26,40.59,8.25,749.2,77.16666667,6.166666667,40,4.48
70,0,22.1,38.29,19.63333333,41.12666667,22.92666667,38.12666667,20.39,39.5,20,47.03,8.1,48.72666667,21.39,36.76,23.79,38.86333333,20.26,40.72333333,8.2,749.1,77,6,40,4.4
80,0,22.06666667,38.26,19.6,41.2,23,38.2,20.39,39.5,20,47.09,8.1,49.13333333,21.39,36.79,23.82333333,39.15666667,20.23,40.82666667,8.23,749,76.83333333,6.333333333,40,4.38
60,0,22,38.2,19.525,41.2675,22.96333333,38.2,20.39,39.5,20,47.09,8.1,49.3,21.39,36.93,23.89,39.36333333,20.29,40.96666667,8.27,748.9,76.66666667,6.666666667,40,4.37
50,0,22,38.2,19.5,41.29,22.96333333,38.2,20.39,39.5,20,47.09,8.033333333,49.5,21.39,37.03,23.89,39.6,20.29,41.12666667,8.3,748.8,76.5,7,40,4.35
60,0,22,38.26,19.42666667,41.32666667,22.89,38.2,20.39,39.5,20,47.2,8,49.72333333,21.39,37.2225,23.89,39.86,20.29,41.26,8.33,748.7,76.33333333,7.333333333,40,4.33
60,0,22,38.29,19.42666667,41.4,22.96333333,38.26,20.35666667,39.4,20,47.2,8,49.19666667,21.39,37.46666667,23.89,40.19333333,20.29,41.32666667,8.37,748.6,76.16666667,7.666666667,40,4.32
60,0,21.92666667,38.29,19.39,41.43333333,22.92666667,38.29,20.29,39.4,20,47.23,8.1,48.73333333,21.39,37.62666667,23.79,40.43333333,20.29,41.4,8.4,748.5,76,8,40,4.3
70,0,21.89,38.29,19.39,41.5,23,38.29,20.29,39.4,20,47.29,8.16,48.06666667,21.39,37.7,23.79,40.56,20.29,41.53,8.43,748.35,75.66666667,8,40,4.28
60,0,21.89,38.29,19.29,41.5,23,38.29,20.29,39.4,20,47.29,8.33,47.25666667,21.39,37.66333333,23.7,40.59,20.29,41.59,8.47,748.2,75.33333333,8,40,4.27
60,0,21.85666667,38.29,19.29,41.56,23,38.29,20.26,39.29,20,47.29,8.39,46.25666667,21.39,37.59,23.7,40.66333333,20.29,41.7,8.5,748.05,75,8,40,4.25
50,0,21.79,38.29,19.26,41.56,23,38.29,20.2,39.29,20,47.36333333,8.426666667,44.89,21.39,37.59,23.66666667,40.82666667,20.29,41.76,8.53,747.9,74.66666667,8,40,4.23
60,0,21.79,38.29,19.2,41.5,23,38.29,20.26,39.26,20,47.36333333,8.5,44.89,21.39,37.66333333,23.6,40.96666667,20.29,41.82666667,8.57,747.75,74.33333333,8,40,4.22
50,0,21.79,38.29,19.2,41.5,23,38.32666667,20.2,39.2,20,47.4,8.6,43.82666667,21.39,37.76666667,23.6,41.3,20.29,41.9,8.6,747.6,74,8,40,4.2
60,0,21.7,38.29,19.2,41.56,23,38.32666667,20.26,39.26,20,47.4,8.66,42.9,21.39,37.96666667,23.6,41.56,20.29,41.93333333,8.67,747.45,73.5,8.166666667,40,4.15
60,0,21.7,38.29,19.13333333,41.59,23,38.32666667,20.2,39.2,19.89,47.4,8.745,42.645,21.39,38,23.56666667,41.73,20.29,42,8.73,747.3,73,8.333333333,40,4.1
70,0,21.7,38.29,19.13333333,41.59,23,38.32666667,20.2,39.2,19.96333333,47.46666667,8.83,41.53,21.39,38,23.5,41.86333333,20.29,42.09,8.8,747.15,72.5,8.5,40,4.05
60,0,21.7,38.29,19.1,41.59,23,38.4,20.2,39.2,19.92666667,47.4,8.89,41.59,21.39,37.96666667,23.5,42.09,20.29,42.12666667,8.87,747,72,8.666666667,40,4
60,0,21.7,38.29,19.1,41.59,23,38.4,20.2,39.12666667,19.9175,47.475,9,40.73333333,21.39,37.82666667,23.5,42.22333333,20.29,42.2,8.93,746.85,71.5,8.833333333,40,3.95
70,0,21.7,38.29,19.1,41.66333333,23,38.4,20.16666667,39.12666667,19.89,47.5,9,40.66,21.39,37.7,23.39,42.23,20.29,42.23,9,746.7,71,9,40,3.9
60,0,21.7,38.29,19.1,41.66333333,23,38.4,20.1,39.12666667,19.96333333,47.5,9,40.29,21.39,37.7,23.39,42.43,20.29,42.29,9,746.5166667,71.16666667,9,40,3.95
60,0,21.6,38.29,19,41.59,23,38.4,20.1,39.09,19.96333333,47.5,8.926666667,40.29,21.39,37.82666667,23.39,42.56,20.29,42.29,9,746.3333333,71.33333333,9,40,4
50,0,21.6,38.29,19.05,41.645,23,38.4,20.1,39.09,19.96333333,47.5,8.86,39.56,21.39,37.9,23.39,42.56,20.29,42.36333333,9,746.15,71.5,9,40,4.05
60,0,21.6,38.26,19,41.59,22.92666667,38.4,20.1,39.09,19.96333333,47.5,8.8,39.43333333,21.39,38,23.29,42.59,20.29,42.4,9,745.9666667,71.66666667,9,40,4.1
60,0,21.6,38.26,19,41.56,22.89,38.4,20.1,39.09,20,47.5,8.8,39.46666667,21.39,38,23.29,42.59,20.29,42.46666667,9,745.7833333,71.83333333,9,40,4.15
60,0,21.6,38.2,19,41.56,22.89,38.4,20.1,39.09,19.92666667,47.5,8.86,39.13333333,21.39,38.045,23.29,42.59,20.29,42.5,9,745.6,72,9,40,4.2
70,0,21.6,38.2,18.96333333,41.56,22.79,38.29,20.1,39.09,19.89,47.5,8.926666667,38.36,21.39,38.09,23.23,42.65666667,20.29,42.56,8.97,745.3833333,72,9.166666667,40,4.15
50,0,21.5,38.2,18.89,41.5,22.79,38.29,20.1,39,19.89,47.5,9,38.56,21.39,38.03,23.29,42.79,20.29,42.59,8.93,745.1666667,72,9.333333333,40,4.1
70,0,21.5,38.2,18.96333333,41.53,22.79,38.2,20.1,39,19.89,47.5,8.89,40.52666667,21.32333333,38.03,23.2,42.79,20.29,42.59,8.9,744.95,72,9.5,40,4.05
60,0,21.5,38.2,18.89,41.53,22.79,38.2,20.1,39,19.89,47.5,8.696666667,42.72666667,21.39,38.09,23.2,42.79,20.29,42.62666667,8.87,744.7333333,72,9.666666667,40,4
60,0,21.5,38.2,18.89,41.59,22.79,38.2,20.1,39,19.89,47.5,8.463333333,45.33333333,21.39,38.09,23.2,42.79,20.29,42.7,8.83,744.5166667,72,9.833333333,40,3.95
50,0,21.5,38.2,18.89,41.59,22.79,38.2,20.1,39,19.89,47.5,8.196666667,49.39333333,21.39,38.16333333,23.13333333,42.79,20.29,42.7,8.8,744.3,72,10,40,3.9
60,0,21.5,38.2,18.89,41.7,22.7,38.2,20.03333333,38.93333333,19.89,47.5,7.795,54.145,21.39,38.23,23.1,42.82666667,20.29,42.76,8.67,744.1833333,73.66666667,10,44.16666667,4.08
60,0,21.5,38.2,18.82333333,41.62666667,22.7,38.2,20.03333333,38.96333333,19.89,47.5,7.56,56.66,21.39,38.23,23.1,42.96666667,20.29,42.73,8.53,744.0666667,75.33333333,10,48.33333333,4.27
50,0,21.5,38.26,18.79,41.62666667,22.7,38.2,20.025,39.0225,19.89,47.5,7.433333333,57.52666667,21.35666667,38.4,23.1,43.03,20.29,42.79,8.4,743.95,77,10,52.5,4.45
70,0,21.5,38.29,18.79,41.7,22.7,38.2,20,39,19.89,47.43333333,7.3,57.23333333,21.35666667,38.4,23.1,43.16333333,20.29,42.845,8.27,743.8333333,78.66666667,10,56.66666667,4.63
60,0,21.42666667,38.23,18.79,41.79,22.7,38.2,20,39,19.89,47.4,7.3,57.1,21.35666667,38.43333333,23.1,43.23,20.29,42.9,8.13,743.7166667,80.33333333,10,60.83333333,4.82
60,0,21.39,38.2,18.79,41.79,22.7,38.1175,20,39,19.89,47.4,7.5,54.69666667,21.35666667,38.56,23.1,43.43,20.29,42.9,8,743.6,82,10,65,5
60,0,21.39,38.29,18.7,41.9,22.7,38.09,20,39,19.89,47.45,7.56,53.96333333,21.32333333,38.59,23,43.53,20.29,42.93333333,7.93,743.3333333,81.66666667,10.16666667,60.83333333,4.88
60,0,21.39,38.29,18.7,41.9,22.73,38.09,20,39,19.89,47.5,7.726666667,52.26333333,21.32333333,38.59,23.06666667,43.86333333,20.29,43,7.87,743.0666667,81.33333333,10.33333333,56.66666667,4.77
50,0,21.39,38.29,18.7,41.82666667,22.79,38.16333333,19.92666667,39,19.89,47.5,7.933333333,50.12333333,21.35666667,38.59,23,43.9,20.29,43,7.8,742.8,81,10.5,52.5,4.65
60,0,21.39,38.29,18.675,41.8725,22.79,38.2,19.92666667,39,19.89,47.5,8.033333333,49.36,21.29,38.59,23,43.9,20.29,43,7.73,742.5333333,80.66666667,10.66666667,48.33333333,4.53
50,0,21.29,38.29,18.6,41.79,22.79,38.2,19.89,39,19.89,47.5,8.1,47.63333333,21.29,38.59,23,43.9,20.29,43.09,7.67,742.2666667,80.33333333,10.83333333,44.16666667,4.42
60,0,21.29,38.29,18.6,41.79,22.79,38.29,19.96333333,39,19.89,47.5,8.19,46.46666667,21.35666667,38.59,23,43.9,20.29,43.09,7.6,742,80,11,40,4.3
50,0,21.29,38.29,18.6,41.79,22.79,38.29,19.89,38.96666667,19.82333333,47.43333333,8.263333333,46,21.29,38.5,23,43.93333333,20.29,43.09,7.72,741.8,78.83333333,11.33333333,40,4.2
40,0,21.29,38.29,18.6,41.79,22.79,38.29,19.89,38.9,19.79,47.43333333,8.3,46.32666667,21.29,38.5,23,44.0675,20.29,43.16333333,7.83,741.6,77.66666667,11.66666667,40,4.1
50,0,21.29,38.29,18.6,41.79,22.79,38.29,19.89,38.9,19.79,47.5,8.36,46.46666667,21.29,38.43333333,22.92666667,44.03,20.29,43.2,7.95,741.4,76.5,12,40,4
40,0,21.29,38.29,18.6,41.79,22.79,38.29,19.89,38.9,19.79,47.5,8.39,45.29666667,21.29,38.32666667,22.89,44,20.29,43.2,8.07,741.2,75.33333333,12.33333333,40,3.9
60,0,21.26,38.29,18.53333333,41.79,22.79,38.29,19.89,38.9,19.85666667,47.56,8.463333333,45.09,21.29,38.32666667,22.89,44,20.29,43.2,8.18,741,74.16666667,12.66666667,40,3.8
70,0,21.2,38.29,18.53333333,41.89,22.76,38.29,19.89,38.9,19.79,47.5,8.533333333,44.13333333,21.29,38.43333333,22.89,44.09,20.29,43.26,8.3,740.8,73,13,40,3.7
50,0,21.2,38.29,18.53333333,42.29666667,22.7,38.23,19.89,38.9,19.79,47.5,8.6225,43.725,21.29,38.5,22.89,44.09,20.29,43.2,8.35,740.6666667,73,13,40,3.73
60,0,21.2,38.36333333,18.5,42.5,22.66666667,38.06,19.89,38.9,19.79,47.5,8.763333333,43.69333333,21.29,38.52666667,22.89,44.06,20.29,43.2,8.4,740.5333333,73,13,40,3.77
70,0,21.2,38.43333333,18.5,42.69333333,22.6,37.86,19.89,39.045,19.79,47.5,8.83,41.96,21.29,38.46666667,22.89,43.93333333,20.29,43.16333333,8.45,740.4,73,13,40,3.8
60,0,21.2,38.56,18.5,42.73,22.6,37.79,19.89,39.36,19.79,47.5,8.963333333,42.03333333,21.29,38.46666667,22.89,43.86333333,20.29,43.09,8.5,740.2666667,73,13,40,3.83
70,0,21.2,38.76,18.5,42.86333333,22.6,37.73,19.96333333,39.63333333,19.79,47.5,8.963333333,43.23333333,21.29,38.4,22.89,43.79,20.29,43.06,8.55,740.1333333,73,13,40,3.87
70,0,21.2,38.76,18.5,43.12666667,22.5,37.7,19.89,39.86,19.79,47.5,8.89,44.63333333,21.29,38.43333333,22.89,43.9,20.29,43,8.6,740,73,13,40,3.9
120,0,21.2,38.845,18.5,43.26,22.5,37.7,19.96333333,40.06,19.79,47.5,8.8,47.99333333,21.29,38.56,22.89,43.9,20.29,43,8.6,739.9166667,73.66666667,13,38,4.03
60,0,21.23,39.22666667,18.6,43.43333333,22.5,37.59,20,40.2,19.79,47.545,8.8,50.73333333,21.29,38.62666667,22.79,43.9,20.29,42.86333333,8.6,739.8333333,74.33333333,13,36,4.17
70,0,21.29,39.56,18.6,43.56,22.5,37.59,20,40.12666667,19.79,47.59,8.8,52.22333333,21.29,38.7,22.79,43.9,20.29,42.79,8.6,739.75,75,13,34,4.3
60,10,21.29,39.9,18.6,43.8,22.5,37.59,20,40.09,19.79,47.59,8.933333333,52.63,21.29,38.73,22.79,44,20.29,42.79,8.6,739.6666667,75.66666667,13,32,4.43
60,0,21.29,39.9,18.675,44.095,22.5,37.62666667,20,40.03,19.79,47.59,9.4,52.3,21.29,38.93,22.79,44,20.23,42.59666667,8.6,739.5833333,76.33333333,13,30,4.57
90,0,21.29,39.96333333,18.7,44.2,22.5,37.7,20,40,19.79,47.59,9.66,50.89333333,21.29,39.23,22.79,44.03,20.23,42.53,8.6,739.5,77,13,28,4.7
60,0,21.35666667,40.16333333,18.79,44.36,22.39,37.59,20,40.06,19.79,47.59,9.8,50.13333333,21.29,39.29,22.79,44.09,20.29,42.53,8.65,739.4333333,78,12.83333333,30,4.95
60,0,21.39,40.29,18.79,44.63333333,22.39,37.66333333,20,40.09,19.79,47.59,9.726666667,51.6,21.29,39.195,22.79,44.1175,20.2,42.4,8.7,739.3666667,79,12.66666667,32,5.2
60,10,21.39,40.43,18.79,44.82666667,22.39,37.73,20,40.09,19.79,47.59,9.53,55.75666667,21.29,39.045,22.79,44.2,20.2,42.32666667,8.75,739.3,80,12.5,34,5.45
140,10,21.46333333,40.66333333,18.79,44.96666667,22.39,37.79,20,40.2,19.79,47.66333333,9.196666667,62.03,21.29,39.09,22.7,44.245,20.2,42.26,8.8,739.2333333,81,12.33333333,36,5.7
110,30,21.39,40.59,18.79,45,22.39,37.9,20,40.26,19.79,47.56,8.86,66.73,21.29,39.09,22.76,44.32666667,20.2,42.2,8.85,739.1666667,82,12.16666667,38,5.95
100,20,21.39,40.73,18.79,45,22.39,37.96666667,20.26333333,40.62666667,19.79,47.5,8.895,69.04,21.23,39.09,22.76,44.4,20.2,42.09,8.9,739.1,83,12,40,6.2
90,20,21.39,40.86333333,18.89,45,22.39,38.09,20.53,40.76,19.85666667,47.52666667,9.066666667,69.99,21.2,39.12666667,22.79,44.13333333,20.2,42.09,8.85,739.2166667,84.5,11.83333333,43.83333333,6.38
110,20,21.42666667,40.86,18.96333333,45,22.32333333,38.09,20.86,40.9,19.85666667,47.46666667,9.19,69.49,21.2,39.33333333,22.73,43.86,20.2,41.96666667,8.8,739.3333333,86,11.66666667,47.66666667,6.57
90,10,21.5,41,19.26333333,44.76666667,22.39,38.12666667,21.06666667,40.9,19.79,47.36333333,9.263333333,68.29666667,21.29,39.29666667,22.79,43.52666667,20.2,41.82666667,8.75,739.45,87.5,11.5,51.5,6.75
230,0,21.5,41,19.53,44.3,22.32333333,38.2,21.1,40.69,19.79,47.23,9.49,64.26666667,21.23,38.75666667,22.79,43.32666667,20.2,41.49,8.7,739.5666667,89,11.33333333,55.33333333,6.93
210,0,21.5,41,19.82333333,43.66,22.39,38.2,21.1,40.22333333,19.82333333,47.09,9.963333333,61.8,21.2,38.19333333,22.89,43.13333333,20.2,41.23,8.65,739.6833333,90.5,11.16666667,59.16666667,7.12
170,0,21.53333333,40.86333333,20.03,43.19333333,22.39,38.2,21.1,39.96333333,19.89,47.03,10.46,57.29333333,21.2,37.8,22.89,42.93333333,20.29,41.82333333,8.6,739.8,92,11,63,7.3
380,0,21.6,40.73,20.23,42.79,22.39,38.2,21,39.66333333,19.89,46.83333333,10.73333333,54.56666667,21.2,37.43,23,42.76,20.29,42.79,8.88,739.9666667,88.83333333,10.5,59.16666667,7.02
210,0,21.7,40.79,20.43,42.65666667,22.39,38.2,21,39.46333333,19.89,46.7,11.32666667,50.16333333,21.2,37.09666667,23,42.56666667,20.29,43.43,9.17,740.1333333,85.66666667,10,55.33333333,6.73
150,0,21.7225,40.6725,20.73,42.23333333,22.445,38.245,21.03333333,39.36,19.89,46.56,11.7,43.84,21.23,36.76,23,42.36333333,20.39,43.7,9.45,740.3,82.5,9.5,51.5,6.45
100,0,21.85666667,40.5,20.93,41.63333333,22.5,38.32666667,21.1,39.5,19.89,46.475,12.075,39.9725,21.23,36.42666667,23.06666667,42.23,20.39,43.62666667,9.73,740.4666667,79.33333333,9,47.66666667,6.17
270,0,22.03333333,40.36333333,21.16333333,41.19333333,22.5,38.4,21.13333333,39.53,19.96333333,46.32666667,12.3,32.89333333,21.29,36.1,23.1,41.93,20.39,43.5,10,740.6333333,76.16666667,8.5,43.83333333,5.88
130,0,22.1,40.82333333,21.3925,40.67,22.53333333,38.43333333,21.2,39.39,19.89,46.16333333,12.22666667,32.09333333,21.29,35.69333333,23.1,41.59666667,20.39,43.43333333,10.3,740.8,73,8,40,5.6
100,0,22.23,41.06,21.56666667,40.3,22.6,38.5,21.2,39.29,19.89,46.03,12.5,33.42666667,21.26,35.29666667,23.13333333,41.22333333,20.39,43.26,10.4,740.8666667,71.16666667,8.5,40,5.3
130,0,22.29,40.8,21.7,39.96666667,22.6,38.46666667,21.2,39.29,20,45.86333333,12.53,30.19,21.2,34.96333333,23.2,41.03,20.39,43.12666667,10.5,740.9333333,69.33333333,9,40,5
100,0,22.39,40.1,21.76,39.82666667,22.6,38.46666667,21.2,39.29,20,45.79,12.25666667,29.99666667,21.26,34.72333333,23.2,40.72333333,20.39,42.96666667,10.6,741,67.5,9.5,40,4.7
100,0,22.46333333,39.82666667,21.82333333,39.66333333,22.6,38.5,21.2,39.29,20,45.66333333,11.5,35.19666667,21.2,34.53,23.2,40.66333333,20.39,42.9,10.6,741.0666667,65.66666667,10,40,4.4
100,0,22.6,39.66333333,21.96333333,39.46333333,22.6,38.5,21.2,39.32666667,20,45.53,11.5,38.39666667,21.29,34.66333333,23.2,40.82666667,20.39,42.86333333,10.7,741.1333333,63.83333333,10.5,40,4.1
70,0,22.6,39.46333333,22.03333333,39.33333333,22.6,38.5,21.2,39.4,20,45.5,11.43333333,37.06333333,21.29,34.5675,23.2,40.9,20.39,42.65666667,10.8,741.2,62,11,40,3.8
80,0,22.7,39.36333333,22.1,39.12666667,22.6,38.43333333,21.2,39.53,20,45.43333333,11.125,38.54,21.29,34.5,23.29,41.151875,20.42666667,42.59,10.7,741.3666667,62.66666667,11,40,3.83
80,0,22.7,39.23,22.1,38.86333333,22.6,38.36333333,21.26,39.66333333,20.03333333,45.4,11,38.79,21.29,34.43333333,23.29555556,41.2,20.5,42.59,10.6,741.5333333,63.33333333,11,40,3.87
440,0,22.79,38.96666667,22.16666667,38.73,22.6,38.29,21.29,39.82666667,20.1,45.345,11,37.79,21.39,34.29,23.36777778,41.2,20.39,42.53,10.4,741.7,64,11,40,3.9
430,0,22.79,38.9,22.23,38.46666667,22.6,38.39,21.29,39.9,20.1,45.26,11.46583333,36.77416667,21.6,33.96666667,23.39,40.85888889,20.46333333,42.59,10.3,741.8666667,64.66666667,11,40,3.93
320,0,22.89,38.96333333,22.29,38.32666667,22.72666667,39.25666667,21.34,39.9,20.1,45.2,11.93166667,35.75833333,21.675,33.95,23.39,39.8,20.42666667,42.26666667,10.2,742.0333333,65.33333333,11,40,3.97
300,0,22.96333333,39.03,22.39,38.09,23.06666667,40.86666667,21.42666667,39.96666667,20.1,45.12666667,12.59,30.438,21.7925,33.7675,23.29,38.89875,20.5,42.46666667,10.1,742.2,66,11,40,4
270,0,23.1,39.02666667,22.46333333,38.03,23.32666667,41.4,21.5,39.82666667,20.1,45.2,12.8225,26.2,21.89,33.42,23.29,38.49333333,20.5,42.59,10.3,742.25,65.33333333,11,40,4.03
290,10,23.16666667,38.96666667,22.53333333,37.76,23.66333333,41.93,21.5,39.63333333,20.1,45.29,12.93,28.34545455,21.89,33.23,23.218,37.736,20.5,42.5225,10.5,742.3,64.66666667,11,40,4.07
280,0,23.23,39.06,22.6,37.56666667,23.85666667,41.65666667,21.42666667,39.43333333,20.1,45.16333333,13.16,30.1,21.96333333,33.06,23.2,37.15666667,20.5,42.56,10.7,742.35,64,11,40,4.1
250,0,23.29,39.06,22.6,36.96,24.06666667,40.92333333,21.42666667,39.29,20.1,45.09,13.495,27.72833333,21.96333333,33,23.245,37.245,20.5,42.56,10.9,742.4,63.33333333,11,40,4.13
190,0,23.29,38.25,22.6,36.42666667,24.2,39.9175,21.5,39.23,20.13333333,45.06,13.6,25.96333333,22.1,32.86333333,23.30666667,37.165,20.5,42.5,11.1,742.45,62.66666667,11,40,4.17
100,0,23.39,38.06,22.6,36.23,24.26,39.22666667,21.5,39.16333333,20.13333333,44.86,13.53,25.35666667,22.16666667,32.65666667,23.39,36.76666667,20.5,42.5,11.3,742.5,62,11,40,4.2
90,0,23.39,37.93333333,22.6,36.43,24.29,38.46,21.5,39.09,20.15,44.79,13.30111111,26.74222222,22.16666667,32.46666667,23.39,36.39714286,20.5,42.5,11.4,742.5166667,61.83333333,10.5,40,4.22
80,10,23.42666667,37.9,22.745,36.7,24.29,38.06666667,21.5,39.09,20.2,44.9,13.55285714,25.19428571,22.16666667,32.4,23.38166667,36.00666667,20.5,42.46666667,11.4,742.5333333,61.66666667,10,40,4.23
80,0,23.5,37.82666667,22.85666667,36.76,24.2,38,21.5,39.09,20.2,44.9,13.61928571,24.41142857,22.23,32.29,23.29,35.50375,20.5,42.4,11.4,742.55,61.5,9.5,40,4.25
400,0,23.6,38,22.79,36.7,24.2,38.06,21.56666667,39,20.2,45,13.43333333,24.71,22.29,32.23,23.254,35.2,20.5,42.29,11.5,742.5666667,61.33333333,9,40,4.27
660,10,23.6,38.19333333,22.79,36.82666667,24.06666667,38.09,21.5,39,20.2,45.06,12.86923077,21.66384615,22.29,32.09,23.2,35.37333333,20.5,42.29,11.6,742.5833333,61.16666667,8.5,40,4.28
310,0,23.63333333,45.33,22.73,37.36,24,38.16333333,21.5,39,20.2,45.19333333,11.792,25.8,22.245,31.945,23.275,35.99833333,20.53333333,42.2,11.6,742.6,61,8,40,4.3
110,0,23.7,50.33,22.79,39.39333333,23.92666667,39.73333333,21.5,39.06,20.2,45.66,11.64,26.39352941,22.2,31.745,23.29,36.33666667,20.6,42.12666667,11.1,742.7166667,63.83333333,8.166666667,40,4.35
110,0,23.7,47.25666667,22.73,40.19333333,24,40.46666667,21.6,39.39,20.2,46.39,11.43277778,28.60388889,22.16666667,31.7,23.32888889,36.46666667,20.6,41.9,10.5,742.8333333,66.66666667,8.333333333,40,4.4
100,0,23.7,44.79666667,22.66666667,40.29666667,24,40.33333333,21.6,39.66333333,20.2,46.72333333,11.45444444,28.84,22.1,31.7,23.37888889,36.43888889,20.6,41.9,9.95,742.95,69.5,8.5,40,4.45
100,0,23.7,43.26333333,22.6,39.89,24,40.12666667,21.53333333,39.7,20.29,47,11.72277778,29.30333333,22.1,31.79,23.39,36.37555556,20.56666667,41.76,9.4,743.0666667,72.33333333,8.666666667,40,4.5
100,0,23.7,42.32333333,22.6,39.52666667,24,39.86333333,21.6,39.7,20.29,47,11.76333333,28.72,22.1,31.79,23.39,36.17111111,20.5,41.7,8.85,743.1833333,75.16666667,8.833333333,40,4.55
100,0,23.7,41.36,22.53333333,39.19333333,24,39.65666667,21.6,39.79,20.29,46.76,11.69222222,26.25055556,22.1,31.76,23.39,36,20.5,41.56,8.3,743.3,78,9,40,4.6
110,0,23.7,40.56666667,22.5,38.96666667,23.89,39.46666667,21.6,39.79,20.29,46.645,11.18333333,24.81666667,22.16666667,31.63333333,23.32333333,35.5,20.56666667,41.43333333,8.67,743.3166667,76,8.666666667,38.16666667,4.55
140,0,23.7,39.93,22.42666667,38.69333333,23.89,39.26666667,21.6,39.79,20.29,46.46333333,10.96,25.46666667,22.1,31.6,23.34,35.365,20.5,41.4,9.03,743.3333333,74,8.333333333,36.33333333,4.5
620,0,23.7,39.65666667,22.35666667,38.5,23.85666667,39.02666667,21.6,39.7,20.29,46.1,10.65727273,26.83363636,22.1,31.5,23.36777778,35.15722222,20.55,41.4,9.4,743.35,72,8,34.5,4.45
580,0,23.6,39.36333333,22.23,38.36,23.79,38.82666667,21.6,39.62666667,20.29,45.76,10.63944444,27.75444444,22,31.39,23.37888889,35.09,20.5,41.32666667,9.77,743.3666667,70,7.666666667,32.66666667,4.4
350,0,23.66666667,42.15666667,22.2,38.79,23.79,38.7,21.53333333,39.59,20.29,45.62666667,10.48461538,27.80769231,22,31.39,23.39,35.05142857,20.5,41.4,10.1,743.3833333,68,7.333333333,30.83333333,4.35
100,10,23.65,45.145,22.13333333,39.26333333,23.79,38.83333333,21.6,39.59,20.29,45.76666667,10.27142857,29.02714286,21.89,31.5,23.38,35.105,20.5,41.32666667,10.5,743.4,66,7,29,4.3
130,0,23.6,43.09333333,22,39.33,23.7,38.9,21.5,39.59,20.29,45.96666667,10.08222222,30.91833333,21.89,31.56666667,23.30818182,35.26090909,20.5,41.16333333,10.3,743.4666667,66.5,6.666666667,30.83333333,4.23
240,0,23.6,42.36666667,22,39.66333333,23.73,38.93333333,21.5,39.59,20.29,46.09,9.835,31.15388889,21.89,31.6,23.29,35.531875,20.5,40.83,10.1,743.5333333,67,6.333333333,32.66666667,4.17
250,0,23.6,42.26333333,22.06666667,39.72333333,23.79,39.06,21.39,39.46666667,20.29,46,9.726666667,30.35666667,21.82333333,31.6,23.29,35.76,20.5,40.19333333,9.9,743.6,67.5,6,34.5,4.1
330,10,23.6,41.32333333,22,39.6225,23.79,39.09,21.39,39.32666667,20.29,45.93333333,9.466363636,31.56636364,21.79,32.13333333,23.29,35.68777778,20.5,39.72666667,9.7,743.6666667,68,5.666666667,36.33333333,4.03
260,0,23.63333333,40.49,22,39.36,23.79,39.09,21.29,39.26,20.29,45.76,9.300588235,32.12235294,21.79,32.4,23.33444444,35.47444444,20.5,39.4,9.5,743.7333333,68.5,5.333333333,38.16666667,3.97
120,10,23.63333333,39.95666667,21.89,39.02666667,23.76,38.96666667,21.29,39.12666667,20.29,45.56666667,9.136,32.8,21.76,32.26,23.29,35.31,20.5,39.06666667,9.3,743.8,69,5,40,3.9
500,0,23.6,39.43,21.82333333,38.76666667,23.7,38.82666667,21.26,38.96666667,20.29,45.4,8.845,35.245,21.7,32.2,23.29,35.29,20.5,38.72333333,9.17,743.8333333,69.5,5,40,3.85
110,0,23.6,39.15666667,21.76,38.69333333,23.66666667,38.72333333,21.2,38.9,20.29,45.6,8.712,37.474,21.66666667,32.06,23.29,35.254,20.5,38.46333333,9.03,743.8666667,70,5,40,3.8
120,0,23.5,39,21.7,39.3,23.6,38.53,21.2,38.9,20.29,46.3,8.645,39.145,21.6,32,23.29,35.356,20.42666667,38.23,8.9,743.9,70.5,5,40,3.75
120,0,23.5,39.06,21.6,39.59,23.6,38.53,21.2,38.9,20.29,46.5,8.6,41.04,21.6,32.06,23.29,35.56666667,20.5,38.23,8.77,743.9333333,71,5,40,3.7
110,0,23.56666667,39.16333333,21.53333333,39.59,23.53333333,38.53,21.16666667,38.9,20.29,46.4,8.566666667,42.43111111,21.56666667,32.12666667,23.29,36.01666667,20.46333333,38.06,8.63,743.9666667,71.5,5,40,3.65
110,0,23.5,39.09,21.5,39.73,23.5,38.53,21.1,38.9,20.29,46.46666667,8.5,42.39333333,21.5,32.2,23.32333333,36.43333333,20.39,37.93333333,8.5,744,72,5,40,3.6
420,0,23.5,38.96666667,21.42666667,39.73,23.42666667,38.53,21.1,38.79,20.29,46.73,8.349090909,42.49454545,21.5,32.23,23.39,36.70454545,20.39,37.86333333,8.43,744.0666667,73.16666667,4.666666667,40,3.78
330,0,23.5,38.82666667,21.29,39.79,23.39,38.5,21.075,38.74,20.29,46.93,8.14,43.18625,21.5,32.29,23.4175,36.858125,20.39,37.79,8.37,744.1333333,74.33333333,4.333333333,40,3.97
100,0,23.39,38.73,21.29,39.86333333,23.39,38.56,21,38.59,20.29,47.09,7.933333333,44.26333333,21.5,32.29,23.48428571,37.14,20.39,37.7,8.3,744.2,75.5,4,40,4.15
100,0,23.46333333,38.79,21.2,39.9,23.29,38.5,21,38.56,20.29,47.16333333,7.7725,45.80416667,21.5,32.29,23.5,37.205625,20.39,37.6725,8.23,744.2666667,76.66666667,3.666666667,40,4.33
90,0,23.39,38.7,21.13333333,39.96666667,23.29,38.5,21,38.5,20.29,47.16333333,7.617777778,47.02166667,21.39,32.29,23.5,37.31705882,20.39,37.59,8.17,744.3333333,77.83333333,3.333333333,40,4.52
80,10,23.39,38.7,21.1,40.15666667,23.29,38.5,21,38.5,20.23,47.03,7.599090909,47.17727273,21.39,32.36333333,23.51333333,37.44,20.39,37.5,8.1,744.4,79,3,40,4.7
70,0,23.39,39.02666667,21.03333333,40.29,23.29,38.56,21,38.5,20.26,47.02666667,7.661428571,47.49285714,21.39,32.62666667,23.54285714,37.72428571,20.39,37.96666667,7.98,744.45,79.16666667,3.5,40,4.6
80,0,23.365,38.795,20.96333333,40.16333333,23.26,38.52666667,20.92666667,38.5,20.2,46.82666667,7.64,48.69,21.39,32.76,23.6,38.25,20.39,39.03,7.87,744.5,79.33333333,4,40,4.5
90,0,23.35666667,38.62666667,20.89,40.09,23.2,38.425,20.92666667,38.56,20.2,46.7,7.489,51.799,21.39,32.9,23.6,38.75,20.39,39.43,7.75,744.55,79.5,4.5,40,4.4
90,0,23.29,38.5,20.85666667,40.2,23.2,38.5,20.89,38.59,20.2,46.6175,7.297692308,55.07076923,21.39,32.96666667,23.68125,39.22875,20.5,39.59,7.63,744.6,79.66666667,5,40,4.3
80,10,23.29,38.43333333,20.79,40.2,23.2,38.53,20.89,38.59,20.2,46.59,7.061875,57.07125,21.39,33.12666667,23.745,39.488,20.5,39.72333333,7.52,744.65,79.83333333,5.5,40,4.2
80,0,23.29,38.36333333,20.73,40.26,23.2,38.59,20.89,38.62666667,20.2,46.46666667,6.963636364,57.78454545,21.39,33.2,23.76428571,39.60857143,20.5,39.93333333,7.4,744.7,80,6,40,4.1
50,0,23.23,38.29,20.66666667,40.36333333,23.2,38.59,20.82333333,38.62666667,20.2,46.4,6.833333333,57.8,21.39,33.32666667,23.79,39.856,20.5,40.06,7.25,744.75,81.33333333,6.166666667,38.16666667,4.18
60,0,23.2,38.2,20.6,40.36333333,23.2,38.59,20.85666667,38.7,20.2,46.4,6.433333333,58.02666667,21.39,33.46666667,23.79,40.45666667,20.5,40.23,7.1,744.8,82.66666667,6.333333333,36.33333333,4.27
50,0,23.2,38.2,20.56666667,40.5,23.2,38.59,20.79,38.7,20.2,46.32666667,6.125,60.145,21.35666667,33.53,23.86777778,41.25888889,20.5,40.43,6.95,744.85,84,6.5,34.5,4.35
50,0,23.16666667,38.2,20.5,40.56,23.2,38.59,20.79,38.7,20.2,46.29,6.147142857,61.45142857,21.35666667,33.59,23.86142857,41.56714286,20.5,40.65666667,6.8,744.9,85.33333333,6.666666667,32.66666667,4.43
50,0,23.1,38.2,20.46333333,40.7,23.16666667,38.59,20.79,38.7,20.2,46.29,6.396666667,62.39333333,21.29,33.645,23.82333333,41.86333333,20.5,40.86333333,6.65,744.95,86.66666667,6.833333333,30.83333333,4.52
40,0,23.1,38.2,20.32333333,40.7,23.16666667,38.59,20.79,38.79,20.2,46.2,6.59,61.47181818,21.29,33.73,23.79,42.343125,20.5,41.12666667,6.5,745,88,7,29,4.6
40,0,23.1,38.2,20.29,40.73,23.16666667,38.59,20.79,38.79,20.2,46.2,6.545,60.96833333,21.29,33.79,23.79,42.599375,20.5,41.33333333,6.5,745.1,88.33333333,7,34.5,4.65
40,10,23,38.09,20.29,40.79,23.1,38.59,20.76,38.79,20.2,46.16333333,6.349444444,60.41222222,21.29,33.79,23.77714286,42.7,20.5,41.53,6.5,745.2,88.66666667,7,40,4.7
40,0,23,38.09,20.2,40.79,23.1,38.59,20.745,38.8725,20.2,46.09,6.149444444,59.90333333,21.29,33.86333333,23.705625,42.610625,20.5,41.66333333,6.5,745.3,89,7,45.5,4.75
50,0,22.96333333,38.09,20.13333333,40.86333333,23.1,38.53,20.7,38.9,20.2,46.16333333,5.914285714,59.18,21.29,33.86333333,23.7,42.59,20.5,41.82666667,6.5,745.4,89.33333333,7,51,4.8
60,0,22.89,38.09,20.1,40.93333333,23.13333333,38.59,20.7,38.9,20.2,46.09,5.674,58.958,21.29,33.86333333,23.66,42.634,20.5,41.9,6.5,745.5,89.66666667,7,56.5,4.85
50,0,22.89,38.09,20.1,41.06,23.2,38.59,20.7,38.9,20.1,46.16333333,5.5,59.176875,21.29,33.86333333,23.58333333,42.78,20.5,41.96666667,6.5,745.6,90,7,62,4.9
60,0,22.82333333,38.03,19.96333333,41.03,23.2,38.59,20.7,38.9,20.1,46.09,5.5375,59.39083333,21.23,33.73,23.51111111,43.03222222,20.53333333,42.03,6.38,745.7166667,89,7,58.33333333,4.63
50,0,22.79,37.9,19.89,41.16333333,23.2,38.59,20.63333333,38.82666667,20.1,46.09,5.601111111,59.23,21.29,33.79,23.5,43.34222222,20.53333333,42.16333333,6.27,745.8333333,88,7,54.66666667,4.37
50,0,22.79,37.9,19.89,41.23,23.2,38.59,20.6,38.79,20.1,46.09,5.623333333,59.09666667,21.23,33.73,23.5,43.4,20.5,42.23,6.15,745.95,87,7,51,4.1
70,0,22.79,37.9,19.82333333,41.23,23.245,38.69,20.6,38.79,20.1,46.09,5.59,59.06666667,21.2,33.7,23.5,43.43333333,20.5,42.29,6.03,746.0666667,86,7,47.33333333,3.83
60,10,22.7,37.9,19.79,41.32666667,23.2,38.66333333,20.6,38.79,20.1,46.09,5.5225,59.1175,21.2,33.7,23.4175,43.5675,20.53333333,42.4,5.92,746.1833333,85,7,43.66666667,3.57
70,0,22.7,37.9,19.73,41.4,23.29,38.79,20.6,38.79,20.1,46.09,5.366666667,59.03,21.2,33.7,23.39,43.65666667,20.53333333,42.46666667,5.8,746.3,84,7,40,3.3
50,0,22.7,37.86333333,19.7,41.545,23.29,38.79,20.6,38.79,20.1,46.09,5.366666667,60.03,21.2,33.7,23.39,43.79,20.56666667,42.5,5.8,746.3833333,84.16666667,7,40,3.32
70,0,22.7,37.79,19.66666667,41.56,23.29,38.76,20.6,38.79,20.1,46.09,5.4,60.425,21.2,33.7,23.39,43.9,20.5,42.56,5.8,746.4666667,84.33333333,7,40,3.33
50,0,22.6,37.76,19.66666667,41.63333333,23.29,38.76,20.53333333,38.7,20.1,46.09,5.4,60.4,21.2,33.7,23.39,43.9,20.53333333,42.59,5.8,746.55,84.5,7,40,3.35
60,0,22.6,37.7,19.6,41.62666667,23.32333333,38.79,20.53333333,38.76,20.1,46.09,5.516,61.096,21.16666667,33.7,23.365,43.80875,20.6,42.59,5.8,746.6333333,84.66666667,7,40,3.37
50,0,22.6,37.7,19.6,41.7,23.32333333,38.79,20.53333333,38.7,20.1,46.09,5.692,61.178,21.16666667,33.7,23.3025,43.6425,20.5,42.7,5.8,746.7166667,84.83333333,7,40,3.38
50,0,22.6,37.7,19.5,41.7,23.39,38.79,20.53333333,38.7,20.1,46.03,5.911111111,60.67,21.1,33.7,23.29,43.51636364,20.56666667,42.7,5.8,746.8,85,7,40,3.4
60,0,22.6,37.7,19.5,41.76,23.32333333,38.79,20.5,38.7,20.1,46.03,5.972727273,60.87181818,21.1,33.7,23.29,43.4,20.6,42.79,5.83,746.8666667,84.83333333,7.166666667,40,3.4
60,10,22.53333333,37.7,19.46333333,41.76,23.29,38.79,20.5,38.7,20.1,46.09,5.815555556,61.665,21.1,33.7,23.29,43.36944444,20.6,42.86333333,5.87,746.9333333,84.66666667,7.333333333,40,3.4
60,0,22.5,37.7,19.39,41.76,23.29,38.79,20.5,38.7,20.06666667,46.06,5.787777778,62.41944444,21.1,33.73,23.265,43.235,20.6,42.9,5.9,747,84.5,7.5,40,3.4
60,0,22.5,37.7,19.39,41.79,23.32333333,38.79,20.5,38.7,20.06666667,46.06,5.822222222,62.55,21.1,33.79,23.21636364,43.18,20.6,42.9,5.93,747.0666667,84.33333333,7.666666667,40,3.4
70,0,22.5,37.73,19.39,41.79,23.32333333,38.86333333,20.42666667,38.62666667,20.03333333,46.03,5.9,62.290625,21.1,33.79,23.2,43.08111111,20.6,43,5.97,747.1333333,84.16666667,7.833333333,40,3.4
60,0,22.5,37.79,19.39,41.9,23.39,38.9,20.39,38.59,20.03333333,46.03,5.96875,61.7725,21.1,33.79,23.2,42.97,20.6,43.0675,6,747.2,84,8,40,3.4
60,0,22.39,37.7,19.39,41.9,23.39,38.9,20.39,38.59,20,46,5.876470588,62.09529412,21,33.7,23.18888889,42.9,20.6,43.09,5.98,747.25,84.5,7.833333333,40,3.48
40,0,22.39,37.7,19.29,41.9,23.39,38.79,20.39,38.59,20,46,5.905882353,62.04823529,21.06666667,33.76,23.10555556,42.83277778,20.6,43.2,5.97,747.3,85,7.666666667,40,3.57
60,0,22.39,37.7,19.29,41.96666667,23.39,38.86333333,20.39,38.59,20,46,5.916666667,61.67222222,21.03333333,33.73,23.1,42.79,20.6,43.2,5.95,747.35,85.5,7.5,40,3.65
50,0,22.39,37.7,19.29,42,23.39,38.86333333,20.39,38.59,20,46,5.877777778,61.45,21.1,33.86333333,23.1,42.79,20.6,43.29,5.93,747.4,86,7.333333333,40,3.73
50,0,22.29,37.7,19.29,42,23.32333333,38.79,20.39,38.59,20,46,5.818181818,61.36818182,21.06666667,33.79,23.1,42.79,20.6,43.36333333,5.92,747.45,86.5,7.166666667,40,3.82
70,0,22.29,37.7,19.2,41.9,23.34,38.845,20.39,38.59,20,46,5.78625,61.21875,21,33.73,23.08181818,42.80363636,20.6,43.4,5.9,747.5,87,7,40,3.9
50,0,22.29,37.7,19.2,41.9,23.35666667,38.82666667,20.39,38.59,20,46,5.787777778,60.51555556,21,33.79,23.08333333,42.81777778,20.6,43.4,5.85,747.5666667,87,7.333333333,40,3.83
70,0,22.29,37.73,19.2,41.9,23.29,38.82666667,20.32333333,38.59,20,46.09,5.816666667,59.97666667,21,33.79,23.0125,42.764375,20.53333333,43.43333333,5.8,747.6333333,87,7.666666667,40,3.77
50,0,22.29,37.73,19.16666667,41.9,23.32333333,38.82666667,20.39,38.59,20,46.09,5.822222222,59.525,21,33.76,23,42.728125,20.6,43.5,5.75,747.7,87,8,40,3.7
70,0,22.2,37.66333333,19.1,41.9,23.39,38.82666667,20.29,38.59,20,46.09,5.837777778,59.01444444,21,33.7,23,42.7,20.6,43.53,5.7,747.7666667,87,8.333333333,40,3.63
60,0,22.2,37.66333333,19.13333333,41.9,23.39,38.79,20.29,38.59,20,46.09,5.614285714,58.05142857,21,33.7,23,42.69214286,20.6,43.59,5.65,747.8333333,87,8.666666667,40,3.57
80,0,22.2,37.73,19.2,41.9,23.32333333,38.79,20.29,38.59,20,46.09,5.36875,58.389375,21,33.7,23,42.62142857,20.6,43.62666667,5.6,747.9,87,9,40,3.5
60,0,22.2,38.06333333,19.1,42.03,23.29,38.79,20.29,38.59,20,46.16333333,5.45,59.2,20.92666667,33.7,22.9175,42.7,20.6,43.7,5.55,747.9666667,86.83333333,8.666666667,40,3.43
50,10,22.2,38.4,19.1,42.49,23.23,38.65666667,20.29,38.59,20,46.2,5.4,58.63333333,21,33.7,22.92666667,42.7,20.6,43.7,5.5,748.0333333,86.66666667,8.333333333,40,3.37
60,0,22.2,38.4,19,42.62666667,23.16666667,38.46666667,20.29,38.59,20,46.2,5.381818182,59.04181818,20.92666667,33.7,22.90375,42.798125,20.6,43.7,5.45,748.1,86.5,8,40,3.3
50,0,22.16666667,38.43333333,19,42.76,23.16666667,38.4,20.29,38.59,19.96333333,46.23,5.298333333,58.58333333,20.89,33.7,22.91444444,42.81444444,20.53333333,43.59,5.4,748.1666667,86.33333333,7.666666667,40,3.23
60,0,22.1,38.5,19,42.93333333,23.1,38.36333333,20.23,38.46333333,19.96333333,46.29,5.035625,58.6075,20.89,33.7,22.89,42.79,20.53333333,43.53,5.35,748.2333333,86.16666667,7.333333333,40,3.17
40,0,22.1,38.5,19,43,23.1,38.29,20.29,38.59,19.89,46.29,5.0675,59.625,20.89,33.7,22.89,42.79,20.56666667,43.46666667,5.3,748.3,86,7,40,3.1
30,0,22.1,38.43333333,19,43,23.1,38.22333333,20.23,38.53,19.96333333,46.29,5.061666667,59.16666667,20.89,33.7,22.89,42.79,20.56666667,43.4,5.27,748.3833333,85.83333333,7.166666667,40,3.05
40,0,22.1,38.36333333,19,43,23.03333333,37.96333333,20.29,38.66333333,20,46.4,4.748181818,58.78909091,20.89,33.7,22.85666667,42.76,20.5,43.345,5.23,748.4666667,85.66666667,7.333333333,40,3
40,0,22.03333333,38.23,18.89,43,23,37.9,20.26,38.66333333,20,46.46666667,4.634444444,59.97555556,20.89,33.7,22.84555556,42.75,20.5,43.26,5.2,748.55,85.5,7.5,40,2.95
60,0,22,38.2,18.89,43,22.92666667,37.82666667,20.26,38.72333333,19.89,46.53,4.69,60.40722222,20.89,33.7,22.81777778,42.725,20.5,43.2,5.17,748.6333333,85.33333333,7.666666667,40,2.9
60,0,22,38.2,18.89,43,22.89,37.73,20.29,38.82666667,19.89,46.59,4.69,60.43545455,20.82333333,33.62666667,22.79,42.7,20.5,43.09,5.13,748.7166667,85.16666667,7.833333333,40,2.85
70,0,22,38.23,18.89,42.93333333,22.82333333,37.73,20.29,38.9,20,46.62666667,4.69,60.5625,20.89,33.7,22.79,42.693125,20.5,43.09,5.1,748.8,85,8,40,2.8
50,0,22,38.43,18.89,42.93,22.79,37.59,20.23,38.93333333,19.92666667,46.7,4.815,60.69555556,20.82333333,33.62666667,22.79,42.64076923,20.5,43,5.08,748.9,85.16666667,8,40,2.8
70,0,22,38.45,18.89,42.86333333,22.79,37.5225,20.29,39,20,46.7,5.045,60.925,20.89,33.7,22.79,42.624375,20.5,42.93333333,5.07,749,85.33333333,8,40,2.8
60,0,22,38.5,18.945,42.79,22.79,37.56,20.29,39,19.9725,46.6175,5.278888889,60.84666667,20.89,33.62666667,22.79,42.58,20.5,42.76,5.05,749.1,85.5,8,40,2.8
60,0,22,38.43333333,19,42.7,22.82333333,37.53,20.29,39.06,19.96333333,46.59,5.685,60.70055556,20.85666667,33.59,22.79,42.505,20.5,42.56666667,5.03,749.2,85.66666667,8,40,2.8
60,0,22,38.4,19,42.7,22.89,37.53,20.29,39.09,19.96333333,46.59,5.971111111,59.22444444,20.79,33.59,22.79,42.565,20.5,42.36333333,5.02,749.3,85.83333333,8,40,2.8
60,0,22,38.4,19.13333333,42.72333333,22.79,37.46666667,20.29,39.16333333,19.96333333,46.53,6.348333333,58.37833333,20.79,33.5,22.79,42.60833333,20.5,42.15666667,5,749.4,86,8,40,2.8
50,0,21.89,38.4,19.13333333,42.53,22.79,37.4,20.29,39.2,19.89,46.5,6.580555556,56.35666667,20.79,33.5,22.79,42.80333333,20.5,41.93,5.22,749.4666667,85.16666667,8,37.83333333,2.87
70,0,21.89,38.4,19.1,42.53,22.82333333,37.43333333,20.29,39.12666667,19.89,46.43333333,6.783888889,55.95055556,20.79,33.5,22.79,43.075,20.5,41.73,5.43,749.5333333,84.33333333,8,35.66666667,2.93
80,0,21.89,38.4,19.1,42.53,22.82333333,37.43333333,20.2,39.09,20.42666667,59.53333333,7.061111111,54.69944444,20.79,33.5,22.79,43.05388889,20.42666667,41.5,5.65,749.6,83.5,8,33.5,3
80,0,21.89,38.46666667,19.1,42.5,22.89,37.4,20.2,39.03,21.63333333,82.32666667,7.337777778,53.365,20.79,33.56,22.79,43.06222222,20.42666667,41.3,5.87,749.6666667,82.66666667,8,31.33333333,3.07
90,0,21.89,38.5,19.16666667,42.5,22.89,37.32666667,20.2,39,21.13333333,80.43333333,7.584444444,51.60833333,20.79,33.5,22.79,43.2,20.42666667,41.12666667,6.08,749.7333333,81.83333333,8,29.16666667,3.13
100,0,21.89,38.5,19.23,42.46666667,22.89,37.29,20.2,39,20.86,80.76666667,8.103333333,49.29777778,20.79,33.56,22.79,43.08777778,20.42666667,41.06666667,6.3,749.8,81,8,27,3.2
100,0,21.79,38.4,19.35666667,42.26666667,22.89,37.29,20.2,38.93333333,20.7,81.53333333,8.3,46.59666667,20.79,33.56,22.80666667,42.92777778,20.46333333,40.93,6.47,749.8833333,80,8,29.16666667,3.2
100,0,21.85666667,38.46666667,19.39,42.06,22.89,37.29,20.2,38.9,20.7,81.93333333,8.300555556,45.94833333,20.79,33.5,22.87888889,42.98888889,20.46333333,40.73,6.63,749.9666667,79,8,31.33333333,3.2
70,0,21.85666667,38.46666667,19.46333333,41.93333333,22.89,37.29,20.2,38.9,20.6,81.39666667,8.525555556,45.12944444,20.79,33.5,22.98611111,43.015,20.39,40.45,6.8,750.05,78,8,33.5,3.2
80,0,21.79,38.4,19.6,41.76,22.89,37.29,20.2,38.9,20.6,80.99666667,8.678333333,46.38611111,20.79,33.56,23.08888889,42.98833333,20.39,40.26,6.97,750.1333333,77,8,35.66666667,3.2
70,0,21.79,38.5,19.6,41.7,22.89,37.29,20.2,38.9,20.6,79.33333333,8.983888889,46.22166667,20.79,33.5,23.12222222,42.9,20.39,40.12666667,7.13,750.2166667,76,8,37.83333333,3.2
80,0,21.79,38.5,19.73,41.56,22.85666667,37.26,20.23,38.9,20.53333333,74,9.245,45.87722222,20.79,33.56,23.18333333,42.96111111,20.39,39.86333333,7.3,750.3,75,8,40,3.2
80,0,21.79,38.53,19.79,41.36,22.79,37.2,20.23,38.9,20.42666667,65.36333333,9.537777778,45.125,20.79,33.56,23.2,43.045,20.39,39.73,7.52,750.3833333,75.16666667,7.833333333,40,3.43
80,0,21.79,38.59,19.92666667,41.36333333,22.85666667,37.26,20.2,38.79,20.5,61.42333333,10.12222222,42.66388889,20.79,33.56,23.2,43.09,20.46333333,39.69333333,7.73,750.4666667,75.33333333,7.666666667,40,3.67
90,0,21.79,38.59,20.06666667,41.09666667,22.79,37.2,20.26,38.79,20.42666667,58.66666667,10.66444444,39.845,20.79,33.59,23.265,43.16944444,20.46333333,39.56,7.95,750.55,75.5,7.5,40,3.9
80,0,21.79,38.7,20.245,40.79,22.79,37.2,20.29,38.79,20.4175,57.0225,10.90444444,39.23277778,20.79,33.53,23.29,43.2,20.42666667,39.53,8.17,750.6333333,75.66666667,7.333333333,40,4.13
80,0,21.79,38.7,20.39,40.59,22.79,37.2,20.29,38.79,20.46333333,55.63,11.14222222,38.13166667,20.89,33.62666667,23.32333333,43.22,20.5,39.59,8.38,750.7166667,75.83333333,7.166666667,40,4.37
60,0,21.79,38.79,20.39,40.53,22.79,37.2,20.29,38.7,20.39,54.46,11.30777778,36.69277778,20.89,33.62666667,23.38444444,43.2,20.46333333,39.56,8.6,750.8,76,7,40,4.6
50,0,21.79,38.79,20.39,40.43333333,22.79,37.2,20.29,38.7,20.39,53.86666667,11.02777778,33.78888889,20.79,33.56,23.39,43.16944444,20.39,39.5,8.68,750.8666667,75.5,7,40,4.58
60,0,21.79,38.82666667,20.46333333,40.43333333,22.79,37.2,20.32333333,38.7,20.39,53.16,11.48722222,34.47555556,20.85666667,33.56,23.43277778,43.27333333,20.42666667,39.46333333,8.77,750.9333333,75,7,40,4.57
50,0,21.79,38.9,20.73,40.19333333,22.79,37.23,20.39,38.62666667,20.39,52.56666667,11.86055556,29.38388889,20.89,33.56,23.5,43.43222222,20.5,39.59,8.85,751,74.5,7,40,4.55
70,0,21.79,38.93333333,20.79,39.93333333,22.73,37.29,20.39,38.59,20.39,51.73333333,11.50888889,26.99444444,20.89,33.5,23.58333333,43.91222222,20.5,39.59,8.93,751.0666667,74,7,40,4.53
80,0,21.79,39,20.66666667,39.86333333,22.7,37.4,20.39,38.59,20.46333333,51.26666667,11.27833333,27.30111111,20.89,33.5,23.6,44.07722222,20.5,39.46333333,9.02,751.1333333,73.5,7,40,4.52
90,0,21.79,38.9,20.6,39.86333333,22.7,37.4,20.39,38.59,20.46333333,50.79666667,11.28055556,29.31111111,20.89,33.5,23.61666667,44,20.5,39.4,9.1,751.2,73,7,40,4.5
160,0,21.79,38.82666667,20.7,39.83333333,22.7,37.4,20.39,38.7,20.46333333,50.46333333,11.58333333,26.66666667,20.89,33.43333333,23.7,43.91944444,20.5,39.4,9.13,751.2,71.83333333,7,40,4.3
90,0,21.79,39.13333333,20.76,39.62666667,22.7,37.4,20.39,38.7,20.39,50.56666667,11.66333333,23.02,20.92666667,33.29,23.7,43.64277778,20.5,39.53,9.17,751.2,70.66666667,7,40,4.1
120,0,21.85666667,39.52666667,20.79,39.65666667,22.7,37.43333333,20.5,38.79,20.39,51.36,12.07944444,23.69222222,21,33.23,23.735,43.42944444,20.5,39.59,9.2,751.2,69.5,7,40,3.9
80,0,21.89,39.73,20.79,39.86333333,22.7,37.43333333,20.5,38.79,20.39,52.22666667,12.27833333,22.37611111,21.1,33.2,23.78,43.21666667,20.5,39.5,9.23,751.2,68.33333333,7,40,3.7
80,0,21.89,39.73,20.79,40.12666667,22.7,37.5,20.5,38.7,20.39,52.63333333,11.84111111,24.34111111,21.1,33.2,23.79,43.045,20.5,39.5,9.27,751.2,67.16666667,7,40,3.5
90,0,22,40.46666667,20.85666667,40.4,22.7,37.56,20.5,38.76,20.29,53.06666667,12.25222222,25.23388889,21.13333333,33.2,23.81777778,42.92666667,20.5,39.5,9.3,751.2,66,7,40,3.3
100,0,22,40.13333333,20.89,40.43,22.7,37.62666667,20.6,38.93333333,20.29,53.26,12.65666667,21.96611111,21.2,33.12666667,23.84555556,42.82277778,20.5,39.53,9.62,751.2166667,65,7.166666667,38.16666667,3.37
110,0,22,39.76,20.96333333,40.15666667,22.7,37.7,20.66666667,39.19333333,20.29,53.43333333,12.825,18.17388889,21.2,33.06,23.87888889,42.745,20.5,39.53,9.93,751.2333333,64,7.333333333,36.33333333,3.43
130,0,22.06666667,39.7,21.03333333,39.96666667,22.7,37.7,20.7,39.43333333,20.29,53.5,13.03666667,18.26611111,21.2,33,23.90833333,42.645,20.5,39.36333333,10.3,751.25,63,7.5,34.5,3.5
120,0,22.1,39.59,21.1,39.82666667,22.7,37.7,20.76,39.63333333,20.29,53.59,13.41277778,18.04444444,21.23,33,23.96333333,42.51833333,20.5,39.49,10.6,751.2666667,62,7.666666667,32.66666667,3.57
120,0,22.1,39.5225,21.13333333,39.66333333,22.7,37.7,20.82333333,39.73,20.29,53.53,13.33888889,15.48055556,21.29,33,24.02777778,42.37555556,20.5,39.96333333,10.9,751.2833333,61,7.833333333,30.83333333,3.63
100,10,22.1,39.43333333,21.175,39.5225,22.7,37.7,20.89,39.79,20.29,53.5,12.73833333,15.93944444,21.29,32.96666667,24.1,42.30941176,20.5,39.96333333,11.2,751.3,60,8,29,3.7
120,0,22.13333333,39.29,21.1,39.5,22.7,37.7,20.92666667,39.79,20.26,53.46666667,11.96611111,21.47388889,21.23,32.82666667,24.2,42.29,20.56666667,39.59,11.1,751.3,60,7.666666667,30.83333333,3.55
110,0,22.2,39.29,21.1,39.59,22.79,37.7,20.92666667,39.79,20.2,53.4,11.42111111,26.13888889,21.29,32.9,24.2,42.345,20.56666667,39.46333333,10.9,751.3,60,7.333333333,32.66666667,3.4
110,0,22.2,39.2,21.1,39.53,22.79,37.7,21,39.9,20.23,53.32666667,11.51944444,26.07111111,21.29,32.9,24.275,42.46666667,20.56666667,39.75666667,10.8,751.3,60,7,34.5,3.25
110,0,22.2,39.2,21.1,39.43333333,22.79,37.73,21,39.9,20.23,53.26666667,12.05555556,22.27555556,21.39,32.86333333,24.30666667,42.36944444,20.56666667,40.36333333,10.6,751.3,60,6.666666667,36.33333333,3.1
100,0,22.2,39.2,21.16666667,39.43333333,22.79,37.79,21.1,40,20.2,53.06,12.75611111,19.02,21.46333333,32.86333333,24.35666667,42.29,20.6,40.76666667,10.4,751.3,60,6.333333333,38.16666667,2.95
110,0,22.26,39.2,21.13333333,39.4,22.79,37.79,21.1,40,20.2,53,12.97611111,16.27777778,21.5,32.79,24.39,42.21444444,20.6,41.02666667,10.3,751.3,60,6,40,2.8
110,0,22.29,39.2,21.2,39.4,22.79,37.79,21.15,40,20.2,52.86333333,12.985,15.39555556,21.53333333,32.7,24.48166667,42.075,20.6,41.23,10.4,751.35,62,5.666666667,40,3.35
110,0,22.29,39.12666667,21.2,39.26,22.79,37.79,21.2,40.03,20.2,52.73,13.38,15.44333333,21.53333333,32.7,24.52222222,41.95,20.6,41.29,10.5,751.4,64,5.333333333,40,3.9
110,0,22.29,39.06,21.26,39.2,22.79,37.79,21.2,40.09,20.2,52.76,13.83,15.10111111,21.63333333,32.66333333,24.53888889,41.82777778,20.6,41.29,10.7,751.45,66,5,40,4.45
110,0,22.29,39,21.29,39.06,22.82333333,37.9,21.23,40.12666667,20.2,52.7,13.855,14.18388889,21.7,32.59,24.60833333,41.7225,20.6,41.36333333,10.8,751.5,68,4.666666667,40,5
100,10,22.39,39,21.29,39.06,22.89,37.9,21.29,40.12666667,20.2,52.66333333,13.80611111,12.89055556,21.7,32.5225,24.7,41.735,20.6,41.45,10.9,751.55,70,4.333333333,40,5.55
110,20,22.39,38.93333333,21.29,39.09,22.79,37.9,21.26,40.06,20.2,52.545,13.37647059,13.26411765,21.7,32.5,24.7,41.66333333,20.6,41.53,11,751.6,72,4,40,6.1
110,30,22.39,38.9,21.29,39.16333333,22.85666667,37.9,21.26,39.86,20.2,52.22666667,13.36117647,13.31129412,21.7,32.36333333,24.73,41.64,20.6,41.59,11.1,751.5666667,70.16666667,4.333333333,38,5.8
90,20,22.39,38.9,21.23,39.12666667,22.79,37.9,21.29,39.9,20.2,51.90833333,13.34588235,13.35847059,21.7,32.22666667,24.76,41.61666667,20.6,41.59,11.2,751.5333333,68.33333333,4.666666667,36,5.5
90,20,22.39,38.79,21.29,39.12666667,22.85666667,37.96666667,21.35666667,39.76666667,20.2,51.59,13.33058824,13.40564706,21.7,32.09,24.79,41.59333333,20.6,41.19666667,11.4,751.5,66.5,5,34,5.2
70,20,22.39,38.73,21.23,38.79,22.82333333,37.93333333,21.32333333,39.29666667,20.2,51.46,13.31529412,13.45282353,21.7,31.6,24.79,41.29,20.6,40.63333333,11.5,751.4666667,64.66666667,5.333333333,32,4.9
260,30,22.39,38.66333333,21.23,38.59666667,22.82333333,37.93333333,21.39,39.03,20.2,50.92666667,13.3,13.5,21.76,31.53333333,24.79,41.22333333,20.6,40.3,11.6,751.4333333,62.83333333,5.666666667,30,4.6
390,20,22.39,38.72333333,21.2,38.33333333,22.79,37.845,21.39,38.96666667,20.2,50.29666667,13.5,12.36666667,21.7,31.26,24.79,40.89,20.6,40.06,11.7,751.4,61,6,28,4.3
320,20,22.445,40.895,21.2,38.495,22.79,37.9,21.46333333,38.76666667,20.2,49.89,13.36666667,12.16,21.7,31.13333333,24.79,40.29666667,20.6,40,11.8,751.3833333,59.66666667,6,30,4.05
100,20,22.5,43,21.2,40,22.79,38.02666667,21.5,38.72333333,20.2,49.59,13.16,13,21.7,30.93,24.85666667,39.96333333,20.6,40.16333333,11.8,751.3666667,58.33333333,6,32,3.8
350,0,22.5,42.52666667,21.2,41.12666667,22.79,38.36,21.5,38.46333333,20.2,49.6725,13.1,12.845,21.63333333,30.66333333,24.85666667,39.52666667,20.6,39.89,11.9,751.35,57,6,34,3.55
480,0,22.6,42.26666667,21.2,41.12666667,22.79,38.56,21.5,38.33333333,20.2,49.7,13.03333333,12.46666667,21.6,30.56666667,24.79,39.26666667,20.6,40.2,12,751.3333333,55.66666667,6,36,3.3
120,0,22.6,43.93333333,21.13333333,41.9,22.79,38.65666667,21.42666667,38.06666667,20.2,49.82666667,12.96333333,12.73,21.6,30.5,24.79,39.06,20.6,40,12,751.3166667,54.33333333,6,38,3.05
100,0,22.6,45.46,21.2,43.82666667,22.79,38.99,21.46333333,38.09,20.2,50.02666667,12.83,13.73,21.6,30.29,24.79,38.8,20.6,39.46,12.1,751.3,53,6,40,2.8
100,0,22.6,45.12666667,21.16666667,44.43,22.89,39.46333333,21.39,38.16333333,20.2,50.23,12.69,14.59333333,21.525,30.29,24.66666667,38.56,20.6,39,12,751.3,54,5.666666667,40,2.92
120,20,22.63333333,44.23333333,21.1,44.03,22.89,39.66333333,21.39,38.45,20.2,50.36333333,12.56333333,15.12666667,21.5,30.35666667,24.66666667,38.56,20.56666667,38.49,11.8,751.3,55,5.333333333,40,3.03
110,20,22.7,43.69333333,21.06666667,43.23333333,22.89,39.7,21.39,38.5,20.2,50.36333333,12.2,15.8,21.5,30.42666667,24.7,38.59,20.5,38.23,11.7,751.3,56,5,40,3.15
110,30,22.6,43.16,21,42.42666667,22.89,39.62666667,21.39,38.5,20.2,50.23,11.86666667,16.8,21.5,30.56666667,24.7,38.59,20.5,37.96666667,11.6,751.3,57,4.666666667,40,3.27
110,20,22.6,42.56666667,20.89,41.76666667,22.85666667,39.46666667,21.39,38.59,20.2,50.02666667,11.43333333,18.12666667,21.39,30.5,24.7,38.59,20.5,37.82666667,11.4,751.3,58,4.333333333,40,3.38
110,20,22.6,41.99,20.89,41.36,22.79,39.26666667,21.39,38.59,20.13333333,49.76666667,11.22666667,19,21.39,30.63333333,24.63333333,38.53,20.5,37.645,11.3,751.3,59,4,40,3.5
120,20,22.6,41.73,20.79,40.93,22.79,39.16333333,21.39,38.76,20.2,49.46666667,10.93333333,20.29333333,21.32333333,30.7,24.6,38.5,20.5,37.4,11.1,751.25,60.16666667,3.833333333,40,3.57
130,30,22.56666667,41.16,20.79,40.65666667,22.73,39.03,21.39,38.83333333,20.13333333,49.26666667,10.66666667,22.22666667,21.29,30.79,24.6,38.5,20.5,37.4,10.9,751.2,61.33333333,3.666666667,40,3.63
140,20,22.5,40.9,20.7,40.56,22.7,38.86333333,21.5,38.79,20.2,49.06,10.56666667,23.43,21.29,30.85666667,24.66666667,38.56,20.42666667,37.23,10.7,751.15,62.5,3.5,40,3.7
130,0,22.5,40.66333333,20.63333333,40.43333333,22.63333333,38.73,21.5,38.79,20.2,48.86,10.5,24.15666667,21.29,31.03333333,24.73,38.59,20.42666667,37.23,10.4,751.1,63.66666667,3.333333333,40,3.77
140,0,22.5,40.46333333,20.6,40.29,22.6,38.59,21.5,38.72333333,20.1,48.63333333,10.46333333,24.79,21.29,31.16666667,24.79,38.59,20.42666667,37.09,10.2,751.05,64.83333333,3.166666667,40,3.83
140,0,22.5,40.26,20.53333333,40.29,22.6,38.59,21.42666667,38.46333333,20.1,48.43333333,10.25666667,24.93,21.26,31.2,24.79,38.59,20.42666667,37.03,10,751,66,3,40,3.9
140,0,22.5,40.12666667,20.5,40.32666667,22.6,38.56,21.39,38.36333333,20.1,48.26,9.963333333,26,21.2,31.2,24.85666667,38.59,20.39,36.96666667,10,750.95,66.16666667,3.166666667,40,3.93
130,0,22.46333333,40.02666667,20.5,40.4,22.6,38.5,21.39,38.29,20.1,48.12666667,9.756666667,27.12666667,21.2,31.32333333,24.89,38.56,20.39,36.9,10,750.9,66.33333333,3.333333333,40,3.97
130,0,22.39,39.8175,20.39,40.29,22.6,38.5,21.39,38.29,20.1,47.9,9.495,28.54,21.13333333,31.39,24.89,38.5,20.39,36.86333333,10,750.85,66.5,3.5,40,4
120,0,22.39,39.79,20.35666667,40.29,22.5,38.36333333,21.39,38.29,20.1,47.82666667,9.39,30.59666667,21.1,31.5,25,38.4,20.39,36.79,10,750.8,66.66666667,3.666666667,40,4.03
130,0,22.39,39.63333333,20.29,40.36333333,22.5,38.29,21.29,38.26,20.1,47.7,9.33,32.73,21.1,31.56666667,25,38.4,20.39,36.79,10,750.75,66.83333333,3.833333333,40,4.07
100,0,22.39,39.56,20.29,40.5,22.5,38.29,21.29,38.26,20.06666667,47.7,9.36,35.8,21.1,31.76333333,25,38.56666667,20.39,36.79,10,750.7,67,4,40,4.1
90,0,22.39,39.5,20.29,40.76,22.5,38.29,21.29,38.4,20.06666667,47.9,9.36,37.26666667,21.1,31.96333333,25,38.7,20.39,36.93333333,9.87,750.6833333,68.5,4.166666667,40,4.27
100,0,22.32333333,39.5,20.2,40.96333333,22.53333333,38.29,21.29,38.46666667,20.06666667,48,9.39,38.95666667,21.1,32.2,25,39.36666667,20.39,37,9.73,750.6666667,70,4.333333333,40,4.43
90,10,22.29,39.5,20.2,41.16333333,22.6,38.36333333,21.26,38.5,20.06666667,48.06,9.39,39.76333333,21.16666667,32.26,24.92666667,40.03333333,20.29,36.93333333,9.6,750.65,71.5,4.5,40,4.6
80,20,22.29,39.5,20.16666667,41.32666667,22.6,38.36333333,21.2,38.45,20,48,9.39,40.86,21.16666667,32.43333333,25,40.56666667,20.29,37.06,9.47,750.6333333,73,4.666666667,40,4.77
80,20,22.29,39.65666667,20.1,41.46666667,22.6,38.29,21.2,38.56,20,48.06,9.39,41.6,21.1,32.56,24.92666667,40.83333333,20.29,37.36,9.33,750.6166667,74.5,4.833333333,40,4.93
90,20,22.23,39.86333333,20.1,41.53,22.7,38.5,21.2,38.73,20,48.09,9.263333333,42.83333333,21.15,32.645,24.89,41.12666667,20.29,37.63333333,9.2,750.6,76,5,40,5.1
60,30,22.29,40.15666667,20.1,41.59,22.7,38.5,21.2,38.86333333,20.06666667,48.03,9.19,43.69333333,21.1,32.82666667,24.82333333,41.2,20.29,37.845,9.27,750.5166667,76,5.166666667,40,5.18
60,20,22.23,40.29,20,41.7,22.79,38.5,21.29,39.12666667,20.1,47.63333333,9.13,45.56666667,21.1,32.9,24.79,41.33,20.29,38.03,9.33,750.4333333,76,5.333333333,40,5.27
50,20,22.2,40.29,20,41.76,22.79,38.5,21.29,39.26,20.1,47.36,9.19,47.16,21.1,33.03,24.7225,41.7925,20.29,38.16333333,9.4,750.35,76,5.5,40,5.35
60,20,22.2,40.29,19.89,41.86,22.79,38.59,21.315,39.5975,20.1,47.06,9.1,49.36,21.1,33.09,24.7,42.13333333,20.29,38.32666667,9.47,750.2666667,76,5.666666667,40,5.43
50,20,22.2,40.4,19.89,42,22.79,38.59,21.39,39.7,20.1,47,9.16,50.5,21.1,33.2,24.7,42.69333333,20.29,38.46666667,9.53,750.1833333,76,5.833333333,40,5.52
60,20,22.13333333,40.46666667,19.85666667,42,22.79,38.62666667,21.39,39.76,20.1,46.86333333,9.1,50.26,21.1,33.26,24.7,43.02666667,20.29,38.62666667,9.6,750.1,76,6,40,5.6
80,30,22.1,40.53,19.79,42.06,22.79,38.7,21.5,39.93333333,20.1,46.79,9.1,50.66666667,21.1,33.32666667,24.7,43.36,20.29,38.76,9.63,750.0833333,76.66666667,6.333333333,40,5.73
70,20,22.1,40.59,19.79,42.2,22.79,38.7,21.5,40,20.1,46.66333333,9.145,51.245,21.1,33.46666667,24.63333333,43.56,20.32333333,38.93333333,9.67,750.0666667,77.33333333,6.666666667,40,5.87
70,20,22,40.5,19.73,42.26,22.79,38.7,21.5,40.09,20.1,46.59,9.3,50.69333333,21.1,33.53,24.6,43.7,20.32333333,39.06,9.7,750.05,78,7,40,6
70,20,22,40.5,19.7,42.45,22.79,38.745,21.5,40.16333333,20.1,46.56,9.36,50.43333333,21.1,33.59,24.6,43.7,20.29,39.23,9.73,750.0333333,78.66666667,7.333333333,40,6.13
70,20,21.92666667,40.56,19.66666667,42.46666667,22.89,38.9,21.56666667,40.2,20.1,46.5,9.39,49.86333333,21.1,33.62666667,24.5,43.66333333,20.29,39.43,9.77,750.0166667,79.33333333,7.666666667,40,6.27
60,30,21.96333333,40.59,19.6,42.46666667,22.89,38.82666667,21.56666667,40.2,20.1,46.5,9.463333333,49.39,21.1,33.7,24.42666667,43.59,20.29,39.5,9.8,750,80,8,40,6.4
70,20,21.89,40.59,19.6,42.53,22.89,38.9,21.6,40.26,20.1,46.4,9.533333333,48.13,21.06666667,33.76,24.39,43.82666667,20.29,39.5,9.75,750.0333333,80.16666667,7.666666667,40,6.38
60,10,21.89,40.59,19.6,42.59,22.89,38.9,21.6,40.26,20.1,46.4,9.6,47.39,21,33.7,24.39,44.02666667,20.29,39.5,9.7,750.0666667,80.33333333,7.333333333,40,6.37
70,0,21.89,40.59,19.56666667,42.62666667,22.89,38.9,21.63333333,40.29,20.1,46.32666667,9.6,46.99,21.06666667,33.86333333,24.29,44.4,20.29,39.56,9.65,750.1,80.5,7,40,6.35
70,0,21.89,40.82666667,19.5,42.7,22.89,38.9,21.63333333,40.09666667,20.1,46.32666667,9.533333333,46.73,21.06666667,33.86333333,24.29,44.46666667,20.32333333,39.73,9.6,750.1333333,80.66666667,6.666666667,40,6.33
60,0,21.82333333,40.9,19.5,42.82666667,22.92666667,38.9,21.6,39.9,20.1,46.4,9.5,46.93333333,21.1,33.9,24.29,44.59,20.32333333,39.86333333,9.55,750.1666667,80.83333333,6.333333333,40,6.32
60,0,21.79,40.9,19.5,42.9,23,38.96666667,21.575,39.8175,20.1,46.46666667,9.566666667,47.8,21.03333333,33.9,24.23,44.59,20.32333333,40.03,9.5,750.2,81,6,40,6.3
60,0,21.79,40.96666667,19.5,43,23,39,21.5,39.79,20.1,46.5,9.566666667,49.86333333,21.05,33.9,24.2,44.73,20.39,40.16333333,9.52,750.2666667,80.16666667,6.166666667,40,6.18
60,0,21.79,40.9,19.42666667,43,23,39,21.56666667,39.79,20.1,46.5,9.5,50.66333333,21,34,24.2,44.93,20.29,40.345,9.53,750.3333333,79.33333333,6.333333333,40,6.07
50,0,21.79,40.9,19.39,43.03,23,39,21.5,39.79,20.1,46.5,9.566666667,50.3,21,34,24.16666667,45.26666667,20.35666667,40.5,9.55,750.4,78.5,6.5,40,5.95
60,0,21.76,40.9,19.39,43.09,23,39,21.5,39.79,20.1,46.5,9.5,48.82666667,21,34.09,24.16666667,45.46666667,20.35666667,40.56,9.57,750.4666667,77.66666667,6.666666667,40,5.83
50,0,21.7,40.9,19.39,43.16333333,23,39,21.42666667,39.73,20.03333333,46.43333333,9.566666667,46.95666667,21,34.09,24.1,45.5,20.35666667,40.73,9.58,750.5333333,76.83333333,6.833333333,40,5.72
60,0,21.7,40.79,19.39,43.09,23,39,21.39,39.7,20.1,46.5,9.5,45.62333333,21,34.09,24.075,45.3975,20.35666667,40.86333333,9.6,750.6,76,7,40,5.6
70,0,21.7,40.79,19.35666667,43.09,23,39,21.39,39.7,20.03333333,46.46333333,9.5,44.22666667,21,34.09,24,45.29,20.39,40.93333333,9.58,750.6166667,75.83333333,6.833333333,40,5.55
60,0,21.7,40.79,19.29,43.09,23.06666667,39.06,21.29,39.7,20.1,46.53,9.4725,42.825,21,34.09,24,45.16333333,20.39,41.06,9.57,750.6333333,75.66666667,6.666666667,40,5.5
70,0,21.7,40.73,19.29,43.09,23.1,39.09,21.29,39.7,20.1,46.5,9.39,41.46666667,21,34.09,24,45.03,20.39,41.09,9.55,750.65,75.5,6.5,40,5.45
50,0,21.7,40.7,19.29,43.09,23.1,39.09,21.29,39.66333333,20.03333333,46.43333333,9.263333333,40.96666667,21,34.06,23.89,44.96666667,20.39,41.16333333,9.53,750.6666667,75.33333333,6.333333333,40,5.4
60,0,21.7,40.62666667,19.29,43,23.1,39.09,21.29,39.59,20.03333333,46.46333333,9.13,41.1,21,34,23.89,44.82666667,20.39,41.23,9.52,750.6833333,75.16666667,6.166666667,40,5.35
50,0,21.65,40.6,19.29,42.96666667,23.1,39.09,21.2,39.5,20.1,46.53,9.1,41.89,21,34,23.89,44.96666667,20.39,41.29,9.5,750.7,75,6,40,5.3
60,0,21.66666667,40.56,19.23,42.82666667,23.1,39.09,21.2,39.5,20.06666667,46.46666667,9.033333333,42.22333333,21,34,23.89,44.9,20.39,41.32666667,9.4,750.7333333,75.16666667,5.833333333,40,5.22
50,0,21.6,40.43333333,19.23,42.82666667,23.1,39.09,21.2,39.5,20.05,46.45,9,42.83,21,34,23.79,44.73,20.39,41.4,9.3,750.7666667,75.33333333,5.666666667,40,5.13
70,0,21.6,40.4,19.23,42.82666667,23.1,39.09,21.2,39.5,20.06666667,46.46666667,9,42.96333333,20.92666667,34,23.79,44.73,20.39,41.43333333,9.2,750.8,75.5,5.5,40,5.05
50,0,21.6,40.4,19.2,42.79,23.1,39.09,21.1,39.5,20.06666667,46.46666667,8.89,42.93333333,20.96333333,34,23.79,44.66333333,20.39,41.5,9.1,750.8333333,75.66666667,5.333333333,40,4.97
70,0,21.6,40.4,19.2,42.79,23.1,39.16333333,21.1,39.5,20,46.4,8.89,43.06,20.89,34,23.79,44.59,20.39,41.53,9,750.8666667,75.83333333,5.166666667,40,4.88
60,0,21.6,40.32666667,19.2,42.79,23.1,39.2,21.1,39.53,20.03333333,46.43333333,8.8,43.45666667,20.89,34,23.76,44.59,20.39,41.59,8.9,750.9,76,5,40,4.8
60,0,21.53333333,40.29,19.2,42.79,23.1,39.2,21.1,39.545,20.03333333,46.43333333,8.8,44.19666667,20.89,34,23.7,44.59,20.39,41.62666667,8.87,750.9,75.83333333,4.833333333,40,4.75
60,0,21.53333333,40.29,19.1,42.79,23.13333333,39.16333333,21.03333333,39.53,20.1,46.4,8.69,44.43333333,20.89,34,23.7,44.53,20.39,41.7,8.83,750.9,75.66666667,4.666666667,40,4.7
50,0,21.5,40.29,19.1,42.79,23.13333333,39.09,21,39.5,20.03333333,46.32666667,8.63,44.43333333,20.89,34,23.7,44.59,20.39,41.73,8.8,750.9,75.5,4.5,40,4.65
60,0,21.5,40.29,19.1,42.79,23.1,39.09,21,39.5,20,46.29,8.5,44.69333333,20.89,34,23.63333333,44.59,20.39,41.79,8.77,750.9,75.33333333,4.333333333,40,4.6
50,0,21.5,40.2,19.1,42.79,23.1,39.09,21,39.5,20,46.29,8.5,45.23333333,20.89,34,23.63333333,44.53,20.39,41.86333333,8.73,750.9,75.16666667,4.166666667,40,4.55
60,0,21.5,40.2,19.1,42.79,23.1,39.09,21,39.5,20,46.29,8.39,45.95666667,20.89,34,23.6,44.43333333,20.39,41.9,8.7,750.9,75,4,40,4.5
80,0,21.5,40.26666667,19.1,42.86333333,23.1,39.09,21,39.56,20,46.29,8.3675,46.6475,20.89,34.09,23.6,44.56,20.39,41.96666667,8.63,750.9166667,75.66666667,3.833333333,40,4.55
40,10,21.5,40.6,19.1,43.25666667,23.06666667,39.06,21,39.56,20,46.29,8.166666667,47.16,20.89,34.09,23.6,44.76666667,20.39,42,8.57,750.9333333,76.33333333,3.666666667,40,4.6
40,0,21.5,40.76,19.03333333,43.66333333,23,38.86,20.96333333,39.59,20,46.29,8.066666667,48,20.89,34.09,23.6,44.975,20.39,42,8.5,750.95,77,3.5,40,4.65
50,0,21.5,40.62666667,19,43.9,22.89,38.7,20.89,39.59,20,46.43333333,8,48.59333333,20.89,34.09,23.6,45.06,20.39,42,8.43,750.9666667,77.66666667,3.333333333,40,4.7
50,0,21.5,40.59,19,43.96666667,22.82333333,38.62666667,20.89,39.59,20,46.63333333,7.966666667,48.69333333,20.85666667,34.06,23.5,45,20.39,42,8.37,750.9833333,78.33333333,3.166666667,40,4.75
50,0,21.5,40.59,19,44.045,22.79,38.5,20.89,39.59,20,46.82666667,7.833333333,48.5,20.85666667,34.06,23.5,45,20.39,42,8.3,751,79,3,40,4.8
60,0,21.5,40.59,19,44.09,22.7225,38.545,20.89,39.59,20,46.96666667,7.656666667,48.76,20.79,34,23.5,45,20.39,42.06,8.15,751.05,80.33333333,3,40,4.88
60,0,21.5,40.56,19,44.16333333,22.7,38.5,20.89,39.59,20,47,7.59,48.62666667,20.79,34,23.5,44.93333333,20.39,42,8,751.1,81.66666667,3,40,4.97
60,10,21.5,40.5,19,44.2,22.66666667,38.56,20.89,39.7,19.92666667,47.06,7.56,48.65666667,20.79,34,23.5,44.79,20.39,42.13333333,7.85,751.15,83,3,40,5.05
70,0,21.5,40.46666667,19,44.2,22.66666667,38.5,20.82333333,39.62666667,20,47.145,7.5,48.99,20.79,34,23.5,44.73,20.39,42.23,7.7,751.2,84.33333333,3,40,5.13
70,0,21.5,40.4,18.96333333,44.2,22.6,38.4,20.85666667,39.66333333,19.92666667,47.2,7.433333333,49.72666667,20.79,34,23.39,44.46666667,20.39,42.36333333,7.55,751.25,85.66666667,3,40,5.22
70,0,21.5,40.4,18.89,44.2,22.6,38.4,20.79,39.59,19.92666667,47.26,7.5,50.13333333,20.79,34,23.39,44.4,20.39,42.26,7.4,751.3,87,3,40,5.3
50,0,21.5,40.4,18.89,44.2,22.6,38.29,20.79,39.59,19.89,47.29,7.5,50.23,20.79,34,23.39,44.29,20.39,42.12666667,7.42,751.35,86.33333333,3.166666667,40,5.2
60,0,21.5,40.43333333,18.89,44.2,22.6,38.23,20.79,39.59,19.89,47.29,7.56,49.95666667,20.79,34,23.39,44.29,20.39,41.96666667,7.43,751.4,85.66666667,3.333333333,40,5.1
50,10,21.5,40.5,18.92666667,44.23,22.6,38.23,20.79,39.59,20,47.02666667,7.726666667,49.3,20.79,34,23.39,44.29,20.39,41.82666667,7.45,751.45,85,3.5,40,5
60,0,21.5,40.5,19,44.29,22.6,38.29,20.79,39.59,20.06666667,48.82666667,7.866666667,48.3,20.815,35.1675,23.39,44.29,20.39,41.66333333,7.47,751.5,84.33333333,3.666666667,40,4.9
60,0,21.5,40.5,19,44.26,22.56666667,38.29,20.79,39.59,20.2,50.43,8.033333333,46.96666667,20.89,36.36333333,23.29,44.29,20.39,41.4975,7.48,751.55,83.66666667,3.833333333,40,4.8
50,10,21.5,40.5,19,44.2,22.5,38.29,20.79,39.59,20.2,50.03,8.233333333,45.96666667,21,36.86,23.29,44.23,20.39,41.4,7.5,751.6,83,4,40,4.7
110,0,21.5,40.5,19,44.09,22.5,38.29,20.79,39.59,20.2,49.26666667,8.445,44.645,20.92666667,37,23.29,44.16333333,20.35666667,41.2,7.55,751.6833333,82.33333333,4,40,4.65
70,0,21.5,40.5,19.06666667,44.16333333,22.5,38.29,20.79,39.59,20.2,48.6,8.666666667,43.52666667,20.92666667,37.16333333,23.29,44.16333333,20.29,41.12666667,7.6,751.7666667,81.66666667,4,40,4.6
80,0,21.5,40.5,19.1,44.2,22.5,38.29,20.79,39.59,20.16666667,48.2,8.86,42.8,21,37.16333333,23.29,44.16333333,20.29,40.96666667,7.65,751.85,81,4,40,4.55
90,0,21.5,40.5,19.1,44.2,22.5,38.29,20.79,39.59,20.1,48.2,9.13,41.59666667,20.89,36.86333333,23.23,43.16333333,20.35666667,41.1,7.7,751.9333333,80.33333333,4,40,4.5
100,0,21.5,40.5,19.13333333,44.16333333,22.5,38.29,20.79,39.59,20.1,48.2,9.323333333,40.12333333,20.89,36.73,23.2,41.79,20.5,43.82333333,7.75,752.0166667,79.66666667,4,40,4.45
80,0,21.5,40.5,19.2,44.03,22.42666667,38.15666667,20.79,39.56,20.1,48.12666667,9.533333333,37.46666667,20.79,36.33333333,23,41,20.5,44.69666667,7.8,752.1,79,4,40,4.4
80,0,21.5,40.5,19.29,43.95,22.39,38.12666667,20.79,39.5,20.1,48.09,9.733333333,36.52666667,20.79,36.06666667,23.025,41.1,20.5,43.49666667,7.88,752.1666667,78.16666667,4.166666667,40,4.32
80,0,21.5,40.5,19.42666667,43.7,22.39,38.1725,20.76,39.36333333,20.1,48.09,10.06333333,35.16666667,20.79,35.83333333,23.03333333,41.26666667,20.5,42.96333333,7.97,752.2333333,77.33333333,4.333333333,40,4.23
50,0,21.5,40.5675,19.5,43.62666667,22.39,38.03,20.76,39.29,20.06666667,48.23,10.26333333,34.16666667,20.79,35.7,23.03333333,41.32666667,20.5,42.63333333,8.05,752.3,76.5,4.5,40,4.15
90,0,21.5,40.66333333,19.63333333,43.8,22.39,38.03,20.7,39.2,20,48.29,10.6,32.59333333,20.79,35.5,23.175,41.425,20.5,42.36,8.13,752.3666667,75.66666667,4.666666667,40,4.07
120,0,21.5,41.06666667,19.76,44.19333333,22.39,38.09,20.76,39.12666667,20,48.29,10.93333333,31.53333333,20.79,35.345,23.2,41.5,20.5,42.06,8.22,752.4333333,74.83333333,4.833333333,40,3.98
90,0,21.5,41.33333333,19.96,45.02666667,22.32333333,38.2,20.79,39.12666667,20,48.29,11.25666667,29.89,20.79,35.16333333,23.29,41.59,20.5,41.86,8.3,752.5,74,5,40,3.9
110,0,21.53333333,41.99666667,20.22666667,44.63333333,22.39,38.26,20.79,39.4,20,48.29,11.39,27.09666667,20.79,35.09,23.29,41.59,20.46333333,41.4,8.45,752.55,73,5,40,3.85
70,0,21.6,42.59,20.46,43.86333333,22.39,38.43333333,20.79,39.59,20,48.26,11.53333333,26.13333333,20.79,34.96666667,23.39,41.59,20.39,41.12666667,8.6,752.6,72,5,40,3.8
110,0,21.6,43,20.6,43.39,22.39,38.56,20.79,39.695,20.06666667,48.26,11.73333333,25.59333333,20.85666667,34.9,23.39,41.59,20.5,41,8.75,752.65,71,5,40,3.75
110,10,21.6,42.86,20.73,42.93,22.39,38.76666667,20.85666667,40.19666667,20,48.16333333,11.8,23.73333333,20.89,34.79,23.5,41.59,20.5,40.93333333,8.9,752.7,70,5,40,3.7
100,10,21.66666667,42.69333333,20.79,42.73,22.39,39.02666667,21,41.13,20,48.09,11.86,23.73333333,20.89,34.73,23.5,41.59,20.5,40.76,9.05,752.75,69,5,40,3.65
90,0,21.6,42.43333333,20.79,42.5,22.39,39.09,21,41.92333333,20.03333333,48.12666667,11.89,21.03333333,20.84,34.59,23.6,41.62666667,20.445,40.6175,9.2,752.8,68,5,40,3.6
100,0,21.7,42.73,20.85666667,42.43333333,22.39,39.16333333,21.06666667,42.29,20.1,48.12666667,12.2725,20.045,20.82333333,34.4,23.6,41.62666667,20.5,40.53,9.27,752.8833333,67.66666667,5.166666667,38.16666667,3.58
100,0,21.7,42.65666667,21.03333333,42.16333333,22.5,39.86,21.06666667,42.29,20.1,48.06,12.73333333,18.23333333,20.89,34.4,23.6,41.62666667,20.5,40.46666667,9.33,752.9666667,67.33333333,5.333333333,36.33333333,3.57
110,0,21.63333333,42.43333333,21.16666667,41.89,22.5,40,21.1,42.26,20.03333333,47.93333333,13.16666667,17.09333333,20.89,34.29,23.6,41.7,20.5,40.4,9.4,753.05,67,5.5,34.5,3.55
100,0,21.63333333,42.43333333,21.29,41.43,22.6,39.96666667,21.1,42.2,20.1,48,13.36,16.23333333,20.89,34.23,23.7,41.86333333,20.5,40.4,9.47,753.1333333,66.66666667,5.666666667,32.66666667,3.53
100,0,21.63333333,42.29,21.29,41.15666667,22.66666667,39.9,21.2,42.06,20.1,47.93333333,13.39,15.69666667,20.89,34.16333333,23.7,41.73,20.5,40.32666667,9.53,753.2166667,66.33333333,5.833333333,30.83333333,3.52
170,0,21.63333333,42.15666667,21.29,40.83333333,22.63333333,39.73,21.2,41.93333333,20.06666667,47.86333333,13.53,15.63,20.89,34.09,23.79,41.63333333,20.5,40.26,9.6,753.3,66,6,29,3.5
90,0,21.63333333,42.13333333,21.29,40.56666667,22.7,39.73,21.2,41.72333333,20,47.79,13.06,15.23333333,20.89,34,23.79,41.5,20.5,40.12666667,9.65,753.3166667,65.5,6,30.83333333,3.43
70,0,21.7,42.4,21.26,40.62666667,22.6,39.5,21.2,41.46333333,20.03333333,47.73,12.86,16.83333333,20.89,33.93333333,23.79,41.545,20.5,40.06,9.7,753.3333333,65,6,32.66666667,3.37
80,0,21.7,42.26,21.245,40.745,22.6,39.5,21.2,41.22333333,20.1,47.79,13.4,17.03333333,20.89,33.9,23.82333333,41.7,20.5,40,9.75,753.35,64.5,6,34.5,3.3
110,20,21.7,42.12666667,21.2,40.7,22.6,39.345,21.2,41.03,20.1,47.76,13.6,16.36666667,20.89,33.82666667,23.89,41.7,20.46333333,39.66666667,9.8,753.3666667,64,6,36.33333333,3.23
110,20,21.7,42.045,21.2,40.59,22.6,39.29,21.2,40.9,20.1,47.62666667,13.56666667,16.52333333,20.89,33.9,23.89,41.59,20.39,39.4,9.85,753.3833333,63.5,6,38.16666667,3.17
110,20,21.7,41.9,21.2,40.59,22.6,39.23,21.2,40.96666667,20.1,47.56,13.62666667,16.93,20.89,33.9,23.89,41.46333333,20.42666667,39.59666667,9.9,753.4,63,6,40,3.1
100,30,21.7,41.82666667,21.2,40.52666667,22.6,39.2,21.2,41.12666667,20.1,47.5,14.06333333,16.49666667,20.89,33.79,24,41.36333333,20.42666667,39.73,10,753.4,63.16666667,6,38.16666667,3.25
100,20,21.7,41.66333333,21.2,40.32666667,22.6,39.12666667,21.26,41.26,20.1,47.43333333,14.06333333,16.09666667,20.89,33.79,24,41.29,20.5,39.72333333,10.2,753.4,63.33333333,6,36.33333333,3.4
100,20,21.7,41.59,21.13333333,40.36333333,22.66666667,39.06,21.29,41.26,20.1,47.4,13.83,15.8,20.89,33.79,24.1,41.29,20.42666667,39.59,10.3,753.4,63.5,6,34.5,3.55
100,20,21.7,41.5,21.2,40.29,22.6,39,21.315,41.2675,20.03333333,47.32666667,13.75666667,15.39333333,20.89,33.79,24.16666667,41.23,20.42666667,39.53,10.4,753.4,63.66666667,6,32.66666667,3.7
80,30,21.7,41.43333333,21.1,40.23,22.6,38.9,21.39,41.15666667,20.1,47.4,13.66666667,16.06666667,20.89,33.79,24.2,41.09,20.42666667,39.53,10.6,753.4,63.83333333,6,30.83333333,3.85
80,20,21.7,41.43,21.1,40.36333333,22.6,38.9,21.39,40.79666667,20.1,47.32666667,13.86,16.2,20.89,33.73,24.26,40.89,20.39,39.5,10.7,753.4,64,6,29,4
80,20,21.7,41.23,21.1,40.4,22.6,38.76,21.39,40.46333333,20.1,47.29,14.19,14.75,20.945,33.7,24.29,40.76666667,20.4725,39.5675,10.7,753.4333333,64.33333333,5.5,30.83333333,4.08
80,20,21.7,41.16333333,21.1,40.26666667,22.53333333,38.7,21.39,40.29666667,20.1,47.29,13.93333333,13.79666667,20.89,33.63333333,24.29,40.82666667,20.5,39.59,10.7,753.4666667,64.66666667,5,32.66666667,4.17
110,30,21.7,41.03,21.06666667,39.99,22.5,38.7,21.39,40.09,20.1,47.16333333,13.8,14.19,20.89,33.43333333,24.32333333,40.52666667,20.46333333,39.49,10.7,753.5,65,4.5,34.5,4.25
90,20,21.7,40.83333333,21.06666667,39.79,22.5,38.62666667,21.39,40.02666667,20.1,46.96333333,14.13,14.02333333,20.89,33.16333333,24.32333333,40.26666667,20.46333333,39.23,10.6,753.5333333,65.33333333,4,36.33333333,4.33
90,20,21.7,40.56666667,21.1,39.52666667,22.5,38.59,21.46333333,39.82666667,20.1,46.63333333,14.26333333,13.15666667,20.89,33.03,24.39,39.86333333,20.5,39.06,10.6,753.5666667,65.66666667,3.5,38.16666667,4.42
80,20,21.7,40.26,21.1,39.26666667,22.5,38.59,21.5,39.56,20.1,46.43333333,14.53333333,12.52333333,20.89,32.76,24.39,39.73,20.42666667,38.86,10.6,753.6,66,3,40,4.5
90,0,21.7,40.06666667,21.1,38.96666667,22.5,38.56,21.5,39.5,20.1,46.22333333,14.4,11.99,20.89,32.62666667,24.39,39.56,20.39,38.63333333,10.7,753.55,65,3.166666667,40,4.37
80,0,21.7,39.76,21.1,38.82666667,22.5,38.5,21.5,39.33333333,20.1,46.03,14.03,12.4,20.89,32.46666667,24.39,39.43333333,20.39,38.43333333,10.8,753.5,64,3.333333333,40,4.23
90,0,21.63333333,39.62666667,21.06666667,38.63333333,22.5,38.46666667,21.5,39.12666667,20.1,45.83333333,13.83,12.93333333,20.89,32.4,24.39,39.29,20.42666667,38.26,10.9,753.45,63,3.5,40,4.1
90,0,21.6,39.46666667,21,38.43333333,22.5,38.4,21.5,39.12666667,20.1,45.62666667,13.86,13.53333333,20.89,32.26,24.39,39.15666667,20.42666667,38.06666667,11,753.4,62,3.666666667,40,3.97
100,0,21.6,39.32666667,21,38.29,22.5,38.345,21.5,39.12666667,20.1,45.36333333,13.86,13.66,20.89,32.2,24.39,39.045,20.39,37.93,11.1,753.35,61,3.833333333,40,3.83
80,0,21.6,39.045,21,38.16333333,22.5,38.26,21.5,38.7,20.1,45.23,13.92666667,13.83,20.85666667,32.13333333,24.35666667,38.93,20.46333333,37.79,11.2,753.3,60,4,40,3.7
60,0,21.6,39,21,38.09,22.5,38.12666667,21.5,38.56666667,20.1,45.06,14.06666667,14.03,20.85666667,32.06,24.29,38.65666667,20.39,37.7,11.2,753.2833333,61.16666667,4,40,3.93
60,0,21.6,38.93333333,20.96333333,38,22.5,38,21.46333333,38.22333333,20.1,44.925,14.16,13.59,20.82333333,32,24.26,38.29666667,20.46333333,37.7,11.1,753.2666667,62.33333333,4,40,4.17
60,0,21.6,39,20.96333333,37.93333333,22.5,37.93333333,21.39,38.03,20.1,44.82666667,14.03333333,13.25666667,20.82333333,31.92666667,24.2,38.03,20.39,37.56,11.1,753.25,63.5,4,40,4.4
50,0,21.6,39,20.89,37.79,22.5,37.9,21.39,37.9,20.1,44.66333333,13.8,13.39333333,20.85666667,31.96333333,24.1,37.76,20.39,37.5,11.1,753.2333333,64.66666667,4,40,4.63
60,0,21.63333333,39,20.89,37.79,22.5,37.9,21.39,37.795,20.03333333,44.53,13.8,13.8,20.79,31.82333333,24.1,37.62666667,20.39,37.36333333,11,753.2166667,65.83333333,4,40,4.87
70,0,21.7,39.06,20.92666667,37.79,22.5,37.76,21.32333333,37.7,20.1,44.46666667,13.6,13.93,20.85666667,31.85666667,23.96333333,37.36333333,20.39,37.29,11,753.2,67,4,40,5.1
90,0,21.73,39.09,21.06666667,37.79,22.42666667,37.62666667,21.29,37.66333333,20.1,44.32666667,13.6,13.79666667,20.79,31.73,23.89,37.23,20.39,37.16333333,11,753.1833333,66.83333333,3.666666667,40,5.02
80,0,21.79,39.03,21.1,37.79,22.5,37.56,21.29,37.59,20.06666667,44.13333333,13.345,13.445,20.79,31.65,23.89,37.06,20.39,37.09,10.9,753.1666667,66.66666667,3.333333333,40,4.93
90,0,21.82333333,38.86333333,21.1,37.73,22.5,37.5,21.29,37.5,20.06666667,44.06,12.86666667,13.73,20.79,31.53333333,23.82333333,36.86,20.39,37.16333333,10.9,753.15,66.5,3,40,4.85
90,0,21.89,38.73,21.2,37.73,22.5,37.5,21.29,37.5,20.1,43.96666667,12.32666667,14.93,20.79,31.53333333,23.79,36.66333333,20.39,37.2,10.9,753.1333333,66.33333333,2.666666667,40,4.77
100,0,21.89,38.62666667,21.2,37.73,22.5,37.5,21.29,37.5,20.03333333,43.82666667,11.86,15.56666667,20.73,31.46333333,23.79,36.72333333,20.39,37.2,10.8,753.1166667,66.16666667,2.333333333,40,4.68
90,0,21.89,38.62666667,21.2,37.46666667,22.5,37.4,21.29,37.83333333,20.03333333,43.73,11.72666667,15.76,20.73,31.32333333,23.79,36.93333333,20.29,37.16333333,10.8,753.1,66,2,40,4.6
90,0,22,38.76666667,21.2,37.4,22.5,37.4,21.29,38.12666667,20.1,43.73,11.66,16.09666667,20.7,31.29,23.79,36.95,20.29,37.03,10.7,753.1166667,65.5,2,40,4.43
120,0,22,38.9,21.16666667,37.5,22.5,37.29,21.29,38.26,20.1,43.7,11.53333333,16.43,20.7,31.29,23.7225,36.87,20.29,36.96666667,10.6,753.1333333,65,2,40,4.27
440,0,22,38.86333333,21.1,37.5,22.5,37.29,21.29,38.5,20.03333333,43.62666667,11.32333333,17.79,20.7,31.32333333,23.76,37.06,20.29,36.9,10.6,753.15,64.5,2,40,4.1
220,10,22,38.65666667,21.1,37.62666667,22.5,37.4,21.29,38.5,20.06666667,43.63333333,10.93,20.26333333,20.7,31.46333333,23.82333333,37.23,20.29,36.86,10.5,753.1666667,64,2,40,3.93
210,0,22.1,38.56,21.1,37.76,22.5,37.46666667,21.29,38.36333333,20.13333333,47.96666667,10.33333333,24.93,20.7,31.66333333,23.89,37.43,20.35666667,37.13333333,10.4,753.1833333,63.5,2,40,3.77
330,10,22.1,38.5,21.15,38.045,22.6,37.5,21.23,38.15666667,20.53333333,61.83333333,9.733333333,28.79,20.7,31.85666667,23.92666667,37.65666667,20.29,37.2,10.3,753.2,63,2,40,3.6
220,10,22.2,38.59,21.2,38.46333333,22.625,37.5225,21.2,38.2,20.6,54.02666667,9.293333333,32.96666667,20.7,32.06666667,24,37.8975,20.29,37.33333333,10.1,753.2333333,64.66666667,2.333333333,40,3.73
120,0,22.2675,38.7675,21.26,38.79666667,22.7,37.59,21.2,38.26,20.7,49.86333333,9.033333333,35.16666667,20.7,32.26,24,38.06,20.32333333,37.76666667,9.87,753.2666667,66.33333333,2.666666667,40,3.87
90,0,22.29,39.02666667,21.29,39.15666667,22.7,37.59,21.2,38.32666667,20.7,47.66333333,8.763333333,37.5,20.7,32.46333333,24,38.2,20.32333333,37.96666667,9.65,753.3,68,3,40,4
100,0,22.39,39.2,21.29,39.36333333,22.7,37.66333333,21.2,38.46666667,20.84,45.795,8.63,38.76666667,20.7,32.66333333,24,38.26,20.39,37.93333333,9.43,753.3333333,69.66666667,3.333333333,40,4.13
110,0,22.46333333,39.26,21.29,39.53,22.7,37.7,21.2,38.62666667,20.92666667,44.69333333,8.463333333,39.8,20.66666667,32.79,24.03333333,38.36,20.32333333,38,9.22,753.3666667,71.33333333,3.666666667,40,4.27
100,0,22.5,39.26,21.29,39.59,22.63333333,37.62666667,21.2,38.795,20.86,44.83333333,8.33,40.99333333,20.6,32.86333333,24.1,38.5,20.29,38.03,9,753.4,73,4,40,4.4
360,0,22.56666667,39.12666667,21.29,39.56,22.6,37.7,21.2,38.96666667,20.66666667,46.13,8.245,42.2,20.6,33.03,24,38.32666667,20.29,38.09,8.77,753.4666667,74.83333333,4,40,4.52
400,0,22.6,39.06,21.29,39.5,22.66666667,37.76,21.2,39.03,20.6,46.99666667,8.16,43.76666667,20.6,33.16333333,24.06666667,38.6,20.29,38.09,8.53,753.5333333,76.66666667,4,40,4.63
100,0,22.6,39,21.26,39.5,22.63333333,37.73,21.2,39.09,20.5,47.69333333,8.033333333,44.96666667,20.6,33.32666667,24.1,38.93333333,20.29,38.09,8.3,753.6,78.5,4,40,4.75
120,0,22.6,38.96666667,21.2,39.5,22.7,37.79,21.1,39.2,20.42666667,47.9,7.866666667,46.56,20.6,33.425,24.1,39.06,20.29,38.16333333,8.07,753.6666667,80.33333333,4,40,4.87
100,0,22.66666667,38.96666667,21.16666667,39.59,22.66666667,37.76,21.1,39.2,20.39,48,7.726666667,48.02666667,20.6,33.56,24.1,39.09,20.29,38.2,7.83,753.7333333,82.16666667,4,40,4.98
120,0,22.7,39,21.1,39.66333333,22.6,37.76,21.1,39.29,20.39,48,7.656666667,49.06666667,20.6,33.59,24.1,39.16333333,20.23,38.12666667,7.6,753.8,84,4,40,5.1
70,0,22.63333333,38.93333333,21.06666667,39.66333333,22.6,37.79,21.1,39.29,20.39,47.9,7.59,49.4,20.6,33.66333333,24.2,39.29,20.29,38.2,7.52,753.8333333,85,3.833333333,40,5.18
50,0,22.7,38.93333333,21,39.66333333,22.6,37.79,21.1,39.4,20.39,48.56666667,7.5,49.82333333,20.6,33.73,24.2,39.15666667,20.29,38.26,7.43,753.8666667,86,3.666666667,40,5.27
60,0,22.7,39,20.89,39.93333333,22.5,37.9,21.1,39.4,20.39,49.39,7.5,50.76333333,20.6,33.79,24.2,39.25666667,20.29,38.53,7.35,753.9,87,3.5,40,5.35
60,0,22.7,39.03,20.89,40.13333333,22.56666667,37.96666667,21.1,39.43333333,20.39,49.72333333,7.4,51.63,20.6,33.82666667,24.2,39.92333333,20.29,38.66333333,7.27,753.9333333,88,3.333333333,40,5.43
50,10,22.7,39.09,20.79,40.26666667,22.6,38,21.1,39.5,20.39,49.79,7.333333333,52.55666667,20.6,33.9,24.23,40.83,20.29,38.82666667,7.18,753.9666667,89,3.166666667,40,5.52
70,20,22.6,39,20.73,40.4,22.53333333,38,21,39.4,20.32333333,49.79,7.156666667,53.29333333,20.6,33.9,24.23,41.22333333,20.23,38.9,7.1,754,90,3,40,5.6
60,20,22.6,39,20.7,40.62666667,22.6,38,21,39.4,20.29,49.76,7.09,53.96,20.66666667,33.96666667,24.2,41.59666667,20.26,39,7.05,754.05,90.16666667,3,40,5.57
60,20,22.6,39,20.6,40.6675,22.6,38.0675,21,39.5,20.29,49.7,7.06,54.32666667,20.63333333,33.96333333,24.2,41.93,20.2,39.06,7,754.1,90.33333333,3,40,5.53
70,20,22.6,39,20.5,40.86333333,22.53333333,38.09,21.06666667,39.63333333,20.26,49.66333333,7,54.8,20.7,34.09,24.1,42.15666667,20.2,39.12666667,6.95,754.15,90.5,3,40,5.5
50,30,22.6,39,20.46333333,41,22.5,38.12666667,21.1,39.82666667,20.2,49.59,6.933333333,55.25666667,20.63333333,34.03,24.025,42.3425,20.2,39.26,6.9,754.2,90.66666667,3,40,5.47
60,10,22.6,39,20.32333333,41.06,22.5,38.2,21.1,39.96666667,20.2,49.56,6.933333333,55.72333333,20.7,34.09,24,42.69333333,20.2,39.4,6.85,754.25,90.83333333,3,40,5.43
60,10,22.6,39,20.29,41.23,22.5,38.2,21.13333333,40.15666667,20.2,49.5,6.85,56.245,20.7,34.12666667,24,43,20.2,39.4,6.8,754.3,91,3,40,5.4
60,0,22.6,39.16333333,20.23,41.29,22.5,38.26,21.2,40.29,20.2,49.43333333,6.8,56.32666667,20.63333333,34.12666667,23.92666667,43.26,20.2,39.4,6.75,754.3,91.66666667,2.666666667,37.83333333,5.45
60,0,22.53333333,39.09,20.2,41.29,22.5,38.29,21.2,40.29,20.2,49.4,6.8,56.46666667,20.7,34.2,23.89,43.5,20.2,39.52666667,6.7,754.3,92.33333333,2.333333333,35.66666667,5.5
60,0,22.5,39.09,20.13333333,41.36333333,22.5,38.29,21.16666667,40.2,20.13333333,49.32666667,6.8,56.46666667,20.63333333,34.12666667,23.82333333,43.83333333,20.2,39.82666667,6.65,754.3,93,2,33.5,5.55
50,0,22.5,39.09,20.1,41.4,22.5,38.29,21.1,40.2,20.2,49.36333333,6.8,56.4,20.66666667,34.2,23.79,44.16666667,20.2,39.96666667,6.6,754.3,93.66666667,1.666666667,31.33333333,5.6
50,0,22.46333333,39.09,20.03333333,41.4,22.5,38.29,21.1,40.09,20.13333333,49.29,6.69,56.53,20.6,34.2,23.79,44.76666667,20.2,40.145,6.55,754.3,94.33333333,1.333333333,29.16666667,5.65
30,0,22.39,39.09,20,41.43333333,22.6,38.29,21.1,40.09,20.1,49.29,6.69,56.72333333,20.6,34.2,23.79,45.15666667,20.23,40.32666667,6.5,754.3,95,1,27,5.7
30,0,22.39,39.09,19.92666667,41.56,22.6,38.36333333,21.1,40,20.1,49.29,6.69,56.96333333,20.66666667,34.26,23.79,45.43,20.29,40.52666667,6.47,754.2833333,95.16666667,1,29.16666667,5.7
20,0,22.32333333,39.09,19.85666667,41.59,22.7,38.5,21.1,40,20.1,49.2,6.763333333,57.16333333,20.66666667,34.26,23.7,45.82666667,20.29,40.62666667,6.43,754.2666667,95.33333333,1,31.33333333,5.7
40,0,22.29,39.09,19.79,41.66333333,22.7,38.5,21,39.86333333,20.1,49.2,6.763333333,57.59666667,20.6,34.29,23.7,45.9,20.29,40.76,6.4,754.25,95.5,1,33.5,5.7
50,0,22.29,39.09,19.79,41.79,22.7,38.59,21,39.79,20.1,49.16333333,6.763333333,58.06333333,20.6,34.29,23.7,46.06,20.29,40.82666667,6.37,754.2333333,95.66666667,1,35.66666667,5.7
60,0,22.29,39.2,19.73,41.79,22.7,38.59,21,39.79,20.1,49.09,6.8,58.3,20.6,34.29,23.7,45.93333333,20.29,40.96666667,6.33,754.2166667,95.83333333,1,37.83333333,5.7
50,0,22.29,39.2,19.7,41.93333333,22.7,38.7,21,39.73,20.1,49.09,6.8,58.76666667,20.6,34.29,23.7,46,20.29,41.03,6.3,754.2,96,1,40,5.7
60,0,22.2,39.09,19.7,42.06,22.7,38.7,21,39.76,20.1,49.09,6.8,59.89,20.6,34.32666667,23.63333333,46.06,20.29,41.16333333,6.27,754.2166667,96.16666667,1,44.16666667,5.68
50,0,22.2,39.09,19.6,42.03,22.73,38.79,20.92666667,39.7,20.03333333,49.03,6.8,60.16333333,20.6,34.32666667,23.6,46.09,20.29,41.23,6.23,754.2333333,96.33333333,1,48.33333333,5.67
50,0,22.2,39.09,19.6,42.2225,22.79,38.79,20.89,39.7,20.1,49.09,6.8,61.12333333,20.6,34.4,23.6,46.09,20.29,41.36333333,6.2,754.25,96.5,1,52.5,5.65
50,0,22.2,39.09,19.53333333,42.4,22.79,38.79,20.89,39.7,20,48.9,6.726666667,62.26333333,20.6,34.4,23.6,46.03,20.29,41.53,6.17,754.2666667,96.66666667,1,56.66666667,5.63
50,0,22.1,39.09,19.5,42.5,22.79,38.9,20.89,39.7,20,48.9,6.745,62.995,20.6,34.4,23.53333333,46.16333333,20.29,41.59,6.13,754.2833333,96.83333333,1,60.83333333,5.62
60,0,22.1,39.09,19.5,42.56,22.79,38.9,20.89,39.7,20,48.86333333,6.656666667,63.09,20.6,34.4,23.55,46.09,20.29,41.73,6.1,754.3,97,1,65,5.6
50,0,22.1,39.16333333,19.46333333,42.66333333,22.79,38.9,20.82333333,39.53,20,48.79,6.59,63.16333333,20.6,34.4,23.5,45.96666667,20.29,41.79,6.1,754.3,97.16666667,1,64.66666667,5.63
60,0,22.06666667,39.16333333,19.39,42.59,22.85666667,38.96666667,20.815,39.5225,20,48.79,6.59,63.46333333,20.6,34.46666667,23.5,45.9,20.29,41.82666667,6.1,754.3,97.33333333,1,64.33333333,5.67
50,0,22,39.09,19.35666667,42.7,22.89,39,20.79,39.5,20,48.79,6.59,63.72333333,20.6,34.5,23.39,45.7,20.29,41.96666667,6.1,754.3,97.5,1,64,5.7
50,0,22,39.09,19.29,42.76,22.89,39,20.79,39.5,20,48.79,6.56,63.96333333,20.53333333,34.5,23.39,45.7,20.29,42.03,6.1,754.3,97.66666667,1,63.66666667,5.73
50,0,22,39.09,19.29,42.9,22.89,39,20.79,39.5,20,48.7,6.5,64.23,20.6,34.5,23.39,45.82666667,20.29,42.16333333,6.1,754.3,97.83333333,1,63.33333333,5.77
50,0,22,39.09,19.29,42.9,22.89,39,20.79,39.5,20,48.7,6.4,64.39666667,20.6,34.5,23.39,45.9,20.34,42.29,6.1,754.3,98,1,63,5.8
50,0,22,39.09,19.29,43,22.89,39,20.73,39.5,20,48.7,6.4,64.73,20.53333333,34.5,23.39,45.86333333,20.35666667,42.43333333,6.08,754.25,98,1,63.16666667,5.78
50,0,21.96333333,39.09,19.23,42.93333333,22.89,39,20.73,39.5,19.92666667,48.7,6.366666667,64.56,20.6,34.5,23.32333333,45.79,20.29,42.5,6.07,754.2,98,1,63.33333333,5.77
70,0,21.89,39.09,19.2,43,22.89,39,20.73,39.5,20,48.59,6.3,64.56,20.53333333,34.5,23.39,45.9,20.29,42.59,6.05,754.15,98,1,63.5,5.75
50,0,21.89,39.16333333,19.2,43,22.89,39,20.7,39.5,19.92666667,48.59,6.3,65.1,20.53333333,34.5,23.39,45.76666667,20.35666667,42.66333333,6.03,754.1,98,1,63.66666667,5.73
60,0,21.89,39.16333333,19.1,43.09,22.89,39.09,20.7,39.43333333,20,48.59,6.3,65.49333333,20.6,34.5,23.29,45.7,20.39,42.73,6.02,754.05,98,1,63.83333333,5.72
50,0,21.89,39.2,19.1,43.09,22.96333333,39.09,20.7,39.4,20,48.59,6.3,65.59,20.5,34.5,23.29,45.62666667,20.39,42.79,6,754,98,1,64,5.7
50,0,21.89,39.2,19.06666667,43.16333333,22.89,39.09,20.7,39.4,19.92666667,48.59,6.3,65.59,20.5,34.5,23.29,45.59,20.32333333,42.79,6,754.05,98.16666667,1,62.66666667,5.73
50,0,21.79,39.09,19,43.09,22.89,39.09,20.7,39.4,19.92666667,48.59,6.3,65.69,20.5,34.5,23.29,45.59,20.39,42.79,6,754.1,98.33333333,1,61.33333333,5.77
40,0,21.79,39.09,19,43.2,22.89,39.09,20.7,39.4,19.96333333,48.56,6.3,65.69,20.5,34.5,23.29,45.46666667,20.39,42.82666667,6,754.15,98.5,1,60,5.8
50,0,21.79,39.2,19,43.2,22.89,39.09,20.6,39.29,19.89,48.5,6.245,65.745,20.5,34.53,23.29,45.32666667,20.39,42.9,6,754.2,98.66666667,1,58.66666667,5.83
50,0,21.79,39.2,19,43.26,22.89,39.09,20.6,39.29,19.89,48.5,6.19,65.93333333,20.5,34.59,23.26,45.22333333,20.39,42.93333333,6,754.25,98.83333333,1,57.33333333,5.87
90,0,21.73,39.2,18.96333333,43.4,22.92666667,39.09,20.6,39.29,19.89,48.5,6.19,66.06,20.5,34.59,23.2,45.03,20.39,43,6,754.3,99,1,56,5.9
60,0,21.7225,39.2975,18.89,43.4,22.92666667,39.09,20.6,39.29,19.89,48.5,6.19,66.19,20.5,34.53,23.2,44.96666667,20.39,43.06666667,6,754.2,98.83333333,1.166666667,57.16666667,5.87
50,10,21.7,39.72333333,18.89,43.76666667,22.89,39.02666667,20.6,39.29,19.89,48.5,6.19,66.19,20.5,34.59,23.2,44.96666667,20.39,43.2,6,754.1,98.66666667,1.333333333,58.33333333,5.83
20,0,21.7,40,18.89,44.02666667,22.82333333,38.82666667,20.6,39.29,19.89,48.5,6.19,66.19,20.5,34.59,23.2,44.9,20.39,43.16333333,6,754,98.5,1.5,59.5,5.8
40,10,21.7,40,18.89,44.29,22.76,38.76,20.6,39.29,19.89,48.4,6.19,66.26333333,20.5,34.59,23.1,44.79,20.39,43.09,6,753.9,98.33333333,1.666666667,60.66666667,5.77
30,0,21.7,40.09,18.82333333,44.23,22.7,38.62666667,20.6,39.5,19.89,48.46666667,6.19,66.36666667,20.5,34.59,23.1,44.79,20.39,43.09,6,753.8,98.16666667,1.833333333,61.83333333,5.73
50,0,21.7,40.09,18.82333333,44.32666667,22.66666667,38.43,20.6,39.56,19.89,48.5,6.19,66.3,20.5,34.59,23.1,44.79,20.39,43.09,6,753.7,98,2,63,5.7
50,0,21.7,40.2,18.82333333,44.32666667,22.6,38.29,20.6,39.73,19.89,48.5,6.19,66.3,20.5,34.59,23.1,44.79,20.39,43.09,5.98,753.75,97.5,1.833333333,63.33333333,5.62
50,0,21.7,40.2,18.79,44.29,22.5,38.29,20.6,39.79,19.89,48.5,6.19,66.3,20.5,34.59,23.06666667,44.7,20.39,43.09,5.97,753.8,97,1.666666667,63.66666667,5.53
60,0,21.7,40.2,18.79,44.36333333,22.5,38.29,20.6,39.9,19.89,48.5,6.156666667,66.3,20.5,34.59,23.06666667,44.7,20.39,43.09,5.95,753.85,96.5,1.5,64,5.45
60,0,21.7,40.2,18.79,44.43333333,22.5,38.32666667,20.53333333,39.96666667,19.79,48.36333333,6.09,66.36666667,20.5,34.59,23,44.66333333,20.32333333,43.12666667,5.93,753.9,96,1.333333333,64.33333333,5.37
60,0,21.7,40.2,18.79,44.5,22.5,38.4,20.56666667,40,19.85666667,48.29,6.19,66.43333333,20.5,34.59,23,44.66333333,20.39,43.2,5.92,753.95,95.5,1.166666667,64.66666667,5.28
80,0,21.7,40.2,18.79,44.5,22.53333333,38.36333333,20.5,40.06,20.79666667,78.93333333,6.263333333,66.62666667,20.42666667,34.53,23,44.59,20.32333333,43.2,5.9,754,95,1,65,5.2
60,0,21.6,40.15666667,18.79,44.5,22.6,38.29,20.5,40.09,21.26333333,81.46666667,6.333333333,66.59,20.5,34.59,23,44.59,20.39,43.2,5.92,754.0333333,94.83333333,1,57.5,5.18
40,0,21.6,40.36333333,18.79,44.56,22.6,38.29,20.5,40.16333333,20.93,80.2,6.4,66.59,20.42666667,34.53,23,44.43,20.29,43.06,5.93,754.0666667,94.66666667,1,50,5.17
50,0,21.6,40.29,18.79,44.5,22.6,38.29,20.5,40.16333333,20.79,79.72666667,6.45,66.695,20.39,34.5,22.92666667,44.29,20.29,42.86,5.95,754.1,94.5,1,42.5,5.15
50,20,21.6,40.23,18.79,44.36333333,22.56666667,38.29,20.5,40.16333333,20.6,78.66,6.59,66.83333333,20.32333333,34.5,22.96333333,44.02666667,20.29,42.52666667,5.97,754.1333333,94.33333333,1,35,5.13
70,20,21.6,40.09,18.79,44.2225,22.5,38.29,20.5,40.2,20.53333333,76.32666667,6.59,66.9,20.35666667,34.5,22.89,43.76666667,20.29,42.26666667,5.98,754.1666667,94.16666667,1,27.5,5.12
80,30,21.6,40.03,18.79,44.12666667,22.5,38.23,20.5,40.2,20.46333333,72.59666667,6.69,67.26333333,20.29,34.5,22.89,43.56,20.29,41.96666667,6,754.2,94,1,20,5.1
70,20,21.6,39.9,18.79,43.96666667,22.5,38.29,20.5,40.29,20.39,69.93,6.763333333,67.26333333,20.29,34.5,22.89,43.43333333,20.29,41.76666667,6.02,754.2166667,94.16666667,1.166666667,20.66666667,5.15
70,20,21.6,39.82666667,18.79,43.9,22.5,38.23,20.5,40.29,20.29,66.89666667,6.9,67.4,20.29,34.5,22.82333333,43.23,20.2,41.36333333,6.03,754.2333333,94.33333333,1.333333333,21.33333333,5.2
50,0,21.55,39.745,18.79,43.76,22.5,38.2,20.6,40.4,20.29,64.83,6.966666667,67.4,20.29,34.5,22.89,43.36333333,20.2,41.15666667,6.05,754.25,94.5,1.5,22,5.25
50,0,21.56666667,39.7,18.79,43.7,22.5,38.12666667,20.6,40.3725,20.245,62.395,7.03,67.19333333,20.29,34.56,22.89,43.4,20.2,40.96666667,6.07,754.2666667,94.66666667,1.666666667,22.66666667,5.3
70,0,21.5,39.7,18.82333333,43.59,22.5,38.09,20.6,40.23,20.2,60.42666667,7.156666667,67.4,20.29,34.56,22.89,43.3175,20.2,40.76666667,6.08,754.2833333,94.83333333,1.833333333,23.33333333,5.35
60,0,21.5,39.7,18.89,43.53,22.5,38.09,20.6,40.16333333,20.2,59.23333333,7.333333333,67.33333333,20.29,34.56,22.89,43.29,20.2,40.52666667,6.1,754.3,95,2,24,5.4
50,0,21.5,39.56666667,18.89,43.29666667,22.39,38.03,20.6,40.03,20.16666667,58.23333333,7.466666667,67.19333333,20.23,34.53,22.89,43.16333333,20.2,40.32666667,6.2,754.3166667,94.5,2.166666667,26.66666667,5.42
50,0,21.5,39.16333333,18.82333333,42.83,22.39,38.09,20.56666667,39.86333333,20.16666667,57.63333333,7.66,66.76,20.29,34.59,22.89,43.03,20.2,40.2,6.3,754.3333333,94,2.333333333,29.33333333,5.43
100,0,21.5,39.09,18.89,42.63333333,22.39,37.96666667,20.5,39.79,21.02333333,78.35666667,7.866666667,66.56666667,20.245,34.545,22.96333333,42.69333333,20.2,40,6.4,754.35,93.5,2.5,32,5.45
80,0,21.39,39,18.89,42.56,22.39,37.82666667,20.5,39.7,22.23,88.23,8.033333333,65.16666667,20.29,34.59,22.89,42.56,20.2,39.93333333,6.5,754.3666667,93,2.666666667,34.66666667,5.47
90,0,21.39,39,18.92666667,42.5,22.39,37.76,20.5,39.7,21.65666667,89.6,8.16,63.56,20.29,34.59,22.92666667,42.93333333,20.1,39.86333333,6.6,754.3833333,92.5,2.833333333,37.33333333,5.48
90,0,21.39,39.09,19,42.5,22.39,37.76,20.5,39.59,21.26333333,90,8.46,62.2,20.29,34.59,23,43,20.1,39.73,6.7,754.4,92,3,40,5.5
90,0,21.39,39.09,19.03333333,42.43333333,22.39,37.7,20.5,39.59,20.96333333,88.13333333,8.66,60.4,20.29,34.59,23.1,42.96666667,20.16666667,39.52666667,6.85,754.4333333,90.66666667,3.166666667,38.16666667,5.43
90,0,21.39,39.09,19.1,42.43333333,22.39,37.7,20.39,39.36333333,20.82333333,84.53333333,8.866666667,57.95666667,20.29,34.56,23.16666667,42.76666667,20.1,39.4,7,754.4666667,89.33333333,3.333333333,36.33333333,5.37
90,0,21.39,39.09,19.1,42.26,22.29,37.62666667,20.39,39.29,20.79,78.29,9.0975,56.3975,20.29,34.5,23.23,42.59,20.1,39.4,7.15,754.5,88,3.5,34.5,5.3
80,0,21.39,39.09,19.1,42.2,22.29,37.62666667,20.5,39.29,20.79,73.69,9.19,55.9,20.23,34.4,23.29,42.46333333,20.1,39.4,7.3,754.5333333,86.66666667,3.666666667,32.66666667,5.23
80,0,21.39,39.09,19.2,42.09,22.29,37.59,20.42666667,39.23,20.7,68.96,9.066666667,54.09666667,20.29,34.4,23.32333333,42.26,20.1,39.26,7.45,754.5666667,85.33333333,3.833333333,30.83333333,5.17
100,0,21.32333333,39.15666667,19.2,42.09,22.29,37.59,20.39,39.2,20.63333333,66.56,9,56.56333333,20.29,34.4,23.39,42.2,20.1,39.12666667,7.6,754.6,84,4,29,5.1
90,0,21.32333333,39.23,19.2,42.09,22.29,37.59,20.39,39.12666667,20.56666667,64.69666667,8.933333333,56.66333333,20.29,34.46666667,23.39,42,20.1,39.09,7.65,754.6666667,83.83333333,4,30.83333333,5.12
80,0,21.35666667,39.2,19.2,42.09,22.29,37.59,20.39,39.09,20.5,61.55666667,8.86,59.66333333,20.29,34.5,23.39,41.93333333,20.1,39.03,7.7,754.7333333,83.66666667,4,32.66666667,5.13
100,0,21.29,39.2,19.2,42.09,22.29,37.59,20.39,39.09,20.46333333,57.56666667,8.89,60.46,20.23,34.5,23.5,41.9,20.1,39,7.75,754.8,83.5,4,34.5,5.15
90,0,21.29,39.29,19.2,42.09,22.29,37.59,20.39,39.12666667,20.39,56.09333333,8.963333333,61.59333333,20.2,34.53,23.5,41.9,20.1,39,7.8,754.8666667,83.33333333,4,36.33333333,5.17
100,0,21.29,39.29,19.2,42.09,22.29,37.59,20.39,39.1175,20.46333333,54.42666667,9.033333333,60.42333333,20.2,34.59,23.53333333,41.86333333,20.1,39,7.85,754.9333333,83.16666667,4,38.16666667,5.18
90,10,21.29,39.29,19.2,42,22.26,37.59,20.39,39.09,20.39,52.925,9.1,60.55666667,20.2,34.59,23.6,41.73,20.1,39,7.9,755,83,4,40,5.2
100,20,21.29,39.39,19.2,42,22.26,37.59,20.39,39.12666667,20.39,51.73333333,8.896666667,58.99,20.26,34.59,23.7,41.645,20.06666667,38.96666667,7.75,754.95,83.16666667,4,44,5.08
90,20,21.23,39.59,19.16666667,41.93333333,22.26,37.59,20.39,39.2,20.39,50.92333333,8.23,57.93,20.2,34.56,23.79,41.46666667,20,38.82666667,7.6,754.9,83.33333333,4,48,4.97
100,30,21.2,39.5,19.1,42.06,22.2,37.59,20.39,39.36,20.39,50.25666667,7.656666667,60.6,20.2,34.43333333,23.79,41.32666667,20.05,38.745,7.45,754.85,83.5,4,52,4.85
100,20,21.2,39.5,19.1,42,22.2,37.59,20.39,39.5,20.39,49.46,7.463333333,62.26666667,20.2,34.4,23.79,41.2,20,38.59,7.3,754.8,83.66666667,4,56,4.73
150,0,21.2,39.46666667,19.1,42,22.2,37.59,20.42666667,39.62666667,20.39,48.92666667,7.433333333,64.96666667,20.2,34.29,23.85666667,41.2,20,38.53,7.15,754.75,83.83333333,4,60,4.62
140,0,21.2,39.46666667,19.13333333,41.96666667,22.29,37.59,20.5,39.7,20.39,48.79,7.56,66.9,20.2,34.36333333,23.89,40.86333333,20,38.5,7,754.7,84,4,64,4.5
90,0,21.2,39.9,19.2,42.02666667,22.29,37.59,20.5,39.7,20.39,48.45666667,8.063333333,68.12333333,20.2,34.4,23.89,40.79,20,38.5,7.15,754.6833333,84.33333333,4,58.16666667,4.68
80,0,21.2,39.9,19.29,42.06,22.29,37.59,20.5,39.7,20.39,48.02666667,8.4475,68.645,20.2,34.4,24,40.82666667,20,38.5,7.3,754.6666667,84.66666667,4,52.33333333,4.87
90,0,21.2,39.76,19.35666667,42,22.23,37.59,20.5,39.59,20.39,47.76666667,8.733333333,68.13,20.2,34.5,24,40.96666667,20,38.5,7.45,754.65,85,4,46.5,5.05
80,0,21.2,39.7,19.39,41.96666667,22.2,37.53,20.5,39.66333333,20.39,47.46666667,8.756666667,65.99333333,20.2,34.56,24.1,41,20,38.5,7.6,754.6333333,85.33333333,4,40.66666667,5.23
100,0,21.2,39.66333333,19.39,41.82666667,22.2,37.59,20.5,39.82666667,20.39,47.26666667,8.89,64.26666667,20.2,34.5,24.16666667,40.93333333,20,38.5,7.75,754.6166667,85.66666667,4,34.83333333,5.42
110,0,21.2,39.59,19.39,41.79,22.16666667,37.59,20.5,39.9,20.39,46.96666667,8.926666667,61.4,20.2,34.5,24.2,40.86333333,20,38.4,7.9,754.6,86,4,29,5.6
110,0,21.2,39.59,19.39,41.73,22.1,37.59,20.53333333,40.03,20.39,46.82666667,9,60.4,20.2,34.5,24.26,40.79,20,38.4,7.93,754.55,85.16666667,4,28.83333333,5.5
120,0,21.2,39.59,19.39,41.59,22.1,37.59,20.6,40.09,20.39,46.56,9,57.93,20.2,34.43333333,24.29,40.76,20,38.36333333,7.97,754.5,84.33333333,4,28.66666667,5.4
110,0,21.2,39.5,19.39,41.56,22.1,37.59,20.6,40.09,20.32333333,46.43333333,9.066666667,59.45666667,20.2,34.4,24.29,40.7,20,38.29,8,754.45,83.5,4,28.5,5.3
80,0,21.2,39.5,19.46333333,41.5,22.1,37.66333333,20.6,40.03,20.32333333,46.16333333,9.226666667,60.29,20.2,34.4,24.39,40.56,20,38.29,8.03,754.4,82.66666667,4,28.33333333,5.2
110,0,21.2,39.46666667,19.5,41.5,22.1,37.7,20.6,40,20.39,46.03,9.36,60.23,20.23,34.4,24.39,40.5,20,38.23,8.07,754.35,81.83333333,4,28.16666667,5.1
90,0,21.2,39.4,19.5,41.5,22.03333333,37.62666667,20.6,40.0675,20.29,45.86333333,9.5,58.72666667,20.29,34.4,24.39,40.56,20,38.2,8.1,754.3,81,4,28,5
110,0,21.2,39.4,19.5,41.43333333,22.06666667,37.66333333,20.6,40.09,20.29,45.73,9.5,56.39333333,20.23,34.4,24.39,40.5,20,38.2,8.1,754.3,80.83333333,4.166666667,30,4.97
100,0,21.2,39.4,19.5,41.43333333,22,37.66333333,20.6,40.06,20.29,45.545,9.33,53.43,20.29,34.32666667,24.39,40.36333333,19.96333333,38.16333333,8.1,754.3,80.66666667,4.333333333,32,4.93
110,0,21.2,39.4,19.53333333,41.26,22,37.66333333,20.66666667,40.06,20.35666667,45.36333333,9.463333333,56.43,20.23,34.23,24.46333333,40.43,19.96333333,38.09,8.1,754.3,80.5,4.5,34,4.9
110,0,21.2,39.4,19.6,41.2,22,37.59,20.7,40.16333333,20.29,45.23,9.666666667,53,20.29,34.29,24.5,40.45,20,38.045,8.1,754.3,80.33333333,4.666666667,36,4.87
100,0,21.2,39.4,19.6,41,22,37.56,20.63333333,40.03,20.39,45.06,9.933333333,53.66666667,20.29,34.2,24.6,40.29,20,38,8.1,754.3,80.16666667,4.833333333,38,4.83
90,0,21.2,39.4,19.6,41,22,37.56,20.7,40.02666667,20.39,45,9.823333333,50.89666667,20.29,34.16333333,24.6,40.23,20,38,8.1,754.3,80,5,40,4.8
90,0,21.2,39.46666667,19.6,41.03,22,37.53,20.63333333,39.76666667,20.35666667,44.86333333,9.69,51.15666667,20.29,34.09,24.6,40.09,19.96333333,37.9,8.13,754.2,79.83333333,5.166666667,38,4.8
90,0,21.2,39.5,19.6,41.16333333,22,37.53,20.6,39.5,20.29,44.73,9.55,48.845,20.29,34.06,24.6,39.96333333,19.96333333,37.9,8.17,754.1,79.66666667,5.333333333,36,4.8
80,0,21.2,39.56,19.6,41.06,22,37.5,20.6,39.5,20.35666667,44.52666667,9.463333333,48.4,20.29,33.93333333,24.6,39.72333333,20,37.95666667,8.2,754,79.5,5.5,34,4.8
100,0,21.2,39.59,19.6,40.93333333,22,37.5,20.6,39.4,20.29,44.19333333,9.39,47.86,20.29,33.86333333,24.6,39.53,20.06666667,38.62333333,8.23,753.9,79.33333333,5.666666667,32,4.8
90,0,21.26,39.66333333,19.6,40.79,21.89,37.5,20.6,39.46666667,20.29,44.06666667,9.36,48.82666667,20.29,33.79,24.6,39.36333333,20.06666667,38.76,8.27,753.8,79.16666667,5.833333333,30,4.8
80,0,21.29,39.7,19.6,40.79,21.96333333,37.5,20.63333333,39.59,20.29,44.73333333,9.3,49.02666667,20.2,33.66333333,24.6,39.29,20.06666667,38.83333333,8.3,753.7,79,6,28,4.8
70,0,21.29,39.7,19.6,40.93333333,22,37.46666667,20.7,39.59,20.2,45.5,9.3,50.36,20.2,33.59,24.5,39.43333333,20,38.72333333,8.33,753.8166667,78.33333333,5.5,28.16666667,4.72
90,0,21.39,40.63333333,19.6,41,21.92666667,37.4,20.7,39.36333333,20.2,45.9,9.226666667,50.16666667,20.26,33.56,24.5,39.5,20,38.53,8.37,753.9333333,77.66666667,5,28.33333333,4.63
430,0,21.46333333,40.76666667,19.7,41.145,21.89,37.4,20.7,39.23,20.2,46.32666667,9.263333333,50.73333333,20.2,33.5,24.5,39.5,20,38.36333333,8.4,754.05,77,4.5,28.5,4.55
440,0,21.42666667,41.59666667,19.7,41.15666667,21.89,37.46666667,20.66666667,39.06,20.2,46.46666667,9.13,51.06666667,20.2,33.5,24.5,39.43333333,20,38.23,8.43,754.1666667,76.33333333,4,28.66666667,4.47
110,10,21.5,45.39666667,19.7,42.62333333,21.89,37.545,20.6,39.06,20.2,46.73,8.933333333,51.02666667,20.2,33.5,24.5,39.4,20,38.06,8.47,754.2833333,75.66666667,3.5,28.83333333,4.38
90,10,21.6,47.25666667,19.79,44.46666667,21.89,37.8,20.63333333,39.3,20.13333333,46.86333333,8.8,51.82666667,20.2,33.5,24.5,39.26666667,20,38,8.5,754.4,75,3,29,4.3
90,0,21.625,45.7225,19.79,44.26666667,21.89,38.06,20.65,39.7925,20.1,47.33,8.66,53.9,20.2,33.56,24.46333333,39.09,19.96333333,37.9,8.43,754.4666667,76.16666667,2.833333333,30.83333333,4.45
110,0,21.7,44.43333333,19.89,44.16333333,22,38.23,20.63333333,40.22333333,20.1,47.79666667,8.55,54.095,20.2,33.59,24.39,39.09,19.96333333,37.9,8.37,754.5333333,77.33333333,2.666666667,32.66666667,4.6
90,0,21.7,43.42333333,19.89,43.96333333,22,38.36333333,20.63333333,40.56666667,20.1,48.3,8.4725,55.5175,20.2,33.66333333,24.5,39.23,20,38.3,8.3,754.6,78.5,2.5,34.5,4.75
120,10,21.7,42.83,19.89,43.66333333,22,38.4,20.7,40.76,20.1,48.4,8.39,57.2,20.2,33.73,24.5,39.29,20,38.63333333,8.23,754.6666667,79.66666667,2.333333333,36.33333333,4.9
100,0,21.7,42.19333333,19.89,43.46333333,22,38.4,20.6,40.7,20.1,48.46666667,8.3,56.99333333,20.2,33.79,24.39,39.36,20,38.9,8.17,754.7333333,80.83333333,2.166666667,38.16666667,5.05
100,0,21.76,41.93333333,20,43.16333333,22,38.46666667,20.6,40.7,20.1,48.5,8.226666667,56.32666667,20.2,33.79,24.46333333,39.69333333,20,38.86333333,8.1,754.8,82,2,40,5.2
90,0,21.82333333,41.56,20.06666667,43.03,22,38.4,20.6,40.73,20.1,48.43333333,8.095,56.745,20.2,33.8725,24.5,39.7,20,38.73,8.05,754.8333333,82.66666667,2,37,5.25
120,0,21.89,41.36,20.13333333,42.79,21.96333333,38.43333333,20.6,40.79,20,48.29,7.73,58.56666667,20.2,33.9,24.5,39.66333333,19.89,38.7,8,754.8666667,83.33333333,2,34,5.3
110,0,22,41.16333333,20.26,42.73,21.89,38.43333333,20.6,40.82666667,20,48.29,7.53,58.63333333,20.2,33.9,24.5,39.59,19.89,38.62666667,7.95,754.9,84,2,31,5.35
120,0,22.06666667,41.03,20.42666667,42.52666667,21.92666667,38.5,20.6,40.9,20,48.2,7.296666667,62.19333333,20.2,33.9,24.5,39.56,19.96333333,38.59,7.9,754.9333333,84.66666667,2,28,5.4
120,0,22.2,40.72333333,20.56666667,42.26666667,22,38.5,20.6,41.09,20,48.2,6.963333333,65.8,20.2,33.9,24.5,39.43333333,19.89,38.59,7.85,754.9666667,85.33333333,2,25,5.45
120,0,22.26,40.53,20.63333333,41.96666667,22,38.4,20.6,41.16333333,20,48.16333333,6.656666667,67.82333333,20.2,33.9,24.6,39.4,19.89,38.5,7.8,755,86,2,22,5.5
140,0,22.42666667,40.4,20.76,41.82666667,22.06666667,38.46666667,20.6,41.23,20,48.09,6.53,68.23,20.2,33.93333333,24.6,39.4,19.89,38.5,7.63,755.0333333,86.5,2.333333333,22.33333333,5.43
110,0,22.5,40.26666667,20.82333333,41.56,22.1,38.5,20.66666667,41.36333333,20,48.03,6.366666667,68.43333333,20.2,34,24.63333333,39.29,19.89,38.5,7.47,755.0666667,87,2.666666667,22.66666667,5.37
120,0,22.53333333,39.96666667,20.89,41.43333333,22.16666667,38.5,20.7,41.5,20,48.03,6.3,68.43333333,20.2,33.9,24.76,39.29,19.89,38.5,7.3,755.1,87.5,3,23,5.3
90,0,22.6,39.82666667,20.945,41.245,22.2,38.4,20.7,41.5,20,47.96666667,6.156666667,68.26333333,20.2,33.82666667,24.79,39.16333333,19.89,38.46666667,7.13,755.1333333,88,3.333333333,23.33333333,5.23
70,0,22.7,39.72333333,21,41.06,22.2,38.46666667,20.7,41.46666667,20,47.9,6.045,68.14,20.2,33.76,24.79,39.09,19.89,38.4,6.97,755.1666667,88.5,3.666666667,23.66666667,5.17
40,10,22.7,39.53,21,40.93333333,22.2,38.4,20.7,41.4,20,47.9,5.925,67.9475,20.13333333,33.7,24.76,39.53,19.89,38.29,6.8,755.2,89,4,24,5.1
40,0,22.79,39.46666667,21,40.93,22.16666667,38.4,20.7,41.26,20,47.96666667,5.9,67.96666667,20.2,33.73,24.7,39.72333333,19.89,38.36333333,6.68,755.25,88.5,4,26.66666667,4.9
40,0,22.79,39.32666667,20.92666667,40.79,22.1,38.4,20.7,41.12666667,19.96333333,48.12666667,5.933333333,68,20.2,33.86333333,24.7,40.15666667,19.92666667,39.13333333,6.57,755.3,88,4,29.33333333,4.7
30,10,22.79,39.145,20.89,40.9,22,38.4,20.7,41.045,19.89,48.2,6,68,20.2,33.9,24.63333333,40.36333333,20,39.46666667,6.45,755.35,87.5,4,32,4.5
60,0,22.79,39.06,20.82333333,40.9,22,38.4,20.6,40.86333333,19.96333333,48.29,6,67.9,20.2,33.96666667,24.6,40.8,20,39.73,6.33,755.4,87,4,34.66666667,4.3
50,0,22.79,39,20.79,40.93333333,21.89,38.5,20.6,40.73,19.945,48.3725,6,67.83333333,20.2,34,24.6,41.26666667,20,39.93,6.22,755.45,86.5,4,37.33333333,4.1
50,0,22.79,38.96666667,20.73,41,21.96333333,38.5,20.6,40.66333333,19.89,48.46666667,6.045,67.64,20.2,34,24.6,41.83,20,40.145,6.1,755.5,86,4,40,3.9
50,0,22.79,38.9,20.7,41.09,22,38.5,20.6,40.53,19.89,48.53,6.123333333,67.43333333,20.23,34.03,24.6,42.29666667,20,40.2,6.13,755.6,86.33333333,3.833333333,37.5,3.98
60,0,22.7,38.9,20.63333333,41.09,22,38.5,20.56666667,40.46666667,19.89,48.59,6.263333333,67.16,20.2225,34.045,24.6,42.65666667,20,40.26,6.17,755.7,86.66666667,3.666666667,35,4.07
50,0,22.7,38.9,20.56666667,41.2,22,38.53,20.5,40.4,19.89,48.62666667,6.19,66.36333333,20.26,34.09,24.6,42.9475,20,40.43333333,6.2,755.8,87,3.5,32.5,4.15
60,0,22.7,38.93333333,20.5,41.26,22.06666667,38.66333333,20.53333333,40.4,19.89,48.7,6.19,66.03,20.29,34.12666667,24.6,43.13333333,20,40.56,6.23,755.9,87.33333333,3.333333333,30,4.23
60,0,22.7,39,20.39,41.32666667,22.1,38.79,20.53333333,40.32666667,19.89,48.79,6.19,65.89666667,20.23,34.12666667,24.5,43.36333333,20,40.73,6.27,756,87.66666667,3.166666667,27.5,4.32
70,0,22.6,39,20.32333333,41.46666667,22.16666667,38.79,20.5,40.2,19.89,48.79,6.263333333,65.69,20.26,34.16333333,24.5,43.43,20,40.86333333,6.3,756.1,88,3,25,4.4
50,0,22.6,39.06,20.26,41.5,22.23,38.82666667,20.5,40.2,19.89,48.82666667,6.156666667,64.96666667,20.26,34.16333333,24.46333333,43.22333333,20,40.96333333,6.33,756.1666667,88,3.333333333,31.66666667,4.43
60,0,22.6,39.12666667,20.2,41.56,22.29,38.9,20.5,40.2,19.89,48.9,6.03,64.69333333,20.29,34.2,24.39,42.96333333,20,41.16333333,6.37,756.2333333,88,3.666666667,38.33333333,4.47
40,0,22.6,39.2,20.16666667,41.62666667,22.29,38.9,20.42666667,40.06666667,19.89,49,6,64.8,20.29,34.2,24.35666667,42.82666667,20,41.32666667,6.4,756.3,88,4,45,4.5
50,0,22.5,39.2,20.1,41.76,22.29,38.9,20.39,40,19.89,49,6.06,64.93333333,20.29,34.2,24.29,42.96666667,20,41.46666667,6.43,756.3666667,88,4.333333333,51.66666667,4.53
50,0,22.5,39.26,20.06666667,41.76,22.29,38.9,20.39,40,19.89,49,6.19,64.73,20.29,34.26,24.26,43.06,20.1,41.62666667,6.47,756.4333333,88,4.666666667,58.33333333,4.57
60,0,22.39,39.2,19.9175,41.745,22.29,38.9,20.39,39.96666667,19.89,49,6.19,64.59,20.29,34.29,24.2,43.06,20.1,41.7,6.5,756.5,88,5,65,4.6
60,0,22.39,39.2,19.89,41.7,22.34,38.9,20.39,39.9,19.89,49,6.09,63.96666667,20.29,34.29,24.2,43.26666667,20.1,41.82666667,6.47,756.6333333,88.16666667,4.833333333,64.83333333,4.6
60,0,22.35666667,39.2,19.79,41.59,22.39,38.9,20.39,39.9,19.89,49.06,6.09,63.96666667,20.29,34.2,24.13333333,43.52666667,20.1,41.9,6.43,756.7666667,88.33333333,4.666666667,64.66666667,4.6
50,0,22.29,39.2,19.79,41.59,22.39,38.9,20.39,39.9,19.79,49,6.09,64.06333333,20.29,34.26,24.06666667,43.89,20.1,42.03,6.4,756.9,88.5,4.5,64.5,4.6
50,0,22.29,39.2,19.7,41.59,22.39,38.82666667,20.32333333,39.82666667,19.85666667,49.06,6.156666667,64.39666667,20.29,34.29,24,44.29666667,20.1,42.09,6.37,757.0333333,88.66666667,4.333333333,64.33333333,4.6
50,0,22.29,39.2,19.7,41.59,22.39,38.82666667,20.29,39.79,19.79,49,6.245,64.245,20.29,34.29,24,44.56666667,20.1,42.2,6.33,757.1666667,88.83333333,4.166666667,64.16666667,4.6
30,0,22.23,39.12666667,19.6,41.5,22.42666667,38.82666667,20.29,39.79,19.79,49,6.333333333,63.66333333,20.29,34.29,24,44.83333333,20.1,42.2,6.3,757.3,89,4,64,4.6
30,0,22.2,39.09,19.6,41.56,22.42666667,38.9,20.29,39.79,19.79,49,6.333333333,63.05666667,20.23,34.23,24,45.3,20.1,42.245,6.27,757.3666667,89,4,64,4.57
20,0,22.13333333,39.09,19.5,41.59,22.46333333,38.86333333,20.29,39.79,19.79,49,6.23,61.82333333,20.2,34.2,23.92666667,45.69333333,20.1,42.4,6.23,757.4333333,89,4,64,4.53
30,0,22.1,39.09,19.5,41.59,22.39,38.79,20.29,39.76,19.79,49,6.03,61.23,20.2675,34.2675,23.89,46.12666667,20.1,42.4,6.2,757.5,89,4,64,4.5
60,0,22.1,39.09,19.39,41.53,22.39,38.82666667,20.23,39.62666667,19.79,49,5.763333333,61.26666667,20.23,34.23,23.82333333,46.12666667,20.1,42.5,6.17,757.5666667,89,4,64,4.47
60,0,22,39.09,19.39,41.59,22.39,38.9,20.26,39.66333333,19.79,49,5.623333333,61.52666667,20.26,34.22333333,23.85666667,46.26,20.1,42.5,6.13,757.6333333,89,4,64,4.43
60,0,22,39.09,19.39,41.59,22.39,38.86333333,20.26,39.66333333,19.79,49,5.466666667,61.76666667,20.2,34.16333333,23.79,46.2,20.1,42.59,6.1,757.7,89,4,64,4.4
60,0,22,39.09,19.32333333,41.59,22.39,38.86333333,20.2,39.56,19.79,49,5.333333333,62.16,20.26,34.16333333,23.79,46.2,20.1,42.59,5.9,757.7666667,89.5,3.833333333,64,4.28
50,0,21.92666667,39.09,19.26,41.56,22.39,38.9,20.2,39.5,19.79,49,5.156666667,62.79666667,20.2,34.09,23.76,46.2,20.1,42.59,5.7,757.8333333,90,3.666666667,64,4.17
50,0,21.89,39.09,19.2,41.56,22.39,38.9,20.2,39.5,19.79,49,5.03,62.53,20.2,34.09,23.7,46.26,20.1,42.59,5.5,757.9,90.5,3.5,64,4.05
50,0,21.89,39.09,19.2,41.59,22.39,38.9,20.2,39.5,19.73,49,4.626666667,62.09333333,20.2,34.09,23.7,46.43333333,20.1,42.59,5.3,757.9666667,91,3.333333333,64,3.93
50,0,21.85666667,38.96666667,19.13333333,41.66333333,22.39,38.82666667,20.2,39.4,19.79,49,4.56,63.16666667,20.26,34.09,23.7,46.56,20.1,42.66333333,5.1,758.0333333,91.5,3.166666667,64,3.82
50,0,21.79,38.9,19.1,41.73,22.46333333,38.96666667,20.2,39.4,19.73,49,4.33,63.03,20.2,34.09,23.6,46.53,20.1,42.7,4.9,758.1,92,3,64,3.7
60,0,21.79,38.9,19.025,41.745,22.46333333,38.96666667,20.13333333,39.4,19.73,49,4.19,63.49666667,20.2,34.06,23.6,46.66333333,20.1,42.7,4.83,758.0666667,91.83333333,2.833333333,56.66666667,3.6
60,0,21.79,38.9,19,41.79,22.42666667,38.93333333,20.13333333,39.4,19.7,48.9,4,63.53,20.2,34,23.6,46.66333333,20.16666667,42.7,4.77,758.0333333,91.66666667,2.666666667,49.33333333,3.5
50,0,21.7,38.9,18.92666667,41.9,22.5,38.95,20.1,39.29,19.7,48.9,3.933333333,64.19,20.2,34,23.6,46.59,20.1,42.76,4.7,758,91.5,2.5,42,3.4
50,0,21.7,38.9,18.92666667,41.9,22.5,39,20.1,39.29,19.7,48.9,3.745,64.14,20.2,34,23.6,46.59,20.13333333,42.79,4.63,757.9666667,91.33333333,2.333333333,34.66666667,3.3
50,0,21.7,38.9,18.89,41.9,22.5,38.9,20.1,39.29,19.7,48.9,3.59,64.19333333,20.2,34,23.6,46.53,20.2,42.86333333,4.57,757.9333333,91.16666667,2.166666667,27.33333333,3.2
50,0,21.7,38.9,18.89,41.96666667,22.5,38.96666667,20.1,39.26,19.7,48.9,3.53,64.26,20.2,34,23.53333333,46.36333333,20.1,42.9,4.5,757.9,91,2,20,3.1
60,0,21.65,38.79,18.79,41.9,22.5,38.9,20.1,39.2,19.7,48.9,3.333333333,63.73333333,20.2,33.9,23.53333333,46.23,20.16666667,42.9,4.27,758.05,91.66666667,2,27,2.97
40,0,21.6,38.79,18.73,41.9,22.5,38.9,20.06666667,39.16333333,19.7,48.9,3,62.79333333,20.2,33.9,23.5,46.02666667,20.16666667,43,4.03,758.2,92.33333333,2,34,2.83
60,0,21.6,38.73,18.7,41.9,22.5,39,20.06666667,39.16333333,19.7,48.9,3.03,64.13333333,20.2,33.9,23.5,45.76666667,20.125,43.0675,3.8,758.35,93,2,41,2.7
50,0,21.6,38.7,18.7,41.96666667,22.5,38.93333333,20,39,19.7,48.9,3.03,64.59333333,20.2,33.9,23.39,45.52666667,20.2,43.09,3.57,758.5,93.66666667,2,48,2.57
50,0,21.53333333,38.7,18.6,41.96666667,22.5,38.93333333,20,39,19.7,48.9,3.09,65.09,20.2,33.9,23.39,45.46666667,20.13333333,43.12666667,3.33,758.65,94.33333333,2,55,2.43
60,0,21.5,38.7,18.6,41.96666667,22.5,38.93333333,20,39,19.63333333,48.82666667,3.03,65.03,20.2,33.79,23.39,45.4,20.13333333,43.2,3.1,758.8,95,2,62,2.3
40,0,21.5,38.7,18.56666667,42.03,22.5,38.9,20,39,19.63333333,48.82666667,2.966666667,65.26333333,20.2,33.79,23.39,45.32666667,20.13333333,43.2,3.03,758.85,95,2,60.33333333,2.25
30,0,21.5,38.7,18.5,42.09,22.56666667,38.9,20,38.96666667,19.7,48.9,2.9,65.26333333,20.16666667,33.79,23.34,45.2,20.2,43.2,2.97,758.9,95,2,58.66666667,2.2
20,0,21.5,38.62666667,18.46333333,42.16333333,22.5,38.9,20,38.9,19.7,48.79,2.79,65.36666667,20.16666667,33.79,23.29,45.06,20.1,43.29,2.9,758.95,95,2,57,2.15
30,0,21.46333333,38.59,18.39,42.09,22.5,38.9,19.89,38.9,19.63333333,48.73,2.73,65.22666667,20.2,33.79,23.29,44.93333333,20.1,43.29,2.83,759,95,2,55.33333333,2.1
50,0,21.39,38.53,18.35666667,42.2,22.46333333,38.9,19.89,38.9,19.6,48.7,2.663333333,65.33,20.2,33.73,23.29,44.86333333,20.16666667,43.29,2.77,759.05,95,2,53.66666667,2.05
60,0,21.39,38.5,18.29,42.26,22.39,38.9,19.89,38.9,19.6,48.7,2.53,65.06333333,20.13333333,33.7,23.29,44.79,20.16666667,43.29,2.7,759.1,95,2,52,2
60,0,21.39,38.5,18.29,42.32666667,22.39,38.82666667,19.89,38.82666667,19.6,48.59,2.5,65.22666667,20.13333333,33.7,23.29,44.66333333,20.13333333,43.29,2.62,759.2,95.33333333,1.833333333,50.5,1.95
50,0,21.39,38.5,18.245,42.345,22.39,38.82666667,19.89,38.79,19.6,48.59,2.5,65.4725,20.1,33.7,23.23,44.46333333,20.13333333,43.29,2.53,759.3,95.66666667,1.666666667,49,1.9
60,0,21.32333333,38.5,18.29,42.4,22.39,38.79,19.89,38.79,19.6,48.59,2.5,65.59,20.1,33.7,23.2,44.26,20.1,43.29,2.45,759.4,96,1.5,47.5,1.85
40,0,21.29,38.46666667,18.2,42.4,22.39,38.79,19.89,38.79,19.6,48.59,2.5,65.62333333,20.1,33.7,23.2,44.2,20.1,43.29,2.37,759.5,96.33333333,1.333333333,46,1.8
60,0,21.29,38.4,18.2,42.4,22.39,38.79,19.815,38.695,19.6,48.5,2.5,65.76333333,20.1,33.7,23.2,44.09,20.1,43.26,2.28,759.6,96.66666667,1.166666667,44.5,1.75
70,0,21.29,38.4,18.2,42.4,22.39,38.79,19.79,38.59,19.6,48.5,2.59,65.9,20.1,33.59,23.2,44.09,20.1,43.2,2.2,759.7,97,1,43,1.7
60,0,21.23,38.4,18.2,42.46666667,22.39,38.79,19.79,38.59,19.6,48.46666667,2.59,65.96666667,20.1,33.59,23.16666667,44.09,20.2,43.29,2.2,759.7833333,96.66666667,1,41.83333333,1.67
80,0,21.29,38.895,18.2,42.86,22.29,38.26666667,19.79,38.59,19.6,48.4,2.7,66.09,20.1,33.59,23.1,44.09,20.2,43.29,2.2,759.8666667,96.33333333,1,40.66666667,1.63
70,0,21.29,39.29,18.2,43.06,22.23,37.93333333,19.79,38.59,19.6,48.4,2.76,66.23,20.1,33.59,23.1,44,20.2,43.29,2.2,759.95,96,1,39.5,1.6
60,0,21.29,39.23,18.23,43.26666667,22.2,38,19.79,38.59,19.6,48.36333333,2.933333333,66.5,20.1,33.59,23.1,44,20.2,43.195,2.2,760.0333333,95.66666667,1,38.33333333,1.57
50,10,21.29,39.09,18.29,43.32666667,22.2,37.93333333,19.79,38.73,19.53333333,48.29,3.06,66.62666667,20.1,33.59,23.1,44.03,20.2,42.96333333,2.2,760.1166667,95.33333333,1,37.16666667,1.53
60,0,21.29,39.16333333,18.42666667,43.4,22.2,37.86333333,19.79,38.86333333,19.6,48.32666667,3.326666667,66.93333333,20.1,33.59,23.03333333,44.03,19.93,40.02666667,2.2,760.2,95,1,36,1.5
370,0,21.29,39.13333333,18.5,43.32666667,22.13333333,37.79,19.79,39.09,19.6,48.32666667,3.466666667,67.06,20.1,33.59,23,43.93333333,19.85666667,39.96666667,2.37,760.2666667,95.66666667,1,36.83333333,1.75
50,0,21.29,38.93333333,18.6,42.79666667,22.1,37.7,19.79,39.16333333,19.6,48.29,3.766666667,67.33333333,20.1,33.53,23,44,20.03333333,39.83333333,2.53,760.3333333,96.33333333,1,37.66666667,2
60,0,21.29,38.7,18.66666667,42.53,22.1,37.56666667,19.79,39.2,19.6,48.29,4.026666667,67.46666667,20.1,33.59,23,44.03,20.22666667,39.62666667,2.7,760.4,97,1,38.5,2.25
40,0,21.29,38.7,18.82333333,42.4,22,37.29,19.85666667,39.26,19.53333333,48.16333333,4.366666667,67.62333333,20.1,33.59,23,43.96333333,20.53333333,39.49,2.87,760.4666667,97.66666667,1,39.33333333,2.5
50,0,21.29,38.7,18.96333333,42.26666667,22,37.23,19.89,39.29,19.53333333,48.03,4.7,67.83,20.1,33.59,23,43.69,20.53333333,39.15666667,3.03,760.5333333,98.33333333,1,40.16666667,2.75
60,0,21.29,38.7,19.26333333,41.93,21.96333333,37.2,19.89,39.29,19.5,47.96666667,5.16,68.12333333,20.1,33.59,23,43.59,20.5,39.09,3.2,760.6,99,1,41,3
110,0,21.29,38.7,19.53,41.59666667,21.89,37.2,20.03333333,39.29,19.5,47.82666667,5.525,68.2975,20.1,33.59,23,43.53,20.5,39.09,3.52,760.65,97.66666667,1.166666667,44.5,3.12
110,0,21.29,38.76,19.99333333,41.03333333,21.89,37.23,20.1,39.29,19.7,47.5,5.993333333,68.52666667,20.1,33.59,23,43.16333333,20.5,38.96666667,3.83,760.7,96.33333333,1.333333333,48,3.23
100,0,21.29,38.93333333,20.4975,40.295,21.89,37.36333333,20.13333333,39.29,19.76,45.96666667,6.6,68.93333333,20.1,33.59,23,42.96333333,20.42666667,38.9,4.15,760.75,95,1.5,51.5,3.35
110,0,21.29,39,20.99666667,39.76666667,21.89,37.5,20.2,39.23,19.79,44.96,6.933333333,69.12666667,20.1,33.59,23.1,42.72333333,20.39,38.93333333,4.47,760.8,93.66666667,1.666666667,55,3.47
100,0,21.39,39.09,21.36,39.46666667,21.89,37.5,20.32333333,39.26,19.79,44.5,7.333333333,69.26333333,20.1,33.59,23.1,42.53,20.39,39,4.78,760.85,92.33333333,1.833333333,58.5,3.58
90,0,21.39,39.16333333,21.56666667,39.19333333,21.89,37.5,20.4175,39.2,19.89,44.13333333,7.466666667,68.99666667,20.1,33.66333333,23.23,42.26,20.39,39.09,5.1,760.9,91,2,62,3.7
380,0,21.39,39.23,21.86,38.83333333,21.92666667,37.5,20.5,39.2,19.89,44.06,7.793333333,68.29,20.13333333,33.66333333,23.29,42,20.39,39.16333333,5.37,760.9333333,90.5,1.833333333,62.16666667,3.88
440,0,21.39,39.36333333,22.13333333,38.56666667,21.92666667,37.56,20.6,39.09,19.79,44.3,8.26,66.95666667,20.2,33.66333333,23.32333333,41.76,20.39,39.32666667,5.63,760.9666667,90,1.666666667,62.33333333,4.07
110,0,21.39,39.4,22.36,38.22333333,22,37.59,20.66666667,39.16333333,19.79,44.69333333,8.733333333,64.56666667,20.2,33.7,23.39,41.62666667,20.39,39.46666667,5.9,761,89.5,1.5,62.5,4.25
90,0,21.4725,39.57,22.56666667,37.89,22,37.59,20.7,39.2,19.79,44.93333333,9.26,64.36,20.2,33.7,23.5,41.59,20.39,39.5,6.17,761.0333333,89,1.333333333,62.66666667,4.43
70,0,21.5,39.7,22.73,37.63333333,22,37.59,20.7,39.12666667,19.7225,45.2,9.366666667,55.03,20.23,33.73,23.5,41.25666667,20.39,39.745,6.43,761.0666667,88.5,1.166666667,62.83333333,4.62
50,0,21.53333333,39.79,22.85666667,37.43333333,22.06666667,37.66333333,20.79,39.09,19.7,45.46666667,9.566666667,52.69666667,20.29,33.79,23.46333333,40.52666667,20.46333333,40.02666667,6.7,761.1,88,1,63,4.8
40,0,21.6,39.79,22.92666667,37.16333333,22.1,37.73,20.85666667,39.09,19.7,45.62666667,9.793333333,52.79666667,20.29,33.79,23.39,40.32666667,20.39,40.23,6.98,761.1666667,86.5,1.166666667,55.83333333,4.83
50,0,21.63333333,39.79,23.06666667,37.09,22.1,37.73,20.89,39.06,19.7,45.7,10,51.92333333,20.39,33.7,23.39,40.2,20.39,40.43,7.27,761.2333333,85,1.333333333,48.66666667,4.87
50,0,21.7,39.79,23.06666667,36.93,22.1,37.79,20.96333333,38.93333333,19.76,45.79,9.926666667,50.2,20.39,33.7,23.32333333,40.26,20.39,40.65666667,7.55,761.3,83.5,1.5,41.5,4.9
50,0,21.73,39.76,23.06666667,36.93,22.16666667,37.79,21,38.86333333,19.7,45.86333333,10.12666667,51.33333333,20.53333333,33.76,23.29,40.4,20.39,40.93,7.83,761.3666667,82,1.666666667,34.33333333,4.93
50,0,21.79,39.7,23.1,36.83333333,22.2,37.82666667,21,38.79,19.7,45.9,10.3,45,20.6,33.62666667,23.29,40.32666667,20.39,41.12666667,8.12,761.4333333,80.5,1.833333333,27.16666667,4.97
60,0,21.89,39.7,23.1,36.7,22.2,37.9,21.1,38.76,19.7,45.9,10.43333333,46.33333333,20.7,33.59,23.2,40.2,20.46333333,41.33333333,8.4,761.5,79,2,20,5
60,0,21.96333333,39.62666667,23.1,36.66333333,22.2,37.9,21.1,38.7,19.7,46,10.55,42.895,20.76,33.46333333,23.2,40.2,20.5,41.5,8.63,761.4166667,78.16666667,1.833333333,20.83333333,5.05
30,0,22.03333333,39.59,23.1,36.66333333,22.26,37.96666667,21.2,38.56,19.7,46,10.66,39.92666667,20.82333333,33.29,23.2,40.2,20.5,41.56,8.87,761.3333333,77.33333333,1.666666667,21.66666667,5.1
40,0,22.1,39.53,23,36.59,22.29,37.96666667,21.2,38.5,19.7,46.03,10.66,39.66666667,20.96333333,33.23,23.16666667,40.2,20.42666667,41.53,9.1,761.25,76.5,1.5,22.5,5.15
20,0,22.13333333,39.4,23.06666667,36.59,22.29,37.9,21.2,38.4,19.7,46.09,11.06333333,39.29,21,33.06,23.1,40.2,20.42666667,41.53,9.33,761.1666667,75.66666667,1.333333333,23.33333333,5.2
30,0,22.2,39.32666667,23.05,36.545,22.2,37.9,21.2,38.32666667,19.7,46.09,11.32333333,38.09666667,21.06666667,33.06,23.1,40.2,20.42666667,41.53,9.57,761.0833333,74.83333333,1.166666667,24.16666667,5.25
50,0,22.2,39.29,23.1,36.59,22.2,37.9,21.26,38.26,19.7,46.09,11.69666667,39.23,21.1,32.96666667,23.1,40.2,20.42666667,41.53,9.8,761,74,1,25,5.3
50,0,22.2,39.23,23.1,36.59,22.2,37.9,21.2675,38.1725,19.7,46.2,12.03,37.56333333,21.1,32.9,23,40,20.42666667,41.53,9.97,760.95,71.66666667,1.166666667,25.66666667,4.95
60,0,22.23,39.2,23.06666667,36.5,22.2,37.9,21.23,38.03,19.7,46.2,12.56333333,34.69666667,21.1,32.79,23,40,20.5,41.59,10.1,760.9,69.33333333,1.333333333,26.33333333,4.6
50,0,22.29,39.2,23,36.5,22.26,37.96666667,21.26,37.96666667,19.7,46.2,12.69,29.69666667,21.16666667,32.79,23,39.96666667,20.5,41.56,10.3,760.85,67,1.5,27,4.25
60,0,22.29,39.16333333,22.96333333,36.5,22.29,38,21.26,37.9,19.7,46.2,12.92666667,26.56333333,21.29,32.66333333,23,39.9,20.5,41.5,10.5,760.8,64.66666667,1.666666667,27.66666667,3.9
50,0,22.29,39.0225,22.89,36.5,22.29,38,21.2,37.66333333,19.7,46.2,12.92666667,29.16333333,21.29,32.53,22.96333333,39.86333333,20.5,41.5,10.6,760.75,62.33333333,1.833333333,28.33333333,3.55
60,0,22.29,38.93333333,22.89,36.53,22.29,37.96666667,21.2,37.53,19.7,46.2,13,29.36333333,21.26,32.43,22.89,39.79,20.5,41.425,10.8,760.7,60,2,29,3.2
40,0,22.29,38.86333333,22.89,36.59,22.29,37.96666667,21.2,37.5,19.7,46.2,13.2,28.03,21.26,32.36333333,22.89,39.66333333,20.5,41.4,10.8,760.7,59.5,2.166666667,30.83333333,3.07
40,0,22.35666667,38.79,22.79,36.5,22.29,37.96666667,21.2,37.5,19.7,46.2,13.63,28.23333333,21.29,32.3,22.89,39.59,20.5,41.29,10.8,760.7,59,2.333333333,32.66666667,2.93
60,0,22.39,38.7,22.73,36.5,22.29,37.9,21.2,37.36333333,19.7,46.2,13.63,26.9,21.29,32.2,22.89,39.5,20.5,41.29,10.8,760.7,58.5,2.5,34.5,2.8
50,0,22.39,38.62666667,22.7,36.59,22.29,37.9,21.2,37.23,19.7,46.2,13.53333333,29.9,21.29,32.2,22.82333333,39.43333333,20.5,41.2,10.7,760.7,58,2.666666667,36.33333333,2.67
60,0,22.39,38.56,22.63333333,36.59,22.35666667,37.9,21.13333333,37.2,19.7,46.2,13.6,26.02666667,21.2,32.09,22.79,39.29,20.5,41.2,10.7,760.7,57.5,2.833333333,38.16666667,2.53
50,0,22.39,38.5,22.6,36.62666667,22.39,37.9,21.13333333,37.2,19.7,46.2,13.46333333,24.7,21.2,32.09,22.79,39.29,20.46333333,41.13333333,10.7,760.7,57,3,40,2.4
50,0,22.39,38.46666667,22.53333333,36.7,22.39,37.9,21.1,37.09,19.7,46.2,13.2725,25.6225,21.2,32.09,22.79,39.29,20.46333333,41.06,10.8,760.6333333,56.83333333,3.166666667,38.16666667,2.42
50,0,22.39,38.4,22.35666667,36.73,22.39,37.86333333,21.1,37.09,19.7,46.16333333,12.96,25.26333333,21.2,32.09,22.79,39.36333333,20.46333333,40.96666667,10.8,760.5666667,56.66666667,3.333333333,36.33333333,2.43
50,0,22.39,38.29,22.23,36.73,22.39,37.86333333,21.1,37.09,19.7,46.09,12.56666667,28.03333333,21.1,32.2,22.79,39.4,20.46333333,40.9,10.9,760.5,56.5,3.5,34.5,2.45
50,0,22.32333333,38.29,22.16666667,36.82666667,22.39,37.86333333,21.1,37.03,19.76,46.09,12.5,26.7,21.1,32.2,22.7,39.4,20.39,40.79,11,760.4333333,56.33333333,3.666666667,32.66666667,2.47
40,0,22.35666667,38.29,22.1,36.9,22.39,37.79,21,36.9,19.7,46.09,12.53333333,29.43,21.1,32.2,22.7,39.4,20.39,40.86333333,11,760.3666667,56.16666667,3.833333333,30.83333333,2.48
60,0,22.29,38.29,21.96333333,36.93333333,22.39,37.86333333,21,36.9,19.7,46.06,12.6,31.22333333,21.1,32.2,22.7,39.29,20.39,40.9,11.1,760.3,56,4,29,2.5
50,0,22.29,38.29,21.865,37,22.39,37.79,21,36.9,19.7,46,12.6,30.96333333,21.03333333,32.12666667,22.7,39.29,20.46333333,40.96666667,11,760.25,56.5,3.833333333,30.83333333,2.55
50,0,22.29,38.29,21.73,37.06,22.39,37.79,21,36.9,19.7,46,12.53333333,29.49,21.03333333,32.12666667,22.66666667,39.26,20.42666667,41.06666667,10.9,760.2,57,3.666666667,32.66666667,2.6
50,0,22.29,38.26,21.6,37.2,22.46333333,37.76,20.92666667,36.9,19.7,46,12.36,31.26666667,21,32.09,22.6,39.26,20.42666667,41.12666667,10.8,760.15,57.5,3.5,34.5,2.65
40,0,22.29,38.2,21.53333333,37.26,22.39,37.7,20.89,36.9,19.7,46,12.3,30.93333333,21,32.09,22.6,39.2,20.39,41.09,10.7,760.1,58,3.333333333,36.33333333,2.7
20,0,22.29,38.2,21.46333333,37.4,22.39,37.66333333,20.89,36.9,19.7,45.93333333,12.33,30.63333333,21,32.09,22.6,39.2,20.39,40.96333333,10.6,760.05,58.5,3.166666667,38.16666667,2.75
20,0,22.29,38.2,21.39,37.46666667,22.39,37.59,20.89,36.9,19.7,45.9,12.39,32.96666667,20.92666667,32.09,22.56666667,39.29,20.42666667,40.76,10.5,760,59,3,40,2.8
30,0,22.245,38.145,21.29,37.62666667,22.39,37.59,20.89,36.9,19.7,45.9,12.43333333,33.02666667,20.89,32.09,22.56666667,39.29,20.4725,40.3975,10.5,759.9666667,59.33333333,2.833333333,40,2.83
50,0,22.2,38.2,21.23,37.7,22.39,37.59,20.89,36.79,19.7,45.9,12.16666667,31.56,20.89,32.16333333,22.5,39.29,20.39,39.96333333,10.4,759.9333333,59.66666667,2.666666667,40,2.87
60,0,22.2,38.2,21.1,37.82666667,22.29,37.53,20.82333333,36.73,19.7,45.9,11.96333333,34.09666667,20.89,32.2,22.5,39.29,20.39,39.63333333,10.4,759.9,60,2.5,40,2.9
60,0,22.2,38.2,21.03333333,37.9,22.29,37.59,20.79,36.7,19.63333333,45.82666667,11.83,33.89666667,20.84,32.2225,22.5,39.29,20.39,39.5,10.4,759.8666667,60.33333333,2.333333333,40,2.93
50,0,22.2,38.2,20.96333333,38.03,22.29,37.59,20.79,36.7,19.7,45.79,11.66,35.1,20.89,32.29,22.5,39.29,20.39,39.43,10.3,759.8333333,60.66666667,2.166666667,40,2.97
50,0,22.13333333,38.2,20.89,38.16333333,22.29,37.59,20.79,36.7,19.7,45.79,11.53333333,35.69333333,20.79,32.23,22.46333333,39.26,20.39,39.23,10.3,759.8,61,2,40,3
50,0,22.13333333,38.2,20.79,38.23,22.32333333,37.59,20.79,36.76,19.7,45.79,11.32333333,36.6,20.79,32.29,22.39,39.2,20.39,38.96666667,10.3,759.7666667,61.66666667,1.833333333,40,3.1
40,0,22.1,38.16333333,20.73,38.29,22.39,37.59,20.79,36.79,19.7,45.79,11.1425,37.3975,20.79,32.32666667,22.39,39.2,20.39,38.82666667,10.2,759.7333333,62.33333333,1.666666667,40,3.2
50,0,22.1,38.16333333,20.66666667,38.4,22.39,37.59,20.79,36.79,19.66666667,45.76,10.92666667,38.06333333,20.79,32.4,22.39,39.2,20.35666667,38.59,10.2,759.7,63,1.5,40,3.3
50,0,22.1,38.2,20.6,38.46666667,22.39,37.59,20.7,36.93333333,19.6,45.7,10.73333333,39.4,20.76,32.43333333,22.39,39.2,20.29,38.53,10.1,759.6666667,63.66666667,1.333333333,40,3.4
50,0,22.03333333,38.12666667,20.5,38.62666667,22.29,37.59,20.7,37.06,19.6,45.66333333,10.53333333,40.79333333,20.7,32.5,22.315,39.2675,20.29,38.4,10.1,759.6333333,64.33333333,1.166666667,40,3.5
60,0,22,38.09,20.5,38.76,22.29,37.59,20.7,37.23,19.6,45.59,10.36,41.63333333,20.7,32.59,22.29,39.29,20.29,38.32666667,10,759.6,65,1,40,3.6
50,0,22,38.09,20.46333333,38.9,22.35666667,37.53,20.7,37.29,19.6,45.59,10.22666667,41.9,20.7,32.59,22.29,39.29,20.29,38.26,9.88,759.6,66,1,40,3.7
60,0,22,38.09,20.32333333,38.96666667,22.29,37.53,20.7,37.4,19.6,45.59,10.06666667,42.2,20.7,32.59,22.29,39.29,20.29,38.2,9.77,759.6,67,1,40,3.8
50,0,22,38.09,20.29,39.145,22.39,37.5,20.7,37.46666667,19.6,45.59,9.926666667,42.66666667,20.7,32.66333333,22.29,39.29,20.29,38.16333333,9.65,759.6,68,1,40,3.9
40,0,22,38.09,20.2,39.12666667,22.39,37.5,20.7,37.545,19.6,45.59,9.763333333,43.53333333,20.7,32.7,22.29,39.29,20.29,38.09,9.53,759.6,69,1,40,4
50,0,22,38.09,20.2,39.33333333,22.39,37.43333333,20.6,37.53,19.6,45.62666667,9.63,44.53333333,20.63333333,32.7,22.2,39.2,20.26,37.96666667,9.42,759.6,70,1,40,4.1
40,0,21.89,38.09,20.1,39.5,22.39,37.4,20.6,37.59,19.6,45.62666667,9.5,44.96666667,20.6,32.7,22.2,39.2,20.26,37.96666667,9.3,759.6,71,1,40,4.2
50,0,21.89,38.09,20.03333333,39.5,22.39,37.4,20.6,37.62666667,19.6,45.66333333,9.426666667,44.22666667,20.6,32.7,22.2,39.29,20.23,37.9,9.28,759.65,71,1,40,4.2
50,0,21.89,38.2,20,39.62666667,22.29,37.4,20.6,37.7,19.53333333,45.59,9.36,44.46666667,20.6,32.73,22.2,39.29,20.2225,37.8175,9.27,759.7,71,1,40,4.2
30,0,21.89,38.2,19.92666667,39.7,22.29,37.4,20.6,37.7,19.6,45.59,9.226666667,45.86,20.6,32.79,22.2,39.29,20.2,37.79,9.25,759.75,71,1,40,4.2
30,0,21.82333333,38.2,19.89,39.82666667,22.29,37.36333333,20.6,37.7,19.56666667,45.59,9.066666667,46.5,20.56666667,32.82666667,22.13333333,39.29,20.2,37.79,9.23,759.8,71,1,40,4.2
30,0,21.79,38.2,19.89,39.96666667,22.29,37.36333333,20.6,37.79,19.56666667,45.59,9,47.5,20.5,32.9,22.16666667,39.29,20.2,37.79,9.22,759.85,71,1,40,4.2
40,0,21.79,38.2,19.79,40.03,22.29,37.29,20.53333333,37.79,19.53333333,45.59,8.963333333,49.19666667,20.5,32.9,22.1,39.29,20.2,37.79,9.2,759.9,71,1,40,4.2
60,0,21.79,38.23,19.79,40.16333333,22.29,37.36333333,20.5,37.79,19.53333333,45.59,8.8675,50.1725,20.5,32.93333333,22.1,39.29,20.2,37.79,9.13,759.8666667,71.33333333,1,40,4.18
50,0,21.79,38.29,19.76,40.23,22.2,37.29,20.5,37.86333333,19.5,45.59,8.8,50.83333333,20.5,33.06,22.1,39.36333333,20.2,37.79,9.07,759.8333333,71.66666667,1,40,4.17
40,0,21.76,38.29,19.7,40.36333333,22.2,37.29,20.5,37.9,19.5,45.59,8.69,51.12666667,20.5,33.09,22.1,39.4,20.13333333,37.79,9,759.8,72,1,40,4.15
60,0,21.7,38.29,19.7,40.53,22.2,37.29,20.5,37.9,19.5,45.59,8.69,51.53333333,20.5,33.09,22.1,39.4,20.2,37.79,8.93,759.7666667,72.33333333,1,40,4.13
50,0,21.7,38.4,19.63333333,40.53,22.2,37.29,20.46333333,37.9,19.5,45.59,8.6,51.93,20.39,33.09,22.1,39.4,20.2,37.79,8.87,759.7333333,72.66666667,1,40,4.12
50,0,21.7,38.4,19.6,40.62666667,22.2,37.29,20.46333333,37.9,19.5,45.59,8.6,52.06333333,20.46333333,33.16333333,22.1,39.4,20.1,37.79,8.8,759.7,73,1,40,4.1
60,0,21.7,38.43333333,19.53333333,40.76,22.2,37.29,20.39,37.9,19.5,45.59,8.5,52.86666667,20.5,33.23,22,39.4,20.1,37.79,8.7,759.6833333,74.16666667,1,37.66666667,4.25
40,0,21.7,38.5,19.5,40.82666667,22.23,37.32666667,20.39,37.9,19.5,45.59,8.426666667,53.26,20.42666667,33.23,22,39.4,20.1,37.79,8.6,759.6666667,75.33333333,1,35.33333333,4.4
50,0,21.7,38.5,19.5,40.96666667,22.29,37.4,20.39,37.93333333,19.5,45.59,8.39,53.62666667,20.39,33.29,22,39.4,20.1,37.79,8.5,759.65,76.5,1,33,4.55
50,0,21.7,38.56,19.5,41.145,22.23,37.32666667,20.39,38,19.5,45.59,8.39,53.76,20.39,33.29,22,39.5,20.1,37.79,8.4,759.6333333,77.66666667,1,30.66666667,4.7
50,0,21.6,38.5,19.39,41.2,22.2225,37.3175,20.39,38,19.5,45.59,8.36,53.83333333,20.39,33.29,22,39.5,20.1,37.79,8.3,759.6166667,78.83333333,1,28.33333333,4.85
40,0,21.6,38.56,19.39,41.2,22.2,37.29,20.39,38,19.5,45.59,8.3,53.7,20.39,33.29,21.96333333,39.5,20.1,37.9,8.2,759.6,80,1,26,5
60,0,21.6,38.59,19.39,41.29,22.2,37.29,20.39,38,19.5,45.59,8.3,53.76,20.39,33.32666667,21.96333333,39.5,20.1,37.82666667,8.25,759.6,79.5,1.166666667,28.33333333,4.93
50,0,21.6,38.59,19.32333333,41.36333333,22.2,37.29,20.32333333,38.09,19.5,45.59,8.3,53.5,20.39,33.4,21.89,39.5,20.1,37.79,8.3,759.6,79,1.333333333,30.66666667,4.87
60,0,21.6,38.59,19.29,41.43333333,22.2,37.29,20.39,38.09,19.5,45.66333333,8.39,52.82666667,20.39,33.4,21.89,39.5,20.05,37.79,8.35,759.6,78.5,1.5,33,4.8
50,0,21.6,38.59,19.29,41.5,22.2,37.29,20.39,38.09,19.5,45.59,8.33,52.76666667,20.39,33.4,21.89,39.5,20.03333333,37.79,8.4,759.6,78,1.666666667,35.33333333,4.73
40,0,21.53333333,38.59,19.29,41.53,22.2,37.29,20.39,38.09,19.5,45.59,8.263333333,52.59,20.35666667,33.4,21.89,39.5,20,37.79,8.45,759.6,77.5,1.833333333,37.66666667,4.67
50,0,21.5,38.62666667,19.23,41.53,22.2,37.29,20.29,38.09,19.5,45.66333333,8.19,52.66333333,20.29,33.45,21.89,39.5,20,37.73,8.5,759.6,77,2,40,4.6
30,0,21.5,38.7,19.2,41.59,22.2,37.29,20.29,38.09,19.5,45.62666667,8.19,52.645,20.29,33.46666667,21.89,39.5,20,37.79,8.42,759.5666667,77.5,2.166666667,38.16666667,4.62
20,0,21.5,38.7,19.2,41.66333333,22.2,37.29,20.29,38.09,19.5,45.7,8.16,52.8,20.29,33.5,21.85666667,39.5,20,37.73,8.33,759.5333333,78,2.333333333,36.33333333,4.63
40,0,21.5,38.7,19.2,41.73,22.2,37.29,20.29,38.09,19.5,45.62666667,8.1,53.19333333,20.29,33.5,21.79,39.5,20,37.7,8.25,759.5,78.5,2.5,34.5,4.65
40,0,21.5,38.7,19.2,41.79,22.13333333,37.29,20.29,38.09,19.42666667,45.56666667,8.1,53.4,20.29,33.5,21.79,39.5,20,37.7,8.17,759.4666667,79,2.666666667,32.66666667,4.67
70,0,21.5,38.76,19.13333333,41.79,22.1,37.29,20.29,38.09,19.42666667,45.59,8.1,53.4,20.29,33.5,21.79,39.5,20,37.7,8.08,759.4333333,79.5,2.833333333,30.83333333,4.68
50,0,21.39,38.7,19.13333333,41.86333333,22.1,37.29,20.2,38.06,19.42666667,45.53,8,53.5,20.29,33.59,21.79,39.5,19.92666667,37.7,8,759.4,80,3,29,4.7
50,0,21.39,38.7,19.1,41.9,22.1,37.29,20.2,38.06,19.39,45.56,8,53.56,20.29,33.59,21.79,39.5,19.89,37.7,7.98,759.35,79.83333333,2.833333333,30.83333333,4.65
40,0,21.39,38.73,19.1,41.96666667,22.1,37.29,20.23,38.09,19.39,45.5,7.9,53.36333333,20.29,33.59,21.79,39.5,19.96333333,37.7,7.97,759.3,79.66666667,2.666666667,32.66666667,4.6
50,0,21.39,38.79,19.06666667,42.06,22.1,37.32666667,20.29,38.09,19.39,45.5,7.9,53.36333333,20.29,33.59,21.73,39.5,20,37.7,7.95,759.25,79.5,2.5,34.5,4.55
50,0,21.39,38.79,19,42,22.1,37.32666667,20.2,38.09,19.39,45.5,7.866666667,53.56666667,20.26,33.56,21.79,39.5,19.92666667,37.7,7.93,759.2,79.33333333,2.333333333,36.33333333,4.5
40,0,21.39,38.79,19,42,22.1,37.29,20.2,38.09,19.39,45.5,7.8,53.76,20.2,33.5,21.76,39.5,19.89,37.7,7.92,759.15,79.16666667,2.166666667,38.16666667,4.45
60,0,21.39,38.79,19,42.03,22.1,37.3175,20.2,38.09,19.39,45.5,7.8,54.13333333,20.2,33.5,21.7,39.5,19.96333333,37.7,7.9,759.1,79,2,40,4.4
50,0,21.39,38.86333333,19,42.09,22.1,37.32666667,20.2,38.09,19.39,45.5,7.726666667,54.4,20.2,33.5,21.7,39.5,19.89,37.7,7.82,759.05,79.66666667,2,40,4.43
70,0,21.29,38.9,19,42.2,22.1,37.4,20.2,38.09,19.39,45.5,7.69,54.76666667,20.2,33.59,21.7,39.5,19.89,37.7,7.73,759,80.33333333,2,40,4.47
50,0,21.29,38.9,18.92666667,42.2,22.1,37.32666667,20.2,38.09,19.39,45.5,7.69,55.02666667,20.2,33.59,21.7,39.5,19.89,37.7,7.65,758.95,81,2,40,4.5
50,0,21.29,38.9,18.89,42.29,22.1,37.29,20.2,38.09,19.39,45.5,7.656666667,55.33333333,20.2,33.59,21.7,39.5,19.89,37.7,7.57,758.9,81.66666667,2,40,4.53
50,0,21.29,38.9,18.89,42.36333333,22.1,37.29,20.16666667,38.09,19.39,45.46666667,7.59,55.33333333,20.2,33.59,21.63333333,39.5,19.89,37.7,7.48,758.85,82.33333333,2,40,4.57
50,0,21.29,38.95,18.89,42.4,22.1,37.29,20.1,38.09,19.39,45.45,7.59,55.545,20.2,33.59,21.63333333,39.5,19.89,37.7,7.4,758.8,83,2,40,4.6
40,0,21.29,39,18.89,42.4,22.1,37.29,20.1,38.09,19.39,45.4,7.5,55.62666667,20.2,33.59,21.6,39.5,19.82333333,37.62666667,7.35,758.8,83.16666667,2,37.5,4.6
50,0,21.29,39,18.89,42.5,22.03333333,37.23,20.1,38.09,19.39,45.46666667,7.5,55.76,20.2,33.645,21.6,39.5,19.85666667,37.7,7.3,758.8,83.33333333,2,35,4.6
60,0,21.2,38.9,18.82333333,42.43333333,22.03333333,37.23,20.1,38.12666667,19.39,45.4,7.5,55.93333333,20.2,33.7,21.6,39.5,19.79,37.7,7.25,758.8,83.5,2,32.5,4.6
40,0,21.2,38.9,18.79,42.43333333,22.06666667,37.26,20.1,38.2,19.39,45.4,7.433333333,56,20.2,33.7,21.6,39.5,19.79,37.59,7.2,758.8,83.66666667,2,30,4.6
40,0,21.2,38.9,18.79,42.5,22,37.2,20.1,38.2,19.39,45.4,7.4,56.15666667,20.16666667,33.7,21.6,39.5,19.79,37.66333333,7.15,758.8,83.83333333,2,27.5,4.6
30,0,21.2,38.9,18.79,42.5,22.03333333,37.2,20.1,38.2,19.35666667,45.4,7.4,56.36333333,20.1,33.7,21.6,39.5,19.79,37.59,7.1,758.8,84,2,25,4.6
30,0,21.2,38.9,18.79,42.56,22.03333333,37.2,20.1,38.2,19.29,45.4,7.3,56.89,20.1,33.7,21.6,39.5,19.79,37.59,7.07,758.7333333,84.5,1.833333333,24.33333333,4.63
50,0,21.2,38.9,18.7,42.59,22,37.2,20.1,38.2,19.39,45.4,7.3,57.22333333,20.1,33.7,21.53333333,39.5,19.79,37.59,7.03,758.6666667,85,1.666666667,23.66666667,4.67
40,0,21.2,39,18.7,42.59,21.92666667,37.2,20.06666667,38.16333333,19.39,45.4,7.3,57.46333333,20.1,33.7,21.5,39.5,19.79,37.59,7,758.6,85.5,1.5,23,4.7
50,0,21.2,39,18.7,42.59,21.85666667,37.2,20,38.09,19.32333333,45.4,7.226666667,57.59,20.1,33.7,21.56666667,39.5,19.79,37.7,6.97,758.5333333,86,1.333333333,22.33333333,4.73
60,0,21.2,39,18.7,42.66333333,21.79,37.2,20,38.09,19.39,45.4,7.19,57.79,20.1,33.7,21.5,39.5,19.79,37.7,6.93,758.4666667,86.5,1.166666667,21.66666667,4.77
50,0,21.2,38.93333333,18.7,42.7,21.79,37.2,20,38.09,19.35666667,45.4,7.19,57.86333333,20.1,33.7,21.5,39.5,19.79,37.62666667,6.9,758.4,87,1,21,4.8
60,0,21.2,38.93333333,18.6,42.53,21.79,37.2,20,38.09,19.35666667,45.4,7.19,58.06666667,20.1,33.73,21.5,39.5,19.79,37.7,6.85,758.3666667,87.16666667,1,20.83333333,4.8
50,0,21.2,39,18.6,42.59,21.79,37.2,20,38.2,19.32333333,45.4,7.19,58.2,20.1,33.73,21.5,39.5,19.7,37.7,6.8,758.3333333,87.33333333,1,20.66666667,4.8
50,0,21.16666667,39,18.6,42.59,21.7,37.2,20,38.12666667,19.32333333,45.4,7.09,58.43333333,20.1,33.79,21.42666667,39.5,19.76,37.7,6.75,758.3,87.5,1,20.5,4.8
50,0,21.1,39,18.6,42.66333333,21.7,37.2,20,38.12666667,19.29,45.4,7.09,58.56,20.1,33.79,21.5,39.53,19.73,37.7,6.7,758.2666667,87.66666667,1,20.33333333,4.8
40,0,21.1,39,18.6,42.7,21.7,37.2,20,38.12666667,19.29,45.32666667,7.09,58.73,20.1,33.79,21.5,39.53,19.7675,37.7,6.65,758.2333333,87.83333333,1,20.16666667,4.8
50,0,21.1,39,18.6,42.7,21.7,37.2,20,38.16333333,19.29,45.4,7.0675,58.9475,20.1,33.79,21.39,39.5,19.76,37.7,6.6,758.2,88,1,20,4.8
50,0,21.1,39,18.6,42.7,21.7,37.32666667,20,38.16333333,19.29,45.4,7.06,59.13333333,20.03333333,33.82666667,21.39,39.5,19.7,37.7,6.63,758.1833333,87.83333333,1,20,4.78
50,0,21.1,39,18.6,42.7,21.7,37.4,19.89,38.2,19.29,45.4,7.09,59.39,20.1,33.82666667,21.39,39.5,19.7,37.7,6.67,758.1666667,87.66666667,1,20,4.77
50,0,21.03333333,39,18.5,42.82666667,21.73,37.4,19.89,38.2,19.29,45.29,7.03,59.53,20.05,33.845,21.39,39.5,19.7,37.7,6.7,758.15,87.5,1,20,4.75
60,0,21.1,39,18.5,42.9,21.79,37.4,19.89,38.2,19.29,45.29,7.09,59.76666667,20,33.79,21.39,39.5,19.7,37.7,6.73,758.1333333,87.33333333,1,20,4.73
50,0,21.1,39.06,18.5,42.93333333,21.79,37.4,19.89,38.2,19.29,45.29,7.09,60.02666667,20,33.79,21.39,39.5,19.7,37.7,6.77,758.1166667,87.16666667,1,20,4.72
50,0,21,39,18.5,43.06,21.79,37.4,19.89,38.2,19.29,45.29,7.19,60.16333333,20,33.79,21.39,39.56,19.7,37.7,6.8,758.1,87,1,20,4.7
40,0,21.06666667,39.06,18.5,43.03,21.79,37.4,19.89,38.2,19.29,45.29,7.263333333,60.22333333,20,33.86333333,21.39,39.56,19.7,37.7,6.8,758.0666667,87.16666667,1,27.5,4.75
20,0,21,39.09,18.5,43.09,21.79,37.4,19.89,38.2,19.29,45.29,7.433333333,60.43333333,20,33.9,21.29,39.59,19.7,37.76,6.8,758.0333333,87.33333333,1,35,4.8
30,0,21,39.09,18.5,43.12666667,21.82333333,37.43333333,19.89,38.2,19.29,45.29,7.56,60.5,20,33.9,21.29,39.59,19.7,37.79,6.8,758,87.5,1,42.5,4.85
30,0,21,39.09,18.5,43.12666667,21.82333333,37.43333333,19.89,38.29,19.29,45.23,7.726666667,60.29666667,20,33.9,21.29,39.59,19.7,37.79,6.8,757.9666667,87.66666667,1,50,4.9
50,0,21,39.16333333,18.5,43.16333333,21.79,37.4,19.89,38.29,19.29,45.2,7.866666667,59.49666667,20,33.9,21.29,39.59,19.66666667,37.76,6.8,757.9333333,87.83333333,1,57.5,4.95
60,0,21,39.2,18.5,43.16333333,21.79,37.4,19.89,38.29,19.29,45.2,8.033333333,59.03333333,20,33.9,21.29,39.59,19.6,37.7,6.8,757.9,88,1,65,5
50,0,21,39.2,18.5,43.09,21.79,37.4,19.84,38.245,19.29,45.2,8.233333333,58.83333333,20,33.9,21.29,39.59,19.7,37.79,6.85,757.9,87.5,1,64.83333333,4.97
50,0,21,39.2,18.6,43.09,21.79,37.4,19.89,38.29,19.29,45.2,8.533333333,58.1,20,33.9,21.29,39.7,19.7,37.86333333,6.9,757.9,87,1,64.66666667,4.93
60,0,21,39.26,18.6,43.09,21.79,37.4,19.79,38.29,19.29,45.2,8.66,56.16666667,20,33.9,21.29,39.7,19.63333333,37.82666667,6.95,757.9,86.5,1,64.5,4.9
40,0,21,39.29,18.6,43.09,21.79,37.4,19.79,38.29,19.29,45.2,8.866666667,54.79666667,20,33.9,21.23,39.62666667,19.63333333,37.82666667,7,757.9,86,1,64.33333333,4.87
50,0,21,39.29,18.6,43.03,21.79,37.4,19.85666667,38.36333333,19.29,45.2,9.025,52.495,20,33.96666667,21.2,39.59,19.6,37.79,7.05,757.9,85.5,1,64.16666667,4.83
50,0,21,39.32666667,18.63333333,43,21.79,37.4,19.79,38.29,19.29,45.2,9.233333333,50.92333333,19.96333333,33.9,21.2,39.59,19.6,37.79,7.1,757.9,85,1,64,4.8
50,0,20.92666667,39.4,18.7,43,21.79,37.4,19.79,38.29,19.29,45.16333333,9.6,48.96,19.96333333,33.9,21.2,39.59,19.6,37.79,7.2,757.9166667,84.5,1.166666667,64,4.78
50,0,20.96333333,39.4,18.73,42.9,21.79,37.43333333,19.79,38.29,19.29,45.09,10,47.5,20,33.9,21.2,39.59,19.63333333,37.82666667,7.3,757.9333333,84,1.333333333,64,4.77
60,0,20.89,39.4,18.79,42.82666667,21.79,37.43333333,19.79,38.29,19.29,45.09,10.3,43.72666667,20,33.9,21.2,39.59,19.63333333,37.82666667,7.4,757.95,83.5,1.5,64,4.75
50,0,20.89,39.4,18.79,42.76,21.79,37.4,19.79,38.36333333,19.29,45.09,10.43333333,41.52666667,19.945,33.9,21.2,39.59,19.6,37.79,7.5,757.9666667,83,1.666666667,64,4.73
50,0,20.89,39.4,18.79,42.7,21.79,37.4,19.79,38.4,19.29,45.09,10.56666667,37.99333333,19.89,33.9,21.2,39.59,19.6,37.73,7.6,757.9833333,82.5,1.833333333,64,4.72
50,0,20.89,39.4,18.82333333,42.59,21.79,37.4,19.79,38.32666667,19.29,45.09,10.56666667,36.26666667,19.96333333,33.9,21.2,39.59,19.6,37.7,7.7,758,82,2,64,4.7
40,0,20.89,39.4,18.89,42.59,21.79,37.4,19.79,38.36333333,19.29,45.09,10.56333333,34.9,20,33.9,21.2,39.59,19.6,37.7,7.77,758.0166667,81.66666667,2,64.16666667,4.73
50,0,20.89,39.4,18.89,42.5,21.79,37.4,19.79,38.36333333,19.29,45.06,10.82333333,33.36666667,20,33.9,21.2,39.53,19.6,37.7,7.83,758.0333333,81.33333333,2,64.33333333,4.77
40,0,20.89,39.4,18.96333333,42.43333333,21.79,37.32666667,19.79,38.29,19.29,45,10.96333333,31.76333333,20,33.86333333,21.2,39.56,19.6,37.62666667,7.9,758.05,81,2,64.5,4.8
30,0,20.89,39.4,19,42.4,21.79,37.4,19.79,38.29,19.29,45,10.83,30.02333333,19.92666667,33.86333333,21.2,39.5,19.6,37.59,7.97,758.0666667,80.66666667,2,64.66666667,4.83
40,0,20.89,39.4,19,42.4,21.79,37.32666667,19.79,38.29,19.29,45,10.83,30.73,19.92666667,33.79,21.2,39.5,19.6,37.59,8.03,758.0833333,80.33333333,2,64.83333333,4.87
30,0,20.89,39.46666667,19.03333333,42.29,21.79,37.29,19.79,38.29,19.29,45,10.96333333,30.12333333,20,33.79,21.13333333,39.56,19.6,37.59,8.1,758.1,80,2,65,4.9
40,0,20.89,39.4,19.1,42.29,21.79,37.29,19.79,38.29,19.29,45,11.06333333,29.56333333,20,33.82666667,21.1,39.53,19.6,37.59,8.22,758.05,78.83333333,2,59,4.77
50,0,20.89,39.4,19.15,42.145,21.79,37.29,19.79,38.29,19.29,45,11.26333333,29.02333333,20,33.82666667,21.1,39.59,19.6,37.59,8.33,758,77.66666667,2,53,4.63
50,0,20.89,39.4,19.13333333,42.06,21.79,37.29,19.79,38.29,19.29,45,11.42666667,28.03333333,20,33.79,21.1,39.53,19.6,37.59,8.45,757.95,76.5,2,47,4.5
50,0,20.89,39.4,19.2,42,21.79,37.29,19.79,38.29,19.29,44.96666667,11.56666667,26.96666667,20,33.79,21.1,39.59,19.6,37.59,8.57,757.9,75.33333333,2,41,4.37
50,0,20.89,39.4,19.36,41.83333333,21.79,37.4,19.79,38.29,19.29,44.9,12.54,25.4,20,33.79,21.1,39.53,19.6,37.53,8.68,757.85,74.16666667,2,35,4.23
50,0,20.89,39.4,19.56666667,41.56666667,21.79,37.32666667,19.79,38.29,19.32333333,44.9,13.36666667,20.06666667,20,33.79,21.1,39.5,19.63333333,37.53,8.8,757.8,73,2,29,4.1
50,0,20.92666667,39.4,19.63333333,41.26,21.79,37.4,19.79,38.23,19.32333333,44.82666667,13.7,18.46666667,20.03333333,33.73,21.1,39.5,19.7,37.59,8.93,757.7166667,72.33333333,2,28.5,4.1
60,0,20.92666667,39.4,19.76,41.06666667,21.79,37.4,19.79,38.2,19.39,44.79,13.92666667,17.89,20.1,33.79,21.1,39.59,19.7,37.59,9.07,757.6333333,71.66666667,2,28,4.1
50,0,21,39.5,19.89,40.93,21.79,37.4,19.79,38.2,19.32333333,44.79,13.86666667,17.15666667,20.1,33.79,21.03333333,39.53,19.7,37.7,9.2,757.55,71,2,27.5,4.1
50,0,21,39.5,19.96333333,40.73,21.79,37.4,19.82333333,38.23,19.39,44.79,13.82666667,17.06666667,20.1,33.79,21.1,39.59,19.7,37.7,9.33,757.4666667,70.33333333,2,27,4.1
50,0,21,39.5,20.03333333,40.59,21.82333333,37.43333333,19.89,38.23,19.39,44.76,14.23333333,16.66,20.1,33.79,21.03333333,39.59,19.7,37.73,9.47,757.3833333,69.66666667,2,26.5,4.1
40,0,21,39.5,20.16666667,40.46333333,21.89,37.5,19.89,38.2,19.32333333,44.7,14.26333333,16.3,20.1,33.79,21.06666667,39.59,19.7,37.79,9.6,757.3,69,2,26,4.1
50,0,21,39.5,20.2,40.36333333,21.89,37.5,19.89,38.2,19.39,44.76,14.32333333,16.56666667,20.1,33.79,21.06666667,39.66333333,19.7,37.79,9.63,757.2333333,69.16666667,2,26.33333333,4.18
50,0,21.03333333,39.53,20.26,40.29,21.89,37.5,19.89,38.2,19.39,44.76,14.8,16.1,20.1,33.79,21,39.59,19.7,37.79,9.67,757.1666667,69.33333333,2,26.66666667,4.27
60,0,21.1,39.59,20.29,40.16333333,21.89,37.5,19.89,38.2,19.39,44.7,14.72666667,15.43333333,20.1,33.79,21,39.59,19.7,37.79,9.7,757.1,69.5,2,27,4.35
70,0,21.1,39.59,20.29,40.03,21.89,37.5,19.89,38.2,19.39,44.7,14.8,16.19333333,20.1,33.82666667,21,39.59,19.7,37.79,9.73,757.0333333,69.66666667,2,27.33333333,4.43
80,0,21.03333333,39.66333333,20.32333333,40,21.89,37.5,19.89,38.2,19.39,44.7,14.72666667,15.66666667,20.1,33.9,21,39.66333333,19.76,37.82666667,9.77,756.9666667,69.83333333,2,27.66666667,4.52
70,0,21.03333333,39.62666667,20.39,40,21.89,37.5,19.89,38.4,19.39,44.7,14.32333333,16.43,20.1,33.93333333,21.03333333,40.12666667,19.7,37.9,9.8,756.9,70,2,28,4.6
60,0,21.1,39.7,20.42666667,39.9,21.89,37.5,19.89,38.46666667,19.39,44.7,14.32333333,17.09666667,20.16666667,34,21.1,40.12666667,19.79,37.9,9.83,756.7666667,70.5,2,27,4.72
40,0,21.1,39.7,20.5,39.82666667,21.89,37.5,19.89,38.53,19.39,44.7,14.8,16.69666667,20.23,33.93333333,21.2,40.06,19.79,37.96666667,9.87,756.6333333,71,2,26,4.83
30,0,21.1,39.76,20.5,39.7,21.85666667,37.46666667,19.945,38.59,19.39,44.7,14.66666667,16.69666667,20.29,34,21.26,40,19.73,38.03,9.9,756.5,71.5,2,25,4.95
30,0,21.1,39.79,20.575,39.7,21.85666667,37.46666667,19.96333333,38.59,19.39,44.7,14.75666667,17.1,20.29,34.06,21.29,39.9,19.79,38.16333333,9.93,756.3666667,72,2,24,5.07
40,0,21.16666667,39.79,20.6,39.62666667,21.79,37.4,20,38.7,19.39,44.7,14.96333333,16.89333333,20.29,34.06,21.29,39.82666667,19.79,38.23,9.97,756.2333333,72.5,2,23,5.18
70,0,21.2,39.79,20.6,39.59,21.85666667,37.56,20,38.7,19.39,44.7,14.745,17.09,20.29,34.09,21.39,39.79,19.79,38.29,10,756.1,73,2,22,5.3
60,0,21.2,39.79,20.6,39.59,21.79,37.5,20,38.7,19.39,44.7,14.72666667,17.53,20.29,34.16333333,21.35666667,39.79,19.79,38.29,10.2,755.9833333,73,2.166666667,22,5.48
60,0,21.2,39.82666667,20.6,39.59,21.79,37.59,20,38.7,19.46333333,44.76,14.8,17.46333333,20.29,34.23,21.35666667,39.79,19.79,38.29,10.4,755.8666667,73,2.333333333,22,5.67
60,0,21.2,39.9,20.53333333,39.66333333,21.85666667,37.66333333,20,38.7,19.39,44.79,14.66,18.03,20.29,34.29,21.39,39.79,19.79,38.29,10.6,755.75,73,2.5,22,5.85
60,0,21.1,39.9,20.5,39.7,21.79,37.66333333,20,38.76,19.46333333,44.93,14.6,18.09666667,20.29,34.32666667,21.39,39.79,19.73,38.32666667,10.7,755.6333333,73,2.666666667,22,6.03
60,0,21.16666667,39.9,20.5,39.76,21.79,37.59,20,38.73,19.39,44.79,14.23333333,18.36333333,20.23,34.32666667,21.39,39.79,19.79,38.4,10.9,755.5166667,73,2.833333333,22,6.22
50,0,21.1,39.9,20.39,39.79,21.79,37.7,20,38.79,19.39,44.79,14.1,19.09666667,20.29,34.4,21.39,39.79,19.79,38.4,11.1,755.4,73,3,22,6.4
60,0,21.13333333,39.93333333,20.39,39.86333333,21.79,37.7,20,38.79,19.39,44.79,14.03333333,19.92666667,20.2675,34.45,21.39,39.79,19.73,38.4,11.2,755.2333333,73.33333333,3,21.66666667,6.52
60,0,21.2,40,20.39,39.93333333,21.79,37.7,20,38.79,19.42666667,44.93333333,14.16,20.32666667,20.2,34.46666667,21.39,39.86333333,19.76,38.5,11.2,755.0666667,73.66666667,3,21.33333333,6.63
60,0,21.2,40,20.39,40,21.79,37.7,20,38.79,19.42666667,44.93333333,14.3,20.33333333,20.2,34.53,21.39,39.9,19.76,38.5,11.3,754.9,74,3,21,6.75
70,0,21.2,40,20.29,40.09,21.85666667,37.76,20,38.79,19.5,45,14.36,20.93333333,20.2,34.59,21.39,39.9,19.73,38.5,11.4,754.7333333,74.33333333,3,20.66666667,6.87
60,0,21.2,40,20.29,40.09,21.79,37.7,20,38.79,19.42666667,44.93333333,14.5,20.89333333,20.2,34.7,21.39,39.93333333,19.79,38.56,11.4,754.5666667,74.66666667,3,20.33333333,6.98
60,0,21.2,40,20.29,40.23,21.79,37.76,20,38.79,19.39,45,14.5,20.96,20.2,34.76,21.39,40.06,19.73,38.59,11.5,754.4,75,3,20,7.1
50,0,21.2,40,20.23,40.29,21.85666667,37.83333333,19.96333333,38.79,19.39,45,14.26333333,21.4,20.2,34.79,21.39,40.09,19.73,38.59,11.6,754.3,74.83333333,3,20.33333333,7.18
50,0,21.2,40,20.2,40.43333333,21.85666667,37.86333333,19.89,38.86333333,19.39,45,14.19,22.4,20.2,34.86333333,21.39,40.09,19.7,38.62666667,11.7,754.2,74.66666667,3,20.66666667,7.27
60,0,21.16666667,40.03,20.13333333,40.56,21.79,37.79,19.89,38.82666667,19.39,45,14.09,23.16,20.2,34.93333333,21.39,40.2,19.76,38.7,11.8,754.1,74.5,3,21,7.35
50,0,21.16666667,40.09,20.1,40.73,21.79,37.82666667,19.89,38.9,19.39,45.09,13.69666667,24.23333333,20.2,35,21.39,40.2,19.73,38.73,11.9,754,74.33333333,3,21.33333333,7.43
60,0,21.13333333,40.09,20.025,40.8425,21.79,37.9,19.89,38.9,19.39,45.09,13.5,25.99,20.2,35.03,21.39,40.29,19.73,38.79,12,753.9,74.16666667,3,21.66666667,7.52
70,0,21.2,40.16333333,20,41,21.79,37.9,19.89,38.93333333,19.39,45.09,13.5,26.72333333,20.2,35.09,21.39,40.36333333,19.7,38.79,12.1,753.8,74,3,22,7.6
50,0,21.2,40.23,19.89,41.12666667,21.79,37.9,19.96333333,39,19.39,45.09,13.445,27.4,20.2,35.2,21.39,40.43333333,19.76,38.86333333,12.1,753.7666667,74.66666667,3,21.83333333,7.72
40,0,21.2,40.23,19.89,41.26,21.79,37.9,19.89,39.03,19.39,45.09,13.36,28.16,20.2,35.26,21.39,40.5225,19.7,38.93333333,12.1,753.7333333,75.33333333,3,21.66666667,7.83
30,0,21.2,40.29,19.85666667,41.4,21.79,38,19.89,39.09,19.39,45.16333333,13.22666667,29.16,20.16666667,35.29,21.39,40.59,19.7,39,12.1,753.7,76,3,21.5,7.95
40,0,21.13333333,40.29,19.79,41.4,21.79,37.93333333,19.89,39.09,19.39,45.2,13.06666667,30.59666667,20.16666667,35.36333333,21.39,40.7,19.7,39.045,12.1,753.6666667,76.66666667,3,21.33333333,8.07
50,0,21.16666667,40.4,19.79,41.53,21.79,38,19.89,39.16333333,19.39,45.2,12.92666667,31.65666667,20.16666667,35.43333333,21.39,40.7,19.7,39.12666667,12.1,753.6333333,77.33333333,3,21.16666667,8.18
60,0,21.1,40.4,19.73,41.72333333,21.79,38,19.89,39.2,19.39,45.2,12.86,33.39333333,20.1,35.5,21.39,40.79,19.7,39.2,12.1,753.6,78,3,21,8.3
50,0,21.1,40.45,19.7,41.82666667,21.79,38.03,19.89,39.26,19.39,45.29,12.66666667,35,20.1,35.5,21.39,40.86333333,19.7,39.29,12.1,753.5166667,78.16666667,3,21.16666667,8.33
70,0,21.1,40.53,19.63333333,41.9,21.79,38.09,19.89,39.29,19.39,45.29,12.46333333,36.92333333,20.1,35.5675,21.39,41,19.7,39.29,12.1,753.4333333,78.33333333,3,21.33333333,8.37
60,0,21.1,40.59,19.6,42.03,21.79,38.12666667,19.82333333,39.29,19.32333333,45.29,12.33,38.25666667,20.1,35.66333333,21.32333333,41.06,19.7,39.29,12.1,753.35,78.5,3,21.5,8.4
60,0,21.1,40.62666667,19.6,42.16333333,21.79,38.2,19.89,39.43333333,19.39,45.29,12.06666667,40.43,20.1,35.79,21.39,41.23,19.7,39.29,12.1,753.2666667,78.66666667,3,21.66666667,8.43
60,0,21.1,40.7,19.56666667,42.32666667,21.79,38.23,19.89,39.5,19.35666667,45.36333333,11.92666667,41.82333333,20.1,35.79,21.32333333,41.29,19.7,39.32666667,12.1,753.1833333,78.83333333,3,21.83333333,8.47
50,0,21.1,40.79,19.5,42.46666667,21.79,38.29,19.79,39.43333333,19.35666667,45.36333333,11.89,42.29,20.1,35.9,21.39,41.4,19.7,39.46666667,12.1,753.1,79,3,22,8.5
60,0,21.1,40.79,19.5,42.62666667,21.79,38.29,19.85666667,39.56,19.39,45.4,11.89,42.62333333,20.1,35.9,21.39,41.4,19.66666667,39.5,12,753.1166667,80,3,21.66666667,8.6
60,0,21.1,40.82666667,19.42666667,42.7,21.79,38.29,19.79,39.59,19.39,45.4,11.86,43.43333333,20.1,35.975,21.39,41.5,19.6,39.5,11.9,753.1333333,81,3,21.33333333,8.7
50,0,21.1,40.9,19.39,42.73,21.79,38.32666667,19.79,39.59,19.32333333,45.5,11.8,43.56,20.1,36.06,21.32333333,41.5,19.7,39.7,11.9,753.15,82,3,21,8.8
50,0,21.1,40.9,19.39,42.86333333,21.79,38.4,19.79,39.7,19.39,45.5,11.66,45.5,20.1,36.03,21.35666667,41.59,19.7,39.7,11.8,753.1666667,83,3,20.66666667,8.9
60,0,21.03333333,40.9,19.39,42.93333333,21.79,38.4,19.79,39.7225,19.39,45.5,11.53333333,46.42666667,20.1,36.09,21.35666667,41.59,19.6,39.7,11.7,753.1833333,84,3,20.33333333,9
70,0,21.1,41,19.315,43.095,21.79,38.46666667,19.79,39.79,19.39,45.5,11.46333333,47.36666667,20.1,36.12666667,21.35666667,41.7,19.6,39.7,11.6,753.2,85,3,20,9.1
60,0,21.1,41.06,19.29,43.2,21.79,38.5,19.79,39.82666667,19.39,45.59,11.4175,48.4,20.1,36.2,21.29,41.7,19.6,39.73,11.4,753.1833333,86.16666667,2.666666667,27,9.13
60,0,21.03333333,41.03,19.29,43.32666667,21.79,38.5,19.79,39.9,19.39,45.59,11.62666667,49.23333333,20.1,36.23,21.35666667,41.79,19.6,39.79,11.3,753.1666667,87.33333333,2.333333333,34,9.17
50,0,21.03333333,41.09,19.23,43.32666667,21.73,38.5,19.79,40,19.35666667,45.59,11.75666667,49.26666667,20.1,36.29,21.29,41.79,19.6,39.9,11.1,753.15,88.5,2,41,9.2
50,0,21.03333333,41.12666667,19.2,43.43333333,21.76,38.5,19.79,40,19.35666667,45.59,11.89,49.19333333,20.1,36.29,21.29,41.9,19.6,39.96666667,10.9,753.1333333,89.66666667,1.666666667,48,9.23
50,0,21.03333333,41.12666667,19.2,43.5,21.7,38.5,19.79,40.09,19.39,45.59,12.16666667,48.79666667,20.03333333,36.29,21.29,41.93333333,19.6,40,10.8,753.1166667,90.83333333,1.333333333,55,9.27
30,0,21,41.12666667,19.2,43.62666667,21.7,38.59,19.79,40.09,19.39,45.66333333,12.36,47.99666667,20.1,36.4,21.29,42,19.6,40.03,10.6,753.1,92,1,62,9.3
50,0,21,41.2,19.2,43.7,21.7,38.59,19.79,40.2,19.39,45.7,12.66666667,46.3,20.1,36.46666667,21.29,42,19.6,40.09,11.1,753.05,88.66666667,1.666666667,56.33333333,9.18
30,0,21,41.2,19.16666667,43.7,21.7,38.53,19.79,40.26,19.315,45.7,12.86,45.02666667,20,36.43333333,21.29,42.06,19.6,40.2,11.6,753,85.33333333,2.333333333,50.66666667,9.07
60,0,21,41.2675,19.16666667,43.76,21.7,38.59,19.79,40.29,19.29,45.7,13,43.92333333,20,36.5,21.29,42.09,19.6,40.2,12.1,752.95,82,3,45,8.95
60,0,21,41.29,19.16666667,43.79,21.66666667,38.56,19.79,40.29,19.29,45.7,13.06666667,43.46333333,20,36.5,21.29,42.09,19.6,40.23,12.6,752.9,78.66666667,3.666666667,39.33333333,8.83
60,0,21,41.4,19.1,43.79,21.6,38.56,19.79,40.4,19.29,45.7,13.1,43.36,20,36.59,21.29,42.2,19.6,40.29,13.1,752.85,75.33333333,4.333333333,33.66666667,8.72
50,0,21,41.4,19.1,43.93333333,21.6,38.59,19.79,40.4,19.29,45.79,13.1,43.63333333,20,36.59,21.29,42.2,19.56666667,40.32666667,13.6,752.8,72,5,28,8.6
60,0,21,41.5,19.16666667,44,21.6,38.66333333,19.73,40.5,19.29,45.79,13.1,44.26666667,20,36.62666667,21.29,42.23,19.56666667,40.4,13.6,752.75,72.16666667,5.333333333,27.83333333,8.67
50,0,21,41.5,19.1,44.09,21.6,38.7,19.73,40.5,19.29,45.79,13.1,44.4,20,36.7,21.29,42.29,19.5,40.43333333,13.7,752.7,72.33333333,5.666666667,27.66666667,8.73
60,0,21,41.59,19.1,44.09,21.53333333,38.76,19.7,40.53,19.29,45.79,13.19,44.2,20,36.7,21.29,42.32666667,19.56666667,40.5,13.7,752.65,72.5,6,27.5,8.8
60,0,20.92666667,41.59,19.1,44.12666667,21.5,38.79,19.7,40.59,19.29,45.79,13.19,44.2,20,36.7,21.29,42.4,19.53333333,40.53,13.7,752.6,72.66666667,6.333333333,27.33333333,8.87
60,0,20.89,41.62666667,19.1,44.2,21.5,38.79,19.7,40.62666667,19.29,45.79,13.13,44.42666667,20,36.79,21.29,42.43333333,19.53333333,40.59,13.8,752.55,72.83333333,6.666666667,27.16666667,8.93
60,0,20.89,41.7,19.1,44.29,21.5,38.79,19.7,40.7225,19.29,45.79,13.13,45.16666667,20,36.79,21.29,42.5,19.6,40.62666667,13.8,752.5,73,7,27,9
60,0,20.89,41.73,19.1,44.3175,21.5,38.79,19.7,40.79,19.29,45.79,13.05,46.15,20,36.9,21.29,42.53,19.53333333,40.7,13.8,752.45,73.16666667,7,27.33333333,9.05
50,0,20.89,41.79,19.1,44.4,21.5,38.82666667,19.7,40.79,19.29,45.82666667,13,46.8,20,36.9,21.29,42.59,19.56666667,40.73,13.8,752.4,73.33333333,7,27.66666667,9.1
60,0,20.89,41.82666667,19.1,44.5,21.5,38.9,19.7,40.86333333,19.29,45.9,13,47.06,20,37,21.29,42.62666667,19.5,40.79,13.9,752.35,73.5,7,28,9.15
50,0,20.89,41.9,19.1,44.5,21.56666667,38.96666667,19.7,41,19.29,45.9,13,47.26,20,37,21.29,42.7,19.5,40.9,13.9,752.3,73.66666667,7,28.33333333,9.2
60,0,20.89,41.93333333,19.1,44.53,21.53333333,39,19.7,41,19.29,45.9,13,47.2,20,37.09,21.29,42.73,19.5,40.9,13.9,752.25,73.83333333,7,28.66666667,9.25
60,0,20.89,42,19.1,44.59,21.6,39,19.7,41,19.29,45.9,13,47.43333333,20,37.09,21.29,42.79,19.5,40.95,13.9,752.2,74,7,29,9.3
60,0,20.89,42.03,19.1,44.7,21.6,39.09,19.7,41.06,19.29,45.9,13.06666667,47.43333333,20,37.2,21.29,42.79,19.5,41.09,13.8,752.1833333,74.66666667,7,28.83333333,9.35
60,0,20.89,42.09,19.1,44.7,21.6,39.09,19.7,41.09,19.29,45.9,13.1,48.12666667,20,37.2,21.29,42.9,19.5,41.09,13.7,752.1666667,75.33333333,7,28.66666667,9.4
30,0,20.89,42.09,19.03333333,44.65666667,21.6,39.09,19.7,41.16333333,19.29,45.975,13.03333333,50.59333333,20,37.29,21.29,42.96666667,19.5,41.12666667,13.6,752.15,76,7,28.5,9.45
40,0,20.89,42.1175,19.03333333,44.73,21.6,39.09,19.7,41.2,19.29,46,12.76333333,54,20,37.3725,21.26,43,19.5,41.2,13.5,752.1333333,76.66666667,7,28.33333333,9.5
30,0,20.89,42.2,19.1,44.9,21.6,39.09,19.7,41.26,19.29,46,12.63,56.26,20,37.4,21.26,43.13333333,19.5,41.29,13.4,752.1166667,77.33333333,7,28.16666667,9.55
50,0,20.89,42.29,19.1,44.96666667,21.6,39.09,19.7,41.32666667,19.29,46,12.56666667,58.53333333,20,37.53,21.29,43.23,19.5,41.36333333,13.3,752.1,78,7,28,9.6
50,0,20.89,42.29,19.03333333,44.96333333,21.6,39.09,19.7,41.46666667,19.29,46.03,12.5,59.66666667,20,37.66333333,21.29,43.36333333,19.5,41.43333333,13.1,752.1166667,79.83333333,7,33.83333333,9.77
70,0,20.89,42.43333333,19.03333333,45.03,21.6,39.09,19.7,41.5,19.29,46.09,12.39,60.69666667,20,37.7,21.29,43.43333333,19.5,41.5,13,752.1333333,81.66666667,7,39.66666667,9.93
60,0,20.89,42.5,19.06666667,45.09,21.6,39.09,19.7,41.56,19.29,46.09,12.33,61.09,20,37.76,21.29,43.56,19.5,41.59,12.8,752.15,83.5,7,45.5,10.1
70,0,20.89,42.5,19.06666667,45.16333333,21.6,39.16333333,19.7,41.62666667,19.29,46.09,12.3,61.56666667,20,37.9,21.29,43.59,19.5,41.66333333,12.6,752.1666667,85.33333333,7,51.33333333,10.3
70,0,20.89,42.56,19,45.2,21.6,39.32666667,19.63333333,41.7,19.29,46.09,12.22666667,61.9,20,37.96666667,21.23,43.59,19.5,41.79,12.5,752.1833333,87.16666667,7,57.16666667,10.4
50,0,20.89,42.7,19,45.26,21.6,39.4,19.6,41.7,19.29,46.16333333,12.19,62.33,20,38,21.23,43.73,19.5,41.86333333,12.3,752.2,89,7,63,10.6
60,0,20.89,42.7,19,45.32666667,21.6,39.4,19.675,41.875,19.29,46.2,12.19,62.66333333,20,38.06,21.29,43.79,19.5,41.93333333,12.3,752.1666667,89.5,6.666666667,63.16666667,10.6
50,0,20.89,42.73,19,45.4,21.6,39.4,19.63333333,41.93333333,19.29,46.26,12.145,62.895,20,38.09,21.26,43.86333333,19.5,42,12.2,752.1333333,90,6.333333333,63.33333333,10.7
50,0,20.82333333,42.73,19,45.5,21.6,39.5,19.6,41.93333333,19.29,46.29,12,63.36666667,20,38.16333333,21.26,43.93,19.5,42.09,12.2,752.1,90.5,6,63.5,10.7
50,0,20.79,42.79,19,45.53,21.6,39.5,19.6,42,19.23,46.23,12,63.9,19.96333333,38.2,21.26,43.96666667,19.5,42.09,12.2,752.0666667,91,5.666666667,63.66666667,10.7
60,0,20.79,42.79,19,45.59,21.6,39.5,19.63333333,42.12666667,19.29,46.32666667,11.89,64.09,19.89,38.26,21.26,44.02666667,19.5,42.2,12.1,752.0333333,91.5,5.333333333,63.83333333,10.8
60,0,20.79,42.93333333,19,45.62666667,21.6,39.59,19.63333333,42.12666667,19.29,46.4,11.89,64.36333333,20,38.32666667,21.26,44.06,19.5,42.26,12.1,752,92,5,64,10.8
60,0,20.79,43,19,45.7,21.6,39.59,19.6,42.2,19.29,46.4,11.8,64.76,19.92666667,38.4,21.26,44.06,19.5,42.29,12.1,751.9666667,92.16666667,4.666666667,64,10.8
70,0,20.79,42.96666667,19,45.79,21.66666667,39.66333333,19.6,42.26,19.23,46.32666667,11.8,65.02666667,19.96333333,38.4,21.29,44.145,19.5,42.4,12,751.9333333,92.33333333,4.333333333,64,10.8
60,0,20.79,42.96666667,19,45.86333333,21.66666667,39.66333333,19.6,42.29,19.2,46.4,11.86,65.15666667,19.89,38.46666667,21.29,44.23,19.42666667,42.4,11.9,751.9,92.5,4,64,10.8
60,0,20.79,43.03,19,45.93333333,21.7,39.73,19.6,42.29,19.2,46.4,11.8,65.09,19.89,38.5,21.29,44.29,19.5,42.5,11.9,751.8666667,92.66666667,3.666666667,64,10.7
50,0,20.79,43.09,19,46,21.7,39.79,19.6,42.32666667,19.2,46.4,11.86,65.12666667,19.96333333,38.5,21.29,44.29,19.5,42.56,11.9,751.8333333,92.83333333,3.333333333,64,10.7
40,0,20.79,43.09,18.89,46,21.66666667,39.76,19.6,42.4,19.29,46.53,11.8,65,19.89,38.545,21.23,44.23,19.5,42.59,11.8,751.8,93,3,64,10.7
30,0,20.79,43.12666667,18.89,46.06,21.66666667,39.76,19.6,42.5,19.29,46.59,11.8,65.22666667,19.96333333,38.59,21.23,44.32666667,19.5,42.59,11.8,751.7833333,92.83333333,3,56.66666667,10.7
50,0,20.79,43.2,18.89,46.2,21.6,39.7,19.6,42.5,19.2,46.5,11.8,65.22666667,19.96333333,38.66333333,21.29,44.4,19.5,42.7,11.8,751.7666667,92.66666667,3,49.33333333,10.7
40,0,20.79,43.23,18.89,46.2,21.6,39.7,19.6,42.59,19.2,46.5,11.86,65.29666667,19.89,38.7,21.29,44.4,19.5,42.7,11.9,751.75,92.5,3,42,10.7
70,0,20.79,43.29,18.89,46.2,21.6,39.79,19.6,42.59,19.23,46.53,11.8,65.15666667,19.89,38.7,21.29,44.4,19.5,42.73,11.9,751.7333333,92.33333333,3,34.66666667,10.6
50,0,20.79,43.26,18.89,46.26,21.6,39.79,19.6,42.62666667,19.23,46.53,11.83,65.22666667,20,38.7,21.26,44.46666667,19.5,42.79,11.9,751.7166667,92.16666667,3,27.33333333,10.6
50,0,20.79,43.26,18.89,46.29,21.6,39.82666667,19.6,42.7,19.29,46.59,11.89,65.3,20,38.7,21.2,44.4,19.39,42.7,11.9,751.7,92,3,20,10.6
70,0,20.79,43.32666667,18.89,46.29,21.6,39.9,19.6,42.7,19.23,46.53,11.73333333,64.52333333,19.96333333,38.76,21.2,44.4,19.39,42.76,11.9,751.7166667,91.83333333,3.166666667,20.33333333,10.6
50,0,20.79,43.4,18.89,46.4,21.6,39.93333333,19.6,42.7,19.29,46.7,11.37,63.8675,19.89,38.76,21.2,44.4,19.39,42.79,11.9,751.7333333,91.66666667,3.333333333,20.66666667,10.6
60,0,20.79,43.29,18.89,46.4,21.6,39.93333333,19.6,42.7,19.23,46.62666667,11.03333333,63.76,19.89,38.79,21.2,44.4,19.39,42.79,11.9,751.75,91.5,3.5,21,10.6
60,0,20.79,43.29,18.89,46.4,21.6,39.93333333,19.6,42.79,19.2,46.59,10.86,64.56666667,19.89,38.79,21.2,44.4,19.39,42.79,12,751.7666667,91.33333333,3.666666667,21.33333333,10.6
60,0,20.79,43.29,18.89,46.5,21.6,40,19.53333333,42.79,19.2,46.59,10.8,65.3,19.89,38.76,21.26,44.46666667,19.39,42.79,12,751.7833333,91.16666667,3.833333333,21.66666667,10.6
60,0,20.79,43.36333333,18.89,46.5,21.6,40.06,19.6,42.79,19.23,46.65666667,10.89,66.22666667,19.96333333,38.76,21.2,44.32666667,19.39,42.79,12,751.8,91,4,22,10.6
60,0,20.79,43.4,18.92666667,46.4,21.6,40.09,19.6,42.79,19.23,46.73,11.03,66.76666667,19.89,38.79,21.2,44.4,19.39,42.79,12,751.8333333,91,4,22.16666667,10.6
50,0,20.79,43.4,19,46.4,21.6,40.09,19.6,42.82666667,19.26,46.7,11.13,66.93333333,19.89,38.79,21.2,44.4,19.39,42.845,11.9,751.8666667,91,4,22.33333333,10.5
50,0,20.79,43.4,19,46.29,21.6,40.09,19.6,42.82666667,19.2,46.7,11.26333333,67,19.89,38.79,21.2,44.4,19.39,42.9,11.9,751.9,91,4,22.5,10.5
60,0,20.79,43.4,19,46.29,21.6,40.09,19.6,42.9,19.2,46.7,11.33,66.73,19.89,38.86333333,21.2,44.45,19.39,42.9,11.9,751.9333333,91,4,22.66666667,10.5
60,0,20.79,43.43333333,19.1,46.29,21.6,40.09,19.6,42.9,19.26,46.76,11.53,66.79666667,19.89,38.9,21.2,44.46666667,19.5,43,11.8,751.9666667,91,4,22.83333333,10.4
50,0,20.79,43.5,19.16666667,46.15666667,21.6,40.09,19.6,42.9,19.2,46.7,11.86666667,66.93333333,19.89,38.9,21.2,44.5,19.42666667,42.93333333,11.8,752,91,4,23,10.4
70,0,20.79,43.5,19.29,46.06,21.6,40.09,19.6,42.82666667,19.26,46.79,12.12666667,66.53333333,19.945,38.95,21.2,44.5,19.5,43,11.9,752.05,90.66666667,4,23,10.4
40,0,20.79,43.5,19.35666667,45.93333333,21.6,40.09,19.6,42.82666667,19.2,46.73,12.33,65.63333333,20,39,21.2,44.5,19.63333333,43,12,752.1,90.33333333,4,23,10.5
50,0,20.79,43.5,19.42666667,45.79,21.7,40.2,19.6,43.02666667,19.2,46.7,12.46333333,65.1,19.92666667,39.06,21.2,44.5,20.09333333,43.19333333,12.1,752.15,90,4,23,10.5
30,0,20.82333333,43.53,19.5,45.73,21.7,40.12666667,19.6,43.26666667,19.2,46.76,12.9,63.96333333,19.89,39.03,21.23,44.53,20.76,42.46666667,12.1,752.2,89.66666667,4,23,10.5
30,0,20.82333333,43.53,19.66333333,45.56,21.7,40.12666667,19.66666667,43.52666667,19.29,46.9,13.29333333,62.23,19.89,39.09,21.29,44.59,20.76,41.59,12.2,752.25,89.33333333,4,23,10.6
60,0,20.82333333,43.46333333,19.99666667,45.3,21.63333333,40.12666667,19.73,43.7,19.29,46.9,13.75666667,59.43,20,39.09,21.29,44.7,20.56666667,41.72333333,12.3,752.3,89,4,23,10.6
50,0,20.89,43.59,20.39333333,44.66,21.6,40.09,19.85666667,43.7,19.29,46.9,14.09,56.76333333,20,39.16333333,21.29,44.7,20.39,42.03,12.6,752.3166667,88,4.166666667,25.83333333,10.7
60,0,20.89,43.62666667,20.93333333,44.13333333,21.6,40.16333333,20.05,43.645,19.29,46.96666667,14.6,53.13333333,20,39.23,21.29,44.79,20.32333333,42.09,12.8,752.3333333,87,4.333333333,28.66666667,10.7
60,0,20.89,43.7,21.63,42.99666667,21.6,40.2,20.13333333,43.56,19.29,47,15.075,49.595,20,39.29,21.29,44.79,20.2,42.12666667,13.1,752.35,86,4.5,31.5,10.8
70,0,20.89,43.79,22.09666667,42.25666667,21.66666667,40.26,20.26,43.5,19.29,47,15.56,47.73333333,20,39.29,21.29,44.79,20.2,42.26,13.3,752.3666667,85,4.666666667,34.33333333,10.9
60,0,20.96333333,43.79,22.495,41.25,21.7,40.4,20.42666667,43.4,19.29,47.09,16.09666667,44.03333333,20,39.36333333,21.29,44.79,20.1,42.4,13.6,752.3833333,84,4.833333333,37.16666667,10.9
60,0,21,43.9,22.86,40.49,21.7,40.425,20.56666667,43.32666667,19.29,47.09,16.35666667,40.7,20,39.4,21.29,44.9,20.03333333,42.32666667,13.8,752.4,83,5,40,11
60,0,21,43.9,23.06666667,40.23,21.76,40.5,20.63333333,43.16333333,19.29,47.12666667,16.7,38.56333333,20.06666667,39.46666667,21.29,44.9,20,42.23,14.1,752.4166667,81.66666667,4.833333333,38.16666667,11.1
50,0,21.1,44,23.23,39.86333333,21.79,40.43333333,20.76,43.03,19.29,47.2,16.82666667,37.09666667,20.1,39.53,21.29,44.9,20,42.29,14.4,752.4333333,80.33333333,4.666666667,36.33333333,11.1
60,0,21.1,44,23.35666667,39.65666667,21.79,40.5,20.82333333,42.9,19.29,47.23,17.09666667,35.6,20.1,39.66333333,21.29,44.96666667,20,42.4,14.8,752.45,79,4.5,34.5,11.2
50,0,21.2,44,23.53333333,39.43,21.79,40.5,20.89,42.9,19.29,47.29,17.43,35.13333333,20.1,39.7,21.39,44.9,20,42.425,15.1,752.4666667,77.66666667,4.333333333,32.66666667,11.2
60,0,21.2,44,23.6,39.15666667,21.85666667,40.63333333,20.92666667,42.79,19.39,47.29,17.39,32.66666667,20.1,39.7,21.39,44.9,20,42.5,15.4,752.4833333,76.33333333,4.166666667,30.83333333,11.3
60,0,21.23,43.93333333,23.7,39.02666667,21.82333333,40.62666667,21,42.79,19.32333333,47.36333333,17.46333333,32.46,20.13333333,39.7,21.445,44.79,20,42.5,15.7,752.5,75,4,29,11.3
60,0,21.29,44,23.7,38.9,21.89,40.62666667,21.1,42.86333333,19.39,47.45,17.6,30.36666667,20.2,39.62666667,21.53333333,44.7,20,42.53,15.9,752.4666667,73.83333333,4,30.83333333,11.3
70,0,21.32333333,43.9,23.79,38.76,21.89,40.7,21.16666667,42.73,19.32333333,47.5,17.66666667,28.7,20.29,39.7,21.6,44.62666667,20,42.59,16.1,752.4333333,72.66666667,4,32.66666667,11.2
60,0,21.4175,43.9,23.85666667,38.7,21.89,40.7,21.23,42.7,19.39,47.56,17.7,26.62666667,20.32333333,39.79,21.7,44.46666667,20,42.59,16.3,752.4,71.5,4,34.5,11.2
50,0,21.5,43.9,23.89,38.46666667,22,40.66333333,21.29,42.7,19.32333333,47.59,17.76,24.56,20.46333333,39.79,21.76,44.26666667,20,42.59,16.5,752.3666667,70.33333333,4,36.33333333,11.1
60,0,21.53333333,43.86333333,23.82333333,38.32666667,22,40.59,21.29,42.56,19.32333333,47.59,17.79,20.65666667,20.53333333,39.76,21.89,44.13333333,20,42.66333333,16.7,752.3333333,69.16666667,4,38.16666667,11.1
50,0,21.6,43.73,23.85666667,38.26,22.03333333,40.62666667,21.35666667,42.43333333,19.39,47.59,17.85666667,18.93,20.6,39.56666667,21.96333333,43.8,20,42.66333333,16.9,752.3,68,4,40,11
60,0,21.7,43.66333333,23.79,38.12666667,22.1,40.7,21.39,42.29,19.39,47.66333333,18.03333333,19.56666667,20.79,39.43,22.13333333,43.63333333,20,42.7,17.1,752.25,65.83333333,4,40,10.7
50,0,21.76,43.53,23.79,38.09,22.1,40.7,21.46333333,42.29,19.39,47.7,18.16666667,19.36666667,20.85666667,39.29,22.26,43.43333333,20,42.7,17.3,752.2,63.66666667,4,40,10.3
60,0,21.89,43.46666667,23.79,38.09,22.1,40.7,21.5,42.29,19.39,47.7,18.32333333,18.43333333,21.03333333,39.16333333,22.39,43.13333333,20,42.73,17.4,752.15,61.5,4,40,9.95
70,0,21.96333333,43.32666667,23.79,38.16333333,22.13333333,40.66333333,21.5,42.2,19.39,47.73,18.595,17.9175,21.16666667,39.03,22.53,43,20.06666667,42.86333333,17.6,752.1,59.33333333,4,40,9.6
80,0,22,43.16333333,23.79,38.09,22.2,40.66333333,21.5,42.12666667,19.39,47.79,18.99666667,17.33,21.2,38.86333333,22.63333333,42.79,20.03333333,42.82666667,17.8,752.05,57.16666667,4,40,9.25
80,0,22.06666667,43.16333333,23.7,38.09,22.2,40.59,21.5,42.09,19.39,47.79,19.32333333,15.7,21.26,38.79,22.7,42.86333333,20.1,42.9,18,752,55,4,40,8.9
60,0,22.13333333,43.09,23.675,38.24,22.26,40.66333333,21.5,42.09,19.46333333,47.86333333,19.39,14.82666667,21.32333333,38.76,22.63333333,43.19333333,20.1,43,18.2,751.95,54.83333333,4.166666667,40,9
70,0,22.2,43.09,23.6,38.29,22.29,40.7,21.6,42.09,19.5,48,19.46333333,14.73333333,21.46333333,38.7,22.7,43.4,20.1,43,18.3,751.9,54.66666667,4.333333333,40,9.1
60,0,22.29,43.06,23.6,38.4,22.29,40.7,21.6,42.09,19.42666667,47.93333333,19.39,12.93333333,21.63333333,38.56,22.82333333,43.53,20.1,43.03,18.5,751.85,54.5,4.5,40,9.2
80,0,22.35666667,42.93333333,23.53333333,38.4,22.29,40.7,21.6,42,19.5,48.03,19.39,13.76666667,21.76,38.36,22.96333333,43.66333333,20.1,43.09,18.7,751.8,54.33333333,4.666666667,40,9.3
80,0,22.39,42.79,23.5,38.53,22.29,40.73,21.6,42,19.5,48.09,19.32333333,13.49333333,21.82333333,38.2,23.03333333,43.82666667,20.1,43.09,18.8,751.75,54.16666667,4.833333333,40,9.4
90,0,22.46333333,42.79,23.5,38.59,22.29,40.79,21.6,41.9,19.5,48.09,19.26333333,13.36333333,21.89,38.12666667,23.1,43.96666667,20.13333333,43.12666667,19,751.7,54,5,40,9.5
100,0,22.53333333,42.7,23.39,38.59,22.32333333,40.7,21.6,41.9,19.5,48.09,19.53,13.09,22.03333333,37.96666667,23.2,44.12666667,20.13333333,43.2,19,751.5833333,53.33333333,4.833333333,40,9.3
90,0,22.6,42.62666667,23.39,38.66333333,22.39,40.76,21.6,41.9,19.5,48.145,19.46333333,13.13333333,22.1,37.9,23.2675,44.32,20.2,43.2,19,751.4666667,52.66666667,4.666666667,40,9.1
90,0,22.6,42.5,23.39,38.82666667,22.5,40.79,21.66666667,41.96666667,19.5,48.2,19.39,14.52666667,22.2,37.79,23.35666667,44.63333333,20.2,43.26,19.1,751.35,52,4.5,40,8.9
90,0,22.6,42.475,23.39,38.9,22.5,40.79,21.6,41.9,19.5,48.2,19.56666667,14.79333333,22.2,37.79,23.42666667,45,20.2,43.29,19.1,751.2333333,51.33333333,4.333333333,40,8.7
80,0,22.66666667,42.46666667,23.29,39.03,22.5,40.76,21.6,41.9,19.5,48.2,19.76,14.79333333,22.2,37.79,23.5,45.26,20.2,43.29,19.1,751.1166667,50.66666667,4.166666667,40,8.5
90,0,22.63333333,42.43333333,23.29,39.09,22.5,40.76,21.6,42,19.5,48.2,20.03333333,13.82333333,22.2,37.79,23.53333333,45.53,20.2,43.32666667,19.1,751,50,4,40,8.3
80,0,22.7,42.5,23.26,39.2,22.6,40.76,21.6,42,19.6,48.29,20.1,13.63,22.2,37.86333333,23.6,45.66333333,20.2,43.4,19,750.95,51.5,3.833333333,40,8.65
80,0,22.7,42.5,23.2,39.2,22.6,40.76,21.6,42.03,19.6,48.29,20.32333333,13.4,22.29,37.9,23.7,45.82666667,20.2,43.4,18.9,750.9,53,3.666666667,40,9
90,0,22.7,42.5,23.16666667,39.32666667,22.6,40.79,21.6,42.09,19.6,48.29,20.46333333,12.6,22.29,37.9,23.7,46.02666667,20.2,43.4,18.9,750.85,54.5,3.5,40,9.35
90,0,22.7,42.5,23.1,39.46666667,22.6,40.73,21.6,42.06,19.6,48.29,20.29333333,11.76,22.26,37.9,23.79,46.32666667,20.2,43.5,18.8,750.8,56,3.333333333,40,9.7
90,0,22.7,42.5,23.06666667,39.5,22.63333333,40.76666667,21.6,42,19.6,48.4,20.1,11.56666667,22.2,37.82666667,23.79,46.4,20.26,43.56,18.7,750.75,57.5,3.166666667,40,10.1
90,0,22.7,42.4,23,39.56,22.7,40.82666667,21.6,42,19.6,48.4,19.895,12.145,22.16666667,37.79,23.82333333,46.62666667,20.2,43.5,18.6,750.7,59,3,40,10.4
80,0,22.7,42.46666667,22.89,39.73,22.7,40.79,21.6,42,19.6,48.4,19.76333333,12.6,22.1,37.86333333,23.89,46.7,20.2,43.5,18.8,750.6,58,3.166666667,40,10.3
90,0,22.7,42.5,22.82333333,39.79,22.7,40.79,21.53333333,42,19.6,48.4,19.96333333,12.46666667,22.1,37.9,23.96333333,46.62666667,20.26,43.59,19,750.5,57,3.333333333,40,10.2
80,0,22.7,42.5,22.79,39.9,22.7,40.79,21.5,42.03,19.66666667,48.46666667,20.1,12.13333333,22.1,37.9,23.89,46.62666667,20.26,43.66333333,19.1,750.4,56,3.5,40,10.2
90,0,22.7,42.5,22.76,40,22.7,40.86333333,21.56666667,42.09,19.66666667,48.52666667,20.1,11.93333333,22,37.9,24,46.66333333,20.26,43.66333333,19.3,750.3,55,3.666666667,40,10.1
90,0,22.7,42.5,22.7,40.06,22.7,40.79,21.5,42.09,19.7,48.59,20.1,12,22,37.9,24,46.59,20.26,43.72333333,19.5,750.2,54,3.833333333,40,9.98
90,0,22.6,42.4,22.56666667,39.96666667,22.66666667,40.6,21.5,42.09,19.7,48.59,20.03333333,11.92666667,21.89,38.03,24,46.56,20.29,43.79,19.7,750.1,53,4,40,9.9
110,0,22.6,42.46666667,22.5,40.1,22.53333333,40.4,21.5,42.26666667,19.7,48.59,19.76,12.63,21.89,38.16333333,24,46.36,20.29,43.79,19.4,750.05,54.83333333,3.833333333,40,10.1
110,0,22.5,42.53,22.35666667,40.26666667,22.5,40.53,21.5,42.46666667,19.7,48.59,19.7,12.89,21.85666667,38.29,24,45.96666667,20.29,43.79,19.1,750,56.66666667,3.666666667,40,10.3
120,0,22.5,42.66333333,22.29,40.52666667,22.5,40.59,21.39,42.53,19.7,48.5,19.56666667,13.1,21.79,38.36333333,24,45.9,20.29,43.79,18.8,749.95,58.5,3.5,40,10.4
90,0,22.5,42.9,22.2,40.89,22.53333333,40.7,21.39,42.66333333,19.7,48.5,19.36,13.63333333,21.76,38.53,24,46.12666667,20.29,43.79,18.5,749.9,60.33333333,3.333333333,40,10.6
90,0,22.5,42.9,22.13333333,41.16333333,22.6,40.7,21.35666667,42.82666667,19.7,48.5,19.2,14.49,21.7,38.695,24.075,46.425,20.29,43.79,18.2,749.85,62.16666667,3.166666667,40,10.8
100,0,22.445,42.9,22.13333333,41.4,22.6,40.79,21.35666667,42.9,19.7,48.5,19.13333333,14.96333333,21.7,38.86333333,24.1,46.83333333,20.29,43.86333333,17.9,749.8,64,3,40,11
90,0,22.39,42.93333333,22.2,41.4,22.6,40.79,21.29,43,19.7,48.5,19,15.8,21.6,38.96333333,24.03333333,46.96333333,20.29,43.9,17.8,749.75,64.33333333,2.833333333,40,11
110,0,22.39,43.06,22.2,41.53,22.6,40.9,21.29,43.06,19.7,48.59,18.92666667,16.59333333,21.6,39.16333333,24.1,47.09,20.29,43.9,17.7,749.7,64.66666667,2.666666667,40,11
120,0,22.39,43.15666667,22.2,41.59,22.6,40.96666667,21.29,43.15666667,19.7,48.59,18.66666667,17.36666667,21.6,39.43333333,24.1,47.09,20.29,44.03,17.6,749.65,65,2.5,40,10.9
120,10,22.39,43.49,22.1,41.79,22.63333333,41.06666667,21.29,43.43,19.7,48.7,18.46,18.3,21.53333333,39.63333333,24.1,47.03,20.29,44.09,17.5,749.6,65.33333333,2.333333333,40,10.9
130,0,22.39,43.7,22.1,41.93,22.7,41.2,21.29,43.76666667,19.7,48.76,18.16666667,19.49,21.5,39.86,24.13333333,47,20.29,44.23,17.4,749.55,65.66666667,2.166666667,40,10.9
120,0,22.39,43.7,22,42.06666667,22.7,41.23,21.29,44.12,19.7,48.79,17.89333333,20.22333333,21.5,40.06,24.2,47,20.29,44.29,17.3,749.5,66,2,40,10.9
100,0,22.39,43.7,22,42.33333333,22.7,41.29,21.29,44.52666667,19.7,48.86333333,17.63333333,21.49666667,21.5,40.32666667,24.2,47,20.29,44.43333333,17.3,749.45,65.66666667,2,40,10.8
90,0,22.39,43.76,21.96333333,42.65666667,22.7,41.4,21.29,44.73,19.7,49,17.295,22.9425,21.42666667,40.4,24.26,47.06,20.29,44.5,17.3,749.4,65.33333333,2,40,10.7
90,10,22.29,43.93333333,21.89,42.86333333,22.7,41.4,21.29,44.86333333,19.7,49.06,16.96,24.3,21.39,40.62666667,24.23,47.03,20.29,44.62666667,17.3,749.35,65,2,40,10.6
80,0,22.29,44,21.85666667,43.09,22.7,41.43333333,21.29,44.93333333,19.79,49.2,16.66666667,25.93,21.39,40.76,24.29,47.16333333,20.29,44.7,17.3,749.3,64.66666667,2,40,10.5
120,0,22.29,44.12666667,21.79,43.2675,22.7,41.5225,21.29,45,19.79,49.2,16.6,28.06333333,21.39,40.96333333,24.29,47.09,20.29,44.82666667,17.3,749.25,64.33333333,2,40,10.4
110,0,22.29,44.26,21.73,43.46666667,22.63333333,41.53,21.29,45.03,19.76,49.32666667,16.56666667,30.33,21.39,41.16333333,24.29,47.16333333,20.29,44.9,17.3,749.2,64,2,40,10.3
130,0,22.26,44.29,21.7,43.73,22.6,41.59,21.29,45.09,19.76,49.4,16.5,31.39666667,21.29,41.32666667,24.32333333,47.43333333,20.29,45.045,17.2,749.25,65.16666667,2.166666667,40,10.5
120,0,22.2,44.36333333,21.7,43.93,22.6,41.59,21.26,45.16333333,19.79,49.5,16.35666667,32.89333333,21.29,41.46666667,24.32333333,47.63333333,20.29,45.12666667,17.1,749.3,66.33333333,2.333333333,40,10.7
110,0,22.2,44.53,21.66666667,44.09,22.63333333,41.76666667,21.26,45.16333333,19.79,49.5,16.23,34.3,21.29,41.65666667,24.39,47.82666667,20.29,45.2,17.1,749.35,67.5,2.5,40,10.9
120,0,22.2,44.59,21.6,44.16333333,22.7,41.9,21.23,45.23,19.79,49.59,16.1,34.43,21.29,41.79,24.39,47.82666667,20.29,45.29,17,749.4,68.66666667,2.666666667,40,11
120,10,22.2,44.73,21.6,44.36,22.7,41.9,21.23,45.23,19.79,49.6725,16.03333333,33.89666667,21.26,41.86333333,24.39,47.79,20.29,45.36333333,16.9,749.45,69.83333333,2.833333333,40,11.2
110,0,22.2,44.79,21.6,44.56,22.7,41.96666667,21.26,45.22333333,19.79,49.7,15.86,33.46666667,21.2,41.73,24.46333333,47.79,20.29,45.4,16.8,749.5,71,3,40,11.4
100,0,22.2,44.93333333,21.5,44.7,22.7,41.93333333,21.2,45.09,19.79,49.79,15.72666667,33.6,21.2,41.79,24.39,47.545,20.29,45.4,16.7,749.4833333,71.16666667,3.166666667,40,11.4
100,10,22.2,45,21.5,44.7,22.7,42,21.2,45.09,19.79,49.79,15.6,34.02666667,21.2,41.76,24.5,47.66333333,20.29,45.4,16.6,749.4666667,71.33333333,3.333333333,40,11.3
90,0,22.2,45.06,21.5,44.9,22.7,42.06,21.2,45.03,19.79,49.79,15.53333333,34.56,21.2,41.56666667,24.5,47.59,20.29,45.46666667,16.5,749.45,71.5,3.5,40,11.3
90,10,22.2,45,21.42666667,44.82666667,22.7,42.06,21.2,44.86333333,19.79,49.86333333,15.46333333,34.79,21.2,41.26,24.5,47.73,20.29,45.43333333,16.4,749.4333333,71.66666667,3.666666667,40,11.3
100,0,22.2,45,21.35666667,44.79,22.7,42.09,21.2,44.79,19.79,49.86333333,15.39,35.19666667,21.2,41.12666667,24.56666667,47.86333333,20.29,45.43333333,16.3,749.4166667,71.83333333,3.833333333,40,11.2
90,0,22.2,44.9,21.29,44.79,22.76,42.09,21.2,44.7,19.79,49.86333333,15.3,36,21.2,40.96666667,24.6,48.2,20.29,45.4,16.2,749.4,72,4,40,11.2
100,0,22.2,44.82666667,21.26,44.76,22.79,42.09,21.2,44.6175,19.79,49.9,15.3,36.4,21.2,40.9,24.6,48.2,20.29,45.32666667,16.1,749.3333333,72.5,3.833333333,40,11.2
80,0,22.2,44.76,21.2,44.7,22.79,42.03,21.2,44.53,19.79,49.82666667,15.16,36.83,21.2,40.76,24.6,48.16333333,20.29,45.43333333,16,749.2666667,73,3.666666667,40,11.1
50,10,22.2,44.7,21.16666667,44.79,22.82333333,42.03,21.2,44.4,19.79,49.79,15.1,37.2925,21.2,40.7,24.66666667,48.09,20.29,45.56,15.9,749.2,73.5,3.5,40,11.1
60,0,22.13333333,44.7,21.1,44.86333333,22.89,42.09,21.2,44.32666667,19.79,49.79,15.03333333,37.76666667,21.2,40.59,24.66666667,47.96666667,20.29,45.73,15.7,749.1333333,74,3.333333333,40,11.1
50,0,22.13333333,44.62666667,21.1,44.9,22.82333333,41.96333333,21.2,44.29,19.79,49.79,15,38.06666667,21.2,40.53,24.6,47.96666667,20.29,45.86333333,15.6,749.0666667,74.5,3.166666667,40,11
60,0,22.1,44.59,21.03333333,44.9,22.89,42.0225,21.2,44.23,19.79,49.73,14.92666667,38.2,21.2,40.46666667,24.5,48.15666667,20.29,46,15.5,749,75,3,40,11
70,0,22.1,44.59,21,44.95,22.89,42,21.2,44.2,19.79,49.7,14.96333333,38.26666667,21.2,40.4,24.5,48.43,20.29,46,15.4,748.9333333,75.16666667,3.333333333,40,10.9
70,10,22.1,44.59,20.96333333,45,22.89,41.96666667,21.2,44.2,19.79,49.7,14.89,38.32666667,21.2,40.29,24.46333333,48.62666667,20.29,46,15.3,748.8666667,75.33333333,3.666666667,40,10.9
60,0,22.1,44.59,20.89,45.06,22.89,41.82666667,21.2,44.16333333,19.79,49.73,14.89,38.46666667,21.2,40.36333333,24.39,49.09333333,20.29,46.09,15.3,748.8,75.5,4,40,10.9
60,0,22.1,44.59,20.89,45.2,22.89,41.9,21.13333333,44.09,19.85666667,50.12333333,14.83,38.8,21.16666667,40.29,24.39,49.32666667,20.29,46.09,15.2,748.7333333,75.66666667,4.333333333,40,10.8
60,0,22.1,44.59,20.89,45.26,22.89,41.82666667,21.16666667,44.09,19.89,50.43333333,14.76333333,39.69666667,21.16666667,40.23,24.39,49.46666667,20.32333333,46.09,15.1,748.6666667,75.83333333,4.666666667,40,10.8
50,0,22.1,44.59,20.79,45.23,23,41.79,21.1,44.09,19.815,50.3975,14.69,40.22333333,21.16666667,40.2,24.39,49.62666667,20.32333333,46.16333333,15,748.6,76,5,40,10.7
60,0,22.03333333,44.53,20.79,45.29,23,41.79,21.16666667,44,19.79,50.29,14.46333333,41.25666667,21.1,40.2,24.32333333,49.76,20.32333333,46.29,15,748.5833333,76.16666667,5,38.16666667,10.7
50,10,22,44.46666667,20.73,45.4,23,41.79,21.1,44,19.79,50.2,14.33,42.33,21.1,40.2,24.35666667,50.03,20.32333333,46.29,14.9,748.5666667,76.33333333,5,36.33333333,10.7
70,0,22,44.46666667,20.73,45.46666667,23,41.79,21.1,44,19.79,50.12666667,14.06666667,44.13333333,21.1,40.2,24.29,50.22333333,20.39,46.29,14.9,748.55,76.5,5,34.5,10.7
70,0,22,44.45,20.7,45.53,23,41.79,21.1,44,19.79,50,13.86666667,45.13333333,21.1,40.2,24.29,50.45,20.32333333,46.23,14.9,748.5333333,76.66666667,5,32.66666667,10.7
50,0,22,44.5,20.7,45.59,23,41.79,21.1,44,19.79,50,13.8,45.99333333,21.1,40.2,24.26,50.4,20.39,46.2,14.8,748.5166667,76.83333333,5,30.83333333,10.7
60,0,21.92666667,44.5,20.66666667,45.66333333,23,41.76,21.1,44,19.79,49.96666667,13.8,46.46666667,21.1,40.2,24.2,50.32666667,20.39,46.26,14.8,748.5,77,5,29,10.7
60,0,22,44.5,20.6,45.66333333,23,41.76,21.1,44,19.79,49.9,13.8,46.99333333,21.1,40.2,24.2,50.5,20.39,46.32666667,14.6,748.5166667,78,4.666666667,29,10.7
60,0,21.92666667,44.5,20.6,45.73,23,41.7,21.1,44,19.79,49.86333333,13.86,47.6,21.1,40.2,24.13333333,50.5,20.39,46.46666667,14.4,748.5333333,79,4.333333333,29,10.7
50,0,21.96333333,44.5,20.53333333,45.79,23,41.7,21.1,44,19.79,49.79,13.8,47.65666667,21.1,40.2,24.06666667,50.56,20.39,46.76666667,14.2,748.55,80,4,29,10.8
60,0,21.89,44.5,20.5,45.9,23,41.7,21.1,44,19.79,49.79,13.695,48.2225,21.1,40.2,24.06666667,50.69333333,20.39,46.96666667,14,748.5666667,81,3.666666667,29,10.8
50,10,21.89,44.5,20.5,45.96666667,23,41.7,21.1,44,19.79,49.73,13.6,48.7,21.1,40.23,24,50.96333333,20.39,47.09,13.8,748.5833333,82,3.333333333,29,10.8
60,0,21.89,44.5,20.5,46,23.1,41.79,21.1,44,19.79,49.7,13.46333333,49.13333333,21.1,40.23,23.92666667,51.49666667,20.39,47.16333333,13.6,748.6,83,3,29,10.8
30,0,21.89,44.5,20.42666667,46,23.1,41.79,21.1,44,19.79,49.7,13.39,49.6,21.1,40.2,23.89,51.93333333,20.39,47.23,13.5,748.5833333,83.83333333,2.833333333,28.5,10.9
50,0,21.89,44.56,20.39,46,23.05,41.745,21.1,44,19.79,49.7,13.26333333,49.9,21.1,40.2,23.89,52.13333333,20.39,47.36333333,13.4,748.5666667,84.66666667,2.666666667,28,10.9
40,0,21.89,44.53,20.39,46.12666667,23,41.7,21.1,44,19.79,49.7,13.13,50.16,21.1,40.2,23.89,52.36,20.39,47.53,13.3,748.55,85.5,2.5,27.5,10.9
40,0,21.89,44.59,20.32333333,46.2,23,41.7,21.1,44,19.79,49.7,12.82333333,50.56333333,21.1,40.2,23.82333333,52.5,20.39,47.6175,13.2,748.5333333,86.33333333,2.333333333,27,11
60,0,21.85666667,44.56,20.29,46.2,23,41.7,21.1,44,19.79,49.7,12.63,52.03,21.1,40.2,23.79,52.76666667,20.39,47.76,13.1,748.5166667,87.16666667,2.166666667,26.5,11.1
60,0,21.79,44.5,20.29,46.26,23,41.7,21.03333333,43.9,19.79,49.7,12.43333333,53.33333333,21.1,40.2,23.79,53.1,20.39,47.82666667,13,748.5,88,2,26,11.1
50,0,21.79,44.5,20.29,46.29,23,41.7,21.1,43.96666667,19.79,49.7,12.3,54.53333333,21,40.09,23.79,53.26,20.39,47.9,12.9,748.45,88.33333333,2,26,11
60,0,21.79,44.5,20.29,46.36333333,23,41.76,21.1,44,19.79,49.7,12.16,54.7,21,40.09,23.73,53.12666667,20.42666667,47.96333333,12.7,748.4,88.66666667,2,26,10.9
50,0,21.79,44.5,20.26,46.36333333,23,41.76,21.1,44,19.79,49.7,12.03333333,55.03333333,21,40.09,23.7,53.12666667,20.42666667,48.03,12.6,748.35,89,2,26,10.8
60,0,21.79,44.5,20.2,46.36333333,23,41.7,21.06666667,43.96666667,19.79,49.7,11.82333333,56.16666667,21.05,40.09,23.7,53.12666667,20.46333333,48.06,12.4,748.3,89.33333333,2,26,10.7
60,0,21.79,44.5,20.2,46.43333333,23,41.79,21,43.9,19.79,49.7,11.63,56.96,21.06666667,40.09,23.7,53.06,20.39,47.93333333,12.3,748.25,89.66666667,2,26,10.6
60,0,21.76,44.59,20.2,46.5,23,41.73,21,43.9,19.79,49.76,11.66666667,58.73333333,21.06666667,40.09,23.7,52.925,20.5,47.9,12.1,748.2,90,2,26,10.5
70,0,21.7,44.59,20.1,46.59,23,41.76,21,43.9,19.79,49.79,11.86,59.99333333,21,40.09,23.7,52.9,20.5,47.9,12.1,748.1666667,90.33333333,2.166666667,25.5,10.5
60,0,21.7,44.59,20.1,46.66333333,23,41.7,21,43.9,19.79,49.79,12.13,60.19666667,21.06666667,40.06,23.6,52.56,20.39,47.7,12.1,748.1333333,90.66666667,2.333333333,25,10.6
60,0,21.7,44.59,20.1,46.79,23.1,41.79,21,43.9,19.79,49.79,12.19,59.32333333,21,40.06,23.6,52.43333333,20.39,47.76,12.1,748.1,91,2.5,24.5,10.6
50,0,21.7,44.59,20.03333333,46.73,23.1,41.79,21,43.9,19.79,49.79,12.1,58.395,21,40,23.6,52.26,20.5,48.09,12,748.0666667,91.33333333,2.666666667,24,10.6
50,0,21.7,44.59,20,46.7,23.1,41.73,21,43.9,19.79,49.79,11.96333333,55.13333333,21,40,23.6,52.2,20.5,48.09,12,748.0333333,91.66666667,2.833333333,23.5,10.7
60,0,21.7,44.59,20,46.7,23.1,41.79,21,43.9,19.79,49.79,11.89,52.6,21,39.96666667,23.56666667,51.96666667,20.5,48.2,12,748,92,3,23,10.7
50,0,21.7,44.59,20,46.7,23.1,41.79,21,43.86333333,19.79,49.79,11.86,51.62333333,21,39.82666667,23.5,51.76666667,20.5,48.2,12,748.0166667,91.33333333,3.333333333,25.83333333,10.6
50,0,21.7,44.59,19.92666667,46.7,23.1,41.79,21,43.79,19.79,49.73,11.72666667,51.23,21,39.79,23.5,51.5,20.5,48.2,12,748.0333333,90.66666667,3.666666667,28.66666667,10.4
60,0,21.7,44.53,19.96333333,46.66333333,23.1,41.79,21,43.79,19.79,49.7,11.43333333,50.96333333,21,39.73,23.5,51.43333333,20.5,48.12666667,11.9,748.05,90,4,31.5,10.3
60,0,21.6,44.5,19.89,46.59,23.1,41.79,21,43.79,19.79,49.7,11.3,51.55666667,21,39.66333333,23.5,51.33333333,20.5,48,11.9,748.0666667,89.33333333,4.333333333,34.33333333,10.2
60,0,21.6,44.43333333,19.89,46.59,23.1,41.73,21,43.7,19.79,49.7,11.26333333,51.9,21,39.59,23.42666667,51.06666667,20.5,48,11.9,748.0833333,88.66666667,4.666666667,37.16666667,10
60,0,21.6,44.4,19.89,46.59,23.1,41.79,21,43.7,19.79,49.7,11.26333333,52.02666667,21,39.5,23.39,50.79,20.5,48,11.9,748.1,88,5,40,9.9
70,0,21.6,44.32666667,19.82333333,46.53,23.1,41.73,21,43.66333333,19.79,49.66333333,11.3,52,21,39.5,23.39,50.73,20.5,48,11.8,748.1166667,88,4.5,40,9.75
50,0,21.6,44.29,19.79,46.46666667,23.1,41.7,21,43.59,19.79,49.59,11.3,51.93333333,21,39.4,23.39,50.59,20.5,48.13333333,11.6,748.1333333,88,4,40,9.6
60,20,21.6,44.29,19.79,46.4,23.1,41.7,21,43.56,19.79,49.645,11.3,51.93333333,21,39.4,23.39,50.59,20.5,48.26,11.4,748.15,88,3.5,40,9.45
50,10,21.5,44.36,19.79,46.53,23.1,41.7,21,43.5,19.79,49.62666667,11.3,52.39333333,20.96333333,39.29,23.35666667,50.53,20.5,48.12666667,11.3,748.1666667,88,3,40,9.3
60,0,21.56666667,44.56,19.73,46.59,23.03333333,41.62666667,20.96333333,43.5,19.79,49.62666667,11.26333333,53.43333333,20.89,39.29,23.29,50.59,20.53333333,48.12666667,11.2,748.1833333,88,2.5,40,9.15
90,20,21.6,44.79,19.7,46.86,22.96333333,41.5,20.89,43.5,19.79,49.7,11.26333333,54.36,20.89,39.29,23.29,50.5,20.6,48.2,11,748.2,88,2,40,9
60,10,21.6,44.9925,19.7,47.19333333,22.89,41.5,20.96333333,43.5,19.79,49.7,11.16,55.19333333,20.89,39.29,23.29,50.5,20.53333333,48.06,11,748.3,88,2.166666667,40,9.02
210,10,21.6,45.13333333,19.7,47.36,22.85666667,41.46666667,20.96333333,43.63333333,19.79,49.7,10.96,55.52666667,20.89,39.29,23.26,50.43,20.6,47.93333333,11,748.4,88,2.333333333,40,9.03
370,10,21.66666667,45.16333333,19.7,47.5,22.79,41.46666667,21,43.7,19.79,49.7,10.86,55.16,20.85666667,39.29,23.2,50.1725,20.53333333,47.76,11,748.5,88,2.5,40,9.05
150,30,21.6,45.16333333,19.7,47.5,22.82333333,41.43333333,21,43.7,19.79,49.62666667,10.7175,55.145,20.85666667,39.36333333,23.2,49.86,20.53333333,47.62666667,11,748.6,88,2.666666667,40,9.07
60,10,21.6,45.26,19.7,47.56,22.89,41.5,21,43.745,19.79,49.9,10.63,55.96666667,20.79,39.4,23.2,49.52666667,20.56666667,47.43,11,748.7,88,2.833333333,40,9.08
90,20,21.6,45.2,19.7,47.59,22.79,41.29,21,43.79,19.79,50.06,10.63,57.05666667,20.79,39.4,23.2,49.32666667,20.56666667,47.23,11,748.8,88,3,40,9.1
70,0,21.6,45.2,19.7,47.59,22.79,41.29,21,43.79,19.79,50.06,10.63,57.86333333,20.79,39.5,23.16666667,49.16333333,20.5,46.93,10.9,748.8666667,88.33333333,3.333333333,40,9.03
80,10,21.6,45.2,19.7,47.56,22.79,41.5,20.96333333,43.79,19.79,50.23,10.5,58.52666667,20.79,39.56,23.1,49.03,20.5,46.79,10.8,748.9333333,88.66666667,3.666666667,40,8.97
60,0,21.6,45.26,19.7,47.5,22.79,41.5,20.96333333,43.79,19.85666667,50.43,10.5,59.39333333,20.79,39.59,23.1,48.86333333,20.5,46.66333333,10.7,749,89,4,40,8.9
50,10,21.6,45.2,19.7,47.53,22.7,41.5,20.92666667,43.82666667,19.92666667,51.03333333,10.5,60.12666667,20.79,39.59,23.03333333,48.73,20.5,46.53,10.5,749.0666667,89.33333333,4.333333333,40,8.83
70,0,21.6,45.26666667,19.7,47.7175,22.625,41.425,21,43.9,20,51.7,10.56666667,60.33333333,20.79,39.62666667,23,48.66333333,20.5,46.36333333,10.4,749.1333333,89.66666667,4.666666667,40,8.77
250,0,21.53333333,45.4,19.76,47.7,22.6,41.4,20.89,43.93333333,20.1,52.33333333,10.66666667,60.62666667,20.79,39.7,23,48.59,20.5,46.24,10.3,749.2,90,5,40,8.7
750,10,21.53333333,45.46666667,19.79,47.66333333,22.6,41.46333333,20.89,44,20.1,51.79333333,10.86,60.62666667,20.79,39.73,23,48.46666667,20.5,46.03,10.3,749.3,90.33333333,5,38.16666667,8.72
530,0,21.53333333,45.52666667,19.79,47.59,22.66666667,42.13,20.89,44,20.13333333,51.79,11.03333333,60.16,20.79,39.79,23,48.32666667,20.5,45.86333333,10.2,749.4,90.66666667,5,36.33333333,8.73
320,10,21.53333333,45.82666667,19.79,47.8,22.92666667,43.06666667,20.89,44,20.2,51.86333333,11.16,59.82666667,20.79,39.82666667,23,48.36,20.5,45.73,10.2,749.5,91,5,34.5,8.75
270,0,21.6,45.96666667,19.79,48,23.19333333,43.66666667,20.89,44,20.29,51.79666667,11.56333333,59.2,20.73,39.82666667,23,48.5,20.46333333,45.63333333,10.2,749.6,91.33333333,5,32.66666667,8.77
290,10,21.6,46.39,19.92666667,48.32666667,23.53333333,43.86333333,20.89,44.06,20.29,51.5225,11.82333333,56.59333333,20.79,39.79,23,48.43333333,20.46333333,45.5,10.1,749.7,91.66666667,5,30.83333333,8.78
300,0,21.66666667,46.66333333,20.06666667,48.46666667,23.6,43.53,20.92666667,44.46333333,20.29,51.42666667,12.4,55.13,20.79,39.79,22.92666667,48.5,20.42666667,45.4,10.1,749.8,92,5,29,8.8
240,10,21.7,46.59,20.26333333,48.29666667,23.73,43.4,21,44.72333333,20.39,50.62333333,12.93333333,54.33,20.79,39.745,23,48.5,20.5,45.4,10.3,749.8166667,90.5,5.333333333,30.83333333,8.7
220,10,21.76,46.53,20.53,47.69666667,23.85666667,43.2,21,44.79,20.39,50.29,13.69666667,47.36,20.79,39.59,23,48.43333333,20.5,45.29,10.4,749.8333333,89,5.666666667,32.66666667,8.6
120,0,21.79,46.3,20.76333333,47.03333333,24.03333333,43,21,44.79,20.39,50.73,14.09,45.23333333,20.79,39.53,23,48.46666667,20.5,45.15666667,10.6,749.85,87.5,6,34.5,8.5
120,10,21.79,45.93,21.09666667,46.42666667,24.16666667,42.72666667,21.1,44.96666667,20.46333333,50.86333333,14.65,38.245,20.89,39.43,23,48.26666667,20.5,45.26666667,10.7,749.8666667,86,6.333333333,36.33333333,8.4
380,0,21.79,45.73,21.46,45.66,24.2,42.19333333,21.16666667,44.9,20.42666667,51.16666667,15.03333333,32.42666667,20.89,39.29,23.15,47.85,20.5,45.46666667,10.9,749.8833333,84.5,6.666666667,38.16666667,8.3
720,10,21.89,45.9,21.66666667,45.13333333,24.13333333,42,21.245,44.95,20.56666667,52.76,15.16,30.56666667,20.89,39.06,23.23,47.4,20.53333333,45.59,11,749.9,83,7,40,8.2
470,0,21.89,45.96666667,21.89,44.49,24.13333333,42.6,21.32333333,44.79,20.66666667,55.06666667,15.03333333,28.59666667,20.96333333,38.86,23.29,47.1,20.53333333,45.59,11.4,749.9,80.83333333,7,40,8.17
350,0,22,46.03,21.96333333,44.03,24.26,43.13333333,21.39,44.73,20.66666667,55.12666667,15.16,26.73,21,38.66333333,23.365,46.725,20.53333333,45.4,11.8,749.9,78.66666667,7,40,8.13
320,0,22.06666667,46.16333333,22.1,43.66333333,24.53333333,43.26,21.42666667,44.7,20.76,54.69333333,15.19,24.46666667,21,38.46333333,23.46333333,46.43333333,20.6,45.4,12.2,749.9,76.5,7,40,8.1
260,0,22.13333333,46.26666667,22.16666667,43.53,24.66666667,43.06666667,21.5,44.5,20.7,52.63333333,15.13,22.73333333,21.1,38.56,23.53333333,45.96,20.6,45.36333333,12.6,749.9,74.33333333,7,40,8.07
270,0,22.2,46.52666667,22.23,43.32666667,24.82333333,42.72333333,21.53333333,44.13333333,20.63333333,50.89333333,15.46666667,19.83333333,21.1,38.43333333,23.6,45.55,20.6,45.29,13,749.9,72.16666667,7,40,8.03
140,0,22.32333333,46.42333333,22.315,43.4,24.96333333,42.39,21.53333333,43.86,20.7,50.16666667,15.72666667,18.56,21.13333333,38.22333333,23.6,45.15,20.6,45.06,13.4,749.9,70,7,40,8
150,10,22.39,45.96333333,22.39,43.26666667,25.1,42.1,21.6,43.59,20.7,49.49,15.72666667,17.62333333,21.2,37.96333333,23.66666667,45,20.6,44.77,13.4,749.8833333,69.33333333,7,40,7.88
790,0,22.39,45.56333333,22.39,42.96666667,25,41.43333333,21.6,43.59,20.7,49.36333333,16,16.76333333,21.29,37.86333333,23.7,44.86333333,20.6,44.43333333,13.5,749.8666667,68.66666667,7,40,7.77
730,0,22.39,45.09666667,22.46333333,42.82666667,25,41.76666667,21.63333333,43.5,20.7,49.5,16.03333333,16.69666667,21.29,37.73,23.7,44.79,20.6,44.66666667,13.5,749.85,68,7,40,7.65
380,10,22.5,44.79666667,22.5,42.56,25.13333333,42.69333333,21.7,43.5,20.63333333,49.43333333,16.1,16.63,21.29,37.56,23.7675,44.695,20.6,45.33333333,13.5,749.8333333,67.33333333,7,40,7.53
320,10,22.5,44.53,22.5,42.22666667,25.32666667,43.1,21.79,43.5,20.6,49.4,16.49333333,15.55666667,21.29,37.43333333,23.84,44.545,20.7,46.2,13.6,749.8166667,66.66666667,7,40,7.42
360,0,22.5,43.56333333,22.5,41.1,25.53333333,43.06,21.79,43.36,20.6,49.13333333,16.76,15.96333333,21.39,37.16333333,23.87181818,44.28454545,20.7,46.06666667,13.6,749.8,66,7,40,7.3
280,10,22.42666667,42.56333333,22.36,40.36,25.66666667,42.86,21.7,42.76666667,20.7,47.65,16.82666667,15.29666667,21.39,37.03,23.89,43.936,20.7,45.6,13.9,749.7833333,64.83333333,7,40,7.25
320,10,22.39,42.33,22.32333333,40.2,25.7,41.93333333,21.63333333,42.43333333,20.63333333,47.2,16.96666667,15.16333333,21.445,37,23.89,43.62666667,20.7,45.26666667,14.1,749.7666667,63.66666667,7,40,7.2
270,0,22.46333333,42.92333333,22.46333333,40.33333333,25.76,40.99333333,21.7,42.46666667,20.7,47.26,17.29,12.23,21.53333333,36.76,24,43.4,20.73,45.06,14.4,749.75,62.5,7,40,7.15
180,10,22.6,43.4,22.5,40.62666667,25.82333333,40.09333333,21.7,42.32666667,20.79,47.56666667,17.29,12.82333333,21.6,36.62666667,24.06666667,43.4,20.73,44.93333333,14.6,749.7333333,61.33333333,7,40,7.1
110,10,22.625,43.525,22.5,40.83333333,25.89,39.5,21.7,42.29,20.79,47.56666667,17.295,12.29,21.63333333,36.59,24.13333333,43.29,20.7,44.76,14.9,749.7166667,60.16666667,7,40,7.05
560,0,22.7,43.62666667,22.5,41.03,25.72666667,38.99,21.7,42.29,20.79,47.76666667,17.3,11.86,21.7,36.59,24.2,43.23,20.7,44.62666667,15.1,749.7,59,7,40,7
630,10,22.79,43.46,22.56666667,41.09,25.6,38.99,21.7,42.29,20.79,47.9,17.56666667,12.13333333,21.79,36.36333333,24.29,43.26,20.7,44.5,15.1,749.65,59.33333333,7,40,7.1
400,10,22.79,42.92666667,22.5,40.83333333,25.66333333,39.99333333,21.73,42.29,20.89,47.59333333,17.89,11.83,21.85666667,36.29,24.315,43.095,20.7,44.36,15.1,749.6,59.66666667,7,40,7.2
300,0,22.79,41.73333333,22.42666667,40.02666667,25.93,40.86,21.73,42.29,20.89,46.53333333,17.82333333,11.89,21.89,36.16333333,24.39,42.93333333,20.79,44.26,15.1,749.55,60,7,40,7.3
310,10,22.73,40.92666667,22.26,39.26,26.13333333,41.06,21.7,41.99,20.79,45.33333333,17.29333333,10.33333333,21.89,36.03,24.5,42.86333333,20.79,44.2,15.1,749.5,60.33333333,7,40,7.4
320,0,22.7,40.93333333,22.26,39.26,26.26,40.86,21.63333333,41.59666667,20.79,45.06,17.1,10.66666667,21.79,35.93333333,24.5,42.79,20.73,44.06,15.1,749.45,60.66666667,7,40,7.5
270,10,22.76,42.13333333,22.29,39.59666667,26.2,39.73333333,21.63333333,41.5,20.82333333,45.46333333,16.85666667,10.55666667,21.79,36,24.5,42.66333333,20.79,43.93333333,15.1,749.4,61,7,40,7.6
210,0,22.89,43.13333333,22.29,40.06333333,26.13333333,39.26666667,21.7,41.76,20.89,45.59,16.73,11.16333333,21.79,36.12666667,24.5,42.59,20.7,43.86333333,15,749.3666667,60.66666667,7,40,7.45
100,0,22.89,43.46666667,22.29,40.545,26.23,39,21.6,41.9,20.89,45.62666667,16.72666667,10.8,21.79,36.2,24.6,42.56,20.7,43.65666667,14.9,749.3333333,60.33333333,7,40,7.3
720,10,23,43.83333333,22.26,40.76,26.2425,38.8975,21.66666667,41.96666667,20.89,45.7,16.46,11.66666667,21.79,36.32666667,24.6,42.5,20.79,43.545,14.9,749.3,60,7,40,7.15
900,0,23,43.16666667,22.2,40.42666667,26.1,38.93,21.6,41.52666667,20.89,45.83333333,16.83,12.73,21.79,36.46666667,24.66666667,42.52666667,20.7,43.33333333,14.8,749.2666667,59.66666667,7,40,7
760,0,22.92666667,43,22.29,40.43333333,26.16666667,39.33333333,21.53333333,41.4,20.89,45.7,17.69,11.26333333,21.82333333,36.5,24.66666667,42.4,20.7,43.26,14.7,749.2333333,59.33333333,7,40,6.85
700,0,23,44.39333333,22.29,40.96666667,26.16666667,39.26,21.56666667,41.59666667,20.92666667,46.1,17.9,8.59,21.89,36.5,24.79,42.26,20.79,43.16333333,14.6,749.2,59,7,40,6.7
660,0,23.03333333,46.59333333,22.29,42.83333333,26.42666667,39.72666667,21.56666667,42.12333333,21,47.16666667,17.49333333,8.863333333,21.92666667,36.46333333,24.79,42.06666667,20.79,43.16333333,14.7,749.15,58.16666667,6.666666667,40,6.6
440,0,23.1,48.66666667,22.29,44.62666667,26.5,40.26666667,21.6,43.33333333,21,48.99,17.13333333,9.493333333,21.92666667,36.59,24.82333333,42,20.76,43.09,14.8,749.1,57.33333333,6.333333333,40,6.5
450,10,23.32333333,49.75666667,22.29,46.23333333,26.63333333,40.73,21.66666667,44.66666667,21.025,50.7975,16.8,11.03333333,21.89,36.59,24.89,42,20.76,43.03,14.9,749.05,56.5,6,40,6.4
310,20,23.39,49.09,22.29,46.83333333,26.7,40.99,21.7,45.39666667,21.1,51.46666667,16.49666667,12.89666667,21.89,36.5225,24.92666667,41.9,20.76,43,15.1,749,55.66666667,5.666666667,40,6.3
330,20,23.42666667,49.66333333,22.29,47.45666667,26.7,41.09,21.7,46.19666667,21.1,51.69333333,15.96333333,16.29666667,21.89,36.63333333,24.92666667,41.96666667,20.7,43.06,15.2,748.95,54.83333333,5.333333333,40,6.2
270,30,23.5,49.47,22.29,47.86333333,26.63333333,40.96333333,21.82333333,46.96333333,21.16666667,51.9,15.8,16.62666667,21.89,36.7,25,42.12666667,20.73,43.09,15.3,748.9,54,5,40,6.1
260,20,23.5,49.03,22.29,47.72333333,26.46333333,40.6,21.89,47.03,21.2,51.6,15.77,15.95,21.89,36.7,25,42.2,20.73,43.16333333,14.8,748.9333333,57.16666667,5.666666667,40,6.3
260,30,23.5,48.49,22.23,47.53,26.26333333,40.4,22,47,21.2,51.26666667,15.16666667,18.16666667,21.89,36.73,25,42.2,20.73,43.2,14.2,748.9666667,60.33333333,6.333333333,40,6.5
260,10,23.5,48.15666667,22.2,47.36333333,26.06666667,40.43333333,22.13333333,47,21.2,50.93,14.53,21.33333333,21.89,36.93,25,42.26,20.73,43.2,13.7,749,63.5,7,40,6.7
270,0,23.5,47.93333333,22.2,47.29,25.92666667,40.16666667,22.2,46.66666667,21.2,50.73,14.53,22.4,21.89,37.15666667,25,42.53,20.7,43.23,13.2,749.0333333,66.66666667,7.666666667,40,6.9
280,0,23.5,48,22.2,47.43333333,25.85666667,40.09,22.2,46.16,21.23,50.7,14.83,21.8,21.89,37.36333333,24.9725,42.695,20.7,43.36333333,12.6,749.0666667,69.83333333,8.333333333,40,7.1
150,10,23.53333333,48.09666667,22.2,47.56,25.73,40.16333333,22.13333333,45.69333333,21.29,50.76,15.03,20.8,21.89,37.4,24.96333333,42.86333333,20.79,43.4,12.1,749.1,73,9,40,7.3
120,0,23.6,48.23,22.2,47.99333333,25.66666667,40.32666667,22.1,45.1,21.29,50.89,15.19,19.59333333,21.89,37.45,24.96333333,42.83333333,20.79,43.4,12.3,749.0833333,73.66666667,7.833333333,40,7.65
150,0,23.6,48.09666667,22.13333333,48.6,25.6,40.4,22.1,44.69333333,21.29,51.16333333,15.13,19.13333333,21.89,37.4,24.89,42.62666667,20.79,43.4,12.5,749.0666667,74.33333333,6.666666667,40,8
140,10,23.6,49.23,22.1,48.56,25.6,40.43333333,22.1,44.33333333,21.29,51.02666667,14.86,19.32333333,21.82333333,37.32666667,24.89,42.62666667,20.79,43.32666667,12.7,749.05,75,5.5,40,8.35
190,0,23.66666667,49.49333333,22.075,48.425,25.6,40.56,22.1,44.26,21.49666667,61.02666667,14.72666667,19.65666667,21.79,37.32666667,24.96333333,42.7,20.79,43.29,12.9,749.0333333,75.66666667,4.333333333,40,8.7
120,0,23.6,48.43333333,22,47.92666667,25.46333333,40.59,22,44.36,21.6,68.69333333,14.39666667,20.16333333,21.79,37.4,25.03333333,42.73,20.79,43.4,13.1,749.0166667,76.33333333,3.166666667,40,9.05
120,0,23.56666667,47.66,21.89,47.66333333,25.365,40.6725,22,44.5,21.53333333,68.96666667,13.99,20.76333333,21.79,37.56666667,25.1,42.86333333,20.73,43.4,13.3,749,77,2,40,9.4
90,0,23.5,47.26666667,21.89,47.53,25.23,40.76,22,44.59,21.46333333,68.89666667,13.5,21.4,21.79,37.7,25.1,42.83333333,20.76,43.4,13.2,748.9833333,76.33333333,1.833333333,40,9.13
110,0,23.5,46.83333333,21.79,47.4,25.2,40.79,22,44.66333333,21.39,68.23,13.1,22.73333333,21.76,37.79,25.1,42.62666667,20.7,43.4,13.1,748.9666667,75.66666667,1.666666667,40,8.87
100,0,23.5,46.62666667,21.73,47.46666667,25.13333333,40.79,22,44.7,21.29,67.13333333,12.39666667,25.1,21.7,37.79,24.96333333,42.46666667,20.7,43.4,12.9,748.95,75,1.5,40,8.6
110,0,23.5,46.36333333,21.7,47.36333333,25,40.86333333,22,44.7,21.2225,66.375,11.99,27.1,21.7,37.79,24.82333333,42.26666667,20.7,43.4,12.8,748.9333333,74.33333333,1.333333333,40,8.33
100,0,23.42666667,46.09666667,21.63333333,47.23,25,40.79,22,44.7,21.2,63.02666667,11.53,30.46,21.7,37.79,24.76,42.09,20.7,43.5,12.7,748.9166667,73.66666667,1.166666667,40,8.07
90,0,23.39,45.96666667,21.6,47.2,24.89,40.79,22,44.62666667,21.2,58.19333333,11.25666667,32.59333333,21.63333333,37.73,24.7,42.03,20.7,43.56,12.6,748.9,73,1,40,7.8
100,0,23.39,45.9,21.53333333,47.2,24.89,40.79,21.89,44.59,21.2,56.06,10.9,35,21.6,37.7,24.6,41.79,20.7,43.7,12.2,748.95,75.5,1,40,7.9
90,0,23.34,45.645,21.5,47.23,24.82333333,40.62666667,21.96333333,44.53,21.26,54.25666667,10.69,36.89333333,21.6,37.7,24.53333333,41.79,20.7,43.76,11.8,749,78,1,40,8
100,0,23.29,45.59,21.42666667,47.29,24.82333333,40.62666667,21.89,44.5,21.26,53.13,10.63,39.02666667,21.6,37.7,24.46333333,41.76,20.7,43.9,11.4,749.05,80.5,1,40,8.1
80,0,23.29,45.53,21.39,47.4,24.66666667,40.59,21.89,44.5,21.29,52.12333333,10.46333333,40.59,21.6,37.7,24.39,41.7,20.7,43.76666667,11.1,749.1,83,1,40,8.2
100,10,23.29,45.4,21.32333333,47.4,24.6,40.59,21.89,44.43333333,21.23,51.39666667,10.33,40.79666667,21.56666667,37.7,24.39,41.66333333,20.7,43.6,10.7,749.15,85.5,1,40,8.3
80,0,23.29,45.46666667,21.29,47.4,24.53333333,40.62666667,21.89,44.5,21.92666667,68.86333333,10.16,41.06666667,21.5,37.62666667,24.32333333,41.86333333,20.7,43.46666667,10.3,749.2,88,1,40,8.4
60,0,23.2,45.62666667,21.23,47.32666667,24.6,40.62666667,21.82333333,44.43333333,22.92666667,85.39666667,10.1,41.8,21.6,38.33,24.26,42.02666667,20.7,43.86,10.2,749.2,88.66666667,1.166666667,38.16666667,8.42
50,0,23.2,45.7,21.16666667,47.16333333,24.6,40.59,21.79,44.4,22.49666667,84.83333333,10.06666667,42.39666667,21.66666667,38.79666667,24.2675,43.1225,20.76,44.06,10.1,749.2,89.33333333,1.333333333,36.33333333,8.43
70,0,23.1,45.66333333,21.1,47.09,24.6,40.59,21.79,44.32666667,22.23,85.09333333,10.06666667,42.99,21.7,39.15666667,24.29,43.86333333,20.76,44.23,10.1,749.2,90,1.5,34.5,8.45
60,0,23.1,45.53,21,46.93333333,24.6,40.56,21.79,44.2,22.06666667,85.56333333,10.1,43.59666667,21.7,39.43,24.29,44.46333333,20.76,44.36333333,9.97,749.2,90.66666667,1.666666667,32.66666667,8.47
60,0,23.06666667,45.36333333,21,47,24.6,40.5,21.79,44.12666667,22,85.89666667,10.03333333,43.79,21.7,39.76666667,24.29,44.79666667,20.7,44.45,9.88,749.2,91.33333333,1.833333333,30.83333333,8.48
60,0,23,45.23,20.89,47,24.6,40.46666667,21.79,44.09,21.89,86.12333333,10,43.76666667,21.7,39.96666667,24.26,45.23,20.76,44.53,9.8,749.2,92,2,29,8.5
80,0,22.96333333,45.09,20.79,46.93333333,24.6,40.4,21.73,44.03,21.89,86.19,10,44.23333333,21.7,40.23,24.2,45.69666667,20.76,44.59,9.85,749.1833333,91,1.833333333,30.83333333,8.4
80,0,22.89,45.03,20.79,47,24.6,40.45,21.7,43.9,21.79,86.12666667,9.89,44.75666667,21.7,40.36333333,24.29,46.09,20.73,44.7,9.9,749.1666667,90,1.666666667,32.66666667,8.3
70,0,22.85666667,44.93,20.7,47,24.6,40.4,21.7,43.82666667,21.73,85.72666667,9.83,45.29666667,21.7,40.5,24.29,46.09,20.73,44.76,9.95,749.15,89,1.5,34.5,8.2
80,0,22.79,44.79,20.63333333,46.93333333,24.53333333,40.4,21.7,43.76,21.66666667,84.49666667,9.69,45.9,21.7,40.62666667,24.29,46.09,20.79,44.79,10,749.1333333,88,1.333333333,36.33333333,8.1
70,0,22.79,44.7,20.6,47,24.5,40.4,21.7,43.7,21.6,82.89666667,9.63,45.96666667,21.7,40.66333333,24.35666667,46.09,20.73,44.86333333,10.1,749.1166667,87,1.166666667,38.16666667,8
60,0,22.79,44.62666667,20.53333333,47,24.5,40.4,21.66666667,43.63333333,21.5,80.62333333,9.6,46.5,21.7,40.59,24.39,46.19333333,20.7,44.93333333,10.1,749.1,86,1,40,7.9
70,0,22.7,44.56,20.5,47,24.5,40.4,21.6,43.5,21.5,78.3725,9.6,46.3425,21.7,40.59,24.39,46.46666667,20.7,45,9.93,749.0666667,87,1,37.83333333,7.88
60,0,22.7,44.5,20.42666667,46.93333333,24.5,40.4,21.6,43.46666667,21.42666667,76.12666667,9.6,47.03,21.7,40.5,24.39,46.56,20.79,45.03,9.77,749.0333333,88,1,35.66666667,7.87
60,0,22.7,44.46666667,20.39,46.9,24.53333333,40.4,21.6,43.32666667,21.39,73.59,9.6,47.29,21.7,40.56,24.39,46.56,20.73,45.09,9.6,749,89,1,33.5,7.85
60,0,22.7,44.4,20.32333333,46.96666667,24.6,40.46666667,21.6,43.29,21.32333333,71.73,9.533333333,47.29,21.7,40.7,24.39,46.62666667,20.79,45.16333333,9.43,748.9666667,90,1,31.33333333,7.83
70,0,22.63333333,44.26666667,20.29,47,24.6,40.59,21.6,43.2225,21.29,69.76666667,9.5,47.96666667,21.7,40.7,24.32333333,46.7,20.79,45.16333333,9.27,748.9333333,91,1,29.16666667,7.82
60,0,22.6,44.2,20.29,47,24.6,40.59,21.53333333,43.12666667,21.29,68.82666667,9.5,48.69333333,21.7,40.7,24.29,46.76666667,20.79,45.23,9.1,748.9,92,1,27,7.8
60,0,22.6,44.2,20.2,46.93333333,24.7,40.73,21.53333333,43.16333333,21.2,67.52333333,9.533333333,49.76666667,21.7,40.76,24.29,47.3,20.79,45.29,9.05,748.9,92,1,26.16666667,7.77
50,0,22.6,44.09,20.2,47,24.7,40.79,21.53333333,43.09,21.2,66.85666667,9.66,50.96666667,21.7,40.9,24.29,47.53,20.79,45.29,9,748.9,92,1,25.33333333,7.73
60,0,22.6,44.09,20.2,47.09,24.7,40.79,21.56666667,43,21.2,66.2,9.69,50.49666667,21.7,40.9,24.29,47.66333333,20.79,45.36333333,8.95,748.9,92,1,24.5,7.7
50,0,22.56666667,44.09,20.13333333,47.09,24.7,40.79,21.5,43.06,21.2,65.72666667,9.63,50.09,21.7,40.76,24.245,47.645,20.79,45.4,8.9,748.9,92,1,23.66666667,7.67
60,0,22.5,44.09,20.1,47.12666667,24.7,40.93333333,21.5,43,21.2,65.23,9.463333333,49.79,21.7,40.7,24.2,47.59,20.79,45.46666667,8.85,748.9,92,1,22.83333333,7.63
50,0,22.5,44.09,20.1,47.2,24.7,40.93333333,21.5,43,21.2,65.03,9.33,49.39666667,21.7,40.73,24.2,47.59,20.79,45.545,8.8,748.9,92,1,22,7.6
70,0,22.5,44.09,20.1,47.245,24.7,40.96666667,21.5,42.96666667,21.16666667,64.79666667,9.066666667,49.29,21.7,40.86333333,24.2,47.76,20.79,45.59,9.08,748.9,90,1.166666667,25,7.52
60,0,22.5,44,20,47.2,24.7,40.96666667,21.5,42.9,21.1,64.32333333,9,49.62333333,21.73,41.03,24.13333333,47.7,20.79,45.66333333,9.37,748.9,88,1.333333333,28,7.43
60,0,22.5,44,20,47.2,24.7,41,21.5,42.9,21.1,63.66,8.86,50.13333333,21.79,41.16333333,24.1,47.62666667,20.79,45.7,9.65,748.9,86,1.5,31,7.35
60,0,22.39,43.9,19.96333333,47.2,24.7225,41,21.5,42.9,21.1,63.13333333,8.8,50.66,21.79,41.29,24.03333333,47.76,20.79,45.7,9.93,748.9,84,1.666666667,34,7.27
60,0,22.39,43.9,19.89,47.2,24.79,41,21.46333333,42.86333333,21.1,62.6,8.83,51.6,21.79,41.36333333,24,47.93333333,20.79,45.79,10.2,748.9,82,1.833333333,37,7.18
70,0,22.39,43.86333333,19.89,47.2,24.79,40.96666667,21.39,42.79,21.1,62.13333333,8.9175,52.4475,21.79,41.32666667,24,48.13333333,20.79,45.79,10.5,748.9,80,2,40,7.1
50,0,22.39,43.79,19.89,47.26,24.79,40.96666667,21.46333333,42.79,21.06666667,61.56333333,9,53.06333333,21.79,41.32666667,23.96333333,48.32666667,20.79,45.79,10.3,748.9166667,81.33333333,1.833333333,40,7.17
60,0,22.39,43.79,19.85666667,47.26,24.79,41,21.39,42.79,21,61.09666667,9.1,53.8,21.79,41.43333333,23.89,48.4,20.79,45.79,10.1,748.9333333,82.66666667,1.666666667,40,7.23
50,0,22.39,43.79,19.79,47.26,24.79,41,21.39,42.7,21,60.55,9.16,54.06,21.79,41.595,23.96333333,48.53,20.85666667,45.9,9.95,748.95,84,1.5,40,7.3
60,0,22.29,43.79,19.79,47.29,24.7,41,21.39,42.7,21,60.02666667,9.19,54.19333333,21.79,41.76,23.89,48.66333333,20.79,45.9,9.77,748.9666667,85.33333333,1.333333333,40,7.37
50,0,22.29,43.79,19.79,47.29,24.7,41,21.39,42.7,21,59.76666667,9.263333333,54.66,21.76,41.9,23.89,48.79,20.79,45.9,9.58,748.9833333,86.66666667,1.166666667,40,7.43
60,0,22.29,43.79,19.79,47.32666667,24.7,41,21.39,42.7,21,59.49,9.426666667,54.79,21.7,41.82666667,23.89,48.79,20.79,45.96666667,9.4,749,88,1,40,7.5
60,0,22.29,43.79,19.73,47.4,24.7,41,21.39,42.7,21,59.23,9.5,54.65666667,21.76,41.73,23.85666667,48.72333333,20.82333333,46.06666667,9.55,748.9833333,87.33333333,1,40,7.52
70,0,22.23,43.73,19.7,47.4,24.7,41,21.39,42.7,20.89,59.02666667,9.6,54.29666667,21.76,41.79,23.85666667,48.66333333,20.82333333,46.12666667,9.7,748.9666667,86.66666667,1,40,7.53
60,0,22.2,43.7,19.7,47.4,24.7,41,21.39,42.7,20.89,58.82666667,9.6,54.09,21.79,41.79,23.79,48.5,20.79,46.12666667,9.85,748.95,86,1,40,7.55
60,0,22.2,43.7,19.7,47.5,24.7,41,21.29,42.7,20.89,58.52666667,9.63,54.56666667,21.79,41.73,23.79,48.43333333,20.85666667,46.26,10,748.9333333,85.33333333,1,40,7.57
60,0,22.2,43.76,19.7,47.5,24.7,41,21.29,42.7,20.89,58.32666667,9.763333333,54.62666667,21.79,41.82666667,23.79,48.26,20.85666667,46.26,10.2,748.9166667,84.66666667,1,40,7.58
60,0,22.2,43.7,19.7,47.5,24.7,41,21.29,42.7,20.89,58.16333333,9.8,54.19333333,21.79,41.96666667,23.79,48.2,20.79,46.2,10.3,748.9,84,1,40,7.6
60,0,22.2,43.73,19.63333333,47.43333333,24.7,41,21.29,42.7,20.89,58.03,9.726666667,53.86,21.79,42.06,23.79,48.145,20.79,46.23,10.3,748.8833333,83.66666667,1.333333333,40,7.58
50,0,22.2,43.79,19.63333333,47.43333333,24.7,41,21.29,42.7,20.89,57.83333333,9.6,53.56,21.79,41.93333333,23.76,48.2,20.815,46.3175,10.4,748.8666667,83.33333333,1.666666667,40,7.57
50,0,22.2,43.79,19.625,47.5,24.7,41,21.29,42.7,20.89,57.7,9.6,53.5,21.79,41.86333333,23.7,48.2,20.89,46.4,10.4,748.85,83,2,40,7.55
50,0,22.13333333,43.79,19.6,47.5,24.7,41,21.29,42.7,20.89,57.52666667,9.6,53.53,21.73,41.79,23.7,48.16333333,20.85666667,46.4,10.4,748.8333333,82.66666667,2.333333333,40,7.53
60,0,22.16666667,43.79,19.6,47.5,24.7,41,21.29,42.7,20.89,57.32666667,9.6,53.66333333,21.73,41.79,23.7,48.09,20.79,46.32666667,10.5,748.8166667,82.33333333,2.666666667,40,7.52
60,0,22.1,43.79,19.6,47.5,24.7,41,21.29,42.7,20.89,57.29,9.645,53.745,21.79,41.79,23.7,48.06,20.89,46.5,10.5,748.8,82,3,40,7.5
60,0,22.1,43.79,19.6,47.5,24.6,41,21.29,42.7,20.82333333,57.15666667,9.69,53.86,21.76,41.79,23.7,47.93333333,20.89,46.5,10.4,748.8,83,2.833333333,40,7.58
60,0,22.1,43.79,19.6,47.56,24.66666667,41,21.29,42.7,20.79,57,9.69,54.13333333,21.76,41.79,23.7,47.86333333,20.85666667,46.46666667,10.3,748.8,84,2.666666667,40,7.67
60,0,22.1,43.79,19.6,47.53,24.63333333,40.93333333,21.29,42.7,20.79,56.93333333,9.8,54.29,21.79,41.9,23.7,47.79,20.85666667,46.52666667,10.2,748.8,85,2.5,40,7.75
60,0,22.1,43.86333333,19.53333333,47.59,24.7,41,21.26,42.66333333,20.79,56.745,9.8,54.23,21.7675,41.9,23.7,47.76,20.79,46.56666667,10.1,748.8,86,2.333333333,40,7.83
60,0,22.1,43.9,19.5,47.59,24.7,41,21.2,42.59,20.79,56.59,9.86,54.13333333,21.7,41.96666667,23.7,47.7,20.85666667,46.76,10,748.8,87,2.166666667,40,7.92
60,0,22.1,43.9,19.5,47.66333333,24.7,41,21.2,42.59,20.79,56.59,9.8,53.86,21.73,42,23.66666667,47.63333333,20.89,46.7,9.9,748.8,88,2,40,8
50,10,22,43.79,19.5,47.7,24.6,40.93333333,21.2,42.59,20.79,56.36333333,9.69,53.79,21.79,42,23.66666667,47.56,20.89,46.7,9.85,748.8166667,88.66666667,1.833333333,40,8.07
60,0,22,43.845,19.5,47.7,24.6,41,21.2,42.59,20.79,56.29,9.69,53.93,21.76,42.06666667,23.63333333,47.53,20.89,46.93333333,9.8,748.8333333,89.33333333,1.666666667,40,8.13
60,20,22,44.12333333,19.5,47.76666667,24.6,40.96666667,21.2,42.62666667,20.79,56.16,9.6,54.19333333,21.76,42.33333333,23.63333333,47.46333333,20.89,46.93333333,9.75,748.85,90,1.5,40,8.2
70,20,22,44.26,19.5,48.1,24.53333333,40.82666667,21.2,42.83333333,20.79,55.82666667,9.6,54.46666667,21.79,42.66333333,23.6,47.36333333,20.89,46.93333333,9.7,748.8666667,90.66666667,1.333333333,40,8.27
60,30,22.06666667,44.26,19.5,48.43333333,24.46333333,40.56333333,21.23,43.39,20.79,55.66333333,9.6,54.86,21.79,42.59,23.6,47.29,20.96333333,47,9.65,748.8833333,91.33333333,1.166666667,40,8.33
60,20,22.03333333,44.46333333,19.5,48.56,24.39,40.29,21.29,43.59,20.79,55.53,9.66,55.13333333,21.79,42.29666667,23.5,47.2,20.89,46.86333333,9.6,748.9,92,1,40,8.4
120,20,22.1,44.59,19.56666667,48.7,24.39,40.26,21.29,43.62666667,20.79,55.62666667,9.83,55.26666667,21.79,41.995,23.5,47.263,20.89,46.79,9.58,748.95,92.33333333,1,38.16666667,8.42
100,0,22.1,44.82666667,19.5,48.83333333,24.32333333,40.2,21.35666667,43.76,20.79,55.62666667,9.963333333,55.4,21.76,41.63333333,23.5,47.29,20.89,46.66333333,9.57,749,92.66666667,1,36.33333333,8.43
60,10,22.16666667,44.9,19.53333333,49.03,24.2,40.09,21.32333333,43.76,20.89,55.09,10.06333333,55.32666667,21.7,41.43333333,23.5,47.29,20.89,46.545,9.55,749.05,93,1,34.5,8.45
100,0,22.2,44.76,19.6,49.0425,24.13333333,40.16333333,21.32333333,43.76,20.89,54.75666667,10.26333333,55.66,21.7,41.26,23.5,47.3175,20.89,46.53,9.53,749.1,93.33333333,1,32.66666667,8.47
700,10,22.2,44.56666667,19.6,48.82666667,24.06666667,40.1,21.29,43.7,20.89,53.86,10.66666667,56.79333333,21.7,41.12666667,23.5,47.26666667,20.96333333,46.53,9.52,749.15,93.66666667,1,30.83333333,8.48
620,0,22.2,44.36333333,19.63333333,48.5,24,39.9,21.29,43.7,20.89,52.99333333,10.998,56.534,21.66666667,40.79666667,23.39,46.56333333,20.96333333,46.53,9.5,749.2,94,1,29,8.5
340,0,22.2,44.49,19.7,48.56,24.06666667,40.19333333,21.29,43.59,20.92666667,52.66333333,11.19,55.23333333,21.6,40.53,23.39,46.03,21,46.4,9.55,749.25,93.83333333,1,29,8.53
280,10,22.2,44.6,19.7,48.6,24.345,40.7225,21.29,43.53,21,52.25666667,11.42666667,54.36,21.6,40.26,23.29,45.59,21,46.26666667,9.6,749.3,93.66666667,1,29,8.57
280,0,22.13333333,44.52666667,19.76,48.26666667,24.72666667,41.09,21.29,43.46666667,21,51.53333333,11.62666667,53.3,21.6,40.12666667,23.29,45.39,20.96333333,46.06,9.65,749.35,93.5,1,29,8.6
260,0,22.13333333,44.39,19.82333333,48.09,25,41.02666667,21.29,43.32666667,21,51,12.1,51.96666667,21.56666667,39.86333333,23.29,44.96,20.96333333,45.93333333,9.7,749.4,93.33333333,1,29,8.63
190,10,22.2,44.79666667,19.89,48.16333333,25,40.49333333,21.26,43.13333333,20.92666667,50.4,12.36,48.69333333,21.56666667,39.73,23.23,44.36666667,20.89,45.7,9.75,749.45,93.16666667,1,29,8.67
110,0,22.2,44.79,20.03333333,48.09,25,39.93,21.26,43,21,50.145,12.53333333,44.2,21.5,39.59,23.2,43.79666667,20.89,45.62666667,9.8,749.5,93,1,29,8.7
90,0,22.2,44.73,20.1,48.03,25,39.73,21.29,42.9,21,50.2,12.6,42.06666667,21.5,39.36333333,23.2,43.46333333,20.92666667,45.43,9.93,749.55,91.66666667,1.166666667,28.16666667,8.62
70,10,22.23,44.56,20.1,47.63333333,24.82666667,39.33333333,21.29,42.82666667,21,50.23,12.6,39.69333333,21.5,39.29,23.2,43.02666667,20.92666667,45.23,10.1,749.6,90.33333333,1.333333333,27.33333333,8.53
80,0,22.2225,44.2475,20.1,47.36,24.63333333,39.12666667,21.29,42.645,21.06666667,50.43,12.73333333,39.43333333,21.5,39.13333333,23.2,42.82666667,20.89,45.06,10.2,749.65,89,1.5,26.5,8.45
80,0,22.2,43.96333333,20.13333333,47.02666667,24.5,39.06,21.29,42.56,21.1,50.33333333,12.8,37.79,21.5,38.93333333,23.16666667,42.46666667,20.96333333,44.93333333,10.3,749.7,87.66666667,1.666666667,25.66666667,8.37
80,10,22.26,43.79666667,20.2,46.76666667,24.42666667,38.93333333,21.29,42.5,21.1,50,13.3,35.2,21.5,38.86333333,23.1,42.32666667,20.89,44.76,10.5,749.75,86.33333333,1.833333333,24.83333333,8.28
80,0,22.2,43.53,20.29,46.4,24.26,38.83333333,21.29,42.4,21.1,49.9,13.3,34.8,21.5,38.79,23.1,42.16333333,20.89,44.56666667,10.6,749.8,85,2,24,8.2
80,0,22.2,43.16,20.29,45.86666667,24.2,38.7,21.29,42.32666667,21.1,49.43333333,13.25666667,33.12333333,21.5,38.66333333,23.1,42.16333333,20.89,44.36333333,10.7,749.85,84.83333333,2.166666667,24.83333333,8.22
90,10,22.2,42.63333333,20.29,44.93,24.16666667,38.56,21.29,42.26,21.06666667,48.66,13.53,32.65666667,21.5,38.59,23.1,42.2,20.89,44.23,10.7,749.9,84.66666667,2.333333333,25.66666667,8.23
80,0,22.13333333,42.76,20.29,44.65666667,24.1,38.5,21.29,42.26,21,48.13333333,13.86666667,31.9,21.46333333,38.46666667,23.1,42.12666667,20.89,44.06,10.8,749.95,84.5,2.5,26.5,8.25
70,10,22.13333333,42.56666667,20.29,44.52666667,23.96333333,38.12666667,21.2,42.09,21,47.43,14.06666667,32.23333333,21.39,38.4,23.06666667,41.86333333,20.89,43.8975,10.9,750,84.33333333,2.666666667,27.33333333,8.27
70,10,22.1,42.46666667,20.245,44.2725,23.82333333,38.2,21.2,42.09,21,47.03,14.06666667,32.09333333,21.39,38.4,23,41.73,20.82333333,43.73,10.9,750.05,84.16666667,2.833333333,28.16666667,8.28
80,0,22.1,42.46666667,20.29,44.29,23.76,38.16333333,21.13333333,42.2,20.82666667,45.76333333,13.945,32.2225,21.39,38.4,23,41.59,20.89,43.7,11,750.1,84,3,29,8.3
200,10,22.1,42.32666667,20.42666667,44.06,23.7,38.16333333,21.2,42.12666667,20.7,45.62333333,14.06666667,31.12333333,21.39,38.29,23,41.62666667,20.89,43.62666667,11,750.1833333,83.33333333,3.333333333,30.83333333,8.22
390,10,22.03333333,42.32666667,20.56666667,43.86,23.66666667,38.16333333,21.2,42,20.46333333,45.06666667,14.1,29.43333333,21.39,38.29,23,41.76,20.89,43.46666667,11,750.2666667,82.66666667,3.666666667,32.66666667,8.13
310,10,22.1,42.79,20.63333333,43.7,23.6,38.16333333,21.2,41.93333333,20.39,44.73333333,14.36,27.03333333,21.39,38.16333333,23.03333333,41.79,20.89,43.4,11.1,750.35,82,4,34.5,8.05
130,0,22.1,42.86333333,20.7,43.83333333,23.6,38.245,21.2,41.86333333,20.29,44.76333333,14.32333333,24.59666667,21.39,38.09,23.1,41.73,20.89,43.13333333,11.1,750.4333333,81.33333333,4.333333333,36.33333333,7.97
110,10,22.1,42.9,20.76,43.6,23.5,38.4,21.2,41.73,20.29,45.23,13.99,22.79,21.35666667,37.93,23.13333333,41.52666667,20.89,42.93333333,11.1,750.5166667,80.66666667,4.666666667,38.16666667,7.88
140,10,22.1,42.9,20.7,43.46666667,23.5,38.46666667,21.2,41.7,20.39,45.53,14.1,24.2,21.35666667,37.79,23.2,41.4,20.89,42.76,11.1,750.6,80,5,40,7.8
140,0,22.1,42.59,20.7,43.5,23.5,38.46666667,21.2,41.62666667,20.46333333,45.99666667,14.22666667,23.59333333,21.29,37.7,23.23,41.29,20.89,42.56666667,11.1,750.65,79.66666667,4.666666667,40,7.77
120,10,22.1,42.59,20.7,43.5,23.56666667,38.4,21.2,41.5,20.5,46.245,14.36666667,24.59666667,21.29,37.6725,23.29,41.23,20.85666667,42.4,11.2,750.7,79.33333333,4.333333333,40,7.73
130,10,22.1,42.56,20.7,43.46666667,23.6,38.23,21.2,41.5,20.6,45.86333333,14.62666667,24.12333333,21.29,37.59,23.29,40.96666667,20.85666667,42.2,11.2,750.75,79,4,40,7.7
100,0,22.1,42.43333333,20.7,43.32666667,23.6,38.29,21.2,41.4,20.6,45.65666667,14.89,22.43,21.29,37.5,23.29,40.76666667,20.89,42.16333333,11.2,750.8,78.66666667,3.666666667,40,7.67
130,10,22.1,42.45,20.79,43.29,23.5,38.4,21.2,41.36333333,20.56666667,45.89,14.96333333,21.29666667,21.29,37.5,23.29,40.43,20.89,42.03,11.3,750.85,78.33333333,3.333333333,40,7.63
750,0,22.06666667,42.16333333,20.79,43.15666667,23.42666667,38.32666667,21.2,41.36333333,20.5,46.22333333,15.29333333,19.46666667,21.29,37.36333333,23.29,40.29,20.89,41.96666667,11.3,750.9,78,3,40,7.6
610,10,22.06666667,42.22333333,20.92666667,43.02666667,23.42666667,38.36,21.2,41.26666667,20.5,46.46333333,15.62666667,18,21.35666667,37.29,23.32333333,40.36,20.89,41.9,11.4,750.9166667,77.16666667,3,38.16666667,7.48
360,10,22.1,42.26666667,21.06666667,42.82666667,23.56666667,38.69333333,21.13333333,41.13333333,20.5,46.66333333,15.96333333,17.06666667,21.42666667,37.29,23.39,40.56,20.89,42.23,11.4,750.9333333,76.33333333,3,36.33333333,7.37
360,10,22.1,42.32666667,21.1,42.73,23.86,39.25666667,21.1,41.53,20.5,46.73333333,16.03,17,21.5,37.23,23.39,40.79,20.89,42.43,11.4,750.95,75.5,3,34.5,7.25
310,20,22.13333333,42.36,21.1,42.39666667,24.13333333,39.53,21.1,41.66333333,20.56666667,46.19333333,16.3425,15.525,21.5,37.09,23.39,40.79,20.89,42.79,11.5,750.9666667,74.66666667,3,32.66666667,7.13
270,20,22.13333333,41.69333333,20.85666667,41.53,24.2,38.83333333,21.1,41.69333333,20.6,45.69333333,16.36,14.46,21.5,37.03,23.42666667,40.79,20.89,42.79,11.6,750.9833333,73.83333333,3,30.83333333,7.02
270,10,22.13333333,41.79333333,20.79,41.72333333,24.26,38.7,21.1,41.69333333,20.6,45.3,16.1,15.63,21.5,36.9,23.5,40.79,20.89,42.645,11.6,751,73,3,29,6.9
240,10,22.2,42.33333333,20.89,42.09,24.42666667,38.4,21,41.46666667,20.7,45.25666667,16.275,15.865,21.56666667,36.96666667,23.5,40.76,20.89,42.95666667,11.9,751.05,71.66666667,3.166666667,30.83333333,6.88
150,10,22.2,42.46666667,21,41.9,24.5,38.4,21.06666667,41.4,20.76,46.59,16.72666667,14.33,21.73,36.93,23.525,40.525,20.89,43.36333333,12.1,751.1,70.33333333,3.333333333,32.66666667,6.87
100,10,22.2,42.26666667,21,41.56666667,24.6,37.99,21.1,41.26,20.79,46.36666667,16.96333333,13.05666667,21.79,36.65666667,23.6,40.32666667,20.89,43.62666667,12.4,751.15,69,3.5,34.5,6.85
110,0,22.26,41.86333333,21.03333333,41.16333333,24.6,37.65666667,21.16666667,41.12666667,20.79,45.42666667,16.63,13.33,21.89,36.56,23.6,40.36333333,20.89,43.7,12.7,751.2,67.66666667,3.666666667,36.33333333,6.83
100,0,22.26,41.53,21.1,41.16333333,24.46333333,37.26,21.2,41.06,20.82333333,45.23333333,16.575,10.24,21.89,36.36,23.66666667,40.23,20.89,43.59,12.9,751.25,66.33333333,3.833333333,38.16666667,6.82
120,10,22.2,40.3,21.1,40.23333333,24.2925,36.9975,21.26,41,20.89,45.96,16.76,9.223333333,22.13333333,36.1,23.82333333,39.86333333,20.96333333,43.59,13.2,751.3,65,4,40,6.8
100,0,22.2,40.89333333,21.03333333,40.16,24.13333333,36.59666667,21.29,40.76,20.89,46.46666667,16.56333333,8.73,22.2,35.76666667,23.89,39.79,21,43.59,13.3,751.3,64.66666667,4.166666667,40,6.82
90,0,22.2,41.26666667,21.13333333,40.59,24,36.29,21.29,40.62666667,20.89,46.13333333,16.23,10.13,22.29,35.66333333,23.92666667,39.79,21,43.59,13.5,751.3,64.33333333,4.333333333,40,6.83
240,10,22.26,41.32666667,21.2,40.46333333,24,36.29,21.29,40.46666667,20.89,45.95666667,15.89666667,9.9,22.3925,35.42,24,39.65666667,21,43.49,13.6,751.3,64,4.5,40,6.85
390,0,22.29,41.02666667,21.2,40.8,23.89,36.29,21.35666667,40.4,20.815,46.6475,15.35666667,10.76666667,22.5,35.23,24,39.56666667,21,43.36333333,13.7,751.3,63.66666667,4.666666667,40,6.87
180,0,22.35666667,40.76666667,21.2,40.86,23.89,36.36333333,21.39,40.245,20.79,46.96666667,15,12.16666667,22.5,35,24,39.76,21.03333333,43.22333333,13.9,751.3,63.33333333,4.833333333,40,6.88
160,10,22.39,40.59,21.2,40.93333333,23.85666667,36.36333333,21.39,40.09,20.73,47.09,14.92666667,12.1,22.42666667,34.93333333,24,39.9,21.03333333,42.89,14,751.3,63,5,40,6.9
250,0,22.4175,40.9975,21.2,41.06,23.79,36.36333333,21.39,40.03,20.73,47.16333333,14.89,13.1,22.39,34.79,24,39.75,21,42.42333333,13.9,751.35,63.33333333,5,40,6.83
150,0,22.42666667,40.73333333,21.13333333,40.83,23.82333333,36.56666667,21.39,40.02666667,20.7,47.2,14.83,12.9,22.39,34.79,24.03333333,39.73,21,42.36333333,13.7,751.4,63.66666667,5,40,6.77
150,0,22.29,40.63333333,21,40.42333333,23.89,36.62666667,21.39,39.82666667,20.7,47.12666667,14.76333333,13.29333333,22.32333333,34.79,24.1,39.73,21,42.59,13.6,751.45,64,5,40,6.7
390,0,22.35666667,40.56,21.03333333,40.92666667,23.89,36.62666667,21.29,39.9,20.7,47.09,14.69,13.62666667,22.32333333,34.79,24.2,39.6725,21,42.53,13.4,751.5,64.33333333,5,40,6.63
380,10,22.39,40.65666667,21.1,41.33333333,23.89,36.7,21.29,40.02666667,20.7,47.03,14.8,15.79333333,22.29,34.79,24.2,39.66333333,21,42.46333333,13.3,751.55,64.66666667,5,40,6.57
300,0,22.39,40.93,21.13333333,41.5,23.89,36.82666667,21.29,40.23,20.7,46.9,14.72666667,15,22.29,34.79,24.2,39.7,20.92666667,42.53,13.1,751.6,65,5,40,6.5
260,0,22.5,41.23,21.13333333,41.63333333,23.96333333,36.96666667,21.29,40.43,20.7,46.82666667,14.645,14.7,22.29,34.79,24.26,39.7,20.945,42.2,13.2,751.6333333,64.33333333,5,40,6.43
580,0,22.5,41.43,21.13333333,41.79,23.96333333,37.12666667,21.39,40.62666667,20.7,46.79,14.63,14.39666667,22.23,34.73,24.29,39.66333333,20.92666667,41.16,13.3,751.6666667,63.66666667,5,40,6.37
730,0,22.63333333,42.8,21.2,42.5225,23.96333333,37.26,21.39,40.83333333,20.7,46.79,14.76333333,14.26333333,22.2,34.7,24.29,39.66333333,21,40.76666667,13.4,751.7,63,5,40,6.3
450,0,22.7,45.46666667,21.26,44.69333333,24.03333333,37.8,21.42666667,41.33,20.73,46.9,14.86,13.76333333,22.2,34.7675,24.32333333,39.59,20.96333333,40.66333333,13.4,751.7333333,62.33333333,5,40,6.23
310,0,22.82333333,46.36,21.29,46.19666667,24.16666667,39.13333333,21.5,41.59,20.79,47.02666667,14.6,13.63,22.2,34.7,24.365,39.5425,20.89,40.46333333,13.5,751.7666667,61.66666667,5,40,6.17
380,0,22.89,46.36,21.29,46.93,24.59666667,40.63,21.5,41.43,20.89,47.46333333,14.17833333,13.85,22.2,34.62666667,24.29,39.29571429,20.89,40.22333333,13.6,751.8,61,5,40,6.1
460,0,22.92666667,45.92333333,21.29,46.93,24.85666667,41.29666667,21.5,41.23,20.89,47.72333333,13.84,15.02,22.2,34.59,24.29,39.19666667,20.89,39.89,13.5,751.85,61.33333333,4.833333333,40,6.12
480,0,23,45.39,21.29,46.65666667,25.1,41.145,21.5,41.43333333,20.89,48.66666667,13.40727273,16.02727273,22.2,34.515,24.35666667,39.09,20.89,39.79,13.4,751.9,61.66666667,4.666666667,40,6.13
500,0,23,44.99,21.29,46.19333333,25.32333333,40.99,21.5,41.56,21.22333333,62.39333333,13.19333333,16.23,22.2,34.5,24.39,39.0675,20.89,39.79,13.4,751.95,62,4.5,40,6.15
170,0,22.92666667,44.73,21.29,45.8,25.46333333,40.65666667,21.56666667,41.7,21.35666667,68.59,12.9,16.42666667,22.2,34.5,24.39,39,20.85666667,39.76,13.3,752,62.33333333,4.333333333,40,6.17
410,0,22.92666667,44.52666667,21.26,45.49,25.63333333,40.29666667,21.56666667,41.7,21.5175,74.8975,12.41666667,17.19166667,22.15,34.4,24.5,39.03,20.79,39.7,13.2,752.05,62.66666667,4.166666667,40,6.18
140,0,22.92666667,44.26666667,21.2,45.03,25.7,39.83,21.55,41.395,22.4,86.6,12.11428571,17.89714286,22.1,34.29,24.5,39.06,20.82333333,39.7,13.1,752.1,63,4,40,6.2
90,0,22.89,44.02666667,21.1,45,25.56666667,39.22333333,21.53333333,41.16333333,22.19333333,86.39666667,11.725,18.95,22.1,34.29,24.456,38.88,20.89,39.7,12.9,752.1666667,63.5,4,40,6.12
80,0,22.96333333,43.82666667,21.1,45.2,25.42666667,39.03,21.6,41.09,21.92666667,84.39666667,11.36666667,19.9,22.1,34.2675,24.325,38.375,20.85666667,39.56,12.7,752.2333333,64,4,40,6.03
90,0,23,43.6,21.1,45.13333333,25.35666667,38.76,21.53333333,41.2,21.76,80.79333333,10.9975,20.6675,22.05,34.145,24.21636364,37.98727273,20.79,39.43333333,12.4,752.3,64.5,4,40,5.95
180,0,23,43.22333333,21.03333333,44.93333333,25.23,38.62666667,21.53333333,41.26,21.63333333,77.33333333,10.56333333,21.09666667,22,34.0675,24.16666667,37.79,20.85666667,39.36333333,12.2,752.3666667,65,4,40,5.87
410,10,23,42.89,20.96333333,44.76,25.16666667,38.5,21.5,41.29,21.56666667,73.19666667,10.225,21.775,22,33.95,24.1,37.79,20.79,39.23,12,752.4333333,65.5,4,40,5.78
130,0,23,42.66333333,20.89,44.62666667,25.1,38.43333333,21.5,41.29,21.42666667,67.79666667,9.934,23.014,22,33.8725,24.025,37.7225,20.79,39.16333333,11.8,752.5,66,4,40,5.7
90,10,23,42.59,20.85666667,44.56,25,38.36333333,21.5,41.29,21.39,60.33,9.63,25.13333333,21.92666667,33.79,24,37.62666667,20.79,39.09,11.4,752.6166667,67.83333333,3.833333333,40,5.68
70,0,23,42.46666667,20.79,44.5,24.92666667,38.36333333,21.5,41.36333333,21.32333333,57.33,9.69,28.53333333,21.89,33.82666667,23.89,37.5,20.79,38.95,11,752.7333333,69.66666667,3.666666667,40,5.67
80,10,23,42.32666667,20.76,44.5,24.89,38.29,21.5,41.4,21.29,54.65666667,9.55,32.7,21.89,33.9,23.82333333,37.43333333,20.79,38.9,10.7,752.85,71.5,3.5,40,5.65
70,0,23,42.16333333,20.7,44.595,24.82333333,38.23,21.5,41.4,21.29,53.12333333,9.2725,34.4425,21.89,33.93333333,23.79,37.4,20.79,38.9,10.3,752.9666667,73.33333333,3.333333333,40,5.63
70,10,23,42.03,20.7,44.7,24.79,38.2,21.46333333,41.46666667,21.29,51.76333333,8.99,34.96666667,21.82333333,34,23.73,37.4,20.76,38.86333333,9.88,753.0833333,75.16666667,3.166666667,40,5.62
70,0,23.1,42.06,20.6,44.73,24.73,38.2,21.46333333,41.46666667,21.29,50.89666667,8.763333333,37.83,21.79,34.03,23.7,37.4,20.76,38.79,9.5,753.2,77,3,40,5.6
70,10,23.03333333,41.93333333,20.6,44.79,24.7,38.23,21.39,41.5,21.29,49.92333333,8.563333333,38.22333333,21.79,34.09,23.63333333,37.4,20.7,38.79,9.43,753.3,77.33333333,3,40,5.62
70,0,23.06666667,41.9,20.56666667,44.82666667,24.63333333,38.23,21.39,41.56,21.23,49.25666667,8.252,38.774,21.745,34.17833333,23.56666667,37.43166667,20.7,38.79,9.37,753.4,77.66666667,3,40,5.63
50,0,23,41.96666667,20.5,44.9,24.6,38.2,21.39,41.73,21.2,49.1,7.862727273,39.66727273,21.77,34.40555556,23.53333333,37.72388889,20.73,38.73,9.3,753.5,78,3,40,5.65
50,0,23,41.9,20.46333333,44.86333333,24.6,38.295,21.39,41.86333333,21.2,50.1,7.649444444,40.50666667,21.79,34.515,23.50555556,38.16944444,20.79,38.86333333,9.23,753.6,78.33333333,3,40,5.67
70,10,23,41.9,20.39,44.86333333,24.6,38.4,21.39,41.9,21.16666667,51.39666667,7.455555556,42.26444444,21.79,34.645,23.52222222,38.75166667,20.7,39.3,9.17,753.7,78.66666667,3,40,5.68
50,0,23,41.76,20.35666667,45.03,24.6,38.59,21.32333333,41.82666667,21.1,52.06333333,7.466666667,44.36666667,21.79,34.73272727,23.5,39.10545455,20.76,39.63333333,9.1,753.8,79,3,40,5.7
50,0,22.92666667,41.7,20.29,45.09,24.6,38.59,21.29,41.76,21.2,52.89666667,7.23,44.06666667,21.79,34.79,23.5,39.32,20.79,40,8.92,753.8333333,79.83333333,3,40,5.67
50,0,22.89,41.59,20.2,45.12666667,24.6,38.7,21.29,41.7,21.175,53.6475,7.03,44.66,21.79,34.93333333,23.5,39.69333333,20.79,40.33333333,8.73,753.8666667,80.66666667,3,40,5.63
50,0,22.89,41.53,20.13333333,45.2,24.6,38.7,21.29,41.62666667,21.1,53.96666667,6.73,45.03,21.73,35,23.46333333,40,20.79,40.65666667,8.55,753.9,81.5,3,40,5.6
40,0,22.84,41.45,20.1,45.32666667,24.5,38.73,21.29,41.59,21.1,54.46333333,6.53,45.76333333,21.76,35.09,23.39,40.06,20.79,40.99,8.37,753.9333333,82.33333333,3,40,5.57
60,0,22.79,41.29,20.03333333,45.26666667,24.5,38.79,21.29,41.59,21.1,54.66333333,6.263333333,47.06333333,21.7,35.1725,23.39,40.12666667,20.79,41.36,8.18,753.9666667,83.16666667,3,40,5.53
50,0,22.79,41.23,20,45.32666667,24.39,38.79,21.2,41.46666667,21.06666667,54.63333333,6.263333333,49.06333333,21.7,35.26,23.39,40.2,20.79,41.63333333,8,754,84,3,40,5.5
60,10,22.79,41.2,19.92666667,45.4,24.39,38.79,21.2,41.4,21,54.5,6.333333333,50.52666667,21.7,35.29,23.32333333,40.09,20.79,41.86,7.9,754.0333333,84.66666667,3,40,5.5
50,0,22.73,41.2,19.85666667,45.46666667,24.35666667,38.79,21.2,41.29,21,54.36333333,6.466666667,52.13333333,21.7,35.29,23.32333333,40.09,20.85666667,42.19333333,7.8,754.0666667,85.33333333,3,40,5.5
60,0,22.7,41.09,19.79,45.46666667,24.29,38.79,21.2,41.29,21,54.23,6.5,52.79333333,21.7,35.4,23.29,40.06,20.79,42.46333333,7.7,754.1,86,3,40,5.5
60,0,22.7,41.09,19.76,45.53,24.29,38.79,21.2,41.29,20.96333333,54.06,6.475,53.32,21.7,35.4,23.29,40.06,20.84,42.8225,7.6,754.1333333,86.66666667,3,40,5.5
50,0,22.63333333,41.03,19.7,45.59,24.29,38.79,21.2,41.29,20.96333333,53.93333333,6.26,52.89333333,21.66666667,35.46666667,23.2,40,20.85666667,43.1,7.5,754.1666667,87.33333333,3,40,5.5
50,0,22.63333333,41.03,19.6,45.545,24.29,38.79,21.16666667,41.2,20.96333333,53.76,6.06,53.5,21.66666667,35.46666667,23.2,40.06,20.79,43.32666667,7.4,754.2,88,3,40,5.5
50,0,22.6,41,19.56666667,45.62666667,24.23,38.73,21.1,41.2,20.89,53.62666667,5.933333333,53.76,21.6,35.5,23.16666667,40.09,20.79,43.46666667,7.32,754.2166667,88.66666667,3,37.66666667,5.52
50,0,22.6,41,19.5,45.7,24.2,38.79,21.1,41.2,20.89,53.46666667,5.8,54.43333333,21.6,35.5,23.1,40.09,20.79,43.73,7.23,754.2333333,89.33333333,3,35.33333333,5.53
50,0,22.6,41,19.5,45.7,24.2,38.79,21.1,41.12666667,20.89,53.4,5.8,54.69333333,21.6,35.5,23.06666667,40.2,20.79,43.86333333,7.15,754.25,90,3,33,5.55
50,10,22.53333333,41,19.42666667,45.7,24.16666667,38.79,21.1,41.09,20.89,53.36333333,5.833333333,55.3,21.6,35.56,23,40.26,20.89,44.12666667,7.07,754.2666667,90.66666667,3,30.66666667,5.57
60,0,22.5,41,19.39,45.73,24.1,38.86333333,21.1,41.09,20.89,53.23,5.9,55.82666667,21.6,35.59,23,40.53,20.82333333,44.12666667,6.98,754.2833333,91.33333333,3,28.33333333,5.58
60,0,22.5,41,19.32333333,45.79,24.1,38.845,21,40.96666667,20.85666667,53.06,5.763333333,55.5,21.6,35.59,23,40.59,20.85666667,44.26,6.9,754.3,92,3,26,5.6
50,0,22.39,40.9,19.35666667,45.9,24.06666667,38.76,21,40.9,20.85666667,53,5.69,55.7,21.6,35.59,22.89,40.59,20.85666667,44.33333333,6.92,754.3,92.16666667,3,25.5,5.67
50,0,22.39,40.9,19.29,45.9,24,38.7,21,40.9,20.85666667,52.93,5.56,55.93333333,21.53333333,35.59,22.89,40.66333333,20.89,44.43333333,6.93,754.3,92.33333333,3,25,5.73
60,0,22.39,40.9,19.26,45.9,24,38.7,21,40.9,20.79,52.7225,5.5,56.46666667,21.5,35.59,22.89,40.745,20.89,44.56,6.95,754.3,92.5,3,24.5,5.8
40,0,22.39,40.82666667,19.2,45.9,24,38.7,21,40.9,20.79,52.7,5.366666667,56.56,21.5,35.59,22.85666667,40.66333333,20.89,44.7,6.97,754.3,92.66666667,3,24,5.87
60,0,22.29,40.9,19.2,45.93333333,24,38.66333333,21,40.86333333,20.79,52.56,5.226666667,56.56,21.5,35.59,22.79,40.59,20.89,44.76,6.98,754.3,92.83333333,3,23.5,5.93
40,0,22.29,40.9,19.13333333,46,24,38.66333333,21,40.79,20.79,52.43333333,5.226666667,57.33333333,21.5,35.59,22.79,40.7,20.89,44.82666667,7,754.3,93,3,23,6
50,0,22.29,40.9,19.1,46.03,24,38.79,21,40.79,20.79,52.26,5.366666667,58.59333333,21.5,35.59,22.79,40.7,20.82333333,44.9,6.9,754.25,93.33333333,3.166666667,22.83333333,5.93
50,0,22.2,40.79,19.1,46.09,24,38.86333333,20.92666667,40.73,20.79,52.2,5.53,59.09,21.5,35.59,22.79,40.79,20.89,45.03,6.8,754.2,93.66666667,3.333333333,22.66666667,5.87
50,10,22.2,40.79,19.06666667,46.09,24.06666667,39,20.89,40.7,20.79,52.09,5.59,59.1225,21.5,35.59,22.79,40.79,20.89,45.09,6.7,754.15,94,3.5,22.5,5.8
60,0,22.2,40.82666667,19,46.09,24.06666667,39.06,20.89,40.7,20.73,52.03,5.463333333,58.86,21.5,35.62666667,22.79,40.93333333,20.89,45.2,6.6,754.1,94.33333333,3.666666667,22.33333333,5.73
60,0,22.2,40.9,19,46.12666667,24.1,39.09,20.89,40.73,20.79,52,5.3,58.36333333,21.42666667,35.62666667,22.73,41,20.89,45.2,6.5,754.05,94.66666667,3.833333333,22.16666667,5.67
50,0,22.16666667,40.9,19,46.2,24.1,39.16333333,20.89,40.73,20.79,52,5.226666667,58.56333333,21.39,35.59,22.7,41.09,20.89,45.26,6.4,754,95,4,22,5.6
60,0,22.1,40.9,18.945,46.2,24.1,39.2,20.89,40.7,20.73,51.9,5.366666667,59.69666667,21.39,35.59,22.7,41.09,20.89,45.29,6.38,754,95,4,21.66666667,5.6
40,0,22.1,40.9,18.89,46.2,24.1,39.2,20.89,40.7,20.73,51.9,5.56,60.49,21.39,35.59,22.7,41.2,20.89,45.36333333,6.37,754,95,4,21.33333333,5.6
50,0,22.1,40.9,18.89,46.26,24.1,39.2,20.79,40.59,20.7,51.79,5.69,60.63333333,21.39,35.59,22.63333333,41.2,20.89,45.4,6.35,754,95,4,21,5.6
50,0,22.06666667,40.86333333,18.85666667,46.26,24.1,39.2,20.79,40.59,20.7,51.73,5.896666667,61.23333333,21.39,35.7,22.6,41.06,20.89,45.4,6.33,754,95,4,20.66666667,5.6
50,0,22.06666667,40.93,18.79,46.26,24.1,39.26,20.79,40.59,20.7,51.66333333,6.26,61.76666667,21.39,35.7,22.6,41,20.89,45.43333333,6.32,754,95,4,20.33333333,5.6
50,0,22,40.9,18.79,46.32666667,24.1,39.2,20.79,40.59,20.7,51.53,6.526666667,61.9,21.39,35.7,22.6,40.9,20.89,45.5,6.3,754,95,4,20,5.6
60,0,22,40.9,18.85666667,46.46666667,24.1,39.29,20.79,40.59,20.7,51.46666667,6.76,62.15666667,21.39,35.7,22.6,40.69333333,20.89,45.5,6.32,753.9666667,95,4,20.33333333,5.6
50,0,21.96333333,40.93333333,18.79,46.5,24.1,39.245,20.79,40.59,20.7,51.32666667,6.966666667,62.29,21.32333333,35.79,22.5,40.36333333,20.89,45.56,6.33,753.9333333,95,4,20.66666667,5.6
60,0,21.96333333,41,18.79,46.5,24.1,39.29,20.79,40.7,20.7,51.22333333,7.123333333,62.4,21.39,35.79,22.5,40.15666667,20.89,45.59,6.35,753.9,95,4,21,5.6
50,0,21.96333333,41,18.79,46.5,24.2,39.23,20.79,40.7,20.7,51.09,7.19,62.32666667,21.29,35.79,22.4175,39.8425,20.89,45.66333333,6.37,753.8666667,95,4,21.33333333,5.6
60,0,21.89,41,18.79,46.5,24.2,39.23,20.79,40.7,20.7,50.95,7.333333333,62.13333333,21.29,35.79,22.39,39.62666667,20.89,45.7,6.38,753.8333333,95,4,21.66666667,5.6
50,0,21.89,41.09,18.79,46.5,24.1,39.29,20.73,40.7,20.66666667,50.76,7.4,61.86,21.29,35.9,22.29,39.545,20.89,45.7,6.4,753.8,95,4,22,5.6
50,0,21.89,41.09,18.79,46.43333333,24.16666667,39.29,20.73,40.7,20.6,50.62666667,7.433333333,61.52666667,21.29,35.9,22.2,39.4,20.89,45.73,6.52,753.7833333,94.5,4.333333333,22.16666667,5.63
40,0,21.84,41.045,18.79,46.46666667,24.13333333,39.29,20.7,40.79,20.6,50.46666667,7.5225,61.2,21.29,35.9,22.2,39.4,20.89,45.79,6.63,753.7666667,94,4.666666667,22.33333333,5.67
50,0,21.79,41,18.79,46.46666667,24.13333333,39.29,20.7,40.79,20.66666667,50.4,7.59,60.8,21.29,35.9,22.16666667,39.29,20.89,45.79,6.75,753.75,93.5,5,22.5,5.7
40,0,21.79,41.06,18.79,46.4,24.16666667,39.29,20.7,40.79,20.6,50.2,7.59,60.16,21.29,35.9,22.1,39.29,20.89,45.79,6.87,753.7333333,93,5.333333333,22.66666667,5.73
60,0,21.79,41.09,18.79,46.4,24.1,39.36333333,20.7,40.79,20.6,50.12666667,7.59,59.69333333,21.29,35.9,22.1,39.32666667,20.89,45.82666667,6.98,753.7166667,92.5,5.666666667,22.83333333,5.77
50,0,21.79,41.09,18.79,46.4,24.1,39.4,20.7,40.79,20.6,50,7.623333333,59.03333333,21.29,35.96666667,22.03333333,39.26666667,20.89,45.8175,7.1,753.7,92,6,23,5.8
60,0,21.76,41.2,18.79,46.4,24.16666667,39.4,20.7,40.79,20.6,49.93333333,7.623333333,58.42666667,21.23,35.93333333,21.96333333,39.16333333,20.89,45.86333333,7.15,753.7166667,91.83333333,5.833333333,23.16666667,5.83
50,0,21.7,41.2,18.79,46.29,24.13333333,39.4,20.7,40.79,20.6,49.76,7.59,57.36,21.23,35.86,21.89,38.96333333,20.89,45.9,7.2,753.7333333,91.66666667,5.666666667,23.33333333,5.87
70,0,21.7,41.2,18.79,46.2,24.13333333,39.32666667,20.7,40.79,20.6,49.7,7.59,56.43333333,21.26,35.96666667,21.85666667,38.86333333,20.89,45.9,7.25,753.75,91.5,5.5,23.5,5.9
70,0,21.7,41.26,18.79,46.2,24.1,39.29,20.7,40.79,20.6,49.56,7.59,55.73333333,21.26,35.96666667,21.79,38.79,20.89,45.9,7.3,753.7666667,91.33333333,5.333333333,23.66666667,5.93
70,0,21.7,41.23,18.79,46.65666667,24.03333333,39.23,20.7,40.86333333,20.6,49.56,7.656666667,55.26666667,21.23,35.82666667,21.79,38.79,20.89,45.9,7.35,753.7833333,91.16666667,5.166666667,23.83333333,5.97
100,0,21.7,41.36333333,18.79,46.86333333,23.96333333,39,20.7,41.15666667,20.6,49.53,7.726666667,54.72333333,21.23,35.82666667,21.79,38.79,20.89,45.83333333,7.4,753.8,91,5,24,6
60,10,21.7,41.66666667,18.79,46.96333333,23.89,38.93333333,20.7,41.36333333,20.6,49.59,7.85,54.495,21.2,35.79,21.7,38.79,20.96333333,45.62666667,7.38,753.8333333,90.66666667,5,24.33333333,5.93
60,0,21.76,42.2,18.79,47.22333333,23.79,38.79,20.7,41.4,20.6,49.52666667,7.933333333,53.92333333,21.2,35.73,21.63333333,38.73,20.89,45.4,7.37,753.8666667,90.33333333,5,24.66666667,5.87
70,30,21.79,42.39,18.89,47.4,23.73,38.65666667,20.76,41.12666667,20.6,49.19333333,8.066666667,53.39,21.2,35.56,21.6,38.7,20.89,45.12666667,7.35,753.9,90,5,25,5.8
90,20,21.79,42.53,18.89,47.4,23.745,38.645,20.7,41,20.63333333,50.33,8.13,52.6,21.13333333,35.5,21.53333333,38.62666667,20.89,44.96666667,7.33,753.9333333,89.66666667,5,25.33333333,5.73
70,30,21.79,42.26,19,47.13333333,23.7,38.56,20.7675,40.95,20.76,50.19666667,8.19,52.06666667,21.1,35.4,21.5,38.62666667,20.89,44.76666667,7.32,753.9666667,89.33333333,5,25.66666667,5.67
180,30,21.79,42.12666667,19.06666667,46.8,23.7,38.43333333,20.85666667,41.13333333,20.76,48.82333333,8.49,53,21.1,35.32666667,21.5,38.62666667,20.89,44.29666667,7.3,754,89,5,26,5.6
210,20,21.79,41.96666667,19.2,46.52666667,23.7,38.43333333,20.89,41.2,20.745,47.82,8.8675,51.895,21.1,35.29,21.39,38.53,20.89,43.96333333,7.33,754,88.66666667,5,26.5,5.58
130,30,21.85666667,41.9,19.2,46.26666667,23.63333333,38.43333333,20.96333333,41.2,20.76,47.53,9.126666667,50.13333333,21.1,35.29,21.39,38.695,20.82333333,43.92666667,7.37,754,88.33333333,5,27,5.57
80,20,21.89,41.995,19.32333333,46.2,23.6,38.4,21,41.2,20.76,47.86666667,9.46,48.79333333,21.1,35.2,21.32333333,38.86333333,20.89,44.46,7.4,754,88,5,27.5,5.55
80,20,21.89,42.12666667,19.39,46.2,23.53333333,38.46666667,21.06666667,41.33333333,20.7,48.33333333,9.733333333,47.4,21.1,35.2,21.29,38.93333333,20.96333333,45,7.43,754,87.66666667,5,28,5.53
80,0,21.89,42.26,19.56666667,46.46333333,23.5,38.46666667,21.13333333,41.32666667,20.7,48.36333333,10.13,44.39,21.1,35.2,21.29,39,20.96333333,45.13333333,7.47,754,87.33333333,5,28.5,5.52
70,0,21.89,42.43333333,19.82666667,47.05666667,23.42666667,38.4,21.2,41.46666667,20.7,48.23,10.59,41.92333333,21.1,35.2,21.2,39,21.1,45.19333333,7.5,754,87,5,29,5.5
90,0,21.89,42.5,20.29,46.3,23.39,38.53,21.29,41.56,20.7,48.09,10.96,37.99,21.1,35.12666667,21.2,39,21.1,44.86,7.82,754,86,5.166666667,29,5.63
60,0,21.89,42.76666667,20.29,45.96666667,23.32333333,38.59,21.29,41.43333333,20.7,48.03,11.16,35.79,21.06666667,34.96666667,21.2,38.86333333,21.1,44.79,8.13,754,85,5.333333333,29,5.77
60,10,21.96333333,42.96666667,20.245,46.395,23.29,38.73,21.29,41.4,20.7,47.96666667,11.49,32.09333333,21,34.82666667,21.2,38.73,21,44.66333333,8.45,754,84,5.5,29,5.9
80,0,22,43.12666667,20.29,46.46,23.29,38.79,21.29,41.32666667,20.7,47.9,11.82333333,28.63333333,21,34.66333333,21.1,38.66333333,21,44.39,8.77,754,83,5.666666667,29,6.03
80,0,21.92666667,43.26,20.29,46,23.29,38.9,21.32333333,41.2,20.66666667,47.72333333,11.9725,26.075,21,34.53,21.1,38.53,21,44.32666667,9.08,754,82,5.833333333,29,6.17
70,0,21.92666667,43.59,20.29,45.9,23.23,38.96666667,21.39,41.2,20.6,47.46333333,12,25.05,21,34.4,21.1,38.5,21,44.26666667,9.4,754,81,6,29,6.3
60,0,22,44.86333333,20.29,46.1,23.2,39.12666667,21.39,41.12666667,20.6,47.4,12,25.1,21.05,34.45,21.06666667,38.66333333,21,43.86333333,9.48,754,79.16666667,5.833333333,30.83333333,6.03
90,10,22,45.39666667,20.42666667,46.43,23.2,39.4,21.39,41.26,20.6,47.32666667,12.2,24.39888889,21,34.4,21.03333333,38.82666667,21,43.59,9.57,754,77.33333333,5.666666667,32.66666667,5.77
100,0,22,45.32333333,20.56666667,46.09666667,23.2,39.5,21.39,41.2,20.6,47.26,12.4,23.69777778,21,34.4,21.01666667,38.76333333,21,43.29666667,9.65,754,75.5,5.5,34.5,5.5
80,0,22,45.09333333,20.66333333,45.83333333,23.2,39.56,21.39,41.33333333,20.6,47.2,12.6,22.99666667,21,34.4,21,38.7,21,42.96333333,9.73,754,73.66666667,5.333333333,36.33333333,5.23
100,20,22,44.55,20.93,45.16666667,23.2,39.59,21.53333333,41.76666667,20.6,47.09,12.70833333,21.98078704,21.01111111,34.34444444,21.02083333,38.72916667,21,42.59,9.82,754,71.83333333,5.166666667,38.16666667,4.97
90,20,22,43.86333333,21.1,44.19333333,23.13333333,39.5,21.6,42.29,20.6,46.9,12.81666667,20.96490741,21.02222222,34.28888889,21.04166667,38.75833333,21,42.72333333,9.9,754,70,5,40,4.7
70,0,22,43.46333333,21.03333333,43.8,23.2,39.5,21.6,42.36333333,20.6,46.745,12.925,19.94902778,21.03333333,34.23333333,21.0625,38.7875,21,42.69333333,9.97,753.9333333,70.33333333,5.166666667,37.66666667,4.83
70,0,22,43.4,21,43.52666667,23.2,39.59666667,21.6,42.59,20.6,46.66333333,13.03333333,18.93314815,21.04444444,34.17777778,21.08333333,38.81666667,21,42.3,10,753.8666667,70.66666667,5.333333333,35.33333333,4.97
60,0,22,42.9475,21,43.4,23.2,39.86333333,21.6,42.39,20.6,46.59,13.14166667,17.91726852,21.05555556,34.12222222,21.10416667,38.84583333,21,41.69333333,10.1,753.8,71,5.5,33,5.1
60,0,21.92666667,42.65666667,20.89,43.16333333,23.2,39.79,21.53333333,41.99,20.6,46.46666667,13.25,16.90138889,21.06666667,34.06666667,21.125,38.875,20.92666667,41.36,10.2,753.7333333,71.33333333,5.666666667,30.66666667,5.23
60,0,21.89,42.36333333,20.89,43.03,23.2,39.73,21.53333333,41.59666667,20.6,46.4,13.35833333,15.88550926,21.07777778,34.01111111,21.14583333,38.90416667,20.92666667,40.99,10.2,753.6666667,71.66666667,5.833333333,28.33333333,5.37
60,10,21.96333333,42.15666667,20.92666667,42.72333333,23.16666667,39.56,21.5,41.22333333,20.6,46.2,13.46666667,14.86962963,21.08888889,33.95555556,21.16666667,38.93333333,20.92666667,40.65666667,10.3,753.6,72,6,26,5.5
140,0,21.96333333,42.13333333,21,42.46333333,23.1,39.5,21.5,40.96333333,20.6,46.12666667,13.575,13.85375,21.1,33.9,21.2,38.9,20.945,40.545,10.3,753.4833333,71.33333333,6.5,28.33333333,5.37
120,0,21.89,42.52666667,21.06666667,42.26,23.1,39.36333333,21.46333333,40.9,20.6,46.02666667,13.53285714,14.60833333,21.0952381,33.95666667,21.2,39.025,20.92666667,40.22333333,10.4,753.3666667,70.66666667,7,30.66666667,5.23
90,10,22,42.56,21,42.32,23.1,39.29,21.39,40.82666667,20.6,45.9,13.49071429,15.36291667,21.09047619,34.01333333,21.26,39.46,20.92666667,39.96333333,10.4,753.25,70,7.5,33,5.1
110,0,22.06666667,42.56,20.92666667,42.56,23.1,39.26,21.39,40.63333333,20.6,45.9,13.44857143,16.1175,21.08571429,34.07,21.43666667,39.70666667,20.89,39.79,10.4,753.1333333,69.33333333,8,35.33333333,4.97
100,20,22.06666667,42.4,20.79,42.52666667,23.1,39.2,21.39,40.43333333,20.6,45.9,13.40642857,16.87208333,21.08095238,34.12666667,21.61333333,39.95333333,20.89,39.79,10.5,753.0166667,68.66666667,8.5,37.66666667,4.83
110,20,22,42,20.73,42.32666667,23.1,39.16333333,21.39,40.4,20.6,45.9,13.36428571,17.62666667,21.07619048,34.18333333,21.79,40.2,20.85666667,39.76,10.5,752.9,68,9,40,4.7
90,30,22,41.72333333,20.7,42.26,23.1,39.03,21.39,40.4,20.6,45.86333333,13.32214286,18.38125,21.07142857,34.24,21.79,40.2,20.85666667,39.62666667,10.5,752.8666667,68.33333333,9,40,4.75
100,20,22,41.53,20.7,42.09,23.1,38.96666667,21.39,40.5,20.6,45.79,13.28,19.13583333,21.06666667,34.29666667,22,40.4,20.84,39.395,10.4,752.8333333,68.66666667,9,40,4.8
110,20,22,41.345,20.7,41.96666667,23.05,38.845,21.39,40.5,20.6,45.7,13.23785714,19.89041667,21.06190476,34.35333333,22,40.495,20.85666667,39.36333333,10.4,752.8,69,9,40,4.85
110,30,22,41.23,20.7,41.9,23,38.79,21.5,40.65666667,20.6,45.62666667,13.19571429,20.645,21.05714286,34.41,22.1,40.5975,20.85666667,39.26,10.4,752.7666667,69.33333333,9,40,4.9
110,20,22,41.09,20.7,41.79,23,38.7225,21.5,40.79,20.6,45.56,13.15357143,21.39958333,21.05238095,34.46666667,22.2,40.7,20.79,39.2,10.3,752.7333333,69.66666667,9,40,4.95
110,20,21.92666667,41.03,20.7,41.79,23,38.7,21.56666667,40.73,20.6,45.5,13.11142857,22.15416667,21.04761905,34.52333333,22.23,40.76666667,20.85666667,39.22333333,10.3,752.7,70,9,40,5
120,20,21.89,41,20.66666667,41.76,23,38.59,21.6,40.7,20.6,45.5,13.06928571,22.90875,21.04285714,34.58,22.35666667,40.9,20.79,39.16333333,10.5,752.6166667,70.33333333,9,40,5.23
100,20,21.89,40.93333333,20.6,41.76,23,38.545,21.6,40.645,20.6,45.475,13.02714286,23.66333333,21.03809524,34.63666667,22.39,40.9,20.79,39.09,10.6,752.5333333,70.66666667,9,40,5.47
120,0,21.96333333,40.9,20.6,41.79,23.03333333,38.53,21.6,40.73,20.6,45.4,12.985,24.41791667,21.03333333,34.69333333,22.6,41.09,20.79,39.03,10.8,752.45,71,9,40,5.7
100,10,21.945,40.9,20.53333333,41.86333333,23.03333333,38.53,21.66666667,40.93,20.6,45.4,12.94285714,25.1725,21.02857143,34.75,22.6,41.16333333,20.79,39.29,11,752.3666667,71.33333333,9,40,5.93
100,0,21.89,40.96666667,20.5,42.03,23,38.5,21.6,40.83333333,20.53333333,45.4,12.90071429,25.92708333,21.02380952,34.80666667,22.73,41.43333333,20.79,39.29,11.1,752.2833333,71.66666667,9,40,6.17
90,0,21.89,41,20.5,42.09,23,38.5,21.6,40.62666667,20.5,45.4,12.85857143,26.68166667,21.01904762,34.86333333,22.79,41.56,20.79,39.29,11.3,752.2,72,9,40,6.4
90,0,21.89,41,20.5,42.12666667,23,38.5,21.6,40.59,20.5,45.4,12.81642857,27.43625,21.01428571,34.92,22.82333333,41.89,20.79,39.36333333,11.2,752.1,73.16666667,8.833333333,40,6.5
80,0,21.89,41.09,20.42666667,42.2,22.92666667,38.5,21.6,40.59,20.53333333,45.4,12.77428571,28.19083333,21.00952381,34.97666667,22.89,42.22333333,20.79,39.4,11.1,752,74.33333333,8.666666667,40,6.6
90,0,21.89,41.16333333,20.5,42.46333333,22.89,38.53,21.56666667,40.59,20.53333333,45.4,12.73214286,28.94541667,21.0047619,35.03333333,22.92666667,42.5,20.79,39.4,10.9,751.9,75.5,8.5,40,6.7
70,0,21.89,41.29,20.5,42.59,22.89,38.59,21.5,40.59,20.5,45.4,12.69,29.7,21,35.09,23,42.5,20.79,39.4,10.8,751.8,76.66666667,8.333333333,40,6.8
110,0,21.89,41.29,20.5,42.53,22.85666667,38.5,21.5,40.59,20.5,45.46666667,12.7175,29.425,20.96333333,35.23,23.1,42.79,20.79,39.5,10.7,751.7,77.83333333,8.166666667,40,6.9
70,0,21.89,41.29,20.39,42.43333333,22.79,38.5,21.42666667,40.53,20.5,45.5,12.66666667,27.66666667,20.96333333,35.29,23.16666667,42.79,20.79,39.56,10.6,751.6,79,8,40,7
90,0,21.82333333,41.29,20.39,42.56,22.76,38.5,21.46333333,40.59,20.5,45.5,12.39666667,29.33333333,20.89,35.4,23.245,42.995,20.73,39.59,10.7,751.5333333,79,7.833333333,40,7.13
100,0,21.79,41.29,20.35666667,42.62666667,22.7,38.5,21.39,40.59,20.5,45.59,12.13,34,20.89,35.52666667,23.29,43.12666667,20.79,39.66333333,10.8,751.4666667,79,7.666666667,40,7.27
90,0,21.85666667,41.43,20.29,42.83333333,22.7,38.59,21.39,40.76666667,20.5,45.59,11.76333333,38.53,20.89,35.73,23.29,43.2,20.76,39.7,10.9,751.4,79,7.5,40,7.4
110,0,21.89,42.43,20.29,42.96333333,22.7,38.66333333,21.39,40.9,20.5,45.7,11.47,42.515,20.89,35.86333333,23.365,43.145,20.76,39.7,11.1,751.3333333,79,7.333333333,40,7.53
150,0,21.89,42.29,20.29,43.22333333,22.7,38.7,21.35666667,41,20.5,45.76,11.13,44.69666667,20.89,36.09,23.445,43.245,20.73,39.7,11.2,751.2666667,79,7.166666667,40,7.67
130,0,21.79,42.23,20.29,43.32666667,22.7,38.76,21.29,41.06,20.5,45.79,11,42.76666667,20.89,36.09,23.5,43.36333333,20.79,39.76,11.3,751.2,79,7,40,7.8
110,0,21.79,42.36333333,20.29,43.4,22.79,38.79,21.34,41.245,20.5,45.79,11,40.89333333,20.89,36.06,23.5,43.18166667,20.7,39.9,11.1,751.2166667,79.66666667,7.333333333,40,7.7
100,0,21.85666667,42.46666667,20.32333333,43.4,22.79,38.9,21.39,41.43333333,20.5,45.79,11,38.6725,20.96333333,36,23.5,43,20.7,39.9,10.8,751.2333333,80.33333333,7.666666667,40,7.6
90,0,21.79,42.32666667,20.32333333,43.32666667,22.79,38.9,21.39,41.36,20.56666667,45.86333333,11.06666667,35.69666667,20.9725,35.82125,23.54,42.9,20.73,39.9,10.6,751.25,81,8,40,7.5
100,0,21.82333333,42.12666667,20.29,43.16333333,22.79,38.9,21.32333333,41.09,20.6,45.845,11.19,34.66666667,21,35.63714286,23.57142857,42.7,20.79,39.9,10.4,751.2666667,81.66666667,8.333333333,40,7.4
240,0,21.82333333,42.06666667,20.29,43.03,22.79,38.9,21.32333333,40.96333333,20.7,45.79,11.26333333,34,21,35.516,23.5,42.554,20.7,39.76,10.1,751.2833333,82.33333333,8.666666667,40,7.3
470,0,21.89,41.995,20.29,42.96666667,22.79,38.9,21.35666667,40.7,20.7,45.79,11.16,32.39666667,21,35.4,23.57142857,42.42714286,20.7,39.7,9.9,751.3,83,9,40,7.2
100,0,21.89,42.69666667,20.29,42.9,22.79,38.9,21.29,40.56666667,20.66666667,45.7,10.96,32.26333333,21,35.29,23.5,42.272,20.7,39.7,9.93,751.3,81.33333333,8.666666667,40,6.92
100,0,21.89,43.42333333,20.26,43.69333333,22.79,38.9,21.29,40.33333333,20.6,45.7,10.89,27.36666667,21,35.08428571,23.57142857,42.09571429,20.7,39.7,9.97,751.3,79.66666667,8.333333333,40,6.63
420,0,22,42.82666667,20.2,43.5,22.79,38.96666667,21.29,40.06666667,20.6,45.73,10.83,25.3,21,34.834,23.6,41.776,20.7,39.7,10,751.3,78,8,40,6.35
320,10,22,44.02666667,20.2,43.83333333,22.79,39,21.29,40,20.6,45.79,10.06666667,33.26666667,20.98625,34.77875,23.5375,41.24875,20.7,39.56,10,751.3,76.33333333,7.666666667,40,6.07
100,10,22.06666667,47.73333333,20.2,46.22666667,22.79,39.06,21.29,40,20.6,45.86,9.46,35.86,20.89,34.678,23.5,40.856,20.7,39.43333333,10.1,751.3,74.66666667,7.333333333,40,5.78
110,10,22.13333333,48.46666667,20.2,49.45,22.89,39.36,21.2,39.79,20.6,46.13333333,9.39,35.66666667,20.93714286,34.59,23.43714286,40.56714286,20.7,39.29,10.1,751.3,73,7,40,5.5
150,20,22.1,47.6,20.16666667,49.03333333,22.89,39.63333333,21.2,39.73,20.6,46.56666667,9.256666667,34.46666667,20.89,34.5,23.412,40.594,20.63333333,39.15666667,9.88,751.3,73.33333333,7.166666667,40,5.33
160,30,22.1,47.32666667,20.1,48.23333333,22.89,39.8,21.2,39.82666667,20.72666667,55.56666667,8.896666667,34.39666667,20.89,34.44285714,23.5,40.79,20.7,39.16333333,9.67,751.3,73.66666667,7.333333333,40,5.17
140,20,22.1,46.76333333,20.06666667,47.12333333,22.89,40.13333333,21.2,39.96666667,21,64.93,8.63,35.06333333,20.89,34.36,23.54,40.656,20.7,38.96333333,9.45,751.3,74,7.5,40,5
130,30,22.1,46.03,20,46.45666667,22.96333333,40.2,21.29,40.29,20.92666667,64.99666667,8.5,33.2,20.89,34.2,23.54285714,39.88,20.6,38.86333333,9.23,751.3,74.33333333,7.666666667,40,4.83
130,20,22.1,45.13333333,19.96333333,45.79666667,22.89,40.26,21.29,40.29,20.85666667,63.43333333,8.323333333,32.53,20.89,34.054,23.5,39.22,20.6,38.73,9.02,751.3,74.66666667,7.833333333,40,4.67
130,30,22.1,44.8,19.89,45.33,22.89,40.16333333,21.29,40.23,20.79,61.76666667,8.13,32.66333333,20.83285714,33.8,23.5,38.7,20.6,38.59,8.8,751.3,75,8,40,4.5
110,20,22.06666667,44.33333333,19.85666667,44.86333333,22.89,40.09,21.29,40.36333333,20.7,59.86666667,7.966666667,33.22666667,20.83,33.714,23.39,37.98125,20.6,38.53,8.77,751.35,74.5,8,40,4.37
120,30,22,43.8,19.79,44.46333333,22.89,39.96666667,21.39,40.495,20.7,58.66666667,7.9,33.63333333,20.79,33.59,23.39,37.46,20.6,38.36333333,8.73,751.4,74,8,40,4.23
130,20,22,43.29666667,19.79,44.22333333,22.89,39.795,21.42666667,40.26,20.8,62,7.866666667,34.19333333,20.79,33.59,23.30428571,37.22571429,20.53333333,38.23,8.7,751.45,73.5,8,40,4.1
130,30,22,42.96333333,19.73,44.03,22.89,39.7,21.42666667,40.12666667,21.26,73.46,7.8,34.6,20.79,33.86571429,23.29,36.9,20.56666667,38.09,8.67,751.5,73,8,40,3.97
110,10,22,42.76,19.7,43.76,22.89,39.7,21.42666667,40,21.26,69.83333333,7.656666667,35.49333333,20.83,34.434,23.29,36.56714286,20.5,38.03,8.63,751.55,72.5,8,40,3.83
80,10,21.92666667,42.5,19.63333333,43.62666667,22.82333333,39.56666667,21.5,40,21.1,66.2425,7.53,36.23333333,20.86142857,34.69428571,23.29,36.29,20.5,37.86333333,8.6,751.6,72,8,40,3.7
30,0,21.96333333,42.45666667,19.6,43.62666667,22.79,39.46666667,21.5,39.9,21,64.09,7.466666667,36.56666667,20.89,35.09,23.29,36.47333333,20.5,37.65666667,8.55,751.6,72,7.833333333,40,3.67
50,0,21.89,42.7225,19.53333333,43.76,22.79,39.4,21.5,39.82666667,20.96333333,63.36333333,7.333333333,36.96,20.89,35.17,23.29,36.916,20.39,37.32666667,8.5,751.6,72,7.666666667,40,3.63
40,0,21.89,42.62666667,19.5,43.82666667,22.79,39.43333333,21.5,39.79,20.89,62.83,7.156666667,38,20.89,35.36714286,23.22571429,37.2,20.46333333,37.52666667,8.45,751.6,72,7.5,40,3.6
60,0,21.79,42.53,19.42666667,43.9,22.79,39.5,21.5,39.73,20.89,62.12333333,7.03,38.66666667,20.89,35.54,23.2,37.29,20.46333333,37.59,8.4,751.6,72,7.333333333,40,3.57
50,0,21.79,42.53,19.39,43.9,22.79,39.5,21.39,39.59,20.82333333,61.26333333,6.933333333,39.69666667,20.89,35.73375,23.11428571,37.29,20.39,37.92,8.35,751.6,72,7.166666667,40,3.53
50,0,21.76,42.4,19.32333333,43.9,22.73,39.56,21.39,39.59,20.79,59.99666667,6.933333333,40.36333333,20.89,35.86857143,23.04,37.254,20.39,38.43,8.3,751.6,72,7,40,3.5
50,0,21.7,42.32666667,19.29,43.9,22.79,39.59,21.39,39.59,20.79,59.19666667,6.8,41.46666667,20.89,36.036,23,37.36857143,20.42666667,38.8,8.18,751.6166667,72.83333333,7,38.16666667,3.53
50,10,21.7,42.16333333,19.2,43.9,22.73,39.59,21.32333333,39.59,20.76,58.26666667,6.66,42.06,20.89,36.20428571,22.89,37.44,20.5,39.06,8.07,751.6333333,73.66666667,7,36.33333333,3.57
50,0,21.7,42.03,19.2,43.9,22.79,39.5,21.29,39.59,20.76,57.66666667,6.545,42.85,20.912,36.376,22.83285714,37.64,20.5,39.32666667,7.95,751.65,74.5,7,34.5,3.6
50,0,21.66666667,41.96666667,19.16666667,43.93333333,22.79,39.56,21.29,39.59,20.7,56.96,6.475,44.14,21,36.56428571,22.79,37.7,20.5,39.52666667,7.83,751.6666667,75.33333333,7,32.66666667,3.63
60,0,21.6,41.9,19.1,44.13333333,22.79,39.56,21.29,39.59,20.7,56.42666667,6.295,44.395,20.956,36.7,22.79,37.7,20.42666667,39.53,7.72,751.6833333,76.16666667,7,30.83333333,3.67
50,0,21.56666667,41.9,19.1,44.12666667,22.79,39.5,21.29,39.59,20.7,55.9,6.165,45.34,20.98428571,36.79285714,22.7,37.834,20.42666667,39.66333333,7.6,751.7,77,7,29,3.7
70,0,21.5,41.82666667,19.03333333,44.12666667,22.79,39.5,21.2,39.5,20.7,55.56666667,6.156666667,46.69666667,21,36.978,22.68571429,37.9,20.42666667,39.89,7.52,751.7166667,77.5,6.666666667,28.83333333,3.73
50,0,21.5,41.9,19,44.09,22.79,39.5,21.2,39.5,20.6,55.06,6.234,47.4,21,37.16857143,22.6,37.9,20.5,40.22333333,7.43,751.7333333,78,6.333333333,28.66666667,3.77
60,0,21.5,41.9,18.92666667,44.16333333,22.79,39.46666667,21.2,39.5,20.6,54.8,6.33,47.389,21,37.134,22.57142857,37.92857143,20.5,40.46333333,7.35,751.75,78.5,6,28.5,3.8
40,0,21.5,41.86333333,18.89,44.29,22.79,39.425,21.16666667,39.59,20.6,54.52666667,6.42,47.689,21,37.36333333,22.5,38.0225,20.5,40.72333333,7.27,751.7666667,79,5.666666667,28.33333333,3.83
60,0,21.42666667,41.79,18.89,44.29,22.79,39.5,21.1,39.59,20.6,54.32666667,6.549444444,47.87666667,21,37.4,22.5,38.09,20.5,41.03,7.18,751.7833333,79.5,5.333333333,28.16666667,3.87
50,0,21.39,41.7,18.82333333,44.26666667,22.79,39.4,21.1,39.53,20.6,54.13333333,6.618571429,47.39428571,21,37.4,22.39,37.96,20.5,41.22333333,7.1,751.8,80,5,28,3.9
60,0,21.39,41.76,18.82333333,44.32666667,22.79,39.46666667,21.1,39.59,20.6,53.86,6.59,47.05,21,37.4,22.39,38.04375,20.5,41.46333333,7,751.7833333,80.83333333,5,27.83333333,3.93
50,0,21.39,41.7,18.79,44.29,22.79,39.4,21.1,39.59,20.6,53.645,6.354,46.45,21.1,37.44,22.32333333,38.22666667,20.5,41.66333333,6.9,751.7666667,81.66666667,5,27.66666667,3.97
60,0,21.39,41.7,18.79,44.36333333,22.79,39.4,21.1,39.59,20.5,53.43,6.0475,46.6925,21.1,37.5,22.29,38.576,20.5,41.82666667,6.8,751.75,82.5,5,27.5,4
60,0,21.39,41.7,18.73,44.5,22.89,39.56,21,39.5,20.5,53.29,5.86,47.936,21.08181818,37.48181818,22.24090909,38.96181818,20.5,41.96666667,6.7,751.7333333,83.33333333,5,27.33333333,4.03
50,0,21.35666667,41.7,18.73,44.5,22.89,39.5,21,39.5,20.5,53.13333333,5.626666667,48.46666667,21.07777778,37.51777778,22.2,39.09,20.53333333,42.12666667,6.6,751.7166667,84.16666667,5,27.16666667,4.07
60,0,21.35666667,41.7,18.7,44.53,23,39.56,21,39.5,20.5,52.93333333,5.433333333,48.86,21.1,37.612,22.12857143,39.19428571,20.55,42.295,6.5,751.7,85,5,27,4.1
40,0,21.29,41.7,18.7,44.53,23,39.5,21,39.5,20.5,52.79,5.156666667,49.33,21.05714286,37.58285714,22.1,39.4,20.53333333,42.46666667,6.38,751.7,85.5,5,27,4.07
50,0,21.29,41.62666667,18.6,44.545,23,39.53,21,39.5,20.5,52.73,5.03,50.19666667,21.1,37.59,22.1,39.48571429,20.5,42.62666667,6.27,751.7,86,5,27,4.03
50,0,21.29,41.59,18.6,44.59,23,39.59,21,39.5,20.46333333,52.56,4.9,51.55,21.1,37.56428571,22.1,39.7,20.56666667,42.76,6.15,751.7,86.5,5,27,4
50,0,21.29,41.59,18.6,44.59,23,39.59,20.89,39.4,20.39,52.43333333,4.7975,51.87,21.1,37.59,22.07142857,39.7,20.53333333,42.93333333,6.03,751.7,87,5,27,3.97
60,0,21.2,41.5,18.56666667,44.59,23,39.59,20.89,39.4,20.39,52.26,4.591818182,52.49818182,21.1,37.62142857,22,39.7,20.53333333,43.06,5.92,751.7,87.5,5,27,3.93
60,0,21.2,41.5,18.5,44.66333333,23.03333333,39.62666667,20.89,39.4,20.39,52.2,4.53,53.18055556,21.1,37.7,21.98428571,39.59285714,20.5,43.2,5.8,751.7,88,5,27,3.9
60,0,21.2,41.4,18.5,44.73,23.1,39.62666667,20.89,39.4,20.39,52.06,4.515,53.49722222,21.1,37.7,21.89,39.5,20.5,43.26,5.72,751.7,88,5,26.83333333,3.83
50,0,21.2,41.4,18.42666667,44.73,23.1,39.59,20.89,39.36333333,20.39,52,4.466666667,53.54777778,21.0625,37.71125,21.89,39.5,20.6,43.4,5.63,751.7,88,5,26.66666667,3.77
60,0,21.2,41.4,18.39,44.62666667,23.1,39.59,20.89,39.29,20.39,51.86333333,4.405555556,53.55888889,21.1,37.79,21.89,39.4,20.6,43.46666667,5.55,751.7,88,5,26.5,3.7
50,0,21.2,41.4,18.39,44.7,23.1,39.59,20.84,39.29,20.32333333,51.73,4.35,53.86,21.1,37.89714286,21.89,39.30571429,20.5,43.5,5.47,751.7,88,5,26.33333333,3.63
50,0,21.2,41.4,18.35666667,44.7,23.1,39.59,20.79,39.2,20.39,51.66333333,4.238888889,53.73555556,21.1,38,21.83,39.214,20.56666667,43.56,5.38,751.7,88,5,26.16666667,3.57
50,0,21.13333333,41.4,18.29,44.7,23.1,39.59,20.79,39.2,20.39,51.53,4.152222222,53.85777778,21.02857143,37.98428571,21.79,39.02571429,20.53333333,43.59,5.3,751.7,88,5,26,3.5
50,0,21.1,41.36333333,18.29,44.7,23.1,39.59,20.79,39.2,20.39,51.46666667,3.982222222,53.57777778,21.08,37.994,21.79,38.9,20.6,43.66333333,5.27,751.6833333,87.83333333,5,28.33333333,3.43
50,0,21.1,41.29,18.29,44.7,23.1,39.59,20.79,39.2,20.39,51.32666667,3.890833333,53.7675,21.02857143,37.89714286,21.79,38.94285714,20.53333333,43.73,5.23,751.6666667,87.66666667,5,30.66666667,3.37
50,0,21.1,41.29,18.2,44.59,23.1,39.59,20.79,39.16333333,20.29,51.26,3.863333333,54.75666667,21.04,37.874,21.79,38.9,20.6,43.79,5.2,751.65,87.5,5,33,3.3
30,0,21.1,41.29,18.2,44.66333333,23.1,39.59,20.79,39.09,20.29,51.1725,4.123333333,55.66666667,21.08571429,37.98571429,21.72571429,38.9,20.6,43.9,5.17,751.6333333,87.33333333,5,35.33333333,3.23
40,0,21,41.2,18.2,44.7,23.1,39.56,20.76,39.09,20.29,51.03,4.263333333,56,21,37.834,21.7,38.754,20.6,43.96666667,5.13,751.6166667,87.16666667,5,37.66666667,3.17
30,0,21.03333333,41.12666667,18.13333333,44.7,23.1,39.5,20.7,39.09,20.29,50.96666667,4.3,55.5,21.0125,37.7675,21.68571429,38.63714286,20.6,44,5.1,751.6,87,5,40,3.1
50,0,21.03333333,41.12666667,18.1,44.7,23.06666667,39.46666667,20.76,39.09,20.29,50.82666667,3.985625,54.77125,21.04,37.772,21.64,38.616,20.6,43.975,5.07,751.6166667,87.5,5,40,3.13
50,0,21,41.09,18.1,44.7,23,39.46666667,20.7,39.09,20.29,50.76,3.936363636,54.98272727,21,37.7,21.6,38.42857143,20.53333333,43.96666667,5.03,751.6333333,88,5,40,3.17
50,0,21,41.09,18.1,44.7,23,39.59,20.7,39.06,20.29,50.62666667,3.8175,54.975,21,37.7,21.6,38.29,20.56666667,43.9,5,751.65,88.5,5,40,3.2
60,0,21,41.09,18.075,44.7175,23,39.59,20.63333333,38.93333333,20.29,50.56,3.663333333,54.45666667,21.02857143,37.75142857,21.55714286,38.35285714,20.56666667,43.96666667,4.97,751.6666667,89,5,40,3.23
50,0,20.92666667,41.03,18,44.59,23,39.59,20.7,39,20.29,50.5,3.59,54.79,21,37.856,21.54,38.478,20.5,43.96666667,4.93,751.6833333,89.5,5,40,3.27
60,0,20.89,41,18,44.62666667,23,39.59,20.63333333,38.93333333,20.23,50.32666667,3.656666667,55.96666667,21,37.9,21.5,38.52571429,20.5,43.9,4.9,751.7,90,5,40,3.3
50,0,20.89,41,18,44.62666667,23,39.59,20.6,38.9,20.23,50.32666667,3.79,56.36,21,37.845,21.5,38.53857143,20.56666667,44,4.75,751.6833333,90.16666667,4.833333333,40,3.2
60,0,20.89,41,17.96333333,44.7,23,39.59,20.6,38.82666667,20.2,50.2,3.59,55.59,21,37.745,21.5,38.5,20.5,44,4.6,751.6666667,90.33333333,4.666666667,40,3.1
50,0,20.89,41,17.89,44.7,23,39.59,20.6,38.9,20.2,50.12666667,3.491333333,55.77133333,21,37.7,21.45285714,38.39571429,20.5,44,4.45,751.65,90.5,4.5,40,3
60,0,20.89,41,17.89,44.73,23,39.59,20.6,38.82666667,20.2,50.06,3.356,55.32,21,37.65285714,21.434,38.334,20.5,44,4.3,751.6333333,90.66666667,4.333333333,40,2.9
40,0,20.89,41,17.89,44.73,23,39.5,20.6,38.79,20.2,50,3.266666667,55.9,21,37.9,21.39,38.29,20.5,44.03,4.15,751.6166667,90.83333333,4.166666667,40,2.8
50,0,20.79,40.79,17.85666667,44.66333333,23,39.56,20.6,38.79,20.2,49.96666667,3.61,57.15,21,37.82428571,21.39,38.29,20.5,44.09,4,751.6,91,4,40,2.7
50,0,20.79,40.79,17.85666667,44.72333333,23,39.545,20.6,38.79,20.2,49.82666667,3.7,56.89666667,21,37.74,21.37571429,38.23857143,20.5,44.09,4,751.6333333,90.83333333,4.166666667,40,2.67
50,0,20.79,40.79,17.79,44.7,23,39.53,20.56666667,38.79,20.2,49.76,3.79,56.93,21.04285714,37.94285714,21.29,38.178,20.5,44.09,4,751.6666667,90.66666667,4.333333333,40,2.63
60,0,20.79,40.79,17.79,44.7,23,39.53,20.5,38.79,20.2,49.7,3.632857143,56.195,21,37.856,21.29,38.16857143,20.5,44.09,4,751.7,90.5,4.5,40,2.6
70,0,20.79,40.79,17.79,44.7,23,39.5,20.5,38.79,20.2,49.66333333,3.5,56.1475,21,37.86714286,21.29,38.2,20.5,44.09,4,751.7333333,90.33333333,4.666666667,40,2.57
120,0,20.79,40.93,17.79,44.7,23,39.43333333,20.5,38.79,20.175,49.2925,3.5,56.71555556,21.025,37.725,21.23857143,38.15285714,20.5,44.2,4,751.7666667,90.16666667,4.833333333,40,2.53
70,0,20.79,41.245,17.82333333,45.03,22.89,39.13333333,20.5,39.06,20.16666667,48.8,3.545,56.995,21,37.45,21.2,38.2,20.5,44.12666667,4,751.8,90,5,40,2.5
90,0,20.82333333,41.36,17.89,45.22333333,22.82333333,38.8,20.5,38.93333333,20.2,47.76333333,3.663333333,57.53333333,21,37.33333333,21.2,38.218,20.5,43.83333333,4.02,751.85,90.16666667,5,38,2.55
60,0,20.89,41.5,17.89,45.56,22.76,38.62666667,20.5,38.83333333,20.2,46.95666667,3.926666667,57.56166667,20.96333333,36.91888889,21.2,38.311,20.5,43.375,4.03,751.9,90.33333333,5,36,2.6
70,10,20.89,41.5,17.96333333,45.56,22.7,38.76,20.5,38.76,20.16666667,46.65666667,4.19,57.59,20.92666667,36.50444444,21.2,38.404,20.5,42.8,4.05,751.95,90.5,5,34,2.65
80,10,20.89,41.36,18,45.46666667,22.7,38.66333333,20.5,38.96666667,20.22666667,55.86333333,4.33,57.79666667,20.89,36.09,21.2,38.497,20.5,41.99,4.07,752,90.66666667,5,32,2.7
290,0,20.89,41.3,18.075,45.25,22.7,38.46333333,20.5,38.96666667,21.49666667,79.89666667,4.996666667,58.32333333,20.89,36.06,21.2,38.59,20.5,41.53,4.08,752.05,90.83333333,5,30,2.75
70,0,20.89,41.43333333,18.16666667,45.33333333,22.6,38.4,20.5,38.82666667,21.23,77.16333333,5.263333333,56.65666667,20.89,36.09,21.2,38.79,20.5,41.12666667,4.1,752.1,91,5,28,2.8
400,0,20.89,41.29,18.29,45.5,22.6,38.4,20.56666667,38.9,21.06666667,76.93333333,5.620729167,54.33052083,20.89,36.09,21.2,38.79,20.56666667,40.92666667,4.3,752.1666667,90.16666667,5.166666667,28.16666667,2.85
70,0,20.89,41.23,18.35666667,45.36,22.6,38.59,20.5,38.9,21,77.12666667,5.978125,52.004375,20.89,36.09,21.2,38.79,20.89666667,40.36333333,4.5,752.2333333,89.33333333,5.333333333,28.33333333,2.9
200,0,20.89,41.29,18.53333333,45.16333333,22.6,38.53,20.56666667,38.96666667,20.89,77.06,6.335520833,49.67822917,20.89,36.025,21.16666667,38.79,21.56333333,39.83,4.7,752.3,88.5,5.5,28.5,2.95
220,0,20.89,41.29,18.66666667,45.03,22.5,38.4,20.6,39,20.82333333,76.46666667,6.692916667,47.35208333,20.89,35.96,21.13333333,38.79,21.89,39.02666667,4.9,752.3666667,87.66666667,5.666666667,28.66666667,3
40,0,21,41.43333333,18.82333333,44.83333333,22.5,38.4,20.6,39.06,20.79,75.29,7.0503125,45.0259375,20.89,35.895,21.13333333,38.79,21.89,38.63333333,5.1,752.4333333,86.83333333,5.833333333,28.83333333,3.05
40,0,21,41.43333333,18.96333333,44.5,22.5,38.29,20.7,39.09,20.73,73.95666667,7.407708333,42.69979167,20.89,35.83,21.2,38.79,21.63333333,38.4,5.3,752.5,86,6,29,3.1
40,0,21,41.4,19.39333333,44.13,22.42666667,38.23,20.7675,39.09,20.66666667,71.89666667,7.765104167,40.37364583,20.89,35.765,21.13333333,38.79,21.42666667,38.4,5.55,752.5333333,84.66666667,6,30.83333333,3.12
60,0,21,41.4,19.72666667,43.33,22.29,38.09,20.79,39.09,20.66666667,70.56333333,8.1225,38.0475,20.89,35.7,21.13333333,38.79,21.2,38.43333333,5.8,752.5666667,83.33333333,6,32.66666667,3.13
210,0,21,41.29,20.13333333,42.83333333,22.29,38.195,20.89,39.09,20.6,68.46333333,8.245,36.42125,20.89,35.59,21.1,38.79,21.13333333,38.5,6.05,752.6,82,6,34.5,3.15
390,0,21,41.23,20.26,42.43333333,22.29,38.29,20.96333333,39.09,20.6,66.79666667,8.48,34.896,20.89,35.53857143,21.1,38.79,21,38.53,6.3,752.6333333,80.66666667,6,36.33333333,3.17
100,0,21.1,41.32666667,20.56666667,42.13333333,22.29,38.4,21,39.03,20.6,64.72666667,9.028571429,33.67857143,20.89,35.5,21.1,38.79,20.92666667,38.59,6.55,752.6666667,79.33333333,6,38.16666667,3.18
50,0,21.1,41.46666667,20.82666667,41.86,22.29,38.4,21.06666667,39.09,20.53333333,63.52666667,9.974,30.174,20.89,35.5,21.1,38.79,21,38.7,6.8,752.7,78,6,40,3.2
50,0,21.2,41.4,21.1,41.22333333,22.29,38.4,21.1,39.06,20.5,62.145,10.16714286,26.35428571,20.89,35.4,21.1,38.79,20.92666667,38.76,7.02,752.7166667,77.5,6.166666667,40,3.3
40,0,21.2,41.3725,21.1,41.03,22.29,38.4,21.1,39.06,20.5,60.92333333,10.436,23.036,20.84714286,35.29857143,21.1,38.79,20.89,38.9,7.23,752.7333333,77,6.333333333,40,3.4
50,0,21.2,41.23,21.26333333,40.83333333,22.29,38.4,21.2,39,20.5,60.33,11.07142857,22.92857143,20.89,35.29,21.1,38.79,20.82333333,38.9,7.45,752.75,76.5,6.5,40,3.5
40,0,21.29,41.29,21.46333333,40.5,22.29,38.4,21.2,39,20.5,59.86333333,11.354,19.54,20.89,35.26428571,21.1,38.79,20.89,39.3,7.67,752.7666667,76,6.666666667,40,3.6
50,0,21.29,41.23,21.53333333,40.13333333,22.29,38.4,21.23,39,20.42666667,59.33,11.44,19.34142857,20.89,35.09,21.1,38.79,20.85666667,39.62666667,7.88,752.7833333,75.5,6.833333333,40,3.7
60,0,21.32333333,41.16333333,21.675,39.875,22.29,38.4,21.23,39,20.42666667,58.93,11.56,18.256,20.89,35.03857143,21.1,38.76,20.85666667,39.76,8.1,752.8,75,7,40,3.8
50,0,21.39,41.09,21.76,39.56666667,22.29,38.4,21.29,39,20.5,58.65666667,11.89571429,16.20714286,20.912,35,21.1,38.7,20.82333333,39.73,8.27,752.8,73.66666667,7,40,3.7
50,0,21.39,41.06,21.92666667,39.33333333,22.29,38.4,21.29,39,20.46333333,58.4,12.136,15.034,21,34.95714286,21.13333333,38.66333333,20.82333333,39.93,8.43,752.8,72.33333333,7,40,3.6
60,0,21.39,40.93333333,22,39.12666667,22.29,38.4,21.39,38.9,20.39,58.06666667,12.36714286,13.96714286,21,34.9,21.2,38.59,20.85666667,40.46333333,8.6,752.8,71,7,40,3.5
50,0,21.5,40.96666667,22,38.96666667,22.29,38.4,21.39,38.9,20.39,57.76,12.56,12.96,21.04285714,34.88428571,21.2,38.59,20.85666667,40.86333333,8.77,752.8,69.66666667,7,40,3.4
50,0,21.5,40.9,22.06666667,38.9,22.29,38.4,21.42666667,38.9,20.39,57.5,12.66428571,11.62571429,21,34.75142857,21.2,38.53,20.85666667,41.36,8.93,752.8,68.33333333,7,40,3.3
40,0,21.6,40.7,22.1,38.86333333,22.29,38.4,21.42666667,38.82666667,20.39,57.13333333,12.6,11.016,21.1,34.66666667,21.29,38.5,20.79,41.63333333,9.1,752.8,67,7,40,3.2
50,0,21.6,40.62666667,22.1,38.73,22.29,38.4,21.5,38.86333333,20.32333333,56.8,12.46714286,11.58428571,21.12857143,34.5,21.29,38.43333333,20.82333333,41.86,9.1,752.8,66.83333333,7,40,3.18
50,0,21.6,40.5,22,38.66333333,22.29,38.32666667,21.5,38.7675,20.39,56.43,12.216,14.314,21.2,34.4,21.32333333,38.29,20.82333333,42,9.1,752.8,66.66666667,7,40,3.17
50,0,21.66666667,40.5,22,38.59,22.29,38.4,21.5,38.7,20.39,56.23,12.19571429,12.60857143,21.25142857,34.30571429,21.46333333,38.29,20.79,42,9.1,752.8,66.5,7,40,3.15
50,0,21.7,40.4,22.03333333,38.62666667,22.365,38.3175,21.5,38.73,20.39,55.93,12.68,9.914,21.31,34.25,21.53333333,38.09,20.79,41.93333333,9.1,752.8,66.33333333,7,40,3.13
30,0,21.76,40.32666667,22.1,38.7,22.39,38.29,21.56666667,38.73,20.39,55.73,13.09571429,7.927142857,21.42142857,34.09,21.6,37.96333333,20.79,41.9,9.1,752.8,66.16666667,7,40,3.12
30,0,21.82333333,40.23,22.1,38.5,22.39,38.26,21.56666667,38.66333333,20.39,55.43,13.278,7.492,21.5,34,21.7,37.845,20.79,41.9,9.1,752.8,66,7,40,3.1
30,0,21.89,40.15666667,22.1,38.5,22.39,38.26,21.5,38.59,20.39,55.23,13.21142857,7.714285714,21.48428571,33.92714286,21.7,37.79,20.79,41.76,9.43,752.8,64.5,7.166666667,40,3.05
40,0,21.89,40.06,22.06666667,38.5,22.35666667,38.29,21.5,38.59,20.39,54.93,12.31,10.6,21.456,33.856,21.7,37.79,20.79,41.7,9.77,752.8,63,7.333333333,40,3
50,0,21.9175,40,22.06666667,38.5,22.29,38.29,21.5,38.59,20.34,54.695,12.16125,10.7375,21.52857143,33.82142857,21.79,37.66333333,20.79,41.7,10.1,752.8,61.5,7.5,40,2.95
50,0,22,40,22.13333333,38.43,22.32333333,38.29,21.5,38.59,20.39,54.46333333,12.78571429,10.58571429,21.64,33.7,21.85666667,37.59,20.79,41.7,10.4,752.8,60,7.666666667,40,2.9
60,0,22,39.96666667,22.2,38.29,22.39,38.29,21.5,38.59,20.39,54.26,12.84,8.478,21.83428571,33.63714286,22,37.46666667,20.79,41.59,10.8,752.8,58.5,7.833333333,40,2.85
60,0,22.06666667,39.9,22.1,38.2,22.39,38.29,21.53333333,38.56,20.32333333,54.12666667,12.66428571,8.261428571,21.912,33.516,22.13333333,37.32666667,20.79,41.59,11.1,752.8,57,8,40,2.8
50,0,22.13333333,39.9,22.1,38.26,22.39,38.29,21.6,38.43333333,20.32333333,54,12.636,7.44,22.07142857,33.36857143,22.26333333,37.2,20.79,41.59,11,752.8,57.5,7.666666667,37.83333333,2.8
50,0,22.2,39.9,22,38.245,22.42666667,38.32666667,21.6,38.36333333,20.32333333,53.93333333,12.60857143,7.298571429,22.2,33.156,22.39,37.06666667,20.79,41.59,10.9,752.8,58,7.333333333,35.66666667,2.8
50,0,22.2,39.86333333,21.96333333,38.32666667,22.5,38.4,21.6,38.29,20.29,53.76,12.156,7.116,22.2,33.09,22.5,37.03,20.79,41.53,10.8,752.8,58.5,7,33.5,2.8
50,0,22.2,39.73,21.89,38.46666667,22.5,38.4,21.6,38.29,20.29,53.7,11.86428571,8.195714286,22.2,33.036,22.42666667,37.03,20.79,41.5,10.6,752.8,59,6.666666667,31.33333333,2.8
50,0,22.29,39.79,21.89,38.36333333,22.5,38.4,21.6,38.29,20.29,53.56,12.38,8.31,22.22571429,33,22.42666667,36.93333333,20.79,41.43333333,10.5,752.8,59.5,6.333333333,29.16666667,2.8
50,0,22.29,39.73,21.82333333,38.29,22.6,38.4,21.6,38.2,20.29,53.36,12.5,8.137142857,22.29,32.9,22.56666667,36.93333333,20.85666667,41.4,10.4,752.8,60,6,27,2.8
40,0,22.29,39.66333333,21.76,38.32666667,22.6,38.4,21.6,38.12666667,20.29,53.29,12.138,8.776,22.29,32.88428571,22.5,36.9,20.79,41.32666667,10.4,752.7833333,59.83333333,6,27.33333333,2.82
60,0,22.29,39.59,21.7,38.46666667,22.6,38.4,21.56666667,38.2,20.29,53.23,11.76857143,11.92857143,22.236,32.754,22.5,36.9,20.79,41.26,10.5,752.7666667,59.66666667,6,27.66666667,2.83
60,0,22.29,39.53,21.7,38.59,22.6,38.4,21.5,38.2,20.29,53.16333333,12.12,14.36,22.2,32.79,22.5,37,20.79,41.2,10.5,752.75,59.5,6,28,2.85
50,0,22.35666667,39.59,21.76,38.46333333,22.6,38.4,21.56666667,38.2,20.29,52.89,12.56166667,11.64666667,22.29,32.9,22.56666667,37,20.79,41.09,10.5,752.7333333,59.33333333,6,28.33333333,2.87
50,0,22.39,39.7,21.79,38.29,22.6,38.4,21.5,38.09,20.29,52.66333333,12.75666667,10.02666667,22.29,32.86333333,22.6,36.9,20.79,41.09,10.6,752.7166667,59.16666667,6,28.66666667,2.88
50,0,22.39,39.62666667,21.79,38.36333333,22.65,38.45,21.56666667,38.03,20.29,52.53,12.96333333,8.833333333,22.29,32.79,22.66666667,36.96666667,20.79,41.09,10.6,752.7,59,6,29,2.9
50,0,22.39,39.5,21.7,38.43333333,22.66666667,38.46666667,21.6,38,20.29,52.36333333,12.73333333,7.526666667,22.29,32.79,22.6,36.9,20.79,41.03,10.5,752.6666667,59.16666667,6,30.83333333,2.87
50,0,22.39,39.43333333,21.63333333,38.5,22.6,38.4,21.53333333,38,20.29,52.29,12.53333333,6.593333333,22.2,32.7,22.575,36.975,20.82333333,40.9,10.4,752.6333333,59.33333333,6,32.66666667,2.83
40,0,22.39,39.4,21.56666667,38.59,22.7,38.5,21.5,37.9,20.29,52.16333333,12.22666667,7.393333333,22.2,32.62666667,22.56666667,36.93333333,20.82333333,40.82666667,10.4,752.6,59.5,6,34.5,2.8
50,0,22.39,39.4,21.5,38.53,22.63333333,38.36,21.5,37.9,20.29,52.03,12.36,5.46,22.2,32.56,22.6,36.9,20.79,40.7,10.3,752.5666667,59.66666667,6,36.33333333,2.77
50,0,22.39,39.29,21.46333333,38.5,22.66666667,38.36333333,21.5,37.79,20.29,51.95,12.03,5.333333333,22.2,32.43333333,22.53333333,36.9,20.79,40.62666667,10.2,752.5333333,59.83333333,6,38.16666667,2.73
50,0,22.39,39.2,21.39,38.63333333,22.66666667,38.36333333,21.5,37.79,20.29,51.76,11.945,6.2675,22.16666667,32.4,22.5,36.79,20.79,40.5,10.1,752.5,60,6,40,2.7
60,0,22.39,39.2,21.35666667,38.79,22.7,38.36333333,21.46333333,37.79,20.29,51.62666667,12.03,5.29,22.1,32.4,22.5,36.79,20.79,40.36333333,10.1,752.5,58.83333333,6.333333333,40,2.37
50,0,22.39,39.16333333,21.29,38.79,22.7,38.29,21.46333333,37.79,20.32333333,51.56,12.1,4.523333333,22.1,32.4,22.42666667,36.79,20.79,40.29,10.1,752.5,57.66666667,6.666666667,40,2.03
50,0,22.39,39.09,21.29,38.645,22.7,38.29,21.39,37.66333333,20.39,51.43333333,11.9,3.256666667,22.1,32.4,22.5,36.79,20.79,40.2,10.1,752.5,56.5,7,40,1.7
40,0,22.39,39.09,21.2,38.7,22.7,38.29,21.39,37.53,20.32333333,51.36333333,11.5,4.433333333,22.1,32.36333333,22.39,36.7,20.79,40.12666667,10,752.5,55.33333333,7.333333333,40,1.37
50,0,22.39,39.09,21.13333333,38.83333333,22.7,38.29,21.39,37.46666667,20.39,51.23,11.5,4.493333333,22.1,32.29,22.39,36.7,20.79,40.06,10,752.5,54.16666667,7.666666667,40,1.03
40,0,22.32333333,39.06,21.1,39.06666667,22.7,38.23,21.39,37.32666667,20.29,51.06,11.2,4.696666667,22,32.2,22.35666667,36.66333333,20.79,39.93333333,10,752.5,53,8,40,0.7
50,0,22.32333333,38.93333333,21.03333333,39.12666667,22.66666667,38.22333333,21.39,37.36333333,20.29,51,10.86666667,5.756666667,22,32.2,22.29,36.59,20.73,39.76,9.88,752.55,54.16666667,7.666666667,40,0.883
50,0,22.29,38.9,20.89,39.23,22.6,38.09,21.32333333,37.29,20.29,50.86333333,10.60545455,7.822727273,21.945,32.167,22.29,36.59,20.79,39.7,9.77,752.6,55.33333333,7.333333333,40,1.07
50,0,22.29,38.82666667,20.82333333,39.29,22.6,38.09,21.35666667,37.26,20.29,50.79,10.435,8.882777778,21.89,32.134,22.23,36.53,20.73,39.76,9.65,752.65,56.5,7,40,1.25
60,0,22.26,38.76,20.7,39.43333333,22.6,38.03,21.29,37.095,20.29,50.7,10.30666667,9.673333333,21.86647059,32.12058824,22.2,36.5,20.73,39.7,9.53,752.7,57.66666667,6.666666667,40,1.43
90,0,22.2,38.7,20.7,39.56,22.6,38,21.29,37,20.29,50.7,10.16916667,10.06166667,21.81411765,31.90494865,22.2,36.545,20.7,39.7,9.42,752.75,58.83333333,6.333333333,40,1.62
90,0,22.2,38.76,20.6,39.5,22.6,38,21.29,36.86333333,20.26,50.46,10.03166667,10.45,21.76176471,31.68930906,22.12,36.798,20.7,39.7,9.3,752.8,60,6,40,1.8
90,0,22.2,38.7,20.53333333,39.5,22.55,37.9,21.23,36.65666667,20.2,50,9.849333333,11.20688889,21.70941176,31.47366947,22.13333333,37.12666667,20.7,39.59,9.25,752.85,60.16666667,5.666666667,40,1.78
110,0,22.2,38.56,20.5,39.5,22.5,38,21.2,36.46666667,20.2,49.49,9.667,11.96377778,21.65705882,31.25802988,22.2,37.26,20.7,39.66333333,9.2,752.9,60.33333333,5.333333333,40,1.77
110,20,22.2,38.56,20.42666667,39.5,22.5,37.93333333,21.2,36.4,20.2,49.15666667,9.484666667,12.72066667,21.60470588,31.04239029,22.32333333,37.29,20.7,39.7,9.15,752.95,60.5,5,40,1.75
130,20,22.2,38.7,20.39,39.4,22.46333333,37.96666667,21.2,36.4,20.2,48.83333333,9.302333333,13.47755556,21.55235294,30.8267507,22.4175,37.3425,20.7,39.7,9.1,753,60.66666667,4.666666667,40,1.73
140,30,22.13333333,38.7,20.32333333,39.4,22.39,37.9,21.2,36.6,20.2,48.56666667,9.12,14.23444444,21.5,30.61111111,22.5,37.5,20.7,38.99,9.05,753.05,60.83333333,4.333333333,40,1.72
110,0,22.1,38.66333333,20.29,39.26,22.39,37.76,21.2,36.96333333,20.2,48.245,9.066666667,16.22333333,21.445,30.745,22.56666667,37.5,20.7,38.53,9,753.1,61,4,40,1.7
120,0,22.1,38.59,20.23,39.2,22.46333333,37.7,21.2,37.09,20.2,48.02666667,8.793333333,17.82333333,21.46333333,31.26333333,22.6,37.745,20.6,37.95,8.93,753.1833333,61.66666667,4,40,1.8
130,0,22.1,38.59,20.2,39.23,22.39,37.59,21.2,37.09,20.2,47.82666667,8.433333333,19.86666667,21.445,31.595,22.6,37.52666667,20.6,37.63333333,8.87,753.2666667,62.33333333,4,40,1.9
120,0,22.1,38.59,20.2,39.29,22.39,37.53,21.2,37.16333333,20.16666667,47.66333333,8.226666667,20.8,21.39,31.85666667,22.6,37.13333333,20.6,37.36,8.8,753.35,63,4,40,2
120,0,22.1,38.66333333,20.1,39.4,22.39,37.53,21.2,37.2,20.1,47.46333333,8.066666667,21.85666667,21.39,32.06666667,22.5,36.52666667,20.6,37.16333333,8.73,753.4333333,63.66666667,4,40,2.1
120,0,22.06666667,38.59,20.1,39.4,22.39,37.59,21.2,37.26,20.2,47.26,8,22.06333333,21.39,32.2,22.5,36.13333333,20.6,37.03,8.67,753.5166667,64.33333333,4,40,2.2
120,0,22,38.59,20.03333333,39.32666667,22.39,37.59,21.2,37.29,20.2,47.06666667,7.866666667,22.2,21.39,32.32666667,22.53333333,35.72333333,20.6,36.83333333,8.6,753.6,65,4,40,2.3
110,0,22,38.56,20,39.29,22.39,37.59,21.2,37.36333333,20.16666667,46.86333333,7.7725,22.3,21.39,32.46666667,22.6,35.46333333,20.6,36.62666667,8.38,753.6666667,66.66666667,4,40,2.45
80,0,22,38.5,19.92666667,39.36333333,22.29,37.59,21.16666667,37.4,20.1,46.73,7.623333333,22.93333333,21.39,32.53,22.56666667,35.16333333,20.56666667,36.52666667,8.17,753.7333333,68.33333333,4,40,2.6
70,0,22,38.5,19.89,39.4,22.29,37.59,21.1,37.46666667,20.1,46.46666667,7.56,24.05666667,21.39,32.72333333,22.5,35.22333333,20.5,36.32666667,7.95,753.8,70,4,40,2.75
70,10,22,38.5,19.82333333,39.46666667,22.32333333,37.46666667,21.1,37.53,20.1,46.32666667,7.45,24.795,21.39,33.03,22.39,35.36,20.5,36.29,7.73,753.8666667,71.66666667,4,40,2.9
70,0,21.96333333,38.5,19.79,39.59,22.39,37.4,21.1,37.53,20.1,46.43333333,7.2975,26.7475,21.39,33.49,22.39,35.645,20.5,36.56333333,7.52,753.9333333,73.33333333,4,40,3.05
70,0,21.89,38.56,19.79,39.66333333,22.39,37.43333333,21.1,37.5,20.1,46.56,7.19,30.26333333,21.39,33.73,22.30111111,35.81444444,20.5,37.25666667,7.3,754,75,4,40,3.2
70,0,21.89,38.53,19.76,39.82666667,22.39,37.5,21.1,37.53,20.1,46.73,7.156666667,35.69333333,21.39,33.86333333,22.29,35.9,20.56666667,38.05666667,7.23,754,75,4,40,3.13
50,0,21.89,38.53,19.7,39.96666667,22.5,37.7,21.1,37.72333333,20.1,46.86333333,7.09,37.36,21.39,34.19333333,22.29,36.1,20.53333333,39.25666667,7.17,754,75,4,40,3.07
50,10,21.89,38.5,19.6,40.03,22.5,37.7225,21.1,37.82666667,20.1,47.03,7,38.36,21.39,34.46666667,22.39,36.59666667,20.6,39.66333333,7.1,754,75,4,40,3
50,0,21.82333333,38.5,19.6,40.22333333,22.5,37.79,21.03333333,37.82666667,20.1,47.16333333,7,38.56,21.32333333,34.65666667,22.39,36.93,20.6,39.96333333,7.03,754,75,4,40,2.93
50,0,21.79,38.5,19.5,40.43333333,22.5,37.9,21,37.9,20.1,47.23,7,39.79333333,21.32333333,34.86333333,22.35666667,37.32666667,20.6,40.16333333,6.97,754,75,4,40,2.87
50,0,21.79,38.5,19.5,40.63333333,22.5,37.9,21,37.9,20.03333333,47.29,7,40.33333333,21.32333333,35.03,22.29,37.52666667,20.6,40.32666667,6.9,754,75,4,40,2.8
60,0,21.76,38.59,19.39,40.82666667,22.6,37.9,21,38,20,47.4,7,41.66333333,21.32333333,35.22333333,22.29,37.745,20.6,40.46666667,6.83,754.0333333,76.66666667,3.833333333,40,3.03
40,0,21.7,38.59,19.39,40.96666667,22.6,37.96666667,21,38,20,47.4975,7,43.72333333,21.29,35.43333333,22.26,37.9,20.6,40.7,6.77,754.0666667,78.33333333,3.666666667,40,3.27
30,0,21.7,38.66333333,19.35666667,41.12666667,22.6,38,20.89,38.03,20,47.59,7,44.69666667,21.29,35.76666667,22.2,38.02666667,20.6,40.82666667,6.7,754.1,80,3.5,40,3.5
20,0,21.7,38.7,19.29,41.26,22.6,38,20.89,38.09,20,47.62666667,7,45.69666667,21.34,36.145,22.16666667,38.23,20.6,41.02666667,6.63,754.1333333,81.66666667,3.333333333,40,3.73
30,0,21.7,38.7,19.26,41.4,22.6,38.03,20.89,38.12666667,20,47.7,7,46.46,21.32333333,36.4,22.1,38.36333333,20.6,41.26666667,6.57,754.1666667,83.33333333,3.166666667,40,3.97
70,0,21.66666667,38.79,19.2,41.525,22.53333333,38.09,20.89,38.2,20,47.7,7.045,47.8725,21.39,36.46666667,22.1,38.46666667,20.6,41.46666667,6.5,754.2,85,3,40,4.2
50,0,21.6,38.79,19.2,41.76,22.5,38.12666667,20.89,38.2,20,47.76,7,48.36333333,21.39,36.59,22.1,38.46666667,20.6,41.62666667,6.42,754.175,85.83333333,3,39,4.26
60,0,21.6,38.9,19.16666667,41.93333333,22.5,38.2,20.89,38.26,20,47.79,6.966666667,49.3,21.39,36.72333333,22.06666667,38.56666667,20.6,41.7,6.35,754.15,86.66666667,3,38,4.32
60,0,21.6,38.96666667,19.1,42.06,22.5,38.23,20.85666667,38.33333333,20,47.79,6.833333333,49.36,21.29,36.9,22,38.76,20.6,41.82666667,6.28,754.125,87.5,3,37,4.38
60,0,21.56666667,39,19.1,42.23,22.56666667,38.29,20.79,38.26,20,47.9,6.656666667,49.4,21.29,36.9,22,39.03,20.6,41.96666667,6.2,754.1,88.33333333,3,36,4.43
50,0,21.56666667,39.06,19.03333333,42.29,22.6,38.29,20.79,38.29,20,47.9,6.59,49.66,21.29,36.9,21.92666667,39.22333333,20.6,42.03,6.13,754.075,89.16666667,3,35,4.49
50,0,21.5,39.09,19,42.4,22.6,38.29,20.79,38.29,20,47.9,6.56,50.5,21.29,36.96666667,21.89,39.56666667,20.6,42.09,6.05,754.05,90,3,34,4.55
50,0,21.5,39.09,19,42.46666667,22.6,38.29,20.79,38.4,20,47.9,6.56,51.16666667,21.29,37.12666667,21.89,39.9,20.6,42.23,5.97,754.025,90.83333333,3,33,4.61
40,0,21.5,39.2,18.96333333,42.59,22.6,38.29,20.79,38.4,19.96333333,48,6.726666667,51.8,21.29,37.2,21.89,40.12666667,20.6,42.29,5.9,754,91.66666667,3,32,4.67
60,0,21.5,39.2,18.89,42.66333333,22.6,38.32666667,20.79,38.4,19.89,48,6.866666667,52.06,21.29,37.2,21.82333333,40.2,20.6,42.32666667,5.83,753.975,92.5,3,31,4.72
50,0,21.5,39.29,18.89,42.79,22.525,38.4,20.79,38.4,19.89,48,6.866666667,51.76666667,21.29,37.33333333,21.79,40.29,20.6,42.4,5.75,753.95,93.33333333,3,30,4.78
60,0,21.5,39.29,18.89,42.86333333,22.5,38.4,20.79,38.46666667,19.89,48,6.726666667,51.5,21.29,37.4,21.79,40.45,20.6,42.43333333,5.67,753.925,94.16666667,3,29,4.84
60,0,21.42666667,39.26666667,18.79,42.9,22.5,38.4,20.7,38.5,19.96333333,48,6.526666667,51.36333333,21.29,37.46666667,21.7,40.59666667,20.6,42.5,5.6,753.9,95,3,28,4.9
60,0,21.42666667,39.32666667,18.79,42.96666667,22.5,38.4,20.76,38.5,19.89,48,6.26,51.15666667,21.29,37.53,21.7,40.86333333,20.6,42.59,5.65,753.9166667,95,3,27.83333333,4.93
50,0,21.39,39.29,18.79,43.03,22.46333333,38.46666667,20.7,38.5,19.89,48,5.73,50.56666667,21.29,37.59,21.76,40.83333333,20.6,42.59,5.7,753.9333333,95,3,27.66666667,4.97
50,0,21.39,39.36333333,18.79,43.09,22.39,38.4,20.7,38.5,19.89,48,5.396666667,50.56666667,21.29,37.59,21.7,40.7225,20.6,42.645,5.75,753.95,95,3,27.5,5
50,0,21.34,39.4,18.7,43.12666667,22.39,38.36333333,20.7,38.59,19.89,48,5.06,50.76333333,21.29,37.59,21.7,40.79,20.6,42.73,5.8,753.9666667,95,3,27.33333333,5.03
50,0,21.39,39.4,18.7,43.2,22.39,38.36333333,20.7,38.53,19.89,48,4.998,52.854,21.2,37.5,21.6,40.5,20.6,42.79,5.85,753.9833333,95,3,27.16666667,5.07
50,0,21.32333333,39.4,18.66666667,43.26,22.35666667,38.4,20.7,38.59,19.89,48,5.09,54.16333333,21.2675,37.545,21.6,40.5,20.6,42.79,5.9,754,95,3,27,5.1
50,0,21.29,39.4,18.6,43.2675,22.29,38.4,20.63333333,38.53,19.89,48,5.026666667,53.56666667,21.29,37.7,21.6,40.5,20.6,42.86333333,5.83,753.9833333,95.16666667,2.833333333,25.83333333,5.07
60,0,21.29,39.46666667,18.6,43.36333333,22.29,38.4,20.6,38.5,19.89,48,4.76,53.16,21.23,37.62666667,21.53333333,40.43333333,20.6,42.9,5.77,753.9666667,95.33333333,2.666666667,24.66666667,5.03
60,0,21.29,39.5,18.56666667,43.4,22.29,38.4,20.6,38.5,19.89,47.93333333,4.59,53.76666667,21.2,37.59,21.6,40.56666667,20.6,42.96666667,5.7,753.95,95.5,2.5,23.5,5
50,0,21.29,39.5,18.5,43.4,22.32333333,38.4,20.6,38.5,19.89,48,4.73,55.63333333,21.2,37.59,21.53333333,40.76,20.6,43,5.63,753.9333333,95.66666667,2.333333333,22.33333333,4.97
50,0,21.26,39.46666667,18.5,43.53,22.39,38.4,20.6,38.5,19.89,48,5.063333333,57,21.2,37.59,21.5,40.82666667,20.6,43,5.57,753.9166667,95.83333333,2.166666667,21.16666667,4.93
60,0,21.2,39.4,18.5,43.59,22.29,38.36333333,20.6,38.5,19.89,48,5.304166667,57.22416667,21.2,37.68357143,21.5,41.01083333,20.6,43.09,5.5,753.9,96,2,20,4.9
50,0,21.2,39.4,18.46333333,43.7,22.29,38.29,20.6,38.5,19.82333333,47.93333333,5.545,57.44833333,21.2,37.77714286,21.5,41.195,20.6,43.09,5.58,753.9,95.83333333,2,20,4.97
40,0,21.2,39.46666667,18.39,43.7,22.32333333,38.43333333,20.6,38.5,19.89,48,5.656666667,57.15666667,21.2,37.76,21.5,41.63333333,20.6,43.2,5.67,753.9,95.66666667,2,20,5.03
40,0,21.2,39.5,18.39,43.73,22.39,38.56,20.6,38.53,19.85666667,47.96666667,5.5,55.9,21.2,37.745,21.5,41.79,20.6,43.26,5.75,753.9,95.5,2,20,5.1
40,0,21.2,39.5,18.39,43.79,22.39,38.62666667,20.53333333,38.59,19.79,47.9,4.96,54.4,21.236,37.79,21.5,42.016,20.6,43.29,5.83,753.9,95.33333333,2,20,5.17
30,0,21.2,39.53,18.29,43.82666667,22.39,38.7,20.56666667,38.59,19.79,47.82666667,4.73,54.62666667,21.2,37.79,21.39,42,20.6,43.29,5.92,753.9,95.16666667,2,20,5.23
40,0,21.2,39.59,18.29,43.9,22.39,38.79,20.5,38.59,19.79,47.9,4.59,55.16666667,21.2,37.9,21.39,42,20.6,43.4,6,753.9,95,2,20,5.3
50,0,21.1,39.59,18.29,43.96666667,22.39,38.79,20.5,38.59,19.79,47.9,4.433333333,55.19666667,21.2,37.9,21.39,42.09,20.6,43.4,5.88,753.9166667,95.33333333,2,27.33333333,5.22
60,0,21.1,39.59,18.29,43.96666667,22.39,38.79,20.5,38.59,19.79,47.9,4.16,54.32333333,21.2,37.86333333,21.39,42.03,20.6,43.43333333,5.77,753.9333333,95.66666667,2,34.66666667,5.13
50,0,21.1,39.59,18.26,43.9,22.39,38.79,20.5,38.59,19.79,47.86333333,3.9,53.9,21.2,37.79,21.39,42,20.6,43.5,5.65,753.95,96,2,42,5.05
50,0,21.1,39.59,18.2,43.9,22.39,38.86333333,20.5,38.59,19.79,47.79,3.76,54.16666667,21.2,37.79,21.39,41.834,20.6,43.5,5.53,753.9666667,96.33333333,2,49.33333333,4.97
50,0,21.1,39.59,18.2,43.9,22.39,38.9,20.5,38.59,19.79,47.79,3.6525,54.97958333,21.2,37.772,21.39,41.667,20.6,43.59,5.42,753.9833333,96.66666667,2,56.66666667,4.88
50,0,21,39.5,18.2,43.96666667,22.39,38.9,20.42666667,38.53,19.79,47.79,3.545,55.7925,21.2,37.754,21.39,41.5,20.6,43.59,5.3,754,97,2,64,4.8
60,0,21,39.5,18.13333333,43.96666667,22.39,38.9,20.39,38.43333333,19.79,47.79,3.59,56.13333333,21.2,37.736,21.39,41.4,20.6,43.53,5.15,754.0333333,97,2,63.5,4.67
60,0,21,39.5,18.125,43.975,22.39,38.9,20.39,38.43333333,19.79,47.79,3.626666667,56.45666667,21.2,37.718,21.35666667,41.29,20.6,43.59,5,754.0666667,97,2,63,4.53
50,0,21,39.5,18.1,44,22.39,38.9,20.39,38.4,19.73,47.79,3.833333333,57.12333333,21.2,37.7,21.29,41.29,20.6,43.59,4.85,754.1,97,2,62.5,4.4
50,0,21,39.5,18.1,44.03,22.39,38.9,20.39,38.4,19.79,47.7,4.16,57.96333333,21.2,37.745,21.29,41.29,20.6,43.59,4.7,754.1333333,97,2,62,4.27
60,0,20.92666667,39.5,18.1,44.09,22.39,38.9,20.39,38.4,19.79,47.7,4.433333333,58.42333333,21.2,37.79,21.29,41.29,20.53333333,43.62666667,4.55,754.1666667,97,2,61.5,4.13
50,0,21,39.76666667,18.1,44.15666667,22.39,38.82666667,20.39,38.4,19.79,47.7,4.963333333,59.19333333,21.13333333,37.86333333,21.29,41.29,20.6,43.7,4.4,754.2,97,2,61,4
50,0,21,40.02666667,18.16666667,44.49,22.35666667,38.66333333,20.39,38.5,19.73,47.7,5.296666667,59.52666667,21.1,37.96666667,21.29,41.29,20.6,43.7,4.57,754.2666667,97.33333333,1.833333333,61,4.2
50,0,21,40.29,18.23,44.76666667,22.29,38.53,20.39,38.5,19.79,47.7,5.693333333,59.89,21.1,38.094,21.2,41.156,20.6,43.7,4.73,754.3333333,97.66666667,1.666666667,61,4.4
80,0,21,40.29,18.29,44.9,22.29,38.5,20.39,38.5,19.73,47.7,6.093333333,60.16333333,21.12857143,38.29,21.2,41.22666667,20.6,43.7,4.9,754.4,98,1.5,61,4.6
110,0,21.03333333,40.66666667,18.32333333,45.06666667,22.23,38.43333333,20.35666667,38.5,19.7,47.7,6.333333333,60.22333333,21.1,38.345,21.2,41.345,20.6,43.7,5.07,754.4666667,98.33333333,1.333333333,61,4.8
60,0,21.1,41.12666667,18.39,45.12666667,22.26,38.33333333,20.29,38.5,19.7,47.76,6.466666667,60.36333333,21.1,38.036,21.2,41.3175,20.6,43.66333333,5.23,754.5333333,98.66666667,1.166666667,61,5
50,0,21.1,41.26666667,18.53333333,45.29,22.2,38.2,20.35666667,38.5,19.79,47.7,6.76,60.83,21.025,37.775,21.2,41.29,20.6,43.46333333,5.4,754.6,99,1,61,5.2
60,0,21.1,41.46666667,18.66666667,45.29,22.2,38.245,20.35666667,38.56,19.79,47.62666667,7.166666667,61.29666667,21.05,37.44,21.2,41.378,20.6,43.36333333,5.5,754.5666667,98.16666667,1,61.66666667,5.18
40,10,21.1,41.26,18.79,44.96666667,22.1,38.2,20.29,38.59,19.73,47.56,7.793333333,61.52666667,21,37.13333333,21.2,41.495,20.6,42.95666667,5.6,754.5333333,97.33333333,1,62.33333333,5.17
60,0,21.16666667,41.06666667,18.85666667,44.76666667,22.1,38.2,20.35666667,38.66333333,19.79,47.45,8.2,61.06666667,20.92666667,36.93333333,21.2,41.7,20.6,42.62666667,5.7,754.5,96.5,1,63,5.15
60,0,21.2,40.76,18.82333333,44.22333333,22,38.09,20.29,38.7,19.79,47.295,8.666666667,59.93333333,20.96333333,37,21.2,41.62666667,20.6,42.56666667,5.8,754.4666667,95.66666667,1,63.66666667,5.13
240,0,21.13333333,40.62666667,18.96333333,43.96333333,22,38.03,20.29,38.7,19.73,47.2,9.2725,57.17,20.89,37,21.23,41.7,20.63333333,42.53,5.9,754.4333333,94.83333333,1,64.33333333,5.12
330,0,21.2,40.73,19.32333333,43.39333333,22,38.06,20.39,38.79,19.745,47.045,9.963333333,51.16666667,21,37.09,21.29,41.7,20.745,42.37,6,754.4,94,1,65,5.1
80,0,21.13333333,40.79,19.39,42.8,22,38,20.39,38.79,19.79,46.9,9.89,45.4,20.92666667,37.09,21.26,41.63333333,20.7,42.045,6.17,754.4333333,93.16666667,1,57.5,5.13
50,0,21.1,40.645,19.42666667,42.7,22,37.96666667,20.39,38.7,19.79,46.745,10.05,43.94,20.92666667,37.2,21.26,41.56,20.7,41.875,6.33,754.4666667,92.33333333,1,50,5.17
90,0,21.13333333,40.56,19.725,42.4,21.92666667,37.9,20.39,38.76,19.79,46.5,10.9,42.1,21,37.2,21.23,41.56666667,20.7,41.62666667,6.5,754.5,91.5,1,42.5,5.2
100,0,21.2,40.69333333,20.06666667,41.43333333,21.96333333,37.93,20.39,38.72333333,19.79,46.2675,11.43333333,37.69333333,21,37.29,21.29,41.76,20.7,41.56666667,6.67,754.5333333,90.66666667,1,35,5.23
70,0,21.16666667,39.92333333,20.2,40.36333333,21.82333333,37.53,20.39,38.59,19.79,46.116,11.83,34.03,21,37.236,21.29,41.93166667,20.7,41.62666667,6.83,754.5666667,89.83333333,1,27.5,5.27
110,0,21.1,39.46333333,20.2,39.89,21.7,37.32666667,20.42666667,38.62666667,19.75142857,45.89714286,12.09,32.89666667,21,37.276,21.29,42,20.66666667,41.52666667,7,754.6,89,1,20,5.3
100,0,21.1,39.43333333,20.23,39.73,21.7,37.32666667,20.5,38.7,20.25,68.02,12.39,30.6,21,37.47142857,21.29,41.9475,20.66666667,41.32666667,7.5,754.6,86.83333333,1.166666667,20,5.42
110,0,21.03333333,39.5,20.29,39.86333333,21.73,37.5,20.5,38.82666667,21.42571429,81.77857143,12.53,29.33333333,21,37.7,21.23,41.73,20.6,41.02666667,8,754.6,84.66666667,1.333333333,20,5.53
190,0,21.03333333,39.62666667,20.32333333,40.06666667,21.79,37.5,20.5,38.96666667,21.114,81.116,12.9,26.79666667,21.05714286,37.68428571,21.23,42.06666667,20.6,40.82666667,8.5,754.6,82.5,1.5,20,5.65
480,0,21.1,39.83333333,20.53,40.59333333,21.79,37.53,20.6,39.19,20.69714286,81.57857143,13.1,25.39,21.1,37.59,21.35666667,42.2,20.6,40.9,9,754.6,80.33333333,1.666666667,20,5.77
440,0,21.1,40.33,20.96,40.56,21.79,37.59,20.7,39.56666667,20.39,79.94,14.145,18.745,21.1,37.52571429,21.39,42.156,20.6,41.16,9.5,754.6,78.16666667,1.833333333,20,5.88
280,0,21.1,40.79666667,21.16666667,40.43333333,21.89,37.76666667,20.76,39.62666667,20.39,77.3,14.154,15.78,21.2,37.4,21.54,41.96,20.7,42.29333333,10,754.6,76,2,20,6
140,0,21.1,41.19333333,21.29,40.53,21.89,37.96666667,20.82333333,39.62666667,20.29,72.7675,13.75428571,15.52714286,21.2,37.17875,21.65714286,41.72571429,20.7,43.03333333,9.88,754.6,75.5,2,20.33333333,5.77
100,0,21.16666667,41.6,21.29,40.86333333,21.945,38.3,20.89,39.7,20.29,70.34833333,13.76,16.032,21.2,37.01285714,21.718,41.4,20.73,43.93333333,9.77,754.6,75,2,20.66666667,5.53
120,0,21.2,41.96333333,21.39,41.33,22,38.53,20.89,39.66333333,20.272,67.27,14.16714286,15.11,21.2,37,21.79,41.09571429,20.79,44,9.65,754.6,74.5,2,21,5.3
160,0,21.2,42.29666667,21.39,41.53,22,38.59,20.89,39.46333333,20.2,65.545,14.39,14.854,21.2,37,21.84,40.845,20.79,43.9,9.53,754.6,74,2,21.33333333,5.07
90,0,21.2,42.66666667,21.39,41.5,22.1,38.73,20.89,39.26,20.2,63.92571429,14.354,14.356,21.254,36.82,21.95285714,40.73857143,20.73,43.82666667,9.42,754.6,73.5,2,21.66666667,4.83
100,0,21.2,43.06,21.39,41.56,22.1,38.79,20.89,39.12666667,20.18,62.92,13.89857143,13.64142857,21.2,36.55428571,22,40.494,20.73,43.63333333,9.3,754.6,73,2,22,4.6
190,0,21.2,43.06666667,21.29,41.73,22.1,38.9,20.89,38.96666667,20.1,61.95,13.394,14.534,21.2,36.5,22.02857143,40.22571429,20.7225,43.3975,9.43,754.6,72.33333333,2,23.16666667,4.62
130,0,21.2225,43.3425,21.23,41.79,22.1,38.96666667,20.89,38.82666667,20.1,60.25,13.15875,16.26875,21.2,36.45714286,22.14,40.156,20.7,43.23,9.57,754.6,71.66666667,2,24.33333333,4.63
100,0,21.35666667,43.53,21.2,41.93333333,22.06666667,39.23,20.89,38.76,20.1,59.058,13.495,16.14,21.2,36.5,22.25142857,40.18428571,20.7,43.02666667,9.7,754.6,71,2,25.5,4.65
200,0,21.39,43.76666667,21.2,42.06,22,39.29,20.89,38.7,20.1,58.074,14.01,14.97714286,21.23857143,36.47142857,22.31,40.2,20.7,42.82666667,9.83,754.6,70.33333333,2,26.66666667,4.67
400,0,21.39,44.02666667,21.2,42.245,22.1,39.69333333,20.89,38.66333333,20.1,57.23571429,14.414,13.998,21.2,36.48,22.39,40.2,20.7,42.66333333,9.97,754.6,69.66666667,2,27.83333333,4.68
190,0,21.39,44.29,21.29,42.86,22.1,39.96666667,20.89,38.66333333,20.1,56.245,14.645,12.995,21.22571429,36.32142857,22.434,40.29,20.7,42.53,10.1,754.6,69,2,29,4.7
150,0,21.39,44.49,21.23,42.93333333,22.1,40.03,20.85666667,38.66333333,20.1,55.65285714,14.85142857,12.05571429,21.2,35.96,22.5,40.04142857,20.7,42.33333333,10.1,754.55,69.66666667,2.166666667,28.16666667,4.85
130,0,21.39,44.82666667,21.29,43.09,22.1,40.16333333,20.79,38.59,20.08571429,55.14285714,15.02,11.496,21.25142857,35.73857143,22.52,39.834,20.7,42.2,10.2,754.5,70.33333333,2.333333333,27.33333333,5
110,10,21.46333333,45.1,21.29,43.09,22.2,40.12666667,20.79,38.59,20,54.52,14.745,10.345,21.29,35.536,22.6,39.79,20.7,42.06,10.2,754.45,71,2.5,26.5,5.15
140,0,21.5,45.43333333,21.29,43.09,22.2,40.12666667,20.79,38.59,20.04285714,54.03571429,14.06571429,10.84,21.26428571,35.37142857,22.7,39.79,20.7,41.93333333,10.2,754.4,71.66666667,2.666666667,25.66666667,5.3
110,0,21.5,45.43333333,21.23,43.09,22.29,40.2,20.84,38.645,20,53.46,13.38,12.154,21.254,35.156,22.71285714,39.77714286,20.7,41.79,10.3,754.35,72.33333333,2.833333333,24.83333333,5.45
110,0,21.42666667,45.32666667,21.16666667,43.06,22.29,40.2,20.79,38.5,20,53.11,13.5,11.495,21.22571429,34.96571429,22.79,39.678,20.7,41.73,10.3,754.3,73,3,24,5.6
80,0,21.42666667,45.4,21.1,42.93333333,22.29,40.09,20.79,38.5,20,52.696,13.26571429,11.51,21.218,34.79,22.79,39.59,20.63333333,41.5,10.4,754.25,72,3,24.83333333,5.43
70,0,21.42666667,45.56666667,21.1,42.93333333,22.29,40.09,20.79,38.46666667,20,52.39714286,13.318,11.772,21.31857143,34.69428571,22.89,39.59,20.7,41.63333333,10.4,754.2,71,3,25.66666667,5.27
80,0,21.5,45.62666667,21.1,43.06,22.29,40.09,20.85666667,38.46666667,20,52.09,13.5,10.79,21.54,34.4,22.89,39.5,20.7,41.82666667,10.4,754.15,70,3,26.5,5.1
90,0,21.53333333,45.33333333,21.06666667,43.02666667,22.29,40.0225,20.85666667,38.43,20,51.98142857,13.25285714,9.167142857,21.6,34.076,22.89,39.35142857,20.7,41.9,10.5,754.1,69,3,27.33333333,4.93
100,0,21.53333333,44.92666667,21,42.76666667,22.29,40,20.79,38.23,20,51.816,13.14,9.914,21.54285714,33.73857143,22.912,39.272,20.66666667,41.83333333,10.6,754.05,68,3,28.16666667,4.77
100,10,21.5,44.29666667,20.96333333,42.56,22.29,39.96666667,20.85666667,38.06,20,51.59571429,13.396,10.578,21.5,33.572,23.02857143,39.22571429,20.6,41.7,10.6,754,67,3,29,4.6
140,0,21.5,43.89,20.89,42.36,22.29,39.9,20.79,37.93333333,20,51.254,13.49714286,10.46857143,21.5,33.5,23.1,39.2,20.7,41.66333333,10.8,753.9333333,64.5,3,30.83333333,4.2
720,0,21.5,43.46666667,20.85666667,42.1,22.29,39.9,20.79,37.9,20,50.98142857,13.06,11.456,21.456,33.356,23.15714286,39.2,20.625,41.4475,11,753.8666667,62,3,32.66666667,3.8
640,0,21.5,43.26666667,20.79,41.9,22.29,39.96666667,20.79,37.9,20,50.714,12.76428571,12.48428571,21.39,33.29,23.218,39.174,20.6,41.4,11.2,753.8,59.5,3,34.5,3.4
330,0,21.5,43.045,20.7,41.82666667,22.56666667,40.93333333,20.79,37.9,20,50.49714286,12.32,13.296,21.39,33.29,23.29,39.29,20.6,41.26,11.4,753.7333333,57,3,36.33333333,3
300,0,21.5,43,20.63333333,41.9,22.795,41.495,20.79,37.9,20,50.1725,11.92142857,14.66428571,21.34,33.3175,23.315,39.2,20.6,41.145,11.6,753.6666667,54.5,3,38.16666667,2.6
300,0,21.5,42.95,20.6,42,23.095,41.5225,20.79,38.045,20,49.916,12.29,16.045,21.39,33.4,23.39,39.2675,20.6,41.1175,11.8,753.6,52,3,40,2.2
280,0,21.53333333,42.96666667,20.675,41.925,23.35666667,41.43333333,20.79,38.16333333,20,49.736,12.6,15.44285714,21.445,33.45,23.39,39.29,20.6,41.2,11.6,753.5666667,54.83333333,3.333333333,40,2.65
330,10,21.6,43.02666667,20.7,41.9,23.63333333,41.16333333,20.79,38.32666667,20,49.62142857,12.82142857,15.71285714,21.456,33.478,23.46857143,39.32142857,20.6,41.13333333,11.3,753.5333333,57.66666667,3.666666667,40,3.1
270,0,21.63333333,43.09,20.7,41.9,23.76,40.96333333,20.79,38.6,20,49.4,13.158,14.872,21.52,33.59,23.5,39.356,20.6,41,11.1,753.5,60.5,4,40,3.55
260,10,21.7,43.16333333,20.7,41.9,23.92666667,40.6,20.89,39.03,20.05714286,49.38428571,13.36428571,14.08285714,21.6,33.59,23.55714286,39.32142857,20.7,41.09,10.8,753.4666667,63.33333333,4.333333333,40,4
480,0,21.79,43.36,20.7,41.96333333,24,40.19333333,20.89,39.16333333,20.1,49.236,13.256,14.354,21.68,33.678,23.62,39.312,20.7,41.03,10.6,753.4333333,66.16666667,4.666666667,40,4.45
330,0,21.85666667,43.56,20.7,42.16333333,23.89,40.09,20.945,39.245,20.1,49.2,13.11285714,14.52428571,21.73,33.62666667,23.7,39.32142857,20.7,41,10.3,753.4,69,5,40,4.9
300,10,21.89,43.59,20.7,42.43333333,23.96333333,40.16333333,21,39.29,20.2,49.09,13.118,13.598,21.85666667,33.83333333,23.754,39.29,20.7,40.93333333,10.4,753.3666667,68.16666667,4.833333333,40,4.83
440,0,21.89,43.59,20.7,42.56,24.03333333,40.43333333,21.06666667,39.29,20.2,49.03857143,13.19,10.22571429,21.89,33.9,23.73,39.14833333,20.6,40.79,10.6,753.3333333,67.33333333,4.666666667,40,4.77
440,10,21.96333333,43.65666667,20.6,42.46666667,24.16666667,40.5,21.1,39.22333333,20.2,48.95,12.956,8.734,21.89,33.754,23.79,38.7675,20.66666667,40.73,10.7,753.3,66.5,4.5,40,4.7
760,0,21.96333333,44.45666667,20.6,42.6,24.42666667,40.89,21.1,38.96333333,20.2,48.92,12.71857143,9.194285714,21.978,33.612,23.81,38.56,20.6,40.46666667,10.8,753.2666667,65.66666667,4.333333333,40,4.63
710,10,22.03333333,45.46,20.5,43.43333333,24.575,41.0225,21.1,38.66333333,20.17142857,49.09571429,12.654,9.534,21.945,33.495,23.89,38.29333333,20.6,40.32666667,11,753.2333333,64.83333333,4.166666667,40,4.57
390,20,22.1,48.12666667,20.56666667,44.76666667,24.6,41.13333333,21.1,38.86333333,20.2,49.536,12.62571429,9.697142857,21.89,33.254,23.945,38.045,20.6,40.06,11.1,753.2,64,4,40,4.5
120,10,22.2,50.19666667,20.6,48.39666667,24.73,41.59666667,21.13333333,39.53,20.2,50.20857143,12.42,11.3,21.89,33.076,23.956,37.79,20.6,39.93333333,10.8,753.2,66,3.666666667,40,4.67
140,10,22.26,50.86333333,20.6,50.26333333,24.79,41.79,21.2,39.73,20.16,51.032,12.14,12.40857143,21.83285714,32.89857143,23.865,37.7225,20.6,40.03,10.6,753.2,68,3.333333333,40,4.83
130,0,22.29,49.66,20.5,50.36333333,24.66666667,41.7,21.2,39.46666667,20.17142857,51.56714286,11.876,13.954,21.79,32.79,23.79,37.87142857,20.6,40.2925,10.3,753.2,70,3,40,5
140,10,22.29,48.86,20.5,49.75666667,24.53333333,41.7,21.2,39.4,20.236,54.434,11.47142857,15.93714286,21.754,32.79,23.92833333,38.34666667,20.6,40.36,10,753.2,72,2.666666667,40,5.17
190,30,22.29,47.7,20.39,48.83333333,24.26,41.43,21.2,39.76666667,20.52714286,66.29571429,11.19,16.86,21.72571429,32.89714286,23.934,38.634,20.6,40.59,9.77,753.2,74,2.333333333,40,5.33
150,20,22.29,46.76666667,20.39,48.16666667,24.2,41.15666667,21.2,39.82666667,20.68,70.116,10.98,18.92571429,21.7,33.036,24,38.7,20.6,40.25666667,9.5,753.2,76,2,40,5.5
140,10,22.29,46.22666667,20.35666667,47.23333333,24.16666667,40.93,21.23,39.95666667,20.96857143,77.26857143,10.696,19.978,21.7,33.245,24.04285714,38.81142857,20.6,39.46,9.47,753.2166667,76.5,1.833333333,37.66666667,5.55
140,0,22.2,45.36333333,20.29,46.645,24.03333333,40.65666667,21.29,40.29,21.55,88.24,10.46857143,19.80857143,21.6,33.36857143,24.1,38.9,20.53333333,39,9.43,753.2333333,77,1.666666667,35.33333333,5.6
130,0,22.2,44.89,20.23,46.36,23.96333333,40.46666667,21.29,40.12666667,21.59428571,87.76428571,10.19,20,21.58571429,33.4,24.1,38.9,20.5,38.52666667,9.4,753.25,77.5,1.5,33,5.65
130,0,22.2,44.49,20.2,46.16333333,23.89,40.32666667,21.29,40.12666667,21.272,86.394,10.04,20.25142857,21.5,33.4,24.17142857,38.9,20.5,38.26666667,9.37,753.2666667,78,1.333333333,30.66666667,5.7
130,0,22.2,44.15666667,20.13333333,46.03,23.76,40.09,21.29,39.83333333,21.1,82.78,9.85,20.574,21.5,33.4,24.2,38.79,20.46333333,37.93,9.33,753.2833333,78.5,1.166666667,28.33333333,5.75
150,0,22.16666667,43.93,20.1,45.82666667,23.7,40.09,21.29,39.62666667,20.89,77.236,9.67875,21.4225,21.5,33.46,24.29,38.9,20.39,37.73,9.3,753.3,79,1,26,5.8
120,0,22.1,43.73,20.1,45.9,23.6,40,21.2,39.345,20.80428571,72.26142857,9.571428571,23.04,21.43714286,33.48571429,24.29,38.9,20.39,37.66333333,9.18,753.3166667,79.5,1.166666667,26,5.78
130,0,22.1,43.56,20.06666667,45.72333333,23.6,39.93333333,21.16666667,39.2,20.736,67.09,9.39,24.374,21.39,33.5,24.29,38.9,20.39,37.53,9.07,753.3333333,80,1.333333333,26,5.77
120,0,22.1,43.43333333,20,45.53,23.46333333,39.79,21.1,39.12666667,20.7,61.49285714,9.297142857,25.31428571,21.39,33.55142857,24.29,38.82142857,20.29,37.46666667,8.95,753.35,80.5,1.5,26,5.75
120,0,22.1,43.26,19.96333333,45.5,23.39,39.79,21.1,39.06,20.66,58.054,9.19,26.62,21.33,33.612,24.39,38.834,20.29,37.4,8.83,753.3666667,81,1.666666667,26,5.73
130,0,22.03333333,43.06666667,19.89,45.5,23.29,39.79,21.1,39,20.6,56.01285714,9.125714286,27.76714286,21.29,33.7,24.39,38.9,20.29,37.4,8.72,753.3833333,81.5,1.833333333,26,5.72
90,0,22,42.86333333,19.89,45.46666667,23.29,39.79,21,38.86333333,20.6,54.332,8.854,28.14,21.29,33.7,24.39,38.9,20.23,37.32666667,8.6,753.4,82,2,26,5.7
70,10,22,42.73,19.89,45.46666667,23.2,39.7,21,38.79,20.6,53.09571429,8.626666667,29.13333333,21.272,33.678,24.39,38.9,20.2,37.2,8.47,753.3666667,82.33333333,1.833333333,25.83333333,5.63
60,10,22,42.83,19.85666667,45.46666667,23.2,39.7,21,38.73,20.6,51.916,8.426666667,30.52666667,21.22571429,33.72571429,24.32333333,38.96666667,20.2,37.2,8.33,753.3333333,82.66666667,1.666666667,25.66666667,5.57
60,0,22,43.03,19.79,45.4,23.2,39.62666667,21,38.79,20.6,51.35428571,8.16,31.9,21.29,34.236,24.29,39.36,20.2,37.36,8.2,753.3,83,1.5,25.5,5.5
40,10,21.96333333,43.16333333,19.76,45.36333333,23.2,39.59,21,38.79,20.58,50.994,7.966666667,33.02666667,21.29,34.55,24.29,39.69333333,20.2,37.7925,8.07,753.2666667,83.33333333,1.333333333,25.33333333,5.43
60,0,21.96333333,43.16333333,19.7,45.23,23.13333333,39.59,21,38.86333333,20.5,50.70875,7.866666667,34.39666667,21.29,34.832,24.2,40.06666667,20.26,38.29666667,7.93,753.2333333,83.66666667,1.166666667,25.16666667,5.37
40,0,21.89,43.16333333,19.66666667,45.16333333,23.1,39.62666667,20.96333333,38.9,20.5,50.49714286,7.8,34.93,21.29,35.02571429,24.2,40.4,20.29,38.8,7.8,753.2,84,1,25,5.3
50,0,21.865,42.9475,19.6,45.09,23.1,39.76,20.89,38.9,20.5,50.2,7.9,35.66666667,21.35,35.4,24.1,41.03,20.29,39.13333333,7.85,753.1833333,83.66666667,1,25.66666667,5.27
60,0,21.79,42.62666667,19.56666667,45.09,23.06666667,39.7,20.89,39,20.5,50.04,7.9,36.4,21.29,35.49857143,24.1,41.43,20.29,39.43333333,7.9,753.1666667,83.33333333,1,26.33333333,5.23
40,0,21.79,42.56,19.4725,45.145,23,39.7,20.89,39,20.5,49.816,7.933333333,37.39666667,21.29,35.674,24.15,41.995,20.29,39.5,7.95,753.15,83,1,27,5.2
40,10,21.73,42.43333333,19.39,45.16333333,23,39.7,20.89,39.06,20.5,49.66857143,8,37.79,21.31857143,35.86857143,24.1,42.32666667,20.29,39.65666667,8,753.1333333,82.66666667,1,27.66666667,5.17
40,0,21.7,42.4,19.35666667,45.23,23,39.7,20.82333333,39,20.5,49.5,7.966666667,37.63333333,21.29,36.08,24.03333333,42.32666667,20.29,39.93,8.05,753.1166667,82.33333333,1,28.33333333,5.13
40,0,21.7,42.4,19.29,45.29,23,39.7,20.79,39,20.46857143,49.30714286,7.76,37.36,21.34714286,36.35428571,23.96333333,42.2,20.29,40.12666667,8.1,753.1,82,1,29,5.1
40,0,21.7,42.4,19.29,45.32666667,22.92666667,39.62666667,20.79,39,20.434,49.116,7.45,37.55,21.39,36.518,23.89,42.2,20.29,40.33333333,8.05,753.0666667,82.66666667,1.166666667,28.66666667,5.18
40,0,21.63333333,42.26666667,19.23,45.4,22.89,39.59,20.79,39,20.39,48.97142857,7.126666667,38.06666667,21.39,36.59,23.79,42.09,20.29,40.56666667,8,753.0333333,83.33333333,1.333333333,28.33333333,5.27
50,0,21.6,42.16333333,19.2,45.4,22.89,39.59,20.79,39.03,20.39,48.856,6.933333333,38.8,21.39,36.6175,23.79,42.09,20.29,40.76,7.95,753,84,1.5,28,5.35
40,0,21.53333333,42.09,19.13333333,45.32666667,22.92666667,39.62666667,20.79,39.03,20.39,48.79,6.526666667,39.32333333,21.39,36.834,23.7,42.23,20.32333333,41.03,7.9,752.9666667,84.66666667,1.666666667,27.66666667,5.43
50,10,21.5,42.09,19.1,45.29,23,39.7,20.76,39,20.39,48.714,6.26,40.32333333,21.39,36.95714286,23.7,42.43,20.39,41.16333333,7.85,752.9333333,85.33333333,1.833333333,27.33333333,5.52
50,0,21.5,42.03,19.03333333,45.29,23,39.7,20.76,39,20.39,48.59,6.06,42.36,21.39,37.076,23.6,42.65666667,20.39,41.32666667,7.8,752.9,86,2,27,5.6
60,0,21.46333333,41.96666667,19,45.2,23.06666667,39.76,20.7,39,20.39,48.5,6.06,43.63333333,21.39,37.23857143,23.6,42.93,20.39,41.46666667,7.67,752.8833333,85.66666667,2,27.16666667,5.42
50,0,21.39,41.82666667,19,45.2,23.1,39.79,20.7,39,20.39,48.55142857,6.19,44.5,21.39,37.134,23.56666667,43.56666667,20.39,41.59,7.53,752.8666667,85.33333333,2,27.33333333,5.23
50,0,21.39,41.79,18.89,45.2,23.1,39.8175,20.7,39,20.39,48.572,6.263333333,44.69333333,21.39,37.38571429,23.56666667,43.83333333,20.39,41.66333333,7.4,752.85,85,2,27.5,5.05
50,0,21.39,41.73,18.89,45.2,23.1,39.82666667,20.7,39,20.39,48.47142857,6.333333333,44.76,21.39,37.54,23.5,44.09,20.39,41.93333333,7.27,752.8333333,84.66666667,2,27.66666667,4.87
50,0,21.39,41.7,18.85666667,45.16333333,23.1,39.9,20.66666667,38.96666667,20.39,48.4,6.4,44.5,21.39,37.7,23.5,44.16333333,20.39,42.095,7.13,752.8166667,84.33333333,2,27.83333333,4.68
50,0,21.32333333,41.7,18.79,45.09,23.16666667,39.9,20.6,38.9,20.37571429,48.35285714,6.3,44.22333333,21.39,37.736,23.5,44.2,20.39,42.26,7,752.8,84,2,28,4.5
40,0,21.29,41.7,18.79,45.2,23.16666667,39.9,20.6,38.9,20.35,48.356,6.226666667,44.16333333,21.39,37.75142857,23.42666667,44.2,20.39,42.32666667,6.93,752.75,84.66666667,2,27.66666667,4.53
50,10,21.29,41.7,18.73,45.2,23.16666667,39.96666667,20.6,38.9,20.39,48.4,5.993333333,43.56,21.39,37.736,23.39,44.2,20.39,42.46666667,6.87,752.7,85.33333333,2,27.33333333,4.57
50,0,21.245,41.645,18.7,45.2,23.2,39.9,20.6,38.79,20.35,48.254,5.66,43.63333333,21.39,37.7,23.39,44.2,20.39,42.5,6.8,752.65,86,2,27,4.6
60,0,21.2,41.56,18.7,45.12666667,23.13333333,39.96666667,20.6,38.79,20.29,48.18428571,5.23,44.13,21.39,37.7,23.39,44.06,20.39,42.56,6.73,752.6,86.66666667,2,26.66666667,4.63
60,0,21.2,41.5,18.65,45.145,23.2,39.96666667,20.6,38.79,20.31,48.09,4.896666667,44.79666667,21.39,37.7,23.39,43.925,20.39,42.59,6.67,752.55,87.33333333,2,26.33333333,4.67
40,0,21.2,41.46666667,18.6,45.09,23.2,39.9,20.6,38.79,20.34714286,48.06428571,4.495,45.595,21.39,37.7,23.32333333,43.82666667,20.39,42.66333333,6.6,752.5,88,2,26,4.7
60,0,21.2,41.46666667,18.53333333,45.09,23.2,39.96666667,20.5,38.76,20.29,48,4.156666667,46.6,21.39,37.7,23.29,43.76,20.39,42.7,6.3,752.4666667,88.5,2,25.66666667,4.5
50,0,21.16666667,41.4,18.5,45.09,23.2,39.9,20.5,38.76,20.29,47.9375,3.963333333,47.46666667,21.39,37.754,23.29,43.62666667,20.46333333,42.76,6,752.4333333,89,2,25.33333333,4.3
50,0,21.1,41.4,18.5,45.09,23.2,39.9,20.5,38.7,20.29,47.85285714,3.863333333,48.06666667,21.39,37.7,23.29,43.46666667,20.39,42.79,5.7,752.4,89.5,2,25,4.1
50,0,21.1,41.29,18.42666667,45.12666667,23.2,39.9,20.5,38.7,20.29,47.9,3.79,48.52666667,21.39,37.718,23.29,43.32666667,20.46333333,42.93,5.4,752.3666667,90,2,24.66666667,3.9
50,10,21.1,41.29,18.42666667,45.12666667,23.2,39.9,20.5,38.7,20.29,47.82142857,3.59,48.86666667,21.39,37.79,23.2,43.09,20.46333333,43,5.1,752.3333333,90.5,2,24.33333333,3.7
50,0,21.1,41.26,18.39,45.12666667,23.13333333,39.9,20.5,38.59,20.29,47.79,3.53,49.46,21.39,37.79,23.2,43.09,20.39,43,4.8,752.3,91,2,24,3.5
50,0,21.1,41.2,18.32333333,45.2,23.1,39.82666667,20.42666667,38.59,20.29,47.73857143,3.363333333,49.3,21.39,37.75428571,23.2,42.86333333,20.5,43.09,4.63,752.2333333,91.33333333,2,23.5,3.37
60,0,21,41.09,18.29,45.2,23.1,39.9,20.39,38.5,20.254,47.598,3.29,50.1,21.39,37.516,23.2,42.79,20.5,43.09,4.47,752.1666667,91.66666667,2,23,3.23
50,0,21,41.03,18.23,45.12666667,23.1,39.9,20.39,38.5,20.29,47.52571429,3.29,51.25666667,21.39,37.45428571,23.13333333,42.76,20.39,43.09,4.3,752.1,92,2,22.5,3.1
60,0,21,41,18.2,45.12666667,23.1,39.9,20.39,38.5,20.29,47.46,3.23,51.99666667,21.39,37.736,23.13333333,42.7,20.46333333,43.16333333,4.13,752.0333333,92.33333333,2,22,2.97
50,0,21,41,18.2,45.2,23.1,39.845,20.39,38.43333333,20.25142857,47.39571429,3.163333333,51.8,21.39,37.76428571,23.1,42.56,20.5,43.2,3.97,751.9666667,92.66666667,2,21.5,2.83
50,0,21,40.96666667,18.1,45.2,23.13333333,39.9,20.39,38.4,20.254,47.396,3.163333333,53,21.39,37.79,23.1,42.5,20.42666667,43.12666667,3.8,751.9,93,2,21,2.7
40,0,21,40.9,18.1,45.2,23.13333333,39.82666667,20.39,38.4,20.26428571,47.36857143,3.23,53.79333333,21.39,37.79,23.1,42.5,20.39,43.09,3.92,751.85,92.66666667,2,21.5,2.78
50,0,21,40.9,18.06666667,45.16333333,23.1,39.79,20.39,38.4,20.2,47.29,3.23,53.86666667,21.39,37.79,23.03333333,42.36,20.39,43.09,4.03,751.8,92.33333333,2,22,2.87
50,0,21,40.82666667,18,45.09,23.1,39.79,20.32333333,38.4,20.22571429,47.28285714,3.163333333,53.75666667,21.39,37.79,23,42.26,20.39,43.09,4.15,751.75,92,2,22.5,2.95
40,0,20.89,40.79,18,45.2,23.1,39.79,20.29,38.36333333,20.2,47.236,3.0425,53.695,21.33285714,37.73857143,23,42.2,20.42666667,43.12666667,4.27,751.7,91.66666667,2,23,3.03
70,0,20.89,40.76,17.92666667,45.26,23.1,39.79,20.29,38.29,20.2,47.2,2.826666667,53.09666667,21.29,37.736,22.89,42.2,20.5,43.2,4.38,751.65,91.33333333,2,23.5,3.12
50,0,20.89,40.7,17.945,45.29,23.1,39.79,20.29,38.29,20.2,47.2,2.633333333,53.22333333,21.29,37.7,22.89,42.2,20.39,43.2,4.5,751.6,91,2,24,3.2
50,0,20.89,40.7,17.89,45.29,23.1,39.79,20.29,38.29,20.2,47.13714286,2.5,53.22333333,21.35,37.79,22.84,42.145,20.39,43.2,4.28,751.5333333,91.33333333,1.833333333,23.5,3.02
60,0,20.89,40.7,17.89,45.29,23.1,39.79,20.29,38.26,20.2,47.09,2.4,53.06,21.29,37.88428571,22.79,42.16333333,20.39,43.2,4.07,751.4666667,91.66666667,1.666666667,23,2.83
50,0,20.89,40.66333333,17.79,45.2,23.1,39.79,20.23,38.12666667,20.2,47.02571429,2.326666667,53.33333333,21.29,37.794,22.79,42.16333333,20.39,43.2,3.85,751.4,92,1.5,22.5,2.65
50,0,20.82333333,40.59,17.79,45.2,23.1,39.79,20.245,38.145,20.2,47,2.29,53.93333333,21.29,37.55142857,22.79,42.2,20.39,43.2,3.63,751.3333333,92.33333333,1.333333333,22,2.47
40,0,20.79,40.5,17.76,45.2,23.1,39.79,20.2,38.09,20.15714286,46.95714286,2.23,54.26666667,21.29,37.634,22.73,42.2,20.39,43.2,3.42,751.2666667,92.66666667,1.166666667,21.5,2.28
50,0,20.79,40.5,17.7,45.2,23.1,39.79,20.2,38.03,20.16,46.98,2.29,55.06,21.29,37.73857143,22.7,42.23,20.39,43.2,3.2,751.2,93,1,21,2.1
50,0,20.79,40.4,17.7,45.2,23.1,39.79,20.2,38,20.15714286,46.9,2.29,55.13333333,21.29,37.754,22.7,42.23,20.39,43.2,3.2,751.1666667,93,1.166666667,21,2.1
40,0,20.73,40.4,17.7,45.2,23,39.7,20.2,38,20.2,46.9,2.29,55.76,21.29,37.76428571,22.7,42.29,20.39,43.09,3.2,751.1333333,93,1.333333333,21,2.1
50,0,20.79,40.36333333,17.7,45.2,23,39.7,20.2,38,20.2,46.88428571,2.23,55.42666667,21.29,37.7,22.7,42.29,20.39,43.09,3.2,751.1,93,1.5,21,2.1
60,0,20.73,40.29,17.7,45.2,23,39.7,20.2,38,20.2,46.79,2.326666667,56.06666667,21.29,37.7,22.7,42.16333333,20.39,43.09,3.2,751.0666667,93,1.666666667,21,2.1
50,0,20.7,40.29,17.7,45.09,23,39.7,20.2,38,20.18333333,46.745,2.526666667,56.66,21.29,37.7,22.7,42.16333333,20.39,43.16333333,3.2,751.0333333,93,1.833333333,21,2.1
60,0,20.7,40.29,17.7,45.03,23,39.7,20.13333333,38,20.12857143,46.7,2.826666667,57.33,21.29,37.7,22.66666667,42.16333333,20.39,43.09,3.2,751,93,2,21,2.1
40,0,20.7,40.29,17.73,44.9,23,39.66333333,20.1,38,20.2,46.7,3.026666667,57.72333333,21.236,37.634,22.6,42.09,20.39,43.16333333,3.48,750.9666667,92.33333333,2,21.16666667,2.28
30,0,20.7,40.29,17.79,44.82666667,23,39.59,20.1,38,20.11428571,46.7,3.595,58.44,21.29,37.7,22.6,42.09,20.39,43.245,3.77,750.9333333,91.66666667,2,21.33333333,2.47
70,0,20.7,40.6,17.82333333,44.86666667,22.96333333,39.49,20.1,38,20.14,46.678,4.226666667,59,21.29,37.718,22.6,42.16333333,20.39,43.4,4.05,750.9,91,2,21.5,2.65
40,0,20.7,41.13333333,17.89,45.46,22.82333333,39.03,20.1,38.13333333,20.17142857,46.52571429,4.766666667,59.33333333,21.29,37.86857143,22.5,42.2,20.46333333,43.4,4.33,750.8666667,90.33333333,2,21.66666667,2.83
50,0,20.79,41.495,17.92666667,45.86,22.76,38.76,20.1,38.29,20.2,46.5,5.43,59.69333333,21.236,37.874,22.5,42.26,20.5,43.36333333,4.62,750.8333333,89.66666667,2,21.83333333,3.02
50,0,20.79,41.53,18.1,46.0675,22.7,38.7,20.1,38.36333333,20.2,46.41428571,5.956666667,59.96666667,21.21285714,38,22.5,42.29,20.42666667,43.15666667,4.9,750.8,89,2,22,3.2
60,0,20.85666667,41.66333333,18.26,46.16333333,22.6,38.7,20.1,38.5,20.2,46.42,6.666666667,59.76333333,21.218,38.136,22.5,42.36333333,20.5,43.06,5.3,750.7666667,87.33333333,2.166666667,23,3.3
210,0,20.89,41.9,18.32333333,46.13333333,22.6,38.7,20.16666667,38.56,20.17142857,46.52857143,7.266666667,58.76333333,21.29,38.65555556,22.5,42.43333333,20.5,42.86,5.7,750.7333333,85.66666667,2.333333333,24,3.4
320,0,20.89,41.9,18.46333333,45.8,22.56666667,38.49,20.1,38.56,20.17142857,46.79571429,7.93,57.16,21.21285714,38.38,22.4725,42.375,20.53333333,42.5,6.1,750.7,84,2.5,25,3.5
70,0,20.85666667,41.56333333,18.6,45.19666667,22.36,38.15666667,20.16666667,38.5,20.1,47.036,8.396666667,53.96666667,21.2,38.016,22.39,42.12666667,20.6,42.43333333,6.5,750.6666667,82.33333333,2.666666667,26,3.6
110,0,20.85666667,41.09666667,18.6,44.45666667,22.29,38.32666667,20.15,38.4,20.1,47.39428571,8.93,48.3,21.2,37.99714286,22.39,42.06,20.6,42.33333333,6.9,750.6333333,80.66666667,2.833333333,27,3.7
130,0,20.89,40.9,18.63333333,43.96666667,22.29,38.19333333,20.2,38.29,20.1,47.59,9.323333333,42.89333333,21.2,37.82,22.39,41.93333333,20.6,42.06666667,7.3,750.6,79,3,28,3.8
70,0,20.89,40.76666667,18.7,43.82666667,22.2,37.83333333,20.2,38.29,20.1,47.66857143,9.826666667,38.96,21.2,37.42142857,22.32333333,41.93333333,20.56666667,41.56,7.63,750.5666667,77.66666667,3.166666667,30,3.88
60,0,20.89,40.76,18.82333333,43.66333333,22.2,37.7,20.2,38.29,20.06,47.656,10.29333333,36.03333333,21.14,37.074,22.39,41.86,20.5,41.5,7.97,750.5333333,76.33333333,3.333333333,32,3.97
70,0,20.89,40.7,18.96333333,43.46333333,22.1,37.7,20.2,38.23,20,47.65285714,10.69666667,32.2,21.1,36.69428571,22.39,41.63333333,20.5,41.22333333,8.3,750.5,75,3.5,34,4.05
70,0,20.89,40.7,19.13333333,43.29666667,22.1,37.7,20.2,38.2,20,47.7,11.09,30,21.1,36.356,22.39,41.63333333,20.5,40.96333333,8.63,750.4666667,73.66666667,3.666666667,36,4.13
70,0,20.89,40.7,19.26,43.03,22.1,37.76666667,20.2,38.2,20,47.62142857,11.56333333,27.46666667,21.1,36.09857143,22.39,41.59,20.5,40.52666667,8.97,750.4333333,72.33333333,3.833333333,38,4.22
60,0,20.89,40.73,19.46,42.76,22.1,37.9,20.2,38.32666667,20,47.554,11.96333333,25.4,21.1,35.918,22.39,41.45,20.5,40.26666667,9.3,750.4,71,4,40,4.3
70,0,20.89,40.79,19.66666667,42.56666667,22.1,37.93333333,20.2,38.4,20,47.44285714,12.36666667,23.16666667,21.1,35.72571429,22.39,41.16333333,20.5,39.9,9.47,750.3833333,70.33333333,4.166666667,37.5,4.32
230,0,20.92666667,40.76,19.92666667,42.16,22.1,38,20.23,38.63333333,20,47.334,12.6925,20.445,21.1,35.5,22.32333333,41.03,20.5,39.62666667,9.63,750.3666667,69.66666667,4.333333333,35,4.33
390,0,20.92666667,40.7,20.13333333,41.9,22.1,38,20.29,38.96666667,20,47.22571429,13.09,18.16666667,21.1,35.46857143,22.29,40.93333333,20.5,39.59,9.8,750.35,69,4.5,32.5,4.35
100,0,21,40.73,20.32333333,41.6,22.1,38.03,20.32333333,39,20,47.09,13.46,14.93,21.1,35.294,22.29,40.93333333,20.46333333,39.56,9.97,750.3333333,68.33333333,4.666666667,30,4.37
70,0,21,40.73,20.46333333,41.26666667,22.1,38.09,20.39,38.93333333,20,46.99857143,13.73333333,12.99,21.1,35.02571429,22.29,40.9,20.46333333,39.56,10.1,750.3166667,67.66666667,4.833333333,27.5,4.38
80,0,21,40.66333333,20.63333333,40.72333333,22.2,38.09,20.39,38.79,20,46.878,14,11.35666667,21.1,34.754,22.29,40.69333333,20.5,39.59,10.3,750.3,67,5,25,4.4
70,0,21,40.4975,20.76,40.46333333,22.13333333,38.03,20.39,38.73,20,46.70875,14.06666667,10.29666667,21.1,34.54,22.39,40.29666667,20.5,39.59,10.4,750.2833333,66.66666667,5.166666667,25.66666667,4.43
80,0,21,40.32666667,20.89,40.05,22.1,38,20.5,38.59,20,46.56428571,14.25666667,10,21.1,34.378,22.46333333,39.96333333,20.46333333,39.52666667,10.5,750.2666667,66.33333333,5.333333333,26.33333333,4.47
80,0,21.03333333,40.13333333,21,39.46,22.1,37.93333333,20.5,38.53,20,46.46,14.53,9.733333333,21.1,34.29,22.6,39.56333333,20.46333333,39.52666667,10.7,750.25,66,5.5,27,4.5
70,0,21.1,39.8,21,39,22.1,37.96666667,20.5,38.4,19.98428571,46.33714286,14.73333333,8.626666667,21.2,34.236,22.6,39.09666667,20.5,39.59,10.8,750.2333333,65.66666667,5.666666667,27.66666667,4.53
80,0,21.23,42.4,21.13333333,38.93333333,22.1,37.82666667,20.5,38.32666667,19.956,46.272,14.53333333,8.293333333,21.23857143,34.13714286,22.5,38.83333333,20.5,39.59,10.9,750.2166667,65.33333333,5.833333333,28.33333333,4.57
80,0,21.29,42.26,21.26,39.13333333,22.1,37.82666667,20.6,38.145,20,46.21285714,14.66666667,8,21.254,33.98,22.54,38.334,20.5,40.12666667,11,750.2,65,6,29,4.6
100,0,21.39,42.19333333,21.42666667,39.32666667,22.16666667,37.96666667,20.6,38.06,20,46.29,14.86,7.266666667,21.29,33.79571429,22.56666667,38.15666667,20.5,39.79333333,11.3,750.15,63.66666667,6.166666667,30.83333333,4.52
110,10,21.46333333,42.19333333,21.5,39.4,22.2,38.12666667,20.6,37.93333333,20,46.29,15.1,6.33,21.39,33.59,22.7,37.79666667,20.5,39.52666667,11.5,750.1,62.33333333,6.333333333,32.66666667,4.43
100,0,21.63333333,41.69333333,21.53333333,39.22333333,22.2,38.26,20.63333333,37.79,20,46.27,15.1,5.856666667,21.48428571,33.53857143,22.76,37.46333333,20.5,39.52666667,11.8,750.05,61,6.5,34.5,4.35
100,0,21.7,41.36,21.6,39.03,22.2,38.5,20.7,37.73,20,46.156,15.136,4.576,21.58,33.518,22.82333333,37.09,20.5,39.19333333,12,750,59.66666667,6.666666667,36.33333333,4.27
90,0,21.82333333,41.06,21.7,38.96666667,22.2,38.56,20.7,37.56,20,46.07714286,15.30428571,4.698571429,21.76,33.59,22.96333333,37.09,20.5,39.52666667,12.3,749.95,58.33333333,6.833333333,38.16666667,4.18
100,0,21.89,40.8,21.7,38.82666667,22.29,38.76,20.76,37.5,20,45.98,15.456,4.658,21.79,33.5,23.03333333,37,20.5,39.56,12.5,749.9,57,7,40,4.1
90,0,22,40.33333333,21.73,38.66333333,22.29,38.7,20.79,37.4,20,45.86857143,15.5,4.278571429,21.85666667,33.5,23.1,36.93333333,20.5,39.56,12.5,749.8333333,56.33333333,7,40,3.93
90,0,22,39.92666667,21.79,38.46333333,22.32333333,38.79,20.79,37.32666667,20,45.79,15.5,4.16,21.92666667,33.4,23.2,36.72333333,20.56666667,39.59,12.5,749.7666667,55.66666667,7,40,3.77
190,0,22.1,39.63333333,21.85666667,38.33333333,22.39,38.79,20.79,37.2,20,45.65,15.68428571,4.098571429,22,33.32666667,23.26,36.79666667,20.56666667,39.59,12.5,749.7,55,7,40,3.6
370,0,22.1,39.16666667,21.79,37.33333333,22.32333333,38.73,20.79,37.12666667,20,45.516,15.96,3.493333333,22.13333333,33.29,23.29,37.12666667,20.6,39.545,12.5,749.6333333,54.33333333,7,40,3.43
280,0,22.2,37.92333333,21.66666667,35.82333333,22.29,38.1,20.89,37.16333333,20,45.36857143,16.15714286,2.594285714,22.2,33.23,23.29,37.26,20.53333333,39.29666667,12.5,749.5666667,53.66666667,7,40,3.27
130,0,22.2,37.33,21.53333333,35.23,22.29,37.69333333,20.89,37.09,20,44.96,16.1,1.371428571,22.29,33.16333333,23.39,37.26,20.6,39.03,12.5,749.5,53,7,40,3.1
120,0,22.2,36.56333333,21.6,35.06333333,22.29,37.33333333,20.89,36.96666667,20,44.52857143,16.2,1.374,22.35666667,33.03,23.39,37.12666667,20.6,38.79,12.8,749.45,52,7.166666667,40,3.05
100,0,22.2,36.0475,21.6,34.79,22.29,37.06666667,20.96333333,36.82666667,20,44.038,16.28,1.242857143,22.42666667,32.9,23.5,36.99,20.6,38.65666667,13,749.4,51,7.333333333,40,3
120,0,22.2,35.96666667,21.7,34.82666667,22.32333333,36.86333333,20.92666667,36.76,20,43.72571429,16.456,1,22.5,32.82666667,23.5,36.65666667,20.6,38.22333333,13.3,749.35,50,7.5,40,2.95
120,0,22.2,36.43333333,21.7925,35.075,22.39,36.79,20.92666667,36.62666667,20.04,43.536,16.6,1,22.53333333,32.66333333,23.6,36.4,20.6,37.83,13.5,749.3,49,7.666666667,40,2.9
110,0,22.26,37.23333333,21.89,35.52666667,22.39,36.82666667,20.92666667,36.5,20.1,43.56428571,16.83,1,22.66666667,32.53,23.6,36.06666667,20.53333333,37.4,13.8,749.25,48,7.833333333,40,2.85
110,0,22.29,37.92666667,21.92666667,35.89,22.39,36.96666667,21,36.43333333,20.04,43.59,16.71,1,22.7,32.36333333,23.73,36,20.53333333,36.79333333,14,749.2,47,8,40,2.8
110,0,22.29,38.33333333,21.92666667,36.29666667,22.39,37.06666667,21,36.245,20.02857143,43.64714286,16.54,1,22.7,32.23,23.79,36,20.5,36.52666667,14.1,749.1333333,47.33333333,7.833333333,40,2.93
120,0,22.29,38.65666667,21.89,36.69333333,22.39,37.33333333,21,36.2,20.1,44,16.55714286,1.1,22.6,32.2,23.79,36,20.5,35.99333333,14.1,749.0666667,47.66666667,7.666666667,40,3.07
120,0,22.29,38.93,21.89,36.96666667,22.46333333,37.59,21,36.2,20.1,44.14,16.934,1.06,22.6,32.2,23.79,35.96666667,20.5,35.7,14.2,749,48,7.5,40,3.2
160,0,22.29,39.26666667,21.89,37.23,22.46333333,37.72333333,21,36.16333333,20.1,44.23,17.22285714,1,22.6,32.23,23.85666667,35.82666667,20.5,35.36666667,14.2,748.9333333,48.33333333,7.333333333,40,3.33
360,0,22.29,39.46666667,21.96333333,37.36333333,22.5,37.9,21,36.09,20.1,44.30571429,17.236,1,22.6,32.29,23.89,35.66333333,20.39,35.09,14.3,748.8666667,48.66666667,7.166666667,40,3.47
410,0,22.29,39.96,21.96333333,37.46333333,22.5,37.96666667,21,36.06,20.1,44.4,17.02571429,1,22.6,32.145,23.96333333,35.53,20.39,34.96333333,14.3,748.8,49,7,40,3.6
520,0,22.35666667,41.03333333,21.96333333,37.92333333,22.5,38.03,21,36,20.1,44.61444444,16.66,1,22.66666667,32.02333333,24,35.5,20.42666667,34.93333333,14.2,748.75,49.33333333,7,40,3.62
430,0,22.39,42.4,21.96333333,38.63333333,22.5,38.16333333,21,36.09,20.1,44.736,16.51285714,1,22.6,31.82333333,24.06666667,35.56,20.5,35.4,14.1,748.7,49.66666667,7,40,3.63
270,0,22.46333333,43.13333333,21.89,38.9,22.6,38.46333333,21,36.09,20.18571429,45.15142857,16.254,1.22,22.7,31.76,24.1,35.8,20.5,36.06666667,14.1,748.65,50,7,40,3.65
190,0,22.42666667,44.23333333,21.89,40.3,22.6,38.72333333,21,36.09,20.14,45.554,16.22571429,1.614285714,22.63333333,31.56666667,24.1,36,20.5,36.32666667,14,748.6,50.33333333,7,40,3.67
170,0,22.56666667,44.9,21.89,41.16,22.6,39.3,21,36.09,20.14285714,45.86857143,15.89,2.28,22.6,31.5,24.2,35.9,20.5,35.845,13.9,748.55,50.66666667,7,40,3.68
140,0,22.5,44.62333333,21.85666667,41.46666667,22.7,39.59,20.96333333,36.09,20.2,46.036,15.76571429,1.981428571,22.53333333,31.42666667,24.2,35.82666667,20.39,35.26666667,13.8,748.5,51,7,40,3.7
150,0,22.56666667,43.76333333,21.79,41.32666667,22.7,39.66333333,20.89,36.03,20.2,46.07714286,15.696,1.88,22.5,31.26,24.2,35.7,20.39,34.8,13.7,748.4666667,51.16666667,6.833333333,40,3.65
110,0,22.6,42.96,21.7,41.02666667,22.7,39.79,20.89,36,20.16,45.98,15.46857143,1.971428571,22.42666667,31.13333333,24.26,35.76,20.39,34.33333333,13.5,748.4333333,51.33333333,6.666666667,40,3.6
100,0,22.6,42.5,21.7,40.69333333,22.7,39.73,20.89,35.93333333,20.2,45.86857143,15.3,1.33,22.39,31.1,24.29,35.72333333,20.39,34.06666667,13.4,748.4,51.5,6.5,40,3.55
100,0,22.55,42.05,21.66666667,40.29666667,22.7,39.66333333,20.89,35.86333333,20.2,45.656,15.19285714,1.452857143,22.39,31.1,24.29,35.53,20.29,33.72333333,13.3,748.3666667,51.66666667,6.333333333,40,3.5
90,0,22.53333333,41.63333333,21.6,39.96333333,22.7,39.53,20.89,35.79,20.18571429,45.45571429,15.04,1.7,22.29,31.23,24.29,35.5,20.29,33.53,13.1,748.3333333,51.83333333,6.166666667,40,3.45
100,0,22.6,41.3,21.5,39.645,22.7,39.43,20.89,35.79,20.16,45.316,14.6325,1.86,22.29,31.29,24.29,35.5,20.29,33.33333333,13,748.3,52,6,40,3.4
170,0,22.5,40.96666667,21.39,39.4,22.7,39.23,20.82333333,35.73,20.17142857,45.12142857,14.29428571,2.35,22.29,31.29,24.26,35.46666667,20.23,33.12666667,13.1,748.3,51.66666667,6,40,3.33
250,10,22.5,40.76666667,21.32333333,39.32666667,22.66666667,39.02666667,20.79,35.59,20.14,44.96,14.016,3.2,22.29,31.29,24.2,35.4,20.2,32.96666667,13.1,748.3,51.33333333,6,40,3.27
410,0,22.5,40.43,21.26,39.16333333,22.66666667,38.9,20.79,35.59,20.11428571,44.79285714,13.73714286,3.741428571,22.2,31.32333333,24.2,35.4,20.2,32.82666667,13.2,748.3,51,6,40,3.2
460,10,22.5,40.89666667,21.2,39.36333333,22.6,38.76,20.79,35.59,20.1,44.678,13.518,4.514,22.2,31.53,24.15,35.4,20.2,32.79,13.2,748.3,50.66666667,6,40,3.13
340,10,22.6,42.39,21.13333333,40.36,22.66666667,38.83333333,20.79,35.62666667,20.1,44.59,13.26857143,7.425714286,22.2,31.5,24.2,35.32666667,20.13333333,32.73,13.3,748.3,50.33333333,6,40,3.07
110,0,22.72666667,43.72333333,21.13333333,41.76666667,22.7,38.93333333,20.79,35.76,20.1,44.736,12.614,11.59,22.13333333,31.56666667,24.06666667,34.99,20.06666667,32.86,13.3,748.3,50,6,40,3
120,10,22.79,43.19333333,21.16666667,42.53,22.7,39.13333333,20.79,35.9,20.1,44.91,12.29142857,11.75142857,22.1,31.65,24,34.86333333,20,33.13333333,13.1,748.3833333,51.33333333,5.833333333,40,3.13
130,10,22.79,42.8,21.1,42.53,22.73,39.23,20.79,35.96666667,20.1,45.076,12.094,13.26,22,31.63333333,24,35.03,20,33.43333333,12.8,748.4666667,52.66666667,5.666666667,40,3.27
110,10,22.79,42.53333333,21.06666667,42.46666667,22.79,39.36333333,20.7,36.15666667,20.1,45.2,11.72142857,17.04285714,22,31.76,23.92666667,35.36333333,20,33.63333333,12.6,748.55,54,5.5,40,3.4
80,10,22.79,42.06666667,21,42.32666667,22.79,39.4,20.7,36.36333333,20.1,45.2,11.256,21.876,21.96333333,32.5,23.96333333,36.19333333,19.89,34.16666667,12.3,748.6333333,55.33333333,5.333333333,40,3.53
90,10,22.79,41.72333333,20.96333333,42.53,22.79,39.46666667,20.7,36.56666667,20.1,45.25142857,10.89714286,27.43857143,21.89,32.83333333,23.89,36.46666667,19.89,34.69333333,12.1,748.7166667,56.66666667,5.166666667,40,3.67
80,10,22.73,41.59,20.89,42.59,22.79,39.5,20.7,36.83333333,20.12,45.29,10.576,32.896,21.89,33.15666667,23.76,36.56666667,19.89,35.245,11.8,748.8,58,5,40,3.8
90,0,22.7,41.5,20.89,42.73,22.79,39.53,20.7,37.03,20.125,45.30375,10.22142857,35.72857143,21.89,33.43,23.7,36.76,19.89,35.8,11.4,748.9666667,62,5,40,4.3
90,10,22.7,41.43333333,20.89,42.86333333,22.79,39.59,20.7,37.22333333,20.1,45.4,10,38.52,21.89,33.65666667,23.66666667,36.9,19.89,36.13333333,11.1,749.1333333,66,5,40,4.8
90,10,22.7,41.5,20.79,42.93333333,22.79,39.59,20.7,37.43333333,20.1,45.5,9.838571429,39.66857143,21.82333333,33.79,23.6,36.96666667,19.96333333,36.46333333,10.8,749.3,70,5,40,5.3
90,10,22.7,41.5,20.73,43.06,22.79,39.59,20.7,37.56,20.1,45.55142857,9.672,41.476,21.79,34.03,23.56666667,37.12666667,19.96333333,36.66333333,10.4,749.4666667,74,5,40,5.8
90,10,22.7,41.5,20.7,43.23,22.79,39.5,20.7,37.82666667,20.1,45.59,9.54,42.354,21.79,34.16333333,23.5,37.26,19.96333333,36.96333333,10.1,749.6333333,78,5,40,6.3
80,0,22.7,41.5,20.7,43.36333333,22.79,39.5,20.7,37.96666667,20.1,45.68166667,9.434,44.052,21.76,34.4,23.46333333,37.4,19.89,37.16333333,9.7,749.8,82,5,40,6.8
80,10,22.7,41.5,20.65,43.45,22.79,39.5,20.66666667,38.09,20.1,45.7,9.325714286,45.65,21.7,34.46666667,23.39,37.46666667,19.92666667,37.32666667,9.52,749.8333333,83.66666667,4.666666667,37.33333333,6.9
90,10,22.6,41.5,20.6,43.59,22.79,39.5,20.6,38.09,20.1,45.79,9.234,47.176,21.7,34.62666667,23.29,37.59,20,37.46666667,9.33,749.8666667,85.33333333,4.333333333,34.66666667,7
80,10,22.6,41.5,20.53333333,43.66333333,22.76,39.53,20.6,38.2,20.1,45.79,9.14,47.17,21.7,34.7,23.29,37.66333333,19.96333333,37.59,9.15,749.9,87,4,32,7.1
80,0,22.6,41.5,20.5,43.7,22.7,39.59,20.6,38.29,20.1,45.79,8.96,46.374,21.6,34.59,23.2,37.62666667,19.89,37.66333333,8.97,749.9333333,88.66666667,3.666666667,29.33333333,7.2
80,10,22.6,41.56,20.5,43.62666667,22.79,39.59,20.6,38.29,20.1,45.86857143,8.75875,46.59625,21.6,34.59,23.2,37.9,19.89,37.7,8.78,749.9666667,90.33333333,3.333333333,26.66666667,7.3
50,0,22.6,41.79,20.46333333,43.66333333,22.79,39.59,20.6,38.4,20.2,46.236,8.597142857,47.58285714,21.7,34.82666667,23.2,38.44,19.96333333,37.83333333,8.6,750,92,3,24,7.4
60,0,22.6,41.73,20.39,43.66333333,22.79,39.59,20.6,38.4,20.11428571,46.41,8.456,48.954,21.7,35.02666667,23.2,38.96333333,20,38.12666667,8.52,750.0333333,92,3,24,7.3
50,0,22.5,41.66333333,20.29,43.73,22.79,39.59,20.6,38.4,20.1,46.518,8.297142857,50.88,21.7,35.36,23.2,39.16333333,20,38.26,8.43,750.0666667,92,3,24,7.2
40,0,22.5,41.59,20.23,43.73,22.89,39.7,20.6,38.46666667,20.1,46.62142857,8.152,51.974,21.7675,35.6725,23.16666667,39.36,20,38.56666667,8.35,750.1,92,3,24,7.1
30,0,22.46333333,41.46666667,20.16666667,43.79,22.82333333,39.62666667,20.6,38.4,20.1,46.736,7.971428571,52.52285714,21.79,35.79,23.16666667,39.56,20,38.76,8.27,750.1333333,92,3,24,7
40,0,22.46333333,41.32666667,20.1,43.79,22.85666667,39.66333333,20.6,38.46666667,20.1,46.79,7.86,53.236,21.76,35.79,23.2,39.736,20,38.96333333,8.18,750.1666667,92,3,24,6.9
50,0,22.39,41.2,20,43.7,22.79,39.59,20.56666667,38.5,20.1,46.79,7.763333333,53.63333333,21.7,35.79,23.1,39.94,20,39.16333333,8.1,750.2,92,3,24,6.8
50,0,22.32333333,41.12666667,20,43.7,22.79,39.7,20.56666667,38.5,20.1,46.79,7.69,54.16,21.7,35.93333333,23.1,40.22285714,20,39.4,7.93,750.2833333,92.16666667,2.833333333,26.66666667,6.67
50,0,22.29,41.06,19.89,43.79,22.79,39.7,20.56666667,38.5,20,46.7,7.59,54.59666667,21.7,36.06,23.1,40.312,20.06666667,39.4,7.77,750.3666667,92.33333333,2.666666667,29.33333333,6.53
60,0,22.29,41,19.82333333,43.79,22.79,39.7,20.5,38.5,20.08571429,46.77714286,7.53,54.93,21.7,36.2,23.02857143,40.32142857,20.06666667,39.52666667,7.6,750.45,92.5,2.5,32,6.4
60,0,22.2,40.9,19.79,43.79,22.79,39.7,20.56666667,38.53,20.04,46.736,7.5,55.32666667,21.7,36.33333333,23,40.29,20.1,39.82666667,7.43,750.5333333,92.66666667,2.333333333,34.66666667,6.27
60,0,22.2,40.9,19.73,43.79,22.79,39.7,20.5,38.59,20.02857143,46.72571429,7.433333333,55.4,21.7,36.53,22.90571429,40.36714286,20.1,39.96666667,7.27,750.6166667,92.83333333,2.166666667,37.33333333,6.13
60,0,22.2,40.79,19.7,43.9,22.82333333,39.7,20.5,38.59,20.04,46.736,7.366666667,55.73,21.7,36.59,22.89,40.518,20.1,40.23,7.1,750.7,93,2,40,6
40,0,22.13333333,40.79,19.7,43.96666667,22.89,39.7,20.5,38.59,20.01428571,46.71285714,7.226666667,55.86333333,21.7,36.73,22.89,40.66857143,20.1,40.43,7.02,750.7833333,93.66666667,1.833333333,38.16666667,6.02
60,0,22.1,40.745,19.6,43.9,22.82333333,39.62666667,20.5,38.59,20,46.7,7.06,56.23,21.7,36.79,22.89,40.94,20.1,40.65666667,6.93,750.8666667,94.33333333,1.666666667,36.33333333,6.03
40,0,22.06666667,40.76,19.5,44,22.89,39.7,20.5,38.59,20,46.7,7,56.49,21.7,36.93333333,22.83285714,41.09571429,20.1,40.93,6.85,750.95,95,1.5,34.5,6.05
50,0,22,40.62666667,19.5,44.06,22.89,39.7,20.39,38.59,20,46.6175,7,56.89,21.7,37.13333333,22.79,41.514,20.1,41.23,6.77,751.0333333,95.66666667,1.333333333,32.66666667,6.07
50,0,22,40.59,19.46333333,44.06,22.89,39.7,20.4175,38.6175,20,46.656,7,57.09,21.7,37.2,22.79,41.59,20.1,41.43,6.68,751.1166667,96.33333333,1.166666667,30.83333333,6.08
50,0,21.92666667,40.59,19.39,44.06,22.85666667,39.66333333,20.42666667,38.62666667,20,46.63714286,6.695,56.395,21.7,37.26,22.79,41.59,20.13333333,41.62666667,6.6,751.2,97,1,29,6.1
50,0,21.89,40.59,19.39,44.09,22.79,39.59,20.39,38.59,20,46.7,6.23,55.56666667,21.7,37.43333333,22.79,41.59,20.13333333,41.76,6.58,751.2666667,96.83333333,1.166666667,29,6.07
50,0,21.89,40.59,19.32333333,44.09,22.85666667,39.66333333,20.39,38.59,20,46.7,6.03,55.9,21.7,37.5,22.772,41.59,20.16666667,41.82666667,6.57,751.3333333,96.66666667,1.333333333,29,6.03
60,0,21.85666667,40.59,19.29,44.12666667,22.85666667,39.66333333,20.39,38.59,20,46.656,5.83,56.26,21.7,37.53,22.73857143,41.49714286,20.16666667,41.96666667,6.55,751.4,96.5,1.5,29,6
60,0,21.79,40.59,19.23,44.12666667,22.89,39.7,20.39,38.59,20,46.68428571,5.563333333,55.79333333,21.7,37.66333333,22.7,41.4,20.13333333,42.23,6.53,751.4666667,96.33333333,1.666666667,29,5.97
60,0,21.79,40.59,19.2,44.09,22.89,39.7,20.39,38.59,20,46.7,5.4,56.22666667,21.7,37.59,22.7,41.33714286,20.2,42.43,6.52,751.5333333,96.16666667,1.833333333,29,5.93
50,0,21.73,40.59,19.2,44.16333333,22.89,39.59,20.39,38.59,20,46.65285714,5.333333333,56.63333333,21.7,37.62666667,22.7,41.272,20.2,42.65666667,6.5,751.6,96,2,29,5.9
50,0,21.7,40.59,19.1,44.2,22.89,39.59,20.39,38.59,19.934,46.7,5.126666667,55.99,21.7,37.62666667,22.67142857,41.14285714,20.2,42.79,6.4,751.6166667,96.16666667,2,28.16666667,5.82
50,0,21.7,40.59,19.1,44.26,22.89,39.53,20.39,38.59,19.95285714,46.7,4.933333333,55.93,21.7,37.53,22.6,40.9,20.2,42.95,6.3,751.6333333,96.33333333,2,27.33333333,5.73
40,0,21.7,40.59,19,44.2,22.82333333,39.53,20.35666667,38.59,19.934,46.678,4.8,56.49333333,21.7,37.59,22.6,40.79,20.2,43.12666667,6.2,751.65,96.5,2,26.5,5.65
60,0,21.7,40.53,19,44.26,22.84,39.45,20.29,38.59,19.96857143,46.66857143,4.8,57.49333333,21.7,37.7,22.6,40.77714286,20.2,43.2,6.1,751.6666667,96.66666667,2,25.66666667,5.57
60,0,21.7,40.5,18.89,44.29,22.79,39.4,20.29,38.59,20,46.59,4.9,58.23,21.7,37.7,22.58,40.7,20.2,43.36,6,751.6833333,96.83333333,2,24.83333333,5.48
60,0,21.7,40.5,18.89,44.36333333,22.85666667,39.46666667,20.29,38.53,19.90571429,46.66857143,4.9,58.36333333,21.7,37.79,22.5,40.7,20.2,43.5,5.9,751.7,97,2,24,5.4
60,0,21.66666667,40.46666667,18.85666667,44.36333333,22.85666667,39.46666667,20.29,38.5,19.912,46.656,4.866666667,58.23333333,21.7,37.79,22.5,40.656,20.2,43.59,5.83,751.7666667,97,2,24.16666667,5.33
50,0,21.6,40.4,18.79,44.36333333,22.85666667,39.4,20.29,38.5,19.92142857,46.65285714,4.726666667,57.56666667,21.7,37.76,22.5,40.60571429,20.2,43.66333333,5.77,751.8333333,97,2,24.33333333,5.27
50,0,21.6,40.4,18.79,44.4,22.79,39.36333333,20.26,38.46666667,19.89,46.59,4.33,56.9,21.7,37.7,22.456,40.656,20.2,43.73,5.7,751.9,97,2,24.5,5.2
50,0,21.6,40.36333333,18.7675,44.4,22.79,39.29,20.26,38.46666667,19.96857143,46.59,4.0675,56.445,21.7,37.56,22.42142857,40.62142857,20.2,43.79,5.63,751.9666667,97,2,24.66666667,5.13
50,0,21.6,40.29,18.7,44.46666667,22.79,39.29,20.29,38.5,19.89,46.59,3.693333333,55.43333333,21.7,37.5,22.39,40.59,20.2,43.9,5.57,752.0333333,97,2,24.83333333,5.07
50,0,21.5,40.29,18.7,44.43333333,22.79,39.29,20.2,38.36333333,19.93714286,46.59,3.466666667,55.06,21.6,37.5,22.39,40.45571429,20.2,43.9,5.5,752.1,97,2,25,5
60,0,21.5,40.29,18.63333333,44.43333333,22.79,39.26,20.26,38.36333333,19.89,46.59,3.266666667,54.86,21.6,37.5,22.39,40.4,20.2,43.9,5.32,752.1,96.83333333,2,24.33333333,4.8
40,0,21.5,40.26,18.6,44.4,22.79,39.2,20.2,38.29,19.89,46.59,3.06,55.02666667,21.66666667,37.59,22.39,40.29571429,20.2,43.9,5.13,752.1,96.66666667,2,23.66666667,4.6
40,0,21.5,40.2,18.53333333,44.4,22.79,39.2,20.2,38.29,19.89,46.59,2.933333333,55.02666667,21.6,37.59,22.39,40.156,20.2,44,4.95,752.1,96.5,2,23,4.4
30,0,21.42666667,40.03,18.5,44.4,22.79,39.2,20.2,38.2,19.89,46.59,2.723333333,54.86333333,21.6,37.56,22.30428571,39.95571429,20.2,44,4.77,752.1,96.33333333,2,22.33333333,4.2
30,0,21.42666667,40.03,18.5,44.4,22.7,39.09,20.2,38.12666667,19.89,46.554,2.53,54.72333333,21.6,37.43333333,22.29,39.878,20.2,44.03,4.58,752.1,96.16666667,2,21.66666667,4
40,0,21.39,39.96666667,18.46333333,44.36333333,22.7,39.09,20.2,38.16333333,19.89,46.5225,2.4,54.89,21.6,37.5,22.26428571,39.62142857,20.2,44.09,4.4,752.1,96,2,21,3.8
60,0,21.39,39.9,18.39,44.29,22.6,38.93333333,20.13333333,38.09,19.89,46.5,2.326666667,54.75666667,21.6,37.59,22.29,39.356,20.2,44.2,4.33,752.1166667,96.16666667,1.833333333,21,3.75
50,0,21.39,39.86333333,18.29,44.29,22.53333333,38.93333333,20.1,38,19.89,46.5,2.163333333,54.65666667,21.6,37.53,22.21285714,39.09857143,20.2,44.26,4.27,752.1333333,96.33333333,1.666666667,21,3.7
50,0,21.39,39.79,18.29,44.29,22.5,38.96666667,20.1,38,19.89,46.5,2.03,54.73,21.6,37.53,22.2,38.918,20.2,44.345,4.2,752.15,96.5,1.5,21,3.65
60,0,21.29,39.76,18.2,44.23,22.5,38.9,20.1,38,19.89,46.5,1.833333333,54.12333333,21.6,37.59,22.17142857,38.76428571,20.2,44.4,4.13,752.1666667,96.66666667,1.333333333,21,3.6
50,0,21.29,39.7,18.2,44.29,22.39,38.79,20.1,38,19.84714286,46.41,1.633333333,53.79,21.6,37.5,22.1,38.554,20.2,44.46666667,4.07,752.1833333,96.83333333,1.166666667,21,3.55
60,0,21.29,39.7,18.16666667,44.29,22.39,38.76,20.1,37.9,19.89,46.48,1.426666667,54.03333333,21.6,37.56,22.1,38.38,20.2,44.5,4,752.2,97,1,21,3.5
50,0,21.29,39.62666667,18.1,44.29,22.39,38.76,20.1,37.9,19.84714286,46.35285714,1.5,54.62666667,21.6,37.59,22.04,38.236,20.2,44.5,3.68,752.25,96.66666667,1,18,3.15
60,0,21.29,39.59,18.1,44.29,22.5,38.9,20.1,37.9,19.79,46.29,1.445,54.94,21.6,37.46333333,22,38.26428571,20.2,44.5,3.37,752.3,96.33333333,1,15,2.8
50,0,21.23,39.53,18.03333333,44.23,22.5,38.9,20.1,37.9,19.83285714,46.39857143,1.29,54.93333333,21.5,37.36333333,22,38.29,20.2,44.5,3.05,752.35,96,1,12,2.45
50,0,21.2,39.46666667,18,44.2,22.5,38.9,20.1,37.79,19.85,46.396,1.23,55.26666667,21.5,37.36333333,22,38.30571429,20.2,44.46666667,2.73,752.4,95.66666667,1,9,2.1
50,0,21.2,39.4,18,44.2,22.5,38.96666667,20.1,37.79,19.81857143,46.32142857,1.323333333,55.89,21.5,37.43333333,21.9175,38.475,20.2,44.4,2.42,752.45,95.33333333,1,6,1.75
40,0,21.2,39.4,18,44.2,22.5,39,20,37.59,19.79,46.29,1.463333333,56.36333333,21.5,37.5,21.89,38.5,20.2,44.4,2.1,752.5,95,1,3,1.4
60,0,21.2,39.4,18,44.16333333,22.5,39,20,37.59,19.79,46.29,1.663333333,57.33,21.5,37.46666667,21.89,38.59571429,20.2,44.4,2.15,752.6,95.66666667,1,9.833333333,1.55
60,0,21.2,39.4,18,44.09,22.5,39.06,20,37.59,19.79,46.236,1.93,57.79666667,21.5,37.4,21.89,38.79,20.2,44.4,2.2,752.7,96.33333333,1,16.66666667,1.7
50,0,21.1,39.36333333,17.92666667,44.09,22.56666667,39.06,20,37.59,19.79,46.2,2.156666667,58.22666667,21.5,37.4,21.83285714,38.80571429,20.2,44.32666667,2.25,752.8,97,1,23.5,1.85
70,0,21.1,39.29,18,44.09,22.53333333,39.09,20,37.59,19.79,46.2,2.43,58.89333333,21.5,37.46666667,21.79,38.96,20.26,44.36333333,2.3,752.9,97.66666667,1,30.33333333,2
60,0,21.1,39.49333333,18,44.3,22.6,39.03,20,37.59,19.79,46.18428571,2.926666667,59.69666667,21.5,37.53,21.79,39.09571429,20.26,44.29,2.35,753,98.33333333,1,37.16666667,2.15
90,0,21.1,39.96666667,18,44.76666667,22.5,38.52666667,20,37.59,19.79,46.09,3.46,60.42333333,21.5,37.79666667,21.79,39.29,20.29,44.4,2.4,753.1,99,1,44,2.3
90,10,21.2,40.43333333,18.16333333,45.43333333,22.42666667,38.32666667,20,37.62666667,19.79,46.13714286,4.356666667,61.25666667,21.5,38.15666667,21.79,39.49285714,20.35666667,44.32666667,2.93,753.1333333,98.5,1.166666667,40.66666667,2.75
50,0,21.2,40.63333333,18.43,45.5,22.39,38.29,20,37.76,19.79,46.236,4.956666667,61.72333333,21.5,38.2225,21.79,39.612,20.66666667,43.92333333,3.47,753.1666667,98,1.333333333,37.33333333,3.2
50,0,21.2,40.93333333,18.6,45.53,22.46333333,38.43,20,37.9,19.79,46.35285714,5.633333333,62.15666667,21.5,38.12666667,21.79,39.7,21.73333333,42.86333333,4,753.2,97.5,1.5,34,3.65
190,0,21.26,41.19333333,18.66666667,45.59,22.5,38.4,20.06666667,38.02666667,19.79,46.46,6.166666667,62.43,21.5,37.9,21.79,39.976,22.86,40.32333333,4.53,753.2333333,97,1.666666667,30.66666667,4.1
260,0,21.29,41.32666667,18.82333333,45.52666667,22.5,38.4,20.2,38.33,19.79,46.55714286,6.66,62.73,21.5,37.69333333,21.76428571,40.19142857,23.3475,39.2475,5.07,753.2666667,96.5,1.833333333,27.33333333,4.55
140,10,21.29,41.32666667,19.03,45.13333333,22.5,38.5,20.32666667,38.79666667,20.74,76.416,6.933333333,62.86333333,21.39,37.22333333,21.754,40.134,22.99,38.32666667,5.6,753.3,96,2,24,5
70,0,21.29,41.43333333,19.59333333,44.36,22.5,38.425,20.46,39.23,21.18571429,78.41142857,7.545,63.19,21.39,37.03,21.76428571,40.03571429,22.26,38.63333333,5.95,753.35,93,2,26.66666667,4.85
70,0,21.35666667,41.69333333,20.4,43.16,22.5,38.4,20.6,39.29,21.02,72.87,7.996666667,63.29,21.39,37.76666667,21.7,39.856,21.86,39.02666667,6.3,753.4,90,2,29.33333333,4.7
70,0,21.35666667,41.22333333,21.23333333,41.69666667,22.5,38.4,20.73,39.29,20.812,69.44,8.396666667,63.29,21.39,37.9,21.68571429,39.56857143,21.56666667,39.5,6.65,753.45,87,2,32,4.55
70,0,21.35666667,41.03,21.69333333,40.82333333,22.42666667,38.4,20.85666667,39.29,20.62857143,67.13571429,8.696666667,60.59,21.39,38.03,21.6,39.25,21.36,39.83333333,7,753.5,84,2,34.66666667,4.4
80,0,21.39,40.76,22.19666667,39.8,22.39,38.4,21,39.16333333,20.56,63.314,9.09,58.39,21.46333333,38.09,21.6,38.99714286,21.26,39.96333333,7.35,753.55,81,2,37.33333333,4.25
70,0,21.39,40.595,22.595,38.9975,22.39,38.4,21.06666667,39.09,20.5,58.23857143,9.666666667,52.36333333,21.5,38.06,21.56,38.754,21.13333333,40.22333333,7.7,753.6,78,2,40,4.1
80,0,21.46333333,40.5,22.85666667,38.39,22.39,38.4,21.245,39,20.434,54.234,10,43.82333333,21.5,38,21.5,38.58571429,21.06666667,40.5,8.02,753.55,76.83333333,2.166666667,40,4.18
100,0,21.5,40.5,23.13333333,37.9,22.39,38.4,21.32333333,38.86333333,20.43714286,51.89714286,10.46,39.03,21.5,38.12333333,21.5,38.518,21,40.56,8.33,753.5,75.66666667,2.333333333,40,4.27
100,10,21.5,40.76666667,23.26,37.42666667,22.39,38.4,21.39,38.59666667,21.134,76.72,10.79333333,35.23,21.56666667,37.79,21.5,38.62142857,21,40.4,8.65,753.45,74.5,2.5,40,4.35
350,0,21.6,40.83333333,23.42666667,37.02666667,22.39,38.4,21.42666667,38.56666667,21.84285714,83.99428571,11.29333333,33.33333333,21.6,37.4,21.39,38.476,20.92666667,40.46666667,8.97,753.4,73.33333333,2.666666667,40,4.43
400,0,21.6,40.56666667,23.5,36.76666667,22.5,38.56,21.5,38.7,22.058,88.232,11.56666667,30,21.6,37.06666667,21.39,38.53857143,20.89,40.53,9.28,753.35,72.16666667,2.833333333,40,4.52
60,0,21.7,40.69333333,23.63333333,36.59,22.5,38.5,21.53333333,38.66333333,21.79285714,85.12857143,11.75666667,28.22333333,21.6,36.79666667,21.456,38.536,20.89,40.79666667,9.6,753.3,71,3,40,4.6
50,0,21.7,40.82666667,23.7,36.46333333,22.56666667,38.59,21.6,38.46333333,21.5,81.154,12.03,26.15666667,21.6,36.46333333,21.5,38.42857143,20.89,41,9.87,753.2833333,69.5,3.166666667,40,4.53
60,0,21.73,40.52666667,23.7,36.22333333,22.5,38.59,21.7,38.16333333,21.33571429,76.89714286,12.33,27.03333333,21.6,35.99,21.5,38.2675,20.89,41,10.1,753.2666667,68,3.333333333,40,4.47
60,0,21.79,40.32666667,23.76,36.03,22.5,38.62666667,21.76,38.03,21.2,72.656,12.46333333,26.1,21.675,35.6725,21.54,38.054,20.79,40.9,10.4,753.25,66.5,3.5,40,4.4
60,0,21.89,40.26,23.76,35.86333333,22.5,38.7,21.79,37.83333333,21.12857143,69.25285714,12.32333333,25.99333333,21.7,35.36,21.57142857,37.94285714,20.79,40.82666667,10.7,753.2333333,65,3.666666667,40,4.33
60,0,21.89,40.12666667,23.7,35.73,22.5,38.7,21.79,37.62666667,21,65.874,12.26333333,25.8,21.7,35.02666667,21.6,37.86,20.79,40.76,10.9,753.2166667,63.5,3.833333333,40,4.27
60,10,21.89,39.93,23.7,35.66333333,22.5,38.7,21.79,37.46666667,20.93714286,63.79857143,12.56333333,24.59333333,21.7,34.76666667,21.6,37.66857143,20.79,40.6725,11.2,753.2,62,4,40,4.2
60,0,21.96333333,39.73,23.63333333,35.53,22.6,38.7,21.85666667,37.46666667,20.87,62.09,12.895,22.825,21.82333333,34.43,21.7,37.554,20.79,40.59,11.3,753.1166667,62,4,40,4.32
60,0,22,39.63333333,23.56666667,35.4,22.55,38.7,21.79,37.26,20.79,60.66857143,12.96333333,21.1,21.89,34.23,21.77714286,37.42714286,20.79,40.5,11.5,753.0333333,62,4,40,4.43
50,0,22.06666667,39.43333333,23.5,35.32666667,22.6,38.7,21.85666667,37.26,20.79,59.32,13.06333333,21.12666667,21.89,33.96666667,21.79,37.272,20.79,40.43333333,11.6,752.95,62,4,40,4.55
60,0,22.1,39.26,23.39,35.26,22.6,38.7,21.89,37.26,20.75142857,58.53857143,13.26333333,20.39333333,21.96333333,33.76666667,21.83285714,37.23857143,20.79,40.36333333,11.7,752.8666667,62,4,40,4.67
50,0,22.1,39.12666667,23.39,35.2,22.6,38.7,21.89,37.12666667,20.736,57.68,13.56333333,18.03333333,22,33.56,21.89,37.156,20.73,40.23,11.9,752.7833333,62,4,40,4.78
60,0,22.2,38.96666667,23.39,35.2,22.6,38.7,21.89,37.09,20.67142857,56.94,13.82333333,15.7,22.06666667,33.43333333,21.96714286,37.05142857,20.79,40.09,12,752.7,62,4,40,4.9
60,0,22.2,38.82666667,23.39,35.2,22.6,38.7,21.89,37.03,20.7,56.174,14.46666667,12.2,22.13333333,33.33333333,22.1,37.016,20.79,40.09,12.2,752.6666667,61.33333333,4.166666667,38.16666667,4.88
60,0,22.29,38.745,23.39,35.2,22.56666667,38.7,21.89,37.06,20.64285714,55.42857143,14.86,9.593333333,22.26,33.12666667,22.19714286,36.82142857,20.76,40,12.3,752.6333333,60.66666667,4.333333333,36.33333333,4.87
70,10,22.39,38.56,23.29,35.2,22.5,38.7,21.89,36.975,20.6,54.918,14.8,9.693333333,22.39,32.93,22.29,36.7,20.76,39.93333333,12.4,752.6,60,4.5,34.5,4.85
60,0,22.46333333,38.43333333,23.23,35.2,22.6,38.7,21.89,36.9,20.6,54.76428571,14.52666667,8.966666667,22.39,32.73,22.34714286,36.62428571,20.7,39.76,12.6,752.5666667,59.33333333,4.666666667,32.66666667,4.83
60,0,22.5,38.4,23.2,35.29,22.6,38.7,21.89,36.79,20.5625,54.30875,14.46333333,9.663333333,22.5,32.63333333,22.456,36.536,20.76,39.7,12.8,752.5333333,58.66666667,4.833333333,30.83333333,4.82
60,0,22.5,38.32666667,23.2,35.29,22.6,38.7,21.89,36.79,20.5,53.96,14.46333333,9.723333333,22.56666667,32.43333333,22.5,36.42857143,20.73,39.7,12.9,752.5,58,5,29,4.8
60,0,22.6,38.16333333,23.2,35.29,22.6,38.7,21.92666667,36.76,20.5,53.67857143,15.02666667,8.19,22.63333333,32.29,22.6,36.29,20.73,39.7,12.9,752.45,58.33333333,5,30.83333333,4.85
50,0,22.66666667,38.09,23.13333333,35.29,22.6,38.66333333,22,36.7,20.52,52.596,15.3,7.99,22.76,32.23,22.69857143,36.23857143,20.79,39.7,12.9,752.4,58.66666667,5,32.66666667,4.9
60,0,22.73,38.09,23.1,35.5,22.6,38.59,21.96333333,36.7,20.62857143,49.55428571,15.46,7.563333333,22.82333333,32,22.81,36.178,20.79,39.7,12.9,752.35,59,5,34.5,4.95
60,0,22.79,38.09,23.1,35.63333333,22.63333333,38.5,21.96333333,36.7,20.7,47.5,15.66,7.43,22.89,31.92666667,22.86142857,36.06428571,20.76,39.7,12.8,752.3,59.33333333,5,36.33333333,5
50,0,22.79,38.09,23.06666667,35.79,22.7,38.5,22,36.7,20.71285714,46.43714286,15.96,7.063333333,23.05,31.84,22.934,36,20.76,39.7,12.8,752.25,59.66666667,5,38.16666667,5.05
50,0,22.85666667,38.16333333,23.06666667,35.86333333,22.7,38.4,22,36.7,20.79,45.57,16.29333333,6.53,23.13333333,31.7,23.05714286,35.89857143,20.79,39.7,12.8,752.2,60,5,40,5.1
40,10,22.89,38.2,23.1,36,22.7,38.32666667,22,36.79,20.79,44.89714286,16.56666667,5.833333333,23.26,31.63333333,23.12,35.79,20.79,39.645,13.1,752.1166667,58.66666667,4.833333333,40,5.03
50,0,22.96333333,38.12666667,23.1,36.06,22.7,38.26,22,36.79,20.89,44.356,16.975,4.92,23.39,31.5,23.22571429,35.75142857,20.79,39.7,13.3,752.0333333,57.33333333,4.666666667,40,4.97
40,0,23,38.12666667,23.06666667,36.09,22.76,38.2,22.06666667,36.86333333,20.89,44.08428571,16.92666667,3.8,23.39,31.36,23.29,35.7,20.79,39.7,13.6,751.95,56,4.5,40,4.9
60,0,23.06666667,38.2,23,36.16333333,22.7,38.145,22.06666667,36.93,20.956,43.74,16.56666667,5.456666667,23.39,31.29,23.30428571,35.7,20.79,39.62666667,13.9,751.8666667,54.66666667,4.333333333,40,4.83
60,0,23.1,38.2,22.89,36.29,22.73,38.16333333,22.1,36.93333333,21,43.39714286,16.63333333,5.93,23.39,31.29,23.365,35.645,20.79,39.56,14.1,751.7833333,53.33333333,4.166666667,40,4.77
50,0,23.1,38.2,22.89,36.29,22.73,38.16333333,22.1,37,21,43.156,16.76333333,5.656666667,23.42666667,31.2,23.39,35.59,20.79,39.5,14.4,751.7,52,4,40,4.7
60,0,23.13333333,38.09,22.89,36.29,22.73,38.16333333,22.1,36.96666667,21.05714286,42.89285714,17.03,4.256666667,23.5,31.2,23.42142857,35.59,20.79,39.5,14.5,751.6166667,52.83333333,4.166666667,40,4.98
50,0,23.2,38.03,22.89,36.29,22.79,38.09,22.1,36.9,21.1,42.75,17.23,3.923333333,23.5,31.1,23.5,35.59,20.79,39.5,14.6,751.5333333,53.66666667,4.333333333,40,5.27
70,0,23.2,38,22.85666667,36.22333333,22.79,38.09,22.1,37,21.14285714,42.56428571,17.43,3.063333333,23.56666667,31.03333333,23.5,35.53857143,20.79,39.5,14.7,751.45,54.5,4.5,40,5.55
60,0,23.2,38,22.79,36.1175,22.79,38.09,22.1,36.975,21.2,42.356,17.79333333,1.666666667,23.56666667,30.89,23.5,35.5,20.85666667,39.5,14.8,751.3666667,55.33333333,4.666666667,40,5.83
50,0,23.2,37.93333333,22.73,36.2,22.79,38.06,22.1,36.9,21.2,42.13714286,17.39333333,1.466666667,23.5,30.82333333,23.5,35.42857143,20.79,39.4,14.9,751.2833333,56.16666667,4.833333333,40,6.12
70,0,23.2,37.86333333,22.7,36.2,22.79,38,22.1,36.79,21.2,41.918,17.32333333,1.426666667,23.5,30.76,23.5,35.4,20.79,39.32666667,15,751.2,57,5,40,6.4
60,0,23.2,37.79,22.7,36.2,22.89,38.09,22.1,36.79,21.2,41.72571429,17.46333333,1.893333333,23.5,30.63333333,23.5,35.29285714,20.85666667,39.26,14.9,751.1666667,57.33333333,5,40,6.43
90,10,23.2,37.76,22.6,36.09,22.89,38.09,22.1,36.73,21.29,41.656,17.92666667,1.866666667,23.5,30.5,23.5,35.24,20.85666667,39.26,14.9,751.1333333,57.66666667,5,40,6.47
90,0,23.2,37.83333333,22.6,36.22333333,22.89,38.03,22.1,36.93,21.29,41.64857143,17.92666667,4.266666667,23.42666667,30.5,23.5,35.59285714,20.79,39.2,14.9,751.1,58,5,40,6.5
110,0,23.2,38.03,22.56666667,36.56666667,22.89,38.03,22.1,37.3,21.29,42.36,17.4,6.29,23.39,30.76333333,23.6,36.374,20.85666667,39.26,14.8,751.0666667,58.33333333,5,40,6.53
100,0,23.2,38.16333333,22.5,36.76,22.89,38,22.1,37.63333333,21.29,43.34,16.99333333,7.23,23.39,31.03,23.68571429,36.99571429,20.89,39.32666667,14.8,751.0333333,58.66666667,5,40,6.57
110,0,23.2,38.32666667,22.5,37.03,22.89,38.06,22.13333333,37.96333333,21.29,44.08,16.63333333,8.266666667,23.29,31.32333333,23.774,37.394,20.82333333,39.32666667,14.7,751,59,5,40,6.6
120,0,23.2,38.46666667,22.42666667,37.16333333,22.89,38.09,22.2,38.22333333,21.27714286,44.55571429,16.5,8.993333333,23.2675,31.5725,23.89,37.72571429,20.79,39.32666667,14.7,750.95,59.66666667,5.166666667,40,6.78
200,0,23.2,38.59,22.35666667,37.36,22.89,38.16333333,22.2,38.7,21.2,44.98125,16.29,9.923333333,23.2,31.82666667,24,38.036,20.79,39.425,14.7,750.9,60.33333333,5.333333333,40,6.97
170,10,23.2,38.92333333,22.29,37.63333333,22.92666667,38.2,22.2,38.76,21.2,45.296,16.1975,10.7675,23.2,32.33,24.08571429,38.29857143,20.85666667,39.56,14.8,750.85,61,5.5,40,7.15
140,0,23.2,39.56666667,22.26,37.93333333,22.92666667,38.2,22.26,38.9,21.17142857,45.59571429,16.03333333,11.56,23.2,32.79666667,24.16,38.5,20.85666667,39.5,14.8,750.8,61.66666667,5.666666667,40,7.33
120,0,23.2,39.9,22.2,38.26666667,22.945,38.395,22.2,38.9,21.16,45.94,15.56,12.29666667,23.16666667,33.23,24.26428571,38.87142857,20.85666667,39.5,14.8,750.75,62.33333333,5.833333333,40,7.52
130,0,23.2,39.79,22.16666667,38.56666667,23.03333333,38.93333333,22.2,38.9,21.1,46.12428571,15.1,13.23,23.1,33.49,24.29,39.09,20.89,39.5,14.8,750.7,63,6,40,7.7
130,0,23.13333333,39.79,22.1,38.76,23.03333333,38.93333333,22.2,38.9,21.12,45.734,14.56,14.55666667,23.06666667,33.82666667,24.37571429,39.23571429,20.89,39.5,14.7,750.7,63.33333333,5.666666667,40,7.7
120,0,23.16666667,39.79,22.06666667,38.93333333,23,38.9,22.2,38.9,21.2,44.92285714,14.1,15.36333333,23,34.02666667,24.37,39.312,20.89,39.53,14.6,750.7,63.66666667,5.333333333,40,7.7
120,0,23.1,39.86333333,22,39.13333333,23,38.9,22.13333333,38.9,21.2,44.554,13.43333333,16.06666667,22.96333333,34.43333333,24.29,39.4,20.89,39.59,14.5,750.7,64,5,40,7.7
120,10,23.1,39.9,21.89,39.5,23,38.86333333,22.1,38.86333333,21.2,44.33857143,12.76666667,17.46,22.89,34.63333333,24.29,39.5,20.85666667,39.59,14.4,750.7,64.33333333,4.666666667,40,7.7
130,0,23.1,39.975,21.82333333,39.76,22.92666667,38.86333333,22.1,38.79,21.2,44.178,12.26,18.93,22.89,34.82666667,24.23857143,39.57714286,20.79,39.59,14.3,750.7,64.66666667,4.333333333,40,7.7
120,0,23.1,40.06,21.79,39.995,22.89,38.82666667,22.1,38.79,21.25428571,49.69428571,11.79333333,20.19666667,22.89,34.96666667,24.2,39.59,20.79,39.59,14.2,750.7,65,4,40,7.7
90,10,23.1,40.12666667,21.7,40.26666667,22.96333333,38.96666667,22,38.7,21.6,63.856,11.39666667,22.36666667,22.85666667,35.06666667,24.2,39.62142857,20.79,39.59,13.7,750.7333333,67.5,4,37.83333333,7.68
110,0,23.03333333,40.12666667,21.7,40.46666667,23,38.9,21.92666667,38.7,21.54285714,61.35,11.06333333,24.83333333,22.79,35.46,24.2,39.85875,20.79,39.62666667,13.1,750.7666667,70,4,35.66666667,7.67
90,0,23,40.2,21.6,40.53,23,38.9,21.92666667,38.7,21.458,59.196,10.62666667,26.82666667,22.79,35.8,24.16,39.9,20.79,39.7,12.6,750.8,72.5,4,33.5,7.65
100,0,23,40.2,21.53333333,40.66333333,22.89,39,22,38.76,21.29,58.87142857,10.42666667,28.76,22.79,36.06,24.01428571,39.73857143,20.79,39.7,12.1,750.8333333,75,4,31.33333333,7.63
100,0,23,40.2,21.5,40.82666667,22.89,39,21.89,38.82666667,21.2,58.014,10.16,31.32666667,22.79,36.09,23.978,39.572,20.79,39.7,11.5,750.8666667,77.5,4,29.16666667,7.62
90,0,22.92666667,40.2,21.42666667,40.82666667,22.89,39.03,21.89,38.9,21.18571429,57.36857143,10.03333333,32.86,22.73,36.16333333,23.89,39.47142857,20.79,39.7,11,750.9,80,4,27,7.6
110,0,22.96333333,40.16333333,21.35666667,40.93333333,22.82333333,38.96333333,21.89,39,21.16,56.578,9.86,33.36333333,22.7,36.29,23.89,39.29,20.73,39.7,11.2,750.8833333,78.5,4,29.16666667,7.48
80,0,22.89,40.29666667,21.29,41.06,22.85666667,38.96666667,21.82333333,39,21.17142857,56.49714286,9.666666667,33.89666667,22.7,36.36333333,23.86142857,39.15,20.76,39.62666667,11.4,750.8666667,77,4,31.33333333,7.37
80,0,22.89,40.46666667,21.16666667,41.09,22.79,39.02666667,21.89,39,21.1,56.7,9.4,34.895,22.7,36.6,23.89,39.036,20.7,39.7225,11.6,750.85,75.5,4,33.5,7.25
80,0,22.89,40.32666667,21.1,41.16333333,22.79,39.03,21.82333333,38.93333333,21.04285714,56.51285714,9.03,36.59666667,22.66666667,36.79,23.89,38.97142857,20.7,39.99,11.7,750.8333333,74,4,35.66666667,7.13
70,0,22.89,40.26,21.06666667,41.2,22.85666667,39.16333333,21.79,38.9,21,56.196,8.83,37.26333333,22.6,36.79,23.79,38.79,20.7,40.26666667,11.9,750.8166667,72.5,4,37.83333333,7.02
60,0,22.89,40.2,21,41.26,22.89,39.23,21.79,38.9,21,55.89714286,8.566666667,37.79333333,22.6,36.86,23.77714286,38.82142857,20.7,40.46666667,12.1,750.8,71,4,40,6.9
40,0,22.82333333,40.2,20.96333333,41.53,22.89,39.29,21.79,38.86333333,20.956,55.7,8.5,39.06666667,22.6,37.06,23.68,38.834,20.7,40.62666667,11.8,750.7666667,71.66666667,3.833333333,40,6.75
50,0,22.82333333,40.12666667,20.82333333,41.59,22.89,39.29,21.73,38.79,20.89,55.55428571,8.6,39.59333333,22.6,37.2,23.64285714,38.83714286,20.7,40.76,11.5,750.7333333,72.33333333,3.666666667,40,6.6
50,0,22.79,40,20.76,41.7,22.79,39.23,21.7,38.79,20.87,55.378,8.533333333,39.06666667,22.6,37.26,23.6,38.754,20.7,40.93333333,11.2,750.7,73,3.5,40,6.45
40,0,22.79,40,20.7,41.76,22.79,39.29,21.7,38.73,20.83285714,55.00428571,8.426666667,39.16666667,22.6,37.32666667,23.54285714,38.7,20.7,41.06,10.9,750.6666667,73.66666667,3.333333333,40,6.3
40,10,22.7,39.96666667,20.66666667,41.86333333,22.79,39.29,21.7,38.7,20.8275,54.5675,8.566666667,38.7,22.6,37.4,23.478,38.66,20.7,41.23,10.6,750.6333333,74.33333333,3.166666667,40,6.15
40,0,22.7,39.9,20.6,41.86333333,22.79,39.29,21.65,38.6175,20.79,54.254,8.63,36.75666667,22.6,37.29,23.39,38.42857143,20.7,41.43,10.3,750.6,75,3,40,6
30,0,22.7,39.9,20.56666667,41.93333333,22.76,39.4,21.63333333,38.53,20.79,53.99714286,8.763333333,35.42333333,22.53333333,37.36333333,23.29,38.44,20.76,41.53,10.4,750.6,73.66666667,3.166666667,40,5.8
60,0,22.66666667,39.76,20.4725,42,22.7,39.4,21.6,38.5,20.79,53.794,9.063333333,33.4,22.5,37.4,23.29,38.47142857,20.7,41.59,10.4,750.6,72.33333333,3.333333333,40,5.6
60,0,22.6,39.7,20.39,42,22.7,39.4,21.6,38.5,20.76428571,53.56428571,9.263333333,31.86666667,22.5,37.4,23.272,38.4,20.79,41.62666667,10.5,750.6,71,3.5,40,5.4
50,0,22.6,39.66333333,20.29,42,22.76,39.4,21.6,38.5,20.7,53.29,9.226666667,30.96666667,22.5,37.62666667,23.2,38.2,20.79,41.76,10.6,750.6,69.66666667,3.666666667,40,5.2
60,0,22.6,39.59,20.29,42.06,22.79,39.4,21.53333333,38.43333333,20.7,53.15,9.3,30.56666667,22.5,37.62666667,23.2,38.236,20.7,41.93333333,10.6,750.6,68.33333333,3.833333333,40,5
50,0,22.6,39.59,20.2,42,22.79,39.4,21.5,38.4,20.7,53.016,9.39,29.76,22.5,37.7,23.11428571,38.35285714,20.7,42,10.7,750.6,67,4,40,4.8
50,0,22.53333333,39.59,20.2,42.06,22.89,39.59,21.5,38.46666667,20.7,52.86857143,9.39,29.7,22.5,37.62666667,23.08,38.46,20.79,42.12666667,10.7,750.6,67,4,40,4.78
40,0,22.5,39.59,20.16666667,42.09,22.89,39.59,21.5,38.5,20.7,52.7,9.463333333,29.13333333,22.46333333,37.56,23,38.47142857,20.79,42.2,10.7,750.6,67,4,40,4.77
50,0,22.5,39.59,20.1,42.09,22.92666667,39.62666667,21.5,38.5,20.68571429,52.54,9.4975,28.975,22.46333333,37.5,23,38.44,20.76,42.29,10.7,750.6,67,4,40,4.75
60,0,22.46333333,39.5,20.03333333,42.03,23,39.7,21.5,38.5,20.6,52.378,9.533333333,28.63333333,22.46333333,37.5,22.93714286,38.59857143,20.7,42.36333333,10.6,750.6,67,4,40,4.73
60,0,22.39,39.5,20.03333333,42.09,23,39.7,21.5,38.5,20.6,52.26428571,9.36,29.05666667,22.39,37.5225,22.85666667,38.62666667,20.7,42.45,10.6,750.6,67,4,40,4.72
60,0,22.39,39.4,20,42.12666667,23,39.7,21.5,38.5,20.6,52.054,9.36,29.32333333,22.39,37.66333333,22.79,38.73857143,20.73,42.53,10.6,750.6,67,4,40,4.7
50,0,22.39,39.4,19.92666667,42.2,23.1,39.79,21.5,38.5,20.6,51.98571429,9.46,29.12333333,22.46333333,37.56,22.79,38.97142857,20.79,42.66333333,10.4,750.6,67.66666667,4,38.16666667,4.7
50,0,22.35666667,39.4,19.92666667,42.2,23.1,39.79,21.39,38.4,20.6,51.878,9.6,28.45666667,22.39,37.5,22.7,39.09,20.79,42.73,10.3,750.6,68.33333333,4,36.33333333,4.7
40,0,22.29,39.4,19.92666667,42.26,23.1,39.79,21.39,38.4,20.57142857,51.76428571,9.6,27.86333333,22.39,37.53,22.7,39.09,20.73,42.79,10.2,750.6,69,4,34.5,4.7
50,0,22.29,39.4,19.89,42.29,23.1,39.79,21.39,38.4,20.54,51.59,9.66,27.39,22.39,37.59,22.68,39.09,20.79,42.93333333,10,750.6,69.66666667,4,32.66666667,4.7
50,0,22.29,39.4,19.89,42.29,23.1,39.79,21.39,38.4,20.51428571,51.53857143,9.6,27.2,22.35666667,37.66333333,22.6,39.02571429,20.79,43.06,9.85,750.6,70.33333333,4,30.83333333,4.7
40,0,22.2,39.4,19.79,42.29,23.1,39.79,21.35666667,38.4,20.5,51.5,9.533333333,27.13333333,22.35666667,37.66333333,22.6,39.09,20.79,43.2,9.7,750.6,71,4,29,4.7
60,0,22.2,39.4,19.79,42.29,23.1,39.79,21.35666667,38.4,20.5,51.42857143,9.5,27.2,22.39,37.82666667,22.54285714,39.09,20.79,43.2,9.65,750.5666667,71.33333333,4,28.83333333,4.7
60,0,22.2,39.4,19.79,42.29,23.2,39.79,21.34,38.4,20.5,51.4,9.566666667,27.06666667,22.32333333,37.9,22.5,39.016,20.76,43.29,9.6,750.5333333,71.66666667,4,28.66666667,4.7
60,0,22.15,39.4,19.7225,42.29,23.2,39.79,21.29,38.4,20.5,51.30571429,9.53,26.96333333,22.29,37.82666667,22.46857143,38.9,20.76,43.36333333,9.55,750.5,72,4,28.5,4.7
60,0,22.13333333,39.4,19.7,42.29,23.2,39.79,21.29,38.4,20.5,51.236,9.39,27.15666667,22.35666667,37.96666667,22.39,38.9,20.79,43.5,9.5,750.4666667,72.33333333,4,28.33333333,4.7
60,0,22.1,39.4,19.7,42.29,23.2,39.79,21.29,38.4,20.5,51.16857143,9.39,27.23,22.39,38,22.34714286,38.83714286,20.79,43.56,9.45,750.4333333,72.66666667,4,28.16666667,4.7
50,0,22.1,39.4,19.7,42.36333333,23.2,39.79,21.29,38.32666667,20.434,51.036,9.463333333,27.23,22.39,38.13333333,22.33,38.772,20.79,43.62666667,9.4,750.4,73,4,28,4.7
50,0,22.1,39.4,19.7,42.4,23.2,39.79,21.29,38.29,20.45875,50.99625,9.6,26.59666667,22.35666667,38.29,22.29,38.7,20.79,43.7,9.35,750.3666667,73.16666667,4.166666667,27.83333333,4.7
50,0,22.1,39.4,19.7,42.4,23.2,39.79,21.29,38.29,20.40571429,50.85142857,9.6,26.495,22.29,38.23,22.254,38.46,20.76,43.76,9.3,750.3333333,73.33333333,4.333333333,27.66666667,4.7
50,0,22.1,39.4,19.6,42.29,23.2,39.79,21.29,38.29,20.39,50.79,9.66,26.39,22.29,38.2,22.2,38.33714286,20.76,43.76,9.25,750.3,73.5,4.5,27.5,4.7
50,0,22.1,39.32666667,19.6,42.36333333,23.2,39.79,21.29,38.29,20.39,50.75142857,9.63,26.29333333,22.29,38.2,22.18,38.272,20.79,43.79,9.2,750.2666667,73.66666667,4.666666667,27.33333333,4.7
60,0,22,39.2,19.6,42.4,23.2,39.79,21.29,38.29,20.39,50.7,9.69,25.89333333,22.29,38.16333333,22.1,38.2,20.79,43.79,9.15,750.2333333,73.83333333,4.833333333,27.16666667,4.7
60,0,22,39.2,19.6,42.4,23.2,39.79,21.23,38.23,20.39,50.63714286,9.69,25.85666667,22.29,38.09,22.1,38.054,20.79,43.79,9.1,750.2,74,5,27,4.7
60,0,22,39.2,19.56666667,42.4,23.2,39.79,21.2,38.2,20.39,50.572,9.69,25.59666667,22.245,37.9,22.04285714,37.92714286,20.79,43.79,9.05,750.1833333,74.16666667,4.833333333,27.16666667,4.67
50,0,22,39.2,19.5,42.4,23.23,39.82666667,21.2,38.2,20.39,50.5,9.83,25.29333333,22.26,37.96666667,22,37.772,20.79,43.79,9,750.1666667,74.33333333,4.666666667,27.33333333,4.63
50,0,22,39.2,19.5,42.4,23.23,39.82666667,21.2,38.2,20.39,50.4,9.89,24.83333333,22.2,37.9,22,37.7,20.79,43.9,8.95,750.15,74.5,4.5,27.5,4.6
50,0,22,39.2,19.5,42.4,23.29,39.9,21.2,38.2,20.39,50.33714286,9.963333333,24.29,22.29,38,21.89,37.7,20.79,43.9,8.9,750.1333333,74.66666667,4.333333333,27.66666667,4.57
40,0,22,39.2,19.5,42.43333333,23.26,39.86333333,21.2,38.2,20.39,50.29,9.963333333,24.23,22.23,37.93333333,21.89,37.63714286,20.79,43.9,8.85,750.1166667,74.83333333,4.166666667,27.83333333,4.53
80,0,21.92666667,39.2,19.5,42.43333333,23.2,39.79,21.2,38.2,20.39,50.22571429,10.1,23.93,22.2,37.9,21.87,37.552,20.79,43.9,8.8,750.1,75,4,28,4.5
70,0,21.89,39.33,19.5,42.53,23.2,39.72333333,21.1,38.2,20.35,50.2,10.1,23.66333333,22.2,37.9,21.79,37.4,20.79,44,8.8,750.0666667,74.83333333,3.833333333,30,4.47
50,0,21.89,39.72333333,19.5,42.86333333,23.13333333,39.53,21.16666667,38.2,20.37571429,49.42857143,10.06666667,23.22666667,22.2,37.9,21.79,37.29,20.79,44,8.8,750.0333333,74.66666667,3.666666667,32,4.43
70,0,21.92666667,39.96333333,19.5,43.32666667,23,39.26,21.15,38.2,20.39,48.018,10,22.96,22.2,37.9,21.72571429,37.29,20.79,44,8.8,750,74.5,3.5,34,4.4
50,0,22,40.03,19.42666667,43.4,23,39.2,21.1,38.32666667,20.39,47.02285714,9.86,23.3,22.2,37.82666667,21.7,37.29,20.79,44,8.8,749.9666667,74.33333333,3.333333333,36,4.37
70,0,22,40,19.5,43.645,23,39.06,21.1,38.46666667,20.39,46.46,9.8,23.63333333,22.2,37.9,21.7,37.356,20.79,44,8.8,749.9333333,74.16666667,3.166666667,38,4.33
110,10,21.92666667,40.09,19.42666667,43.62666667,23,38.93333333,21.1,38.59,20.39,46.66285714,9.69,23.86,22.2,37.93333333,21.62857143,37.35285714,20.79,44,8.8,749.9,74,3,40,4.3
50,10,22,40.22333333,19.5,43.76,22.89,38.9,21.1,38.72333333,20.39,47.456,9.69,24.06666667,22.2,38,21.6,37.44,20.79,44.06,8.98,749.8666667,72.83333333,3.333333333,40,4.27
40,0,22,40.4,19.5,43.76666667,22.89,38.9,21.2,38.66333333,20.39,47.79571429,9.6,24.245,22.16666667,37.4,21.58571429,37.44285714,20.79,43.93333333,9.17,749.8333333,71.66666667,3.666666667,40,4.23
20,0,22,40.52666667,19.5,43.9,22.85666667,38.86333333,21.13333333,38.53,20.39,47.79,9.6,24.42666667,22.1,36.92666667,21.5,37.334,20.79,43.76,9.35,749.8,70.5,4,40,4.2
40,0,22,40.19333333,19.5,43.53333333,22.79,38.79,21.1,38.36333333,20.39,47.73857143,9.66,24.56666667,22.06666667,36.4,21.5,37.29,20.79,43.5,9.53,749.7666667,69.33333333,4.333333333,40,4.17
20,0,22,39.93333333,19.5,43.06666667,22.79,38.7,21.1,38.29,20.33,47.596,9.726666667,24.7,22,36,21.456,37.254,20.79,42.99,9.72,749.7333333,68.16666667,4.666666667,40,4.13
60,0,22,39.83333333,19.5,42.66333333,22.79,38.7,21.1,38.2,20.33285714,47.32142857,9.86,24.56666667,21.96333333,35.66333333,21.42142857,37.23857143,20.73,42.59666667,9.9,749.7,67,5,40,4.1
60,0,22,39.7,19.5,42.46333333,22.79,38.59,21.1,38.2,20.29,47.09,10,24.35666667,21.89,35.46333333,21.39,37.272,20.7,42.1,10,749.7166667,67.16666667,4.833333333,40,4.2
50,0,21.96333333,39.56,19.6,42.22333333,22.79,38.53,21.1,38.09,20.29,46.88,10.12666667,24.09666667,21.89,35.1,21.39,37.26428571,20.7,41.72333333,10.1,749.7333333,67.33333333,4.666666667,40,4.3
60,0,21.96333333,39.43333333,19.6,42.03,22.79,38.36333333,21.1,38.09,20.29,46.66,10.33,23.63333333,21.89,34.93,21.39,37.29,20.7,41.46333333,10.2,749.75,67.5,4.5,40,4.4
50,0,21.89,39.36333333,19.6,41.76,22.79,38.29,21.1,38,20.29,46.44875,10.53,23.23333333,21.89,34.73,21.30428571,37.39857143,20.76,40.99,10.3,749.7666667,67.66666667,4.333333333,40,4.5
50,0,21.96333333,39.29,19.66666667,41.7,22.79,38.2,21.1,38,20.29,46.19428571,10.75666667,22.53,21.89,34.59,21.29,37.518,20.76,40.59666667,10.4,749.7833333,67.83333333,4.166666667,40,4.6
50,0,21.89,39.16333333,19.73,41.46666667,22.79,38.1175,21.1,38,20.29,45.96,11.16333333,21.99,21.82333333,34.46333333,21.29,37.59,20.76,40.22333333,10.5,749.8,68,4,40,4.7
50,0,21.89,39.09,19.85666667,41.4,22.85666667,38.03,21.1,37.93333333,20.29,45.73857143,11.85666667,19.29,21.79,34.29,21.29,37.59,20.7,39.89,10.9,749.8,66.16666667,4.333333333,37.83333333,4.67
50,0,21.89,39.09,20.13333333,40.96,22.82333333,37.9,21.1,37.9,20.29,45.572,12.46333333,17.35666667,21.79,34.23,21.29,37.59,20.99333333,39.62333333,11.3,749.8,64.33333333,4.666666667,35.66666667,4.63
50,0,21.89,39.09,20.2,40.62666667,22.89,37.9,21.1,37.9,20.29,45.25428571,13.19666667,14.29333333,21.79,34.09,21.29,37.59,21.99333333,38.89666667,11.8,749.8,62.5,5,33.5,4.6
60,0,21.89,39.09,20.23,40.4,22.89,37.76,21.15,38,20.33,43.97,13.66333333,12.43333333,21.79,34.09,21.22571429,37.52571429,23.13,37.53333333,12.2,749.8,60.66666667,5.333333333,31.33333333,4.57
50,0,21.89,39.09,20.43,40.32666667,22.89,37.7,21.32333333,38.09,20.39,43.36714286,14.29333333,10.13333333,21.79,34,21.2,37.4,23.65666667,36.4,12.6,749.8,58.83333333,5.666666667,29.16666667,4.53
60,0,21.89,39.09,20.65,39.895,22.89,37.66333333,21.46333333,38.09,20.39,42.9,14.7,9.266666667,21.73,33.93333333,21.2,37.33714286,23.22333333,35.5,13,749.8,57,6,27,4.5
50,0,21.89,39,21.39666667,39.42333333,22.89,37.59,21.53333333,38.09,20.39,42.59571429,15.1,8.7,21.76,33.86333333,21.2,37.312,22.69666667,35.96,13.2,749.8166667,56.66666667,6,27.33333333,4.63
50,0,21.89,39,22.12333333,38.69666667,22.89,37.59,21.66666667,38.16333333,20.39,42.254,15.695,7.875,21.76,33.79,21.2,37.47142857,22.22666667,36.66666667,13.4,749.8333333,56.33333333,6,27.66666667,4.77
50,0,21.89,38.96666667,22.69666667,37.76666667,22.96333333,37.59,21.82333333,38.12666667,20.45285714,42.18428571,16.29333333,6.466666667,21.73,33.79,21.2,37.5,21.96,37.13333333,13.6,749.85,56,6,28,4.9
50,0,21.96333333,38.9,22.96333333,37.16666667,22.89,37.59,21.89,38.12666667,20.5,42.072,16.42666667,5.433333333,21.73,33.73,21.2,37.52571429,21.7,37.59666667,13.8,749.8666667,55.66666667,6,28.33333333,5.03
70,0,22,38.9,23.06666667,36.76,22.89,37.59,21.92666667,38,20.5,41.97142857,16.56666667,5.766666667,21.7,33.7,21.18625,37.825,21.63333333,37.93,14,749.8833333,55.33333333,6,28.66666667,5.17
60,0,22,38.9,23.26,36.56666667,22.89,37.7,22,38,20.5,41.856,17.03333333,4.933333333,21.7,33.7,21.29,38.276,21.46333333,38.23,14.2,749.9,55,6,29,5.3
80,0,22.03333333,38.93333333,23.32333333,36.22333333,22.89,37.7,22.1,38.06,20.55714286,41.73857143,17.22666667,4.726666667,21.73,33.66333333,21.29,38.36857143,21.39,38.36333333,14.4,749.9333333,54.5,5.666666667,30.83333333,5.32
80,0,22.03333333,38.93333333,23.39,36.03,22.96333333,37.59,22.1,37.93333333,20.94,55.24,17.32333333,3.563333333,21.79,33.59,21.29,38.054,21.35666667,38.59,14.6,749.9666667,54,5.333333333,32.66666667,5.33
100,0,22.1,39,23.53333333,35.93,22.96333333,37.59,22.1,37.9,21.92142857,75.31428571,17.53,2.823333333,21.76,33.5,21.29,38.12714286,21.29,38.695,14.8,750,53.5,5,34.5,5.35
100,0,22.1,39,23.66666667,35.65666667,23.03333333,37.62666667,22.16666667,37.9,21.35,76.64,17.8,2.966666667,21.7675,33.425,21.35,38.29,21.29,38.79,14.9,750.0333333,53,4.666666667,36.33333333,5.37
90,0,22.1,39,23.73,35.43,23.03333333,37.62666667,22.2,37.76,21.15571429,77.01428571,18.13333333,2.566666667,21.79,33.4,21.42142857,38.32142857,21.2,38.82666667,15.1,750.0666667,52.5,4.333333333,38.16666667,5.38
90,0,22.16666667,39,23.79,35.29,23.1,37.7,22.2,37.62666667,21.04,75.76,18.13333333,2.466666667,21.79,33.4,21.6,38.4,21.2,38.9,15.3,750.1,52,4,40,5.4
90,0,22.2,39,23.79,35.26,23.075,37.6725,22.29,37.66333333,21,72.31,18,2.4,21.79,33.4,21.69857143,38.41285714,21.2,38.93333333,15.4,750.1166667,51.66666667,4.166666667,40,5.43
90,0,22.2,39,23.79,35.2,23,37.59,22.29,37.59,20.956,66.974,18.23,2.663333333,21.79,33.4,21.85,38.356,21.2,39,15.6,750.1333333,51.33333333,4.333333333,40,5.47
90,0,22.2,39.09,23.79,35.16333333,23.1,37.7,22.29,37.59,20.89,59.25285714,18.35666667,2.256666667,21.79,33.4,21.92142857,38.4,21.1,39.03,15.7,750.15,51,4.5,40,5.5
110,0,22.2,39.03,23.79,35.09,23.03333333,37.62666667,22.29,37.59,20.89,54.536,18.49333333,2.23,21.89,33.5,22.04,38.374,21.1,39.09,15.8,750.1666667,50.66666667,4.666666667,40,5.53
100,0,22.23,38.93333333,23.85666667,35.16333333,23.1,37.7,22.29,37.59,20.89,52.05714286,18.82666667,2.23,21.89,33.5,22.15714286,38.44285714,21.1,39.2,16,750.1833333,50.33333333,4.833333333,40,5.57
100,0,22.29,39,23.79,35.16333333,23.1,37.7,22.29,37.62666667,20.89,50.09,18.96333333,1.9,22,33.5,22.254,38.4,21.1,39.2,16.1,750.2,50,5,40,5.6
80,0,22.29,39,23.79,35.2,23.1,37.7,22.29,37.7,20.89,48.78375,18.96333333,2.233333333,22,33.5,22.31857143,38.47142857,21.1,39.23,16.2,750.2,50.16666667,5.166666667,40,5.72
70,0,22.365,39,23.79,35.295,23.1,37.7,22.32333333,37.79,20.89,47.48285714,19.42666667,2.223333333,22.03333333,33.53,22.39,38.7,21.1,39.29,16.3,750.2,50.33333333,5.333333333,40,5.83
70,0,22.39,39,23.79,35.4,23.1,37.73,22.39,37.79,20.89,46.796,19.56666667,2.296666667,22.1,33.59,22.48428571,38.94142857,21.1,39.43333333,16.4,750.2,50.5,5.5,40,5.95
70,0,22.5,39.09,23.76,35.43333333,23.1,37.79,22.39,37.82666667,20.89,46.2,19.55,2.34,22.2,33.59,22.5,39.174,21.1,39.56,16.4,750.2,50.66666667,5.666666667,40,6.07
80,0,22.5,39.09,23.7,35.56,23.1,37.9,22.39,37.9,20.89,45.71,19.35666667,2.5,22.2,33.66333333,22.52857143,39.32142857,21.1,39.7,16.5,750.2,50.83333333,5.833333333,40,6.18
60,0,22.5,39.09,23.7,35.7,23.1,37.96666667,22.39,37.9,20.92142857,45.38,19.29,2.5,22.2,33.7,22.6,39.4,21.1,39.7,16.6,750.2,51,6,40,6.3
90,0,22.5,39.09,23.7,35.76,23.1,38,22.39,37.96666667,20.934,45.038,19.1,2.933333333,22.2,33.76,22.61428571,39.45714286,21.03333333,39.53,16.7,750.1833333,50.66666667,6,40,6.28
80,0,22.5,39.36,23.6,35.73,23.1,38,22.29,38,20.93714286,44.76428571,19.16666667,3.6,22.2,33.82666667,22.7,39.5,21.1,39.53,16.8,750.1666667,50.33333333,6,40,6.27
80,0,22.5,39.43333333,23.53333333,35.86333333,23.1,38,22.29,38.06,20.934,44.5,19.16666667,3.8,22.13333333,33.96666667,22.7,39.56428571,21,39.43333333,16.9,750.15,50,6,40,6.25
80,0,22.5,39.32666667,23.46333333,35.93333333,23.16666667,38,22.29,38.09,20.90571429,44.33857143,18.89333333,3.926666667,22.1,34.03,22.7,39.7,21,39.5,17,750.1333333,49.66666667,6,40,6.23
90,0,22.5,39.4,23.39,36.06,23.13333333,38.09,22.29,38.16333333,20.912,44.2,18.86666667,5,22.1,34.09,22.77714286,39.76714286,21,39.5,17.1,750.1166667,49.33333333,6,40,6.22
70,0,22.5,39.43333333,23.39,36.09,23.2,38.03,22.29,38.23,20.96857143,44.09571429,19.46666667,5,22.1,34.2,22.79,39.92,21,39.5,17.2,750.1,49,6,40,6.2
60,0,22.5,39.56,23.39,36.16333333,23.2,38.03,22.29,38.36333333,21,44,19.69333333,4.36,22.1,34.4,22.86142857,40.06428571,21,39.5,17.3,750.1166667,49.16666667,6.166666667,40,6.37
90,0,22.5,39.59,23.26,36.4,23.13333333,38.09,22.2,38.32666667,20.93714286,43.89857143,19.02666667,4.36,22.1,34.4,23,40.09,21,39.59,17.4,750.1333333,49.33333333,6.333333333,40,6.53
90,0,22.5,39.59,23.13333333,36.52666667,23.1,38.09,22.2,38.46666667,20.89,43.79,17.83,8.626666667,22.06666667,34.62666667,23.1,40.334,21,39.66333333,17.5,750.15,49.5,6.5,40,6.7
90,0,22.5,39.7,22.96333333,36.76666667,23.06666667,38.16333333,22.2,38.65666667,20.89,43.79,16.83,13.03333333,22,34.83333333,23.19571429,40.57142857,21,39.73,17.6,750.1666667,49.66666667,6.666666667,40,6.87
80,0,22.5,39.76,22.82333333,37.02666667,23.06666667,38.22333333,22.2,38.86333333,20.89,43.79,15.93333333,17.13,22,35.15666667,23.254,40.84,21,39.79,17.7,750.1833333,49.83333333,6.833333333,40,7.03
80,0,22.5,39.82666667,22.79,37.36,23.03333333,38.23,22.16666667,39.12666667,20.89,43.85285714,15.72666667,19.26333333,22,35.49,23.29,41.09571429,20.92666667,39.79,17.8,750.2,50,7,40,7.2
90,0,22.5,39.96666667,22.73,37.56,23.1,38.29,22.1,39.375,20.89,43.978,16.13,19.99666667,22,35.8,23.35,41.44,20.92666667,39.93,17.3,750.3166667,53.16666667,6.833333333,40,7.47
90,0,22.5,40.12666667,22.79,37.73,23.1,38.4,22.1,39.56,20.89,44.09,16.65666667,19.66333333,22,36.13333333,23.34714286,41.69142857,21,40.23,16.7,750.4333333,56.33333333,6.666666667,40,7.73
90,0,22.5,40.33333333,22.79,37.86333333,23.1,38.4,22.1,39.73,20.934,44.2,17.36666667,18.1,22.03333333,36.36,23.412,41.894,21,40.49,16.1,750.55,59.5,6.5,40,8
80,0,22.5,40.45,22.79,37.95,23.1,38.5,22.1,39.86333333,20.95285714,44.29285714,17.76,15.76666667,22.03333333,36.5,23.45285714,42.05142857,21,40.7,15.6,750.6666667,62.66666667,6.333333333,40,8.27
90,0,22.5,40.62666667,22.76,38.09666667,23.1,38.56,22.1,40,20.934,44.4,17.4,14.645,22,36.62666667,23.5,42.09,21,40.76,15.1,750.7833333,65.83333333,6.166666667,40,8.53
80,0,22.5,40.76,22.7,38.36333333,23.1,38.59,22.1,40,20.92142857,44.47142857,17.03333333,15.25666667,22,36.7,23.5,42.09,20.96333333,40.82666667,14.5,750.9,69,6,40,8.8
90,0,22.5,40.9,22.7,38.5,23.1,38.66333333,22.1,40.03,20.89,44.5,17.16666667,15.25666667,22,36.73,23.56,42.072,20.96333333,40.96666667,14.6,750.85,68.5,5.666666667,40,8.83
90,0,22.5,40.9,22.63333333,38.5,23.1,38.7,22.1,40.16333333,20.92142857,44.57714286,17.35666667,14.9,22,36.79,23.6,42.06428571,20.92666667,41.03,14.8,750.8,68,5.333333333,40,8.87
90,0,22.5,41,22.6,38.62666667,23.1,38.76,22.1,40.2,20.92666667,44.59,17.09666667,14.83333333,22,36.9,23.7,42.09,21,41.16333333,14.9,750.75,67.5,5,40,8.9
100,0,22.5,41.06,22.53333333,38.76,23.2,38.79,22.1,40.26,20.93714286,44.63714286,16.82333333,15.66666667,22,36.9,23.7,42.09,20.92666667,41.2,15,750.7,67,4.666666667,40,8.93
80,0,22.5,41.09,22.56666667,38.9,23.2,38.79,22.1,40.29,21,44.7,17.09666667,15.92666667,22.1,37.09,23.754,42.09,20.9725,41.2675,15.2,750.65,66.5,4.333333333,40,8.97
80,0,22.5,41.16333333,22.5,38.96666667,23.2,38.86333333,22.1,40.36333333,21,44.7,17.42666667,14.9,22.03333333,37.09,23.79,42.09,20.96333333,41.36333333,15.3,750.6,66,4,40,9
80,0,22.5,41.2,22.5,39,23.2,38.79,22.1,40.4,21.05714286,44.75142857,17.5,14.29333333,22.1,37.09,23.83,42.08,21,41.4,15.2,750.6166667,67.16666667,3.833333333,40,9.12
310,0,22.5,41.26,22.5,39,23.2,38.9,22.1,40.46666667,21.1,44.79,17.53333333,14.23333333,22.13333333,37.09,23.89,42.21285714,21,41.4,15.1,750.6333333,68.33333333,3.666666667,40,9.23
360,0,22.5,41.43333333,22.5,39.12666667,23.2,38.9,22.1,40.5,21.12857143,44.79,17.53333333,14.43333333,22.2,37.09,23.89,42.332,21,41.43333333,14.9,750.65,69.5,3.5,40,9.35
370,0,22.56666667,42.1,22.42666667,39.33333333,23.16666667,38.93333333,22.1,40.56,21.2,45.134,17.4,14,22.2,37.2,23.89,42.55714286,21,41.56,14.8,750.6666667,70.66666667,3.333333333,40,9.47
130,0,22.6,43.43333333,22.39,40.09333333,23.1,39.05,22.1,40.89,21.2,45.71428571,16.99333333,14.26666667,22.2,37.2,23.89,42.7,21,41.62666667,14.7,750.6833333,71.83333333,3.166666667,40,9.58
90,0,22.66666667,45.69333333,22.39,41.62666667,23.1,39.33333333,22.16666667,41.03,21.2,46.918,16.63333333,15.39333333,22.2,37.2,23.89,42.62428571,21,41.9,14.6,750.7,73,3,40,9.7
110,0,22.7,46.29666667,22.32333333,43.16666667,23.13333333,39.73,22.16666667,41.26666667,21.22571429,48.02285714,16.76,15.52666667,22.2,37.2,23.89,42.518,21,42.03,14.7,750.6833333,72.33333333,2.666666667,40,9.68
110,0,22.76,45.69666667,22.32333333,43.63333333,23.2,39.99,22.125,41.57,21.2,48.29,16.59666667,15.1,22.2,37.2,23.89,42.59,21,42.09,14.8,750.6666667,71.66666667,2.333333333,40,9.67
100,0,22.82333333,48.4,22.26,43.82666667,23.23,40.3,22.2,41.76,21.2,48.27714286,16.26333333,15.56,22.2,37.26,23.89,42.7,21,42.03,14.9,750.65,71,2,40,9.65
100,10,22.89,47.73333333,22.2,43.82666667,23.29,40.56,22.2,41.9,21.2,48.24,15.93333333,16.13,22.2,37.29,23.89,42.91,21,42.09,15.1,750.6333333,70.33333333,1.666666667,40,9.63
90,0,22.85666667,46.62333333,22.06666667,43.63333333,23.29,40.7,22.13333333,41.96666667,21.2,48.4,15.66666667,16.72333333,22.15833333,37.3725,23.89,42.99666667,21,42.09,15.2,750.6166667,69.66666667,1.333333333,40,9.62
130,10,22.79,45.9475,22,43.2925,23.23,40.7,22.1,42,21.14,48.44,15.43333333,17.49333333,22.1,37.4,23.89,42.9,21,42.09,15.3,750.6,69,1,40,9.6
140,30,22.79,45.5,21.92666667,43.09,23.2,40.73,22.1,42,21.11428571,49.29285714,15.0975,18.67,22.1,37.46666667,23.92142857,42.9,21,42.09,15.1,750.5666667,71.33333333,0.833333333,40,9.83
110,20,22.79,45.22333333,21.89,43.12666667,23.2,40.73,22.13333333,42.63333333,21.1,50.076,14.83,20.13333333,22.1,37.56666667,23.89,43.44,21,42.09,14.8,750.5333333,73.66666667,0.666666667,40,10.1
110,30,22.79,45.03,21.82333333,43.26,23.2,40.7,22.2,42.96666667,21.1,50.14285714,14.46333333,23.36666667,22.1,37.83333333,23.93714286,43.62428571,20.96333333,42.12666667,14.6,750.5,76,0.5,40,10.3
120,20,22.79,45,21.76,43.43333333,23.13333333,40.7,22.23,43.26666667,21.1,49.754,14.25666667,24.56666667,22.06666667,37.9,23.89,43.572,20.96333333,42.2,14.3,750.4666667,78.33333333,0.333333333,40,10.5
120,20,22.79,44.93333333,21.7,43.5,23.13333333,40.79,22.29,43.4,21.14285714,49.34,14.06666667,23.9,22,37.82666667,23.89,43.39714286,20.89,42.16333333,14.1,750.4333333,80.66666667,0.166666667,40,10.8
100,20,22.79,44.76,21.66666667,43.56,23.13333333,40.79,22.32333333,43.33333333,21.16,48.636,13.92666667,23.36666667,22,37.7,23.89,43.254,20.9175,41.97,13.8,750.4,83,0,40,11
120,30,22.79,44.7,21.6,43.5,23.1,40.79,22.39,43.06666667,21.2,47.92857143,13.66,22.69666667,22,37.56666667,23.89,43.07142857,20.92666667,41.73,13.7,750.4666667,80.5,0.666666667,40,10.4
100,10,22.7,44.6,21.56666667,43.5,23.1,40.79,22.39,42.86333333,21.16,47.356,13.46,23.15666667,22,37.46666667,23.89,43.054,20.89,41.46666667,13.6,750.5333333,78,1.333333333,40,9.83
110,0,22.7,44.26666667,21.5,43.5,23.1,40.76,22.46333333,42.79,21.18571429,47.08428571,13.16,24.22333333,21.92666667,37.4,23.89,43.26428571,20.82333333,41.26666667,13.6,750.6,75.5,2,40,9.25
110,20,22.73,43.96666667,21.5,43.5,23.1,40.7,22.5,42.6,21.2,46.816,13.1,24.82333333,21.89,37.4,23.89,43.054,20.89,41.13333333,13.5,750.6666667,73,2.666666667,40,8.67
100,20,22.73,43.82666667,21.5,43.56,23.1,40.7,22.5,42.32666667,21.2,46.59571429,12.93333333,24.39,21.89,37.26,23.89,42.72428571,20.82333333,40.86,13.4,750.7333333,70.5,3.333333333,40,8.08
100,20,22.7,43.66333333,21.39,43.4,23.025,40.7,22.5,42.26,21.2,46.345,12.66666667,24.86333333,21.89,37.12666667,23.89,42.378,20.79,40.56,13.3,750.8,68,4,40,7.5
60,30,22.7,43.53,21.39,43.4,23,40.7,22.5,42.12666667,21.2,46.19428571,12.29333333,25.96666667,21.89,37,23.81857143,42.02571429,20.79,40.43333333,13.2,750.8333333,68,4,40,7.38
80,20,22.7,43.63333333,21.35666667,43.4,23.03333333,40.7,22.53333333,42.09,21.2,46.09,12.03333333,27.36666667,21.89,37,23.79,42.09,20.79,40.4,13.1,750.8666667,68,4,40,7.27
60,20,22.7,44.02666667,21.29,43.46666667,23.1,40.76,22.6,42.09,21.18,46.036,11.69,29.42666667,21.89,36.96666667,23.79,42.13714286,20.73,40.4,13,750.9,68,4,40,7.15
70,20,22.7,44,21.2,43.43333333,23.1,40.76,22.66666667,42.09,21.14285714,46,11.63,31.23333333,21.89,36.9,23.79,42.09,20.7,40.73,12.9,750.9333333,68,4,40,7.03
70,20,22.7,44.06666667,21.13333333,43.63333333,23.16666667,40.7,22.7,42.06,21.1,45.9,11.6,32.26333333,21.89,36.9,23.72571429,42.12142857,20.7,40.93,12.8,750.9666667,68,4,40,6.92
50,30,22.6,43.76,21.1,43.79,23.2,40.7,22.7,42,21.1,45.9,11.6,33.26333333,21.89,36.82666667,23.7,42.236,20.79,41.03,12.7,751,68,4,40,6.8
60,20,22.6,43.7,21.1,43.86333333,23.2,40.62666667,22.7,42,21.1,45.9,11.6,34.095,21.89,36.79,23.61428571,42.26428571,20.79,41.16333333,12.6,751.05,68.66666667,4,40,6.83
60,20,22.6,43.7,20.945,43.845,23.2,40.62666667,22.7,42,21.1,45.9,11.46333333,34.83,21.89,36.79,23.58,42.29,20.79,41.29,12.5,751.1,69.33333333,4,40,6.87
70,20,22.6,43.7,20.89,44.03,23.2,40.62666667,22.7,41.96666667,21.1,45.9,11.33,35.42333333,21.89,36.79,23.5,42.44,20.79,41.36333333,12.4,751.15,70,4,40,6.9
60,20,22.53333333,43.76,20.89,44.09,23.13333333,40.59,22.76,41.9,21.08571429,45.88428571,11.06666667,36.73333333,21.89,36.79,23.5,42.79,20.79,41.53,12.2,751.2,70.66666667,4,40,6.93
70,10,22.5,43.76,20.85666667,44.16333333,23.13333333,40.59,22.79,41.9,21.06,45.876,10.86666667,37.6,21.89,36.79,23.5,42.99285714,20.79,41.59,12.1,751.25,71.33333333,4,40,6.97
60,0,22.5,43.7,20.79,44.16333333,23.2,40.59,22.79,41.82666667,21.1,46,10.53,38.13,21.89,36.79,23.5,43.112,20.79,41.76666667,12,751.3,72,4,40,7
60,0,22.5,43.7,20.7,44.32666667,23.2,40.59,22.79,41.63333333,21.04,45.94,10.25666667,38.86333333,21.89,36.79,23.46857143,43.06714286,20.79,41.9975,11.8,751.3166667,73.16666667,4.333333333,40,7.07
50,0,22.5,43.83333333,20.7,44.4,23.2,40.56,22.73,41.36,21.1,45.98571429,9.896666667,39.46666667,21.82333333,36.73,23.39,42.754,20.79,42.16333333,11.7,751.3333333,74.33333333,4.666666667,40,7.13
60,0,22.46333333,43.96666667,20.6,44.29,23.2,40.5,22.7,41.16333333,21.04,45.834,9.563333333,40.4,21.79,36.7,23.39,42.83125,20.79,42.43333333,11.5,751.35,75.5,5,40,7.2
50,0,22.39,43.82666667,20.6,44.36333333,23.23,40.56666667,22.63333333,40.96333333,21,45.72571429,9.263333333,42.63333333,21.85666667,36.7,23.33285714,43,20.79,42.56,11.3,751.3666667,76.66666667,5.333333333,40,7.27
50,0,22.39,43.7,20.5,44.32666667,23.29,40.7,22.6,40.79,21,45.7,9.063333333,43.63333333,21.79,36.66333333,23.29,43,20.79,42.62666667,11.2,751.3833333,77.83333333,5.666666667,40,7.33
50,0,22.39,43.7,20.5,44.4,23.29,40.7,22.6,40.73,21,45.60571429,8.86,45.15666667,21.79,36.59,23.22571429,42.95714286,20.79,42.76,11,751.4,79,6,40,7.4
50,0,22.39,43.7,20.39,44.43333333,23.29,40.76,22.5,40.59,21,45.572,8.726666667,46.49,21.79,36.59,23.16,43.236,20.79,42.82666667,10.7,751.45,80.16666667,5.666666667,40,7.3
60,0,22.32333333,43.7,20.39,44.5,23.34,40.79,22.5,40.59,21,45.5,8.566666667,47.63333333,21.79,36.59,23.1,43.61285714,20.79,42.96666667,10.4,751.5,81.33333333,5.333333333,40,7.2
60,0,22.29,43.59,20.29,44.53,23.39,40.79,22.39,40.4,21,45.4,8.426666667,48.76666667,21.79,36.53,23.1,44.018,20.79,43.09,10.1,751.55,82.5,5,40,7.1
50,0,22.29,43.59,20.23,44.53,23.39,40.79,22.39,40.32666667,21,45.4,8.39,50.02666667,21.79,36.5,23.1,44.36857143,20.79,43.16333333,9.73,751.6,83.66666667,4.666666667,40,7
60,0,22.26,43.46666667,20.2,44.53,23.39,40.79,22.34,40.245,21,45.334,8.33,49.76666667,21.79,36.5,23,44.536,20.79,43.2,9.42,751.65,84.83333333,4.333333333,40,6.9
50,0,22.2,43.4,20.2,44.59,23.39,40.79,22.29,40.2,21,45.29,8.145,49.845,21.79,36.5,23,44.69714286,20.79,43.26,9.1,751.7,86,4,40,6.8
50,0,22.2,43.46666667,20.1,44.7,23.42666667,40.82666667,22.29,40.12666667,21,45.29,7.966666667,50.2,21.79,36.5,23,44.79,20.79,43.32666667,8.88,751.6833333,86.5,3.666666667,38.16666667,6.68
50,0,22.2,43.4,20.1,44.7,23.5,40.9,22.26,40.06,21,45.27714286,7.833333333,50.33333333,21.7,36.46666667,22.96857143,44.89714286,20.79,43.4,8.67,751.6666667,87,3.333333333,36.33333333,6.57
50,0,22.15,43.4,20,44.645,23.42666667,40.73,22.2,40,21,45.2,7.656666667,50.36,21.7,36.4,22.89,45.236,20.79,43.43333333,8.45,751.65,87.5,3,34.5,6.45
50,0,22.1,43.4,19.89,44.7,23.5,40.79,22.2,40,21,45.134,7.53,51.1,21.7,36.4,22.89,45.23857143,20.79,43.5,8.23,751.6333333,88,2.666666667,32.66666667,6.33
40,0,22.1,43.32666667,19.89,44.76,23.42666667,40.82666667,22.2,40,20.95285714,45.09,7.466666667,51.66333333,21.7,36.32666667,22.89,45.096,20.79,43.5,8.02,751.6166667,88.5,2.333333333,30.83333333,6.22
50,0,22.06666667,43.26,19.79,44.7,23.5,40.9,22.16666667,39.9,20.89,45.09,7.26,51.25666667,21.7,36.29,22.89,44.9,20.79,43.56,7.8,751.6,89,2,29,6.1
60,0,22.06666667,43.26,19.79,44.7,23.46333333,40.86333333,22.1,39.9,20.89,45.01285714,7.026666667,50.99,21.7,36.23,22.85,44.82,20.79,43.62666667,7.8,751.6,89,2.166666667,30.83333333,6.08
50,0,22,43.16333333,19.79,44.7,23.46333333,40.86333333,22.1,39.86333333,20.89,44.98,6.693333333,50.73,21.7,36.26,22.79,44.59285714,20.79,43.7,7.8,751.6,89,2.333333333,32.66666667,6.07
60,0,22,43.16333333,19.73,44.7,23.5,40.86333333,22.1,39.79,20.89,44.9,6.56,51.09,21.7,36.2,22.79,44.48,20.79,43.7,7.8,751.6,89,2.5,34.5,6.05
50,0,22,43.16333333,19.7,44.76,23.5,40.79,22.1,39.79,20.89,44.79,6.366666667,51.16333333,21.7,36.2,22.79,44.49714286,20.79,43.79,7.8,751.6,89,2.666666667,36.33333333,6.03
60,0,21.92666667,43.09,19.7,44.7,23.5,40.79,22.03333333,39.73,20.89,44.73857143,6.156666667,51.69333333,21.7,36.2,22.79,44.46,20.79,43.79,7.8,751.6,89,2.833333333,38.16666667,6.02
50,0,21.89,43.09,19.6,44.66333333,23.5,40.79,22,39.7,20.89,44.7,6.09,52.43333333,21.66666667,36.06,22.72571429,44.35285714,20.79,43.93333333,7.8,751.6,89,3,40,6
50,0,21.89,43.09,19.6,44.66333333,23.5,40.79,22,39.7,20.89,44.7,6.123333333,53.39333333,21.65,36.045,22.772,44.316,20.79,44,7.7,751.5666667,88.83333333,2.833333333,40,5.9
50,0,21.89,43.09,19.5,44.73,23.5,40.79,22,39.7,20.89,44.59,6.19,53.8,21.6,35.93333333,22.7,44.16857143,20.82333333,44.12666667,7.6,751.5333333,88.66666667,2.666666667,40,5.8
50,0,21.89,43.03,19.5,44.79,23.46333333,40.76,21.92666667,39.7,20.89,44.59,6.09,53.4,21.6,35.9,22.7,44,20.82333333,44.12666667,7.5,751.5,88.5,2.5,40,5.7
60,0,21.89,43,19.39,44.79,23.39,40.6175,21.96333333,39.62666667,20.89,44.572,5.933333333,52.79,21.6,35.9,22.7,43.92714286,20.82333333,44.23,7.4,751.4666667,88.33333333,2.333333333,40,5.6
60,0,21.89,43,19.39,44.79,23.39,40.66333333,21.89,39.7,20.89,44.5,5.756,53.23,21.6,35.9,22.68,43.75,20.82333333,44.29,7.3,751.4333333,88.16666667,2.166666667,40,5.5
50,0,21.85666667,42.96666667,19.39,44.76,23.39,40.59,21.89,39.7,20.89,44.5,5.59,53.73,21.6,35.9,22.6,43.5925,20.85666667,44.4,7.2,751.4,88,2,40,5.4
60,0,21.79,42.9,19.39,44.76,23.39,40.59,21.89,39.66333333,20.86142857,44.41428571,5.59,53.93,21.6,35.812,22.6,43.79,20.79,44.4,7.02,751.4333333,88.5,1.833333333,40,5.3
60,0,21.79,42.79,19.29,44.79,23.39,40.59,21.89,39.66333333,20.87,44.378,5.623333333,54.46666667,21.6,35.79,22.6,43.656,20.82333333,44.53,6.83,751.4666667,89,1.666666667,40,5.2
40,0,21.79,42.79,19.29,44.79,23.39,40.59,21.85666667,39.56,20.79,44.29,5.763333333,55.26666667,21.56666667,35.79,22.58571429,43.45571429,20.82333333,44.53,6.65,751.5,89.5,1.5,40,5.1
50,0,21.79,42.76,19.2,44.7,23.42666667,40.59,21.79,39.56,20.85,44.32,5.933333333,55.93333333,21.56666667,35.79,22.5,43.316,20.89,44.7,6.47,751.5333333,90,1.333333333,40,5
50,0,21.79,42.7,19.2,44.73,23.42666667,40.53,21.79,39.59,20.79,44.22571429,6.06,56.19333333,21.5,35.73,22.5,43.16857143,20.82333333,44.7,6.28,751.5666667,90.5,1.166666667,40,4.9
80,0,21.73,42.62666667,19.2,44.79,23.39,40.5,21.79,39.59,20.79,44.2,6.19,56.59,21.5,35.736,22.5,43.134,20.79,44.7,6.1,751.6,91,1,40,4.8
60,10,21.73,42.73,19.2,44.95666667,23.39,40.5,21.79,39.59,20.79,44.2,6.263333333,56.72333333,21.5,35.7225,22.5,43.10571429,20.85666667,44.76,6.17,751.6,91.33333333,1,40,4.9
40,0,21.79,42.86333333,19.13333333,45.56333333,23.35666667,40.36333333,21.79,39.66333333,20.79,44.236,6.226666667,56.76666667,21.5,35.67555556,22.5,43.072,20.82333333,44.76666667,6.23,751.6,91.66666667,1,40,5
40,0,21.79,42.86333333,19.1,46.06666667,23.23,40.09666667,21.7,39.82666667,20.79,44.35285714,6.3,57.1,21.5,35.7,22.5,42.92857143,20.89,44.82666667,6.3,751.6,92,1,40,5.1
40,10,21.79,42.79,19.1,46.26,23.2,39.86333333,21.7,39.96666667,20.79,44.4,6.3,57.2,21.5,35.7,22.5,42.9,20.79,44.79,6.37,751.6,92.33333333,1,40,5.2
50,0,21.79,42.79,19.1,46.32666667,23.13333333,39.79,21.7,40.09,20.79,44.45428571,6.226666667,57,21.5,35.7,22.42142857,43.00571429,20.82333333,44.9,6.43,751.6,92.66666667,1,40,5.3
70,10,21.79,42.73,19.1,46.46666667,23.1,39.79,21.7,40.16333333,20.8525,45.29625,6.463333333,57.95666667,21.5,35.7,22.434,43.272,20.89,44.9,6.5,751.6,93,1,40,5.4
70,0,21.79,42.76,19.1,46.59,23.03333333,39.73,21.7,40.29,20.89,46.174,6.73,58.36333333,21.5,35.7,22.39,43.22571429,20.79,44.76,6.65,751.6166667,92.83333333,1.166666667,37.66666667,5.52
60,10,21.79,42.76,19.1,46.59,23,39.76,21.7,40.29,20.83285714,45.71,7,58.5,21.5,35.7,22.39,43.156,20.79,44.7,6.8,751.6333333,92.66666667,1.333333333,35.33333333,5.63
50,0,21.79,42.76,19.1,46.46666667,23,39.7,21.7,40.2,20.79,45.338,7.09,58.35,21.46333333,35.66333333,22.39,42.88,20.79,44.52666667,6.95,751.65,92.5,1.5,33,5.75
50,0,21.85666667,42.76,19.1,46.4,23,39.7,21.7,40.12666667,20.79,44.96571429,7.045,57.65,21.39,35.53,22.35,42.616,20.79,44.26666667,7.1,751.6666667,92.33333333,1.666666667,30.66666667,5.87
70,10,21.85666667,42.66333333,19.1,46.29,23,39.7,21.7,40.09,20.79,44.554,7.03,57.82333333,21.35,35.554,22.31857143,42.42857143,20.79,43.93,7.25,751.6833333,92.16666667,1.833333333,28.33333333,5.98
70,0,21.79,42.53,19.16666667,46.23,23,39.62666667,21.7,40.09,20.79,44.3,7.23,58.49,21.34555556,35.5,22.29,42.254,20.79,43.59666667,7.4,751.7,92,2,26,6.1
70,0,21.79,42.36333333,19.2,45.96666667,23,39.5,21.7,40.29,20.79,44.096,7.366666667,57.8,21.29,35.5,22.29,42.09285714,20.79,43.22333333,7.55,751.75,91.83333333,2.166666667,26.33333333,6.23
80,10,21.79,42.23,19.2,45.76666667,23,39.43333333,21.7,40.5,20.79,43.86857143,7.3,57.52666667,21.29,35.5,22.29,41.98,20.79,43.03,7.7,751.8,91.66666667,2.333333333,26.66666667,6.37
80,0,21.79,42.16333333,19.2,45.56,23,39.4,21.7,40.56,20.79,43.656,7.433333333,57.92666667,21.29,35.5,22.29,41.82142857,20.79,42.69333333,7.85,751.85,91.5,2.5,27,6.5
60,30,21.79,42.03,19.26,45.43333333,23,39.32666667,21.7,40.26,20.79,43.45571429,7.56,58.26,21.29,35.5,22.254,41.656,20.79,42.3,8,751.9,91.33333333,2.666666667,27.33333333,6.63
70,10,21.79,41.76,19.29,45.06,23,39.26,21.7,40.26,20.79,43.334,7.9,58.69333333,21.29,35.59,22.2,41.49857143,20.79,42.02666667,8.15,751.95,91.16666667,2.833333333,27.66666667,6.77
70,0,21.79,41.7225,19.315,45,23,39.2,21.73,40.29,20.79,43.22571429,8.366666667,59.23333333,21.29,35.59,22.2,41.378,20.79,41.82666667,8.3,752,91,3,28,6.9
70,0,21.79,41.53,19.53,44.52666667,23.06666667,39.02666667,21.79,40.09666667,20.79,43.09,9.296666667,60.15666667,21.23,35.59,22.2,41.29,20.79,41.49,8.72,752.0166667,89,2.833333333,30,6.97
50,0,21.7,41.02666667,19.7,43.56333333,23.06666667,38.76666667,21.66666667,39.43333333,20.79,42.99857143,9.963333333,59.69666667,21.23,35.59,22.2,41.254,20.93,41.15666667,9.13,752.0333333,87,2.666666667,32,7.03
70,0,21.7,40.9,19.76,43.15666667,23.1,38.52666667,21.66666667,39.5,20.79,42.9,10.63,55.6,21.29,35.7,22.15714286,41.27714286,21.93,40.66666667,9.55,752.05,85,2.5,34,7.1
60,0,21.7,40.93333333,19.89,43.09,23.1,38.4,21.73,39.59,20.79,42.9,11.09,49.13333333,21.29,35.76,22.1625,41.29,23.26333333,39.53333333,9.97,752.0666667,83,2.333333333,36,7.17
60,0,21.7,41,20.03,43.09,23.1,38.29,21.85666667,39.72333333,20.79,42.9,11.6,43.4,21.32333333,35.7,22.14,41.29,23.84,37.95,10.4,752.0833333,81,2.166666667,38,7.23
70,0,21.7,41.12666667,20.26333333,43.03,23.1,38.29,22.03333333,39.73,20.79,42.95714286,12,39.99333333,21.32333333,35.76,22.1,41.29,23.26,37.5,10.8,752.1,79,2,40,7.3
60,0,21.76,41.26,20.86333333,42.83,23.1,38.29,22.22666667,39.79,20.79,43,12.43,36.62333333,21.29,35.79,22.1,41.29,22.73333333,37.96,11,752.0833333,78,2.166666667,40,7.33
50,0,21.79,41.43333333,21.89666667,41.55666667,23.1,38.29,22.42666667,39.79,20.79,42.92857143,12.89666667,34.49,21.35666667,35.79,22.1,41.29,22.32666667,38.72666667,11.3,752.0666667,77,2.333333333,40,7.37
60,0,21.79,41.5,22.49666667,40.63,23.1,38.4,22.56666667,39.79,20.79,43,13.4,31.42666667,21.39,35.79,22.1,41.29,22.06666667,39.19333333,11.5,752.05,76,2.5,40,7.4
50,0,21.82333333,41.65666667,22.99333333,39.76666667,23.1,38.46666667,22.73,39.76,20.80428571,43.01285714,13.9475,27.775,21.39,35.79,22.1,41.29,21.85666667,39.69333333,11.7,752.0333333,75,2.666666667,40,7.43
50,0,21.89,41.79,23.32666667,39.22666667,23.1,38.53,22.85666667,39.7,20.83,43.09,14.32333333,24.39333333,21.39,35.79,22.1,41.4,21.73,40.02666667,12,752.0166667,74,2.833333333,40,7.47
70,0,21.89,41.9,23.66333333,38.69333333,23.1,38.59,23.03333333,39.7,20.81857143,43.12142857,14.79333333,22.56333333,21.39,35.79,22.1,41.30571429,21.66666667,40.46333333,12.2,752,73,3,40,7.5
60,0,21.89,41.9,23.93,38.36,23.1,38.745,23.1,39.62666667,20.89,43.29,15.12666667,19.89666667,21.39,35.79,22.06,41.254,21.6,40.72333333,12.4,752,72,3,40,7.5
70,0,22,41.93333333,24.13333333,38.1,23.1,38.79,23.23,39.5,20.89,43.30571429,15.49,18.22333333,21.39,35.79,22.1,41.29,21.56666667,41.03,12.6,752,71,3,40,7.5
50,0,22,42,24.26,37.82666667,23.1,38.86333333,23.315,39.3975,20.89,43.4,15.56333333,15.96333333,21.39,35.79,22.06,41.254,21.5,41.16333333,12.9,752,70,3,40,7.5
60,0,22.1,42.09,24.29,37.76,23.1,38.9,23.39,39.29,20.912,43.4,15.46333333,14.89666667,21.42666667,35.82666667,22.07142857,41.26428571,21.5,41.32666667,13.1,752,69,3,40,7.5
60,0,22.1,42.09,24.23,37.62666667,23.1,38.9,23.39,39.16333333,20.95285714,43.35285714,15.25666667,14.49,21.5,35.9,22.04,41.236,21.5,41.46666667,13.3,752,68,3,40,7.5
50,0,22.1,42.09,24.2,37.59,23.13333333,39,23.46333333,39.16333333,21,43.4,15.16666667,15.49333333,21.5,35.79,22.07142857,41.2,21.39,41.43333333,13.5,752,67,3,40,7.5
60,0,22.16666667,42.16333333,24.2675,37.5675,23.13333333,39,23.5,39.2,20.96857143,43.4,15.5,15.03333333,21.5,35.79,22.1,41.2,21.39,41.56,13.5,751.9833333,66.33333333,3,40,7.37
40,0,22.2,42.09,24.29,37.43333333,23.1,39.09,23.5,39.12666667,21,43.4,15.69,13.86666667,21.5,35.79,22.1,41.2,21.35666667,41.62666667,13.5,751.9666667,65.66666667,3,40,7.23
40,0,22.23,42.12666667,24.32333333,37.26,23.16666667,39.16333333,23.6,39.06,21,43.4,15.76333333,13.66666667,21.56666667,35.79,22.1,41.2,21.35666667,41.7,13.6,751.95,65,3,40,7.1
40,0,22.29,42.2,24.39,37.12666667,23.1,39.12666667,23.6,39,21.1,43.5,15.72666667,13.3,21.63333333,35.73,22.12857143,41.16857143,21.29,41.79,13.6,751.9333333,64.33333333,3,40,6.97
50,0,22.39,42.2,24.5,37.06,23.1,39.2,23.7,39.06,21.07142857,43.47142857,15.93333333,12.83333333,21.7,35.79,22.2,41.054,21.35666667,41.86333333,13.6,751.9166667,63.66666667,3,40,6.83
60,0,22.39,42.12666667,24.5,37,23.1,39.2,23.7,39,21.1,43.5,16.39333333,11.89,21.73,35.7,22.25142857,40.98571429,21.29,41.9,13.6,751.9,63,3,40,6.7
60,0,22.5,42.16333333,24.6,36.86333333,23.1,39.2,23.7,39,21.1,43.5,16.86666667,11.42333333,21.85666667,35.7,22.35,40.878,21.29,41.93333333,13.9,751.8666667,61.5,3.166666667,40,6.57
60,0,22.56666667,42.09,24.6,36.86333333,23.1,39.29,23.76,39,21.1,43.5,17.42666667,8.53,21.89,35.7,22.46857143,40.76428571,21.29,42,14.2,751.8333333,60,3.333333333,40,6.43
50,0,22.53333333,42,24.6,36.86333333,23.1,39.29,23.7,38.9,21.11428571,43.56428571,17.69333333,8.33,21.89,35.62666667,22.5,40.7,21.29,42,14.4,751.8,58.5,3.5,40,6.3
60,0,22.6,42,24.6,36.73,23.13333333,39.29,23.7,38.82666667,21.2,43.536,18.06666667,6.833333333,21.89,35.59,22.5,40.68428571,21.29,42,14.7,751.7666667,57,3.666666667,40,6.17
70,0,22.6,42,24.6,36.66333333,23.2,39.29,23.7,38.7,21.2,43.5,18.2925,5.0675,21.89,35.53,22.5,40.59,21.29,41.93333333,15,751.7333333,55.5,3.833333333,40,6.03
60,0,22.6,42,24.6,36.66333333,23.16666667,39.4,23.63333333,38.62666667,21.2,43.5,18.46333333,4.123333333,21.89,35.46666667,22.5,40.56428571,21.29,41.93333333,15.3,751.7,54,4,40,5.9
60,0,22.6,42,24.46333333,36.66333333,23.16666667,39.46666667,23.6,38.59,21.2,43.5,18.5,3.626666667,21.89,35.4,22.43125,40.4375,21.29,41.9,15.2,751.6833333,54.33333333,4,40,5.92
70,0,22.6,41.93333333,24.32333333,36.66333333,23.2,39.46666667,23.6,38.53,21.2,43.5,18.42666667,3.9,21.89,35.29,22.5,40.5,21.29,41.9,15.1,751.6666667,54.66666667,4,40,5.93
60,0,22.6,41.9,24.26,36.76,23.2,39.425,23.6,38.53,21.2,43.42857143,18.19333333,3.923333333,21.89,35.29,22.43714286,40.44285714,21.23,41.79,15,751.65,55,4,40,5.95
60,0,22.6,41.9,24.13333333,36.76,23.2,39.43333333,23.53333333,38.59,21.2,43.4,17.8,5.063333333,21.89,35.245,22.39,40.4,21.29,41.79,14.9,751.6333333,55.33333333,4,40,5.97
60,0,22.6,41.86333333,24.06666667,36.9,23.26,39.46666667,23.5,38.59,21.2,43.30571429,17.49666667,6.293333333,21.89,35.29,22.39,40.47142857,21.2,41.7,14.8,751.6166667,55.66666667,4,40,5.98
50,0,22.6,41.79,23.92666667,36.96666667,23.26,39.46666667,23.46333333,38.66333333,21.2,43.29,17.02333333,7.226666667,21.89,35.29,22.39,40.5,21.2,41.7,14.7,751.6,56,4,40,6
60,0,22.53333333,41.79,23.76,37.12666667,23.29,39.46666667,23.39,38.59,21.2,43.29,16.59666667,7.566666667,21.89,35.29,22.34714286,40.5,21.2,41.59,14.6,751.6,57.16666667,4,40,6.17
60,0,22.53333333,41.79,23.63333333,37.26,23.29,39.46666667,23.39,38.62666667,21.2,43.29,16.32333333,8.226666667,21.82333333,35.29,22.39,40.5,21.2,41.59,14.5,751.6,58.33333333,4,40,6.33
60,0,22.5,41.7,23.5,37.43333333,23.26,39.43,23.39,38.7,21.2,43.29,16.09666667,8.993333333,21.85666667,35.4,22.36142857,40.5,21.2,41.56,14.4,751.6,59.5,4,40,6.5
60,0,22.5,41.7,23.4175,37.5225,23.2,39.29,23.35666667,38.73,21.2,43.29,15.83,10.46,21.79,35.4,22.29,40.536,21.2,41.5,14.2,751.6,60.66666667,4,40,6.67
70,0,22.5,41.7,23.32333333,37.66333333,23.29,39.4,23.29,38.79,21.2,43.29,15.66,11.73333333,21.79,35.43333333,22.29,40.59,21.2,41.5,14.1,751.6,61.83333333,4,40,6.83
60,0,22.5,41.7,23.16666667,37.82666667,23.29,39.4,23.29,38.9,21.1625,43.29,15.6,11.4,21.79,35.5,22.29,40.59,21.2,41.5,14,751.6,63,4,40,7
70,0,22.5,41.7,23.1,37.96666667,23.29,39.4,23.23,38.9,21.14,43.29,15.6,7.76,21.79,35.46666667,22.22571429,40.52571429,21.2,41.5,13.9,751.6,59.83333333,4,40,6
50,0,22.5,41.66333333,23,38.03,23.29,39.32666667,23.2,38.9,21.14285714,43.25142857,15.53333333,3.633333333,21.79,35.32666667,22.254,40.416,21.175,41.475,13.7,751.6,56.66666667,4,40,5
60,0,22.5,41.59,22.92666667,38.16333333,23.29,39.29,23.2,38.9,21.1,43.236,15.63,3.496666667,21.79,35.16333333,22.2,40.17571429,21.1,41.4,13.6,751.6,53.5,4,40,4
60,0,22.5,41.5,22.85666667,38.2,23.29,39.29,23.2,38.9,21.1,43.12142857,15.82333333,2.296666667,21.79,35.03,22.2,40.016,21.2,41.29,13.4,751.6,50.33333333,4,40,3
50,0,22.5,41.43333333,22.85666667,38.2,23.29,39.2,23.2,38.82666667,21.14,43,16.03333333,1.7,21.79,34.96666667,22.2,39.86857143,21.13333333,41.23,13.3,751.6,47.16666667,4,40,2
70,0,22.5,41.4,22.89,38.2,23.29,39.2,23.2,38.76,21.2,42.94285714,16.2675,2.175,21.79,34.82666667,22.2,39.7,21.16666667,41.12666667,13.1,751.6,44,4,40,1
60,0,22.5,41.32666667,22.89,38.12666667,23.29,39.2,23.2,38.7,21.2,42.9,16.59666667,4.593333333,21.82333333,34.7,22.29142857,39.76428571,21.16666667,41.2,13,751.55,46,3.833333333,40,1.47
60,0,22.5,41.29,22.89,38.12666667,23.29,39.2,23.2,38.59,21.2,42.9,16.12666667,5.896666667,21.96333333,34.62666667,22.39,39.7,21.13333333,41.2,12.9,751.5,48,3.666666667,40,1.93
70,0,22.5,41.29,22.82333333,38.12666667,23.29,39.09,23.2,38.53,21.2,42.79,15.72666667,7.823333333,22.03333333,34.59,22.46857143,39.7,21.13333333,41.12666667,12.8,751.45,50,3.5,40,2.4
90,0,22.6,41.32666667,22.7,38.23,23.315,39.1725,23.2,38.5,21.2,42.79,15.46333333,8.9,22.16666667,34.59,22.6,39.7,21.2,41.09,12.6,751.4,52,3.333333333,40,2.87
390,0,22.6,41.4,22.7,38.36333333,23.39,39.2,23.2,38.5,21.254,42.934,15.33,8.033333333,22.2,34.59,22.6,39.73571429,21.2,41.09,12.5,751.35,54,3.166666667,40,3.33
220,0,22.63333333,41.5,22.6,38.53,23.32333333,39.2,23.2,38.5,21.25142857,43.14714286,15.26333333,8.293333333,22.2675,34.59,22.678,40.076,21.2,41.09,12.4,751.3,56,3,40,3.8
130,0,22.7,41.5,22.53333333,38.66333333,23.39,39.2,23.2,38.46666667,21.29,43.4,15.13,8.16,22.29,34.59,22.79,40.49714286,21.2,41.03,12.7,751.2833333,56.5,3,40,4.17
470,0,22.7,41.53,22.5,38.93333333,23.29,39.2,23.2,38.4,21.29,43.53714286,14.86,7.896666667,22.29,34.59,22.79,40.79,21.2,41,12.9,751.2666667,57,3,40,4.53
620,0,22.7,41.72333333,22.42666667,39,23.29,39.2,23.2,38.4,21.31,43.612,14.86,8.696666667,22.29,34.59,22.87571429,41.36142857,21.2,41,13.2,751.25,57.5,3,40,4.9
770,0,22.82333333,48.76333333,22.39,39.8,23.29,39.23,23.2,38.32666667,21.39,44.15285714,14.96333333,6.626666667,22.32333333,34.5,22.945,42.11875,21.2,41.09666667,13.4,751.2333333,58,3,40,5.27
130,0,22.96333333,54.82333333,22.39,42.93333333,23.35666667,39.56333333,23.16666667,38.26,21.39,46.2,14.63,6.766666667,22.32333333,34.5,23,42.44,21.2,41.56333333,13.7,751.2166667,58.5,3,40,5.63
140,0,23.05,54.69,22.34,47.245,23.5,40.65666667,23.16666667,38.2,21.34714286,47.43571429,14.12666667,7.566666667,22.29,34.4,23.07142857,42.29571429,21.2,42.45666667,13.9,751.2,59,3,40,6
590,0,23.1,51.96666667,22.29,47.96666667,23.5,40.79,23.16666667,38.2,21.35,48.316,13.86666667,8.56,22.29,34.4,23.1,42.736,21.2,43.06333333,13.7,751.1666667,59.16666667,3,40,5.87
750,0,23.1,50.43333333,22.23,47.56666667,23.53333333,41.23333333,23.1,38.2,21.39,49.23857143,13.76333333,9.796666667,22.26,34.36333333,23.15714286,42.94142857,21.2,43.62666667,13.5,751.1333333,59.33333333,3,40,5.73
450,0,23.1,49.79666667,22.2,46.99,23.66666667,42.5,23.1,38.23,21.434,49.4,13.63,10.46333333,22.2,34.29,23.218,43.14,21.2,43.6725,13.4,751.1,59.5,3,40,5.6
370,0,23.1,49.39,22.13333333,46.79,24.06666667,43.86666667,23.1,38.29,21.5,49.12571429,13.56666667,11.06333333,22.2,34.29,23.31857143,44.05714286,21.2,43.46333333,13.2,751.0666667,59.66666667,3,40,5.47
300,0,23.2,48.79666667,22.06666667,46.72333333,24.32666667,44.33333333,23.1,38.32666667,21.478,48.794,13.36666667,11.39666667,22.2,34.29,23.39,44.09,21.2,43.26,13,751.0333333,59.83333333,3,40,5.33
290,0,23.2,48.33,22,46.53,24.66333333,44.36333333,23.1,38.4,21.39,48.59,13.12666667,11.9,22.2,34.36333333,23.45285714,44.07714286,21.2,43.06666667,12.8,751,60,3,40,5.2
280,0,23.2,47.69333333,21.89,46.06333333,24.79,44.09666667,23.06666667,38.26,21.39,48.46,12.8675,12.5475,22.13333333,34.23,23.5,43.816,21.2,42.69333333,12.6,751,62.16666667,2.833333333,40,5.42
180,0,23.2,47.3,21.89,45.53,25,43.69333333,23,38.12666667,21.3275,48.1975,12.56333333,13.03,22.06666667,34.06,23.5,43.32428571,21.2,42.36,12.3,751,64.33333333,2.666666667,40,5.63
130,0,23.2,46.66,21.79,44.9,25.06666667,43.22666667,23,38,21.30428571,49.15285714,12.12666667,13.69666667,22,33.93333333,23.5,42.96,21.16666667,41.93,12.1,751,66.5,2.5,40,5.85
130,0,23.13333333,46.06666667,21.73,44.56666667,25.1,42.53333333,23,37.93333333,21.994,70.016,11.79333333,14.36333333,22,33.86333333,23.5,42.62571429,21.16666667,41.73,11.8,751,68.66666667,2.333333333,40,6.07
500,0,23.1,45.4,21.7,44.13333333,25.1,42.06666667,23,37.9,22.59428571,78.21,11.26,15.46,22,33.79,23.5,42.64,21.16666667,41.59,11.6,751,70.83333333,2.166666667,40,6.28
340,0,23.1,44.92666667,21.63333333,43.86,25.1,41.8,22.92666667,37.82666667,22.16,79.16,10.79333333,16.13333333,21.96333333,33.76,23.5,43.06428571,21.1,41.66333333,11.3,751,73,2,40,6.5
300,0,23.1,44.52666667,21.56666667,43.52666667,25.26333333,42.53,22.89,37.7,21.89428571,79.68571429,10.32333333,16.83,21.89,33.7,23.5,43.134,21.1,41.79,11.2,751.05,72.83333333,1.833333333,40,6.35
310,0,23.03333333,44.19333333,21.5,43.26666667,25.46333333,43.06333333,22.89,37.7,21.79,78.88,10.06333333,18.09666667,21.89,33.7,23.55714286,43.09285714,21.1,41.59666667,11,751.1,72.66666667,1.666666667,40,6.2
320,0,23,43.83333333,21.39,42.96666667,25.76333333,43.23,22.89,37.7,21.76428571,76.63857143,9.626666667,20.53333333,21.89,33.7,23.6,42.94,21.1,41.16,10.9,751.15,72.5,1.5,40,6.05
310,10,23,43.5,21.32333333,42.82666667,25.96333333,43.69666667,22.89,37.66333333,21.66,72.46,9.366666667,23.12666667,21.82333333,33.7,23.6,42.86857143,21.1,40.69333333,10.8,751.2,72.33333333,1.333333333,40,5.9
260,0,23,43.5,21.29,42.7,26.13333333,43.86333333,22.82333333,37.53,21.6,69.52142857,9.126666667,24.76,21.79,33.7,23.6,42.7,21.1,39.86333333,10.6,751.25,72.16666667,1.166666667,40,5.75
180,0,22.92666667,43.5,21.23,42.62666667,26.32666667,43.73,22.79,37.5,21.58,67.134,8.926666667,26.09333333,21.79,33.7,23.6,42.55428571,21.1,39.53,10.5,751.3,72,1,40,5.6
90,0,22.89,43.16333333,21.2,42.73,26.39,43.49,22.79,37.5,21.5,64.99714286,8.66,27.99,21.79,33.7,23.64,42.576,21,39.1,10.2,751.3166667,74.33333333,1.333333333,40,5.72
90,0,22.89,43.0225,21.125,42.79,26.39,43.03,22.79,37.4,21.434,62.76,8.533333333,28.93,21.73,33.7,23.62857143,42.75714286,21,38.82666667,9.83,751.3333333,76.66666667,1.666666667,40,5.83
90,0,22.89,42.86,21.1,42.79,26.26,42.33333333,22.79,37.4,21.40571429,61.16714286,8.323333333,30.62333333,21.7,33.7,23.64,42.94,21,38.56,9.5,751.35,79,2,40,5.95
70,10,22.85666667,42.63333333,21,42.82666667,26.13333333,42,22.79,37.4,21.39,59.77,8.19,32.63,21.7,33.7,23.65714286,43.15285714,21,38.3975,9.17,751.3666667,81.33333333,2.333333333,40,6.07
80,20,22.79,42.43333333,20.92666667,42.9,26,41.66333333,22.79,37.46666667,21.31857143,58.81857143,8.033333333,33.95666667,21.7,33.82666667,23.6,43.218,21,38.29,8.83,751.3833333,83.66666667,2.666666667,40,6.18
70,20,22.79,42.33333333,20.89,42.96666667,25.92666667,41.19666667,22.79,37.89,21.29,58.254,7.7975,34.795,21.7,33.96666667,23.6,43.39714286,21,38.76666667,8.5,751.4,86,3,40,6.3
60,20,22.79,42.12666667,20.82333333,42.9,25.79,40.86333333,22.79,38.09,21.29,57.98142857,7.623333333,36.63,21.7,34.03,23.6,43.78375,21,39.02666667,8.63,751.4333333,84.66666667,2.833333333,40,6.2
60,20,22.73,42.12666667,20.76,43.03,25.73,40.79,22.79,38.23,21.29,57.772,7.59,37.86,21.7,34.09,23.6,43.79,21,39.23,8.77,751.4666667,83.33333333,2.666666667,40,6.1
70,20,22.73,42.12666667,20.7,43.09,25.66666667,40.66333333,22.85666667,38.43,21.29,57.62142857,7.53,38.8,21.7,34.2,23.55714286,43.92285714,21,39.36333333,8.9,751.5,82,2.5,40,6
60,10,22.7,42.06,20.7,43.12666667,25.6,40.59,22.89,38.59,21.2,57.7,7.5,39.92333333,21.7,34.26,23.6,44.196,20.96333333,39.53,9.03,751.5333333,80.66666667,2.333333333,40,5.9
60,20,22.7,42,20.63333333,43.12666667,25.5,40.59,22.89,38.66333333,21.2,57.82428571,7.5,40.86333333,21.7,34.4,23.57142857,44.49714286,20.96333333,39.72333333,9.17,751.5666667,79.33333333,2.166666667,40,5.8
60,20,22.63333333,41.93333333,20.5,43.23,25.5,40.59,22.92666667,38.73,21.2,57.812,7.5,42.42666667,21.63333333,34.4,23.56,44.736,21,39.79,9.3,751.6,78,2,40,5.7
70,20,22.63333333,41.93333333,20.5,43.43,25.39,40.59,23,38.79,21.2,57.82142857,7.56,42.5,21.7,34.43333333,23.55714286,44.95428571,21,39.79,8.97,751.6166667,79.66666667,2,40,5.65
70,20,22.6,41.9,20.39,43.46333333,25.39,40.59,23,38.9,21.2,57.554,7.59,43.36333333,21.63333333,34.43333333,23.54,45.112,21,39.79,8.63,751.6333333,81.33333333,2,40,5.6
60,20,22.6,41.82666667,20.39,43.59,25.34,40.59,23.025,38.975,21.2,57.36714286,7.59,43.96333333,21.6,34.45,23.5,45.22571429,20.92666667,39.79,8.3,751.65,83,2,40,5.55
70,10,22.56666667,41.79,20.29,43.7,25.26,40.59,23.1,39,21.2,57.14,7.56,43.26,21.6,34.5,23.39,45.2,21,39.93333333,7.97,751.6666667,84.66666667,2,40,5.5
60,10,22.5,41.79,20.29,43.76,25.2,40.53,23.1,39.15666667,21.2,56.84285714,7.5,43.2,21.6,34.56,23.37571429,45.34,20.92666667,40,7.63,751.6833333,86.33333333,2,40,5.45
70,0,22.5,42,20.2,43.79,25.16666667,40.5,23.1,39.09666667,21.1375,56.44375,7.366666667,44.13333333,21.6,34.59,23.31,45.54,21,40.12666667,7.3,751.7,88,2,40,5.4
50,0,22.5,42.4,20.2,43.93,25.03333333,40.43333333,23.1,38.9,21.1,55.96,7.226666667,44.4,21.6,34.59,23.31857143,45.99714286,21,40.26,7.42,751.6833333,87.33333333,2,40,5.4
50,0,22.5,42.46666667,20.16666667,44,24.96333333,40.36333333,23.03333333,38.76666667,21.1,55.73857143,7.19,45.16666667,21.6,34.62666667,23.29,46.334,20.96333333,40.43333333,7.53,751.6666667,86.66666667,2,40,5.4
50,0,22.42666667,42.32666667,20.1,44.0675,24.89,40.29,23,38.59,21.1,55.516,7.19,45.63333333,21.6,34.7,23.29,46.4,20.89,40.63333333,7.65,751.65,86,2,40,5.4
50,0,22.39,42.145,20.03333333,44.09,24.76,40.23,23,38.53,21.1,55.32142857,7.06,45.76,21.6,34.7,23.29,46.4,20.96333333,40.96333333,7.77,751.6333333,85.33333333,2,40,5.4
50,0,22.39,42.06,20,44.09,24.7,40.23,22.89,38.46666667,21.1,55.09,6.925,45.8975,21.6,34.7,23.26428571,46.47142857,20.9175,41.2675,7.88,751.6166667,84.66666667,2,40,5.4
50,0,22.39,41.93333333,19.92666667,44.09,24.6,40.09,22.89,38.4,21.1,54.98142857,6.76,46.49666667,21.5,34.7,23.2,46.536,21,41.52666667,8,751.6,84,2,40,5.4
70,0,22.35666667,41.79,19.89,44.16333333,24.6,40.03,22.85666667,38.36333333,21.08,54.794,6.69,47.3,21.56666667,34.7,23.2,46.81285714,20.92666667,41.73,7.95,751.55,84.16666667,2,40,5.38
50,0,22.29,41.79,19.89,44.16333333,24.56666667,40,22.79,38.29,21,54.56428571,6.623333333,47.43333333,21.5,34.7,23.2,47.036,21,41.86333333,7.9,751.5,84.33333333,2,40,5.37
50,0,22.29,41.7,19.79,44.12666667,24.5,39.93333333,22.79,38.2,21,54.4,6.56,47.76666667,21.5,34.7,23.2,47,20.92666667,42.03,7.85,751.45,84.5,2,40,5.35
60,0,22.29,41.62666667,19.79,44.2,24.5,39.9,22.79,38.2,21,54.25428571,6.5,48.3,21.5,34.73,23.14,46.96,20.92666667,42.09,7.8,751.4,84.66666667,2,40,5.33
50,0,22.26,41.56,19.76,44.2,24.42666667,39.82666667,22.7,38.2,21,54.178,6.366666667,48.63,21.5,34.79,23.14285714,46.9,20.92666667,42.23,7.75,751.35,84.83333333,2,40,5.32
60,0,22.2,41.5,19.7,44.2,24.46333333,39.76,22.7,38.2,21,54.02571429,6.3,49.29666667,21.5,34.79,23.1,46.9,21,42.36333333,7.7,751.3,85,2,40,5.3
40,0,22.2,41.5,19.66666667,44.2,24.39,39.7,22.7,38.2,21,53.9,6.333333333,49.93333333,21.5,34.79,23.1,46.82142857,21,42.43333333,7.6,751.3,85.33333333,2,40,5.25
50,0,22.2,41.5,19.6,44.2,24.35666667,39.66333333,22.7,38.2,21,53.79285714,6.333333333,49.86,21.5,34.79,23.1,46.7,21,42.56,7.5,751.3,85.66666667,2,40,5.2
50,0,22.16666667,41.5,19.6,44.23,24.29,39.59,22.6,38.09,21,53.678,6.263333333,49.69333333,21.5,34.79,23.1,46.55428571,21,42.62666667,7.4,751.3,86,2,40,5.15
50,0,22.1,41.5,19.6,44.29,24.29,39.59,22.6,38.09,20.96857143,53.56428571,6.123333333,50.1,21.5,34.79,23.1,46.46666667,20.92666667,42.7,7.3,751.3,86.33333333,2,40,5.1
50,0,22.1,41.5,19.56666667,44.29,24.315,39.6175,22.6,38.045,20.956,53.5,5.966666667,50.16333333,21.445,34.745,23.1,46.25142857,20.96333333,42.82666667,7.2,751.3,86.66666667,2,40,5.05
60,0,22.1,41.5,19.5,44.36333333,24.39,39.7,22.6,38,20.89,53.44285714,5.833333333,50.09,21.42666667,34.73,23.1,46.09,20.89,42.96666667,7.1,751.3,87,2,40,5
60,0,22.1,41.46666667,19.5,44.4,24.39,39.7,22.6,38,20.89,53.334,5.656666667,50.59666667,21.39,34.7,23.04,45.834,20.96333333,43.12666667,7.1,751.25,86.66666667,1.833333333,40,4.95
60,0,22.1,41.4,19.42666667,44.4,24.39,39.7,22.5,38,20.89,53.22571429,5.53,50.99,21.39,34.7,23.04285714,45.73857143,20.96333333,43.2,7.1,751.2,86.33333333,1.666666667,40,4.9
50,0,22,41.29,19.46333333,44.4,24.39,39.79,22.5,38,20.89,53.156,5.466666667,51.26,21.39,34.7,23,45.516,21,43.29,7.1,751.15,86,1.5,40,4.85
60,0,22,41.23,19.365,44.425,24.46333333,39.86333333,22.5,38,20.89,53.07714286,5.375,51.32,21.39,34.62666667,23,45.4,21,43.29,7.1,751.1,85.66666667,1.333333333,40,4.8
50,0,22,41.26,19.35666667,44.5,24.5,39.9,22.5,38,20.89,52.98,5.3,51.5,21.39,34.62666667,23,45.4,21,43.4,7.1,751.05,85.33333333,1.166666667,40,4.75
50,0,22,41.2,19.29,44.5,24.42666667,39.82666667,22.39,38,20.89,52.9,5.19,51.73,21.39,34.7,23,45.38428571,21,43.46666667,7.1,751,85,1,40,4.7
50,0,22,41.2,19.29,44.56,24.46333333,39.86333333,22.39,37.93333333,20.85,52.754,5.19,52.12333333,21.39,34.7,22.934,45.356,21,43.5,6.78,750.9166667,86,1,40,4.57
50,0,22,41.2,19.26,44.56,24.39,39.79,22.39,37.9,20.84,52.68125,5.123333333,52.73333333,21.39,34.7,22.89,45.36857143,21,43.59,6.47,750.8333333,87,1,40,4.43
50,0,22,41.2,19.2,44.5,24.39,39.9,22.39,37.9,20.80428571,52.59285714,5.19,53.86666667,21.39,34.66333333,22.89,45.254,21,43.59,6.15,750.75,88,1,40,4.3
50,0,21.89,41.2,19.2,44.5,24.39,39.82666667,22.39,37.9,20.85,52.554,5.463333333,54.59666667,21.39,34.59,22.87571429,45.12428571,21,43.59,5.83,750.6666667,89,1,40,4.17
50,0,21.89,41.12666667,19.2,44.5,24.39,39.9,22.32333333,37.9,20.81857143,52.49714286,5.656666667,54.73,21.32333333,34.66333333,22.85,45,21,43.66333333,5.52,750.5833333,90,1,40,4.03
90,0,21.89,41.09,19.2,44.53,24.39,39.9,22.29,37.9,20.79,52.29,5.726666667,54.7,21.32333333,34.66333333,22.81857143,44.92857143,20.89,43.7,5.2,750.5,91,1,40,3.9
70,0,21.89,41.29666667,19.13333333,44.66333333,24.39,39.83333333,22.29,37.96666667,20.79,52.23857143,5.8,54.76,21.35666667,34.7,22.79,45,20.89,43.76,5.25,750.45,90.83333333,1,40,3.92
70,0,21.92666667,42,19.1,45.49333333,24.32333333,39.5,22.29,37.93333333,20.79,52.178,5.9,54.79,21.29,34.7,22.79,45.07714286,20.92666667,43.79,5.3,750.4,90.66666667,1,40,3.93
360,10,22,42.13333333,19.1,46.1,24.16666667,39.16333333,22.29,38,20.79,52.09,5.9,54.59666667,21.29,34.62666667,22.79,45.036,21,43.79,5.35,750.35,90.5,1,40,3.95
120,0,22,42.2,19.1,46.36,24.03333333,39.09,22.29,38,20.79,52.09,5.933333333,54.4,21.29,34.62666667,22.79,45,20.89,43.79,5.4,750.3,90.33333333,1,40,3.97
190,10,22,42.2,19.1,46.5,23.96333333,38.96666667,22.29,38.06,20.79,52.01285714,6,54.52666667,21.29,34.7,22.79,45.09,20.96333333,43.79,5.45,750.25,90.16666667,1,40,3.98
190,0,22,42.16333333,19.1,46.59,23.89,38.82666667,22.2,38.145,20.79,52,6.09,54.52666667,21.29,34.7,22.79,45.26142857,21,43.7,5.5,750.2,90,1,40,4
80,0,22,42.09,19.1,46.66333333,23.79,38.745,22.2,38.29,20.79,51.89714286,6.09,54.26666667,21.29,34.62666667,22.79,45.13777778,21,43.7,5.42,750.2,90.5,1,40,4
70,10,22,42.16333333,19.1,46.52666667,23.79,38.79,22.2,38.23,20.79,50.716,6.09,54.06,21.23,34.36333333,22.772,44.61,20.96333333,43.52666667,5.33,750.2,91,1,40,4
80,0,22.06666667,42.16333333,19.1,46.32666667,23.73,38.79,22.2,38.26,20.79,49.27,6.1925,53.925,21.23,34.23,22.7,44.16857143,20.89,43.26666667,5.25,750.2,91.5,1,40,4
60,0,22.1,42.13333333,19.1,46.2,23.7,38.86333333,22.2,38.26,20.81,48.238,6.3,53.96666667,21.2,34.09,22.7,43.62,20.89,42.79666667,5.17,750.2,92,1,40,4
370,0,22.1,41.8,19.1,45.925,23.7,38.65666667,22.13333333,38.16333333,20.86142857,47.53571429,6.53,54.13333333,21.2,34.03,22.68571429,43.21,20.89,42.39,5.08,750.2,92.5,1,40,4
200,0,22.06666667,41.49,19.1,45.56666667,23.7,38.5,22.13333333,38.03,20.89,46.82,6.656666667,54,21.2,33.9,22.6,42.794,20.89,41.9,5,750.2,93,1,40,4
60,0,22,41.2225,19.16666667,45.33333333,23.7,38.43333333,22.1,37.96666667,20.84714286,46.28571429,6.866666667,53.86333333,21.13333333,33.9,22.6,42.49714286,20.82333333,41.5,5.08,750.2666667,93.5,1.333333333,40,4.15
50,10,22,41.12666667,19.1,45.12666667,23.7,38.32666667,22.1,37.9,20.79,45.816,7.126666667,53.73,21.1,34,22.5625,42.23375,20.79,41.1,5.17,750.3333333,94,1.666666667,40,4.3
50,0,22.03333333,41.09,19.2,45.2,23.7,38.4,22.1,37.79,20.86142857,46.62857143,7.366666667,53.43,21.16666667,34.86666667,22.5,41.96,20.79,40.72333333,5.25,750.4,94.5,2,40,4.45
60,0,22.1,41.03,19.2,45.12666667,23.6,38.16333333,22.1,37.79,21.04,49.4,7.56,52.95666667,21.29,35.92666667,22.5,41.65285714,20.79,40.53,5.33,750.4666667,95,2.333333333,40,4.6
60,10,22.1,40.96666667,19.29,45.09,23.6,38.16333333,22.1,37.79,21.04285714,50.01,7.866666667,52.6,21.23,36.46,22.478,41.44,20.79,40.33333333,5.42,750.5333333,95.5,2.666666667,40,4.75
60,0,22.1,40.82666667,19.29,44.96333333,23.5,38.06,22.1,37.79,21,50.276,8.126666667,52.13333333,21.26,36.79,22.39,41.2,20.73,40.2,5.5,750.6,96,3,40,4.9
30,0,22.1,40.66333333,19.29,44.76,23.42666667,37.86,22.03333333,37.76666667,20.96857143,49.79285714,8.46,51.42333333,21.26,36.79,22.39,41,20.76,39.9,5.8,750.6,95.5,2.666666667,40,5.13
50,10,22.1,40.53,19.29,44.56666667,23.39,37.7,22.03333333,37.82666667,20.89,49.174,8.733333333,50.75666667,21.2,36.86,22.39,40.92714286,20.56666667,39.23333333,6.1,750.6,95,2.333333333,40,5.37
70,20,22.1,40.4,19.32333333,44.33333333,23.32333333,37.62666667,22,37.79,20.89,48.67142857,9.166666667,49.73333333,21.2,37.4,22.33,40.636,20.35666667,38.76,6.4,750.6,94.5,2,40,5.6
90,20,22.1,40.32666667,19.39,44.06666667,23.29,37.73,22,37.93,20.89,48.198,9.5,48.53333333,21.2,37.02666667,22.22571429,40.45285714,20.29,38.56666667,6.7,750.6,94,1.666666667,40,5.83
90,20,22.1,39.86333333,19.39,43.72333333,23.29,37.73,22,37.86,20.83,47.534,9.752857143,46.29857143,21.2,36.69333333,22.254,40.32,20.29,39.56,7,750.6,93.5,1.333333333,40,6.07
50,20,22.03333333,39.86333333,19.39,43.59,23.29,37.7,22,38.13333333,20.79,47.16333333,9.872,43.974,21.1,36.33333333,22.18571429,39.99714286,20.29,42.02666667,7.3,750.6,93,1,40,6.3
60,30,22.1,40.12666667,19.42666667,43.76666667,23.29,37.7,22.1,38.56666667,20.79,47.16333333,9.942857143,41.99714286,21.1,36.06666667,22.1,39.794,20.39,41.56333333,7.47,750.6166667,91.83333333,1,40,6.25
50,0,22.1,40.26,19.5,44.02666667,23.32333333,37.82666667,22.175,38.97,20.79,47.09,10.42,41.134,21.1,35.69,22.1,39.59,20.39,41.09666667,7.63,750.6333333,90.66666667,1,40,6.2
80,0,22.1,40.53,19.63333333,44.22666667,23.315,37.975,22.2,38.93333333,20.79,46.96666667,11.2825,39.49625,21.1,35.4,22.1,39.46,20.42666667,40.76,7.8,750.65,89.5,1,40,6.15
70,10,22.1,40.93,19.76,44.43333333,23.29,38,22.2,39,20.79,46.82666667,11.79428571,33.93857143,21.1,35.32666667,22.1,39.4,20.5,40.56666667,7.97,750.6666667,88.33333333,1,40,6.1
60,0,22.1,41.22666667,19.82333333,44.52666667,23.29,38.23,22.2,38.93333333,20.79,46.79,11.654,32.138,21.1,35.29,22.04,39.356,20.42666667,40.2,8.13,750.6833333,87.16666667,1,40,6.05
60,0,22.16666667,42.02666667,19.89,45.06,23.29,38.36333333,22.16666667,39,20.79,46.73,11.86428571,33.64714286,21.1,35.29,22,39.4,20.5,40.12666667,8.3,750.7,86,1,40,6
110,0,22.2,43.29,19.945,45.845,23.29,38.62666667,22.1,39.06,20.79,46.73,12.19,33.014,21.1,35.29,22,39.4,20.5,39.96666667,8.58,750.75,84.33333333,1,40,5.98
70,0,22.2,43.15666667,20.1,45.76666667,23.29,38.76,22.1,39.26666667,20.79,46.79,12.20571429,32.10857143,21.1,35.29,21.98428571,39.4,20.5,39.82666667,8.87,750.8,82.66666667,1,40,5.97
60,0,22.2,42.44,20.1,45.3,23.29,38.82666667,22.1,39.46666667,20.79,46.79,12.296,31.476,21.1,35.29,21.934,39.44,20.5,39.645,9.15,750.85,81,1,40,5.95
60,0,22.2,42.36666667,20.23,44.93333333,23.23,38.82666667,22.16666667,40.13,20.79,46.79,12.66714286,30.58285714,21.1,35.29,21.89,39.4,20.5,39.59,9.43,750.9,79.33333333,1,40,5.93
50,10,22.2,42.62666667,20.29,45,23.23,39.19666667,22.16666667,40.66333333,20.79,46.7,13,28.036,21.1,35.29,21.89,39.44,20.5,39.59,9.72,750.95,77.66666667,1,40,5.92
60,0,22.2,42.43,20.29,44.69333333,23.29,39.79666667,22.2,40.56,20.79,46.62666667,13.11428571,27.63714286,21.1,35.29,21.87571429,39.48571429,20.5,39.59,10,751,76,1,40,5.9
50,0,22.2,42.15666667,20.35666667,44.36,23.32333333,40.09,22.2,40.43333333,20.79,46.56,13.354,27.014,21.1,35.29,21.79,39.42,20.5,39.59,10.2,751.05,76,1,40,6.07
60,0,22.2,41.86333333,20.39,43.96666667,23.39,40.03,22.16666667,40.16333333,20.79,46.43333333,13.32571429,26.79,21.1,35.36333333,21.79,39.5,20.5,39.53,10.3,751.1,76,1,40,6.23
60,0,22.2,41.73,20.39,43.82666667,23.5,40,22.1,40.03,20.79,46.26,13.114,28.174,21.1,35.4,21.79,39.634,20.5,39.53,10.5,751.15,76,1,40,6.4
50,0,22.2,41.56,20.32333333,43.7,23.5,40,22.1,39.86333333,20.73,46.2,12.75285714,30.98,21.1,35.52666667,21.79,39.75142857,20.5,39.59,10.7,751.2,76,1,40,6.57
60,0,22.2,41.5,20.32333333,43.62666667,23.5,39.93,22.1,39.79,20.7,46.06,12.6,32.69,21.06666667,35.62666667,21.7225,39.9675,20.5,39.59,10.8,751.25,76,1,40,6.73
50,0,22.2,41.4,20.29,43.59,23.5,39.79,22.06666667,39.66333333,20.745,45.8975,12.6,33.36571429,21.06666667,35.76,21.7,40.174,20.5,39.59,11,751.3,76,1,40,6.9
50,0,22.2,41.4,20.29,43.53,23.5,39.76,22.06666667,39.66333333,20.76,45.73,12.39,35.074,21.1,35.93333333,21.7,40.32142857,20.5,39.59,10.9,751.35,77.5,1.333333333,40,7.07
50,0,22.1,41.29,20.29,43.5,23.5,39.7,22.06666667,39.66333333,20.73,45.66333333,12.45285714,36.52714286,21.1,36,21.7,40.536,20.5,39.59,10.8,751.4,79,1.666666667,40,7.23
50,0,22.1,41.36333333,20.35666667,43.43333333,23.5,39.7,22,39.6175,20.73,45.59,12.478,37.054,21.05,36.145,21.64285714,40.63714286,20.5,39.59,10.7,751.45,80.5,2,40,7.4
50,0,22.1,41.62666667,20.35666667,43.59,23.4175,39.3475,22,39.7,20.73,45.56,12.36428571,37.63714286,21.1,36.32666667,21.6,40.776,20.56666667,39.7,10.6,751.5,82,2.333333333,40,7.57
90,10,22.1,41.7,20.35666667,43.66333333,23.32333333,39.23,22,39.9,20.73,45.5,12.434,38.874,21.1,36.46666667,21.6,40.95428571,20.5,39.76,10.5,751.55,83.5,2.666666667,40,7.73
80,0,22.1,41.86,20.39,43.86,23.29,39.23,22,39.9,20.76,45.59,12.55714286,39.62142857,21.1,36.62666667,21.6,41.476,20.5,39.9,10.4,751.6,85,3,40,7.9
90,10,22.16666667,42,20.39,44.06,23.29,39.29,22,40,20.7,45.59,12.618,39.9,21.1,36.7,21.68571429,42.04,20.56666667,39.96666667,10.3,751.65,85.83333333,3,38,7.98
100,0,22.16666667,42.23,20.5,44.09,23.29,39.2,22,40.06,20.73,45.59,12.66428571,39.7,21.1,36.82666667,21.754,42.394,20.53333333,40.03,10.3,751.7,86.66666667,3,36,8.07
90,0,22.1,42.36333333,20.5,44.12666667,23.29,39.26,22,40.32666667,20.73,45.66333333,12.42428571,39.92714286,21.1,36.9,21.81857143,42.69428571,20.6,40.16333333,10.2,751.75,87.5,3,34,8.15
100,0,22.1,42.43333333,20.5,44.12666667,23.29,39.29,22,40.46666667,20.73,45.7,12.16333333,40.36166667,21.1,37,21.89,42.9,20.55,40.245,10.1,751.8,88.33333333,3,32,8.23
90,0,22.1,42.425,20.5,44.09,23.29,39.29,22,40.5,20.73,45.76,12.18,40.43571429,21.1,37,21.99857143,42.99857143,20.6,40.29,10.1,751.85,89.16666667,3,30,8.32
90,0,22.1,42.4,20.5,43.96333333,23.29,39.29,22,40.5,20.73,45.79,12.318,40.476,21.1,37.03,22.1,43.09,20.6,40.36333333,10,751.9,90,3,28,8.4
70,0,22.1,42.36333333,20.53333333,43.86333333,23.29,39.23,22,40.4,20.79,45.79,12.42142857,40.51,21.1,37.09,22.17142857,43.16857143,20.56666667,40.4,10,751.9333333,90.16666667,2.833333333,27,8.45
70,0,22.03333333,42.23,20.53333333,43.79,23.29,39.2,22,40.4,20.7,45.82666667,12.6,39.556,21.1,37.09,22.29,43.236,20.56666667,40.4,10,751.9666667,90.33333333,2.666666667,26,8.5
70,0,22,42.2,20.5,43.76,23.29,39.2,22,40.4,20.76,45.9,12.61285714,40.05428571,21.1,37.16333333,22.34714286,43.29,20.56666667,40.43333333,10.1,752,90.5,2.5,25,8.55
60,0,22,42.2,20.5,43.7,23.2,39.09,22,40.4,20.7,45.9,12.672,40.254,21.1,37.2,22.412,43.312,20.56666667,40.5,10.1,752.0333333,90.66666667,2.333333333,24,8.6
90,0,22,42.23,20.5,43.7,23.2,39.09,22,40.4,20.76,45.9,12.6,39.42285714,21.1,37.2,22.5,43.4,20.53333333,40.5,10.1,752.0666667,90.83333333,2.166666667,23,8.65
80,0,22,42.23,20.5,43.7,23.2,39.09,21.92666667,40.4,20.76,45.9,12.54,39.16,21.1,37.29,22.6,43.44,20.6,40.56,10.1,752.1,91,2,22,8.7
70,0,22,42.2,20.53333333,43.7,23.2,39.16333333,22,40.4,20.7,45.9,12.74285714,39.45428571,21.1,37.29,22.61428571,43.56714286,20.53333333,40.59,10.1,752.1166667,91,2,23.16666667,8.7
80,0,22,42.26,20.6,43.62666667,23.2,39.12666667,22,40.4,20.7,45.9,13.038,39.12,21.1,37.4,22.66,43.656,20.53333333,40.59,10.1,752.1333333,91,2,24.33333333,8.7
90,20,22,42.32666667,20.6,43.5,23.2,39.2,22,40.4,20.7,45.79666667,13.29428571,38.28571429,21.1,37.4,22.7,43.65285714,20.5,40.79333333,10.2,752.15,91,2,25.5,8.7
90,10,22,42.52666667,20.6,43.5,23.2,39.2,22,40.4,20.76,45.53,13.5,36.656,21.1,37.4,22.7,43.7,20.56666667,41.46,10.2,752.1666667,91,2,26.66666667,8.7
80,20,21.92666667,42.56,20.7,43.59,23.2,39.2,22,40.69,20.73,45.33333333,13.42428571,33.83714286,21.1,37.4,22.75142857,43.68428571,20.56666667,41.96333333,10.2,752.1833333,91,2,27.83333333,8.7
90,20,22,42.5,20.63333333,43.53,23.2,39.2,22.03333333,41.06666667,20.79,45.2,13.234,33.2,21.1,37.4,22.79,43.656,20.5,42.22333333,10.2,752.2,91,2,29,8.7
90,20,21.92666667,42.5,20.7,43.53,23.2,39.23,22.1,41.2,20.79,45.178,13.058,32.974,21.1,37.4,22.79,43.7,20.6,42.4,10.2,752.1833333,91.16666667,1.833333333,27.83333333,8.7
100,20,22,43.02666667,20.63333333,43.53,23.2,39.29,22.1,41.16333333,20.79,45.09,12.68,32.938,21.1,37.4,22.815,43.645,20.53333333,42.52666667,10.1,752.1666667,91.33333333,1.666666667,26.66666667,8.7
90,20,22,43.06,20.6,43.79,23.2,39.29,22.16666667,41.16333333,20.79,45.2,12.57142857,34.12142857,21.1,37.4,22.89,43.7,20.5,42.62666667,10.1,752.15,91.5,1.5,25.5,8.7
90,10,21.92666667,42.93333333,20.6,43.82666667,23.2,39.29,22.2,41.2,20.79,45.2,12.5,35.054,21.1,37.4,22.89,43.73,20.5,42.7,10.1,752.1333333,91.66666667,1.333333333,24.33333333,8.7
250,20,22,42.9,20.6,43.9,23.2,39.29,22.2,41.2,20.79,45.2,12.35428571,35.79285714,21.1,37.4,22.89,43.79,20.5,42.79,10,752.1166667,91.83333333,1.166666667,23.16666667,8.7
370,20,22,42.9,20.56666667,44.03,23.2,39.29,22.23,41.39,20.79,45.15285714,12.314,36.62,21.1,37.4,23,43.82666667,20.5,42.79,10,752.1,92,1,22,8.7
160,20,22,42.9,20.56666667,44.09,23.1,39.32666667,22.29,41.72333333,20.79,45.2,12.19,36.89714286,21.1,37.43333333,23,43.9,20.5,42.79,10,752.1,92,1,22.16666667,8.73
120,10,22.03333333,42.93333333,20.56666667,44.12666667,23.1,39.4,22.39,41.76,20.79,45.2,12.19,36.82,21.03333333,37.43333333,23.06666667,44.12666667,20.5,42.9,10,752.1,92,1,22.33333333,8.77
140,20,22.03333333,42.93333333,20.5,44.2,23.1,39.43333333,22.39,41.62666667,20.79,45.2,12.28125,37.2225,21.06666667,37.5,23.06666667,44.26,20.5,42.9,10.1,752.1,92,1,22.5,8.8
140,20,22.1,43,20.5,44.29,23.03333333,39.43333333,22.39,41.5,20.79,45.2,12.59285714,36.62714286,21.06666667,37.5,23.1,44.36333333,20.5,43,10.1,752.1,92,1,22.66666667,8.83
300,0,22.1,43,20.56666667,44.29,23.06666667,39.46666667,22.39,41.43333333,20.79,45.134,12.712,36.416,21.03333333,37.53,23.1,44.29,20.5,43,10.1,752.1,92,1,22.83333333,8.87
250,0,22.1,43.25666667,20.6,44.36,23.06666667,39.46666667,22.42666667,41.43333333,20.79,45.156,12.70833333,36.21166667,21.1,37.66333333,23.13333333,44.4,20.5,43.03,10.1,752.1,92,1,23,8.9
120,0,22.16666667,43.79666667,20.6,44.89333333,23.1,39.53,22.42666667,41.36,20.83285714,45.51142857,12.66428571,34.87571429,21.06666667,37.66333333,23.2,44.4,20.42666667,43.09,10.3,752.0333333,87.33333333,1.333333333,25.83333333,8.17
110,0,22.2,43.7,20.6,45.59,23.1,39.59,22.39,41.29,20.85,45.84,12.456,33.27,21.06666667,37.59,23.29,44.5,20.42666667,43.12666667,10.4,751.9666667,82.66666667,1.666666667,28.66666667,7.43
210,10,22.2,43.83333333,20.6,45.53,23.2,39.53,22.39,41.36333333,20.89,46,12.17833333,33.03166667,21.06666667,37.46666667,23.29,44.45,20.5,43.2,10.6,751.9,78,2,31.5,6.7
490,20,22.2,43.9,20.5,45.5,23.13333333,39.59,22.35666667,41.2,20.89,46,12,33.654,21,37.32666667,23.29,44.295,20.5,43.16333333,10.8,751.8333333,73.33333333,2.333333333,34.33333333,5.97
320,20,22.2,43.96666667,20.5,45.36,23.23,40.05666667,22.35666667,41.2,20.89,46.44,11.92428571,33.92571429,21.06363636,37.23272727,23.29,43.92666667,20.5,43.09,10.9,751.7666667,68.66666667,2.666666667,37.16666667,5.23
300,0,22.2,43.9,20.5,45.16333333,23.35666667,41.13,22.34,41.145,20.89,46.38,11.734,33.674,21.1,37.18,23.29,43.79,20.5,43.09,11.1,751.7,64,3,40,4.5
340,10,22.2,43.76666667,20.42666667,45.03,23.66333333,42.09666667,22.39,41.02666667,20.89,46.25,11.55428571,32.90857143,21.06,37.009,23.29,43.73,20.5,43.03,11,751.7666667,67.16666667,2.833333333,40,5.07
270,0,22.2,43.59,20.39,45,23.9975,42.345,22.39,40.9,20.89,46.045,11.325,33.99625,21.025,36.95,23.29,43.59,20.42666667,42.9,11,751.8333333,70.33333333,2.666666667,40,5.63
240,0,22.2,43.86333333,20.39,45.13333333,24.26,42.03,22.35666667,40.96333333,20.90222222,47.98777778,10.838,35.24,21,37,23.29,43.745,20.5,42.9,10.9,751.9,73.5,2.5,40,6.2
210,0,22.2,44.06,20.29,45.72666667,24.32333333,41.4,22.29,41.22333333,20.90375,47.9075,10.12833333,36.415,21.06666667,37.06,23.29,43.834,20.39,42.7,10.8,751.9666667,76.66666667,2.333333333,40,6.77
110,0,22.2,44.06,20.29,46.095,24.46333333,41.32666667,22.29,41.2,20.89,47.52,9.476,37.772,21,37,23.30666667,43.745,20.39,42.76,10.8,752.0333333,79.83333333,2.166666667,40,7.33
90,0,22.2,44.06,20.23,46.12666667,24.56666667,40.92333333,22.29,41.12666667,20.89,47.2,8.8,39.11428571,21.06666667,37.06,23.35666667,43.7,20.39,42.79,10.7,752.1,83,2,40,7.9
90,0,22.2,43.93333333,20.2,46.09,24.42666667,40.39,22.29,40.96666667,20.89,47.2,8.22,40.29,21.06666667,37,23.39,43.56,20.39,42.7225,10.4,752.1666667,84.5,1.833333333,37.66666667,7.8
100,0,22.2,43.745,20.2,46.09,24.29,40.02666667,22.23,40.76666667,20.89,47.2,7.781428571,41.72142857,21,36.79,23.39,43.45,20.39,42.62666667,10,752.2333333,86,1.666666667,35.33333333,7.7
100,0,22.2,43.59,20.1,46.06,24.23,39.82666667,22.2,40.59,20.89,47.076,7.438,42.99,21.06666667,36.79,23.46333333,43.33333333,20.39,42.56,9.65,752.3,87.5,1.5,33,7.6
90,0,22.2,43.59,20.1,46,24.06666667,39.63333333,22.2,40.53,20.89,46.86222222,7.092857143,44.06428571,21,36.66333333,23.39,43.12666667,20.32333333,42.5,9.3,752.3666667,89,1.333333333,30.66666667,7.5
120,0,22.2,43.5,20.06666667,46.02666667,23.92666667,39.5,22.16666667,40.4,20.89,46.645,6.756,45.22,21,36.53,23.42666667,43,20.29,42.36333333,8.95,752.4333333,90.5,1.166666667,28.33333333,7.4
80,10,22.2,43.43333333,20,45.82666667,23.85666667,39.46666667,22.1,40.32666667,20.89,46.45714286,6.514,46.174,21,36.5,23.5,42.93333333,20.29,42.23,8.6,752.5,92,1,26,7.3
60,0,22.13333333,43.59,19.96333333,45.79,23.79,39.4,22.1,40.26,20.89,46.456,6.237142857,46.82571429,21,36.43333333,23.5,42.9,20.29,42.33,8.33,752.6,92.5,1,25.16666667,7.12
60,0,22.13333333,43.66333333,19.89,45.79,23.79,39.29,22.1,40.12666667,20.89,47.1,5.96,47.6,21,36.4,23.5,43.036,20.29,42.79666667,8.07,752.7,93,1,24.33333333,6.93
50,0,22.1,43.66333333,19.79,45.66333333,23.79,39.29,22,40,20.89,47.56666667,5.778,47.896,21,36.4,23.5,43.38142857,20.32333333,43.12666667,7.8,752.8,93.5,1,23.5,6.75
30,0,22.1,43.53,19.73,45.59,23.79,39.2,22,39.93333333,20.89,47.76,5.661428571,48.88285714,21,36.29,23.5,43.638,20.39,43.26,7.53,752.9,94,1,22.66666667,6.57
30,0,22.1,43.46666667,19.7,45.56,23.79,39.2,22,39.9,20.79,47.7,5.5,49.116,21,36.29,23.46857143,43.83714286,20.35666667,43.5,7.27,753,94.5,1,21.83333333,6.38
30,0,22.03333333,43.26666667,19.63333333,45.43333333,23.7,39.2,22,39.82666667,20.79,47.7,5.31,49.39428571,21,36.29,23.39,43.94,20.35666667,43.63333333,7,753.1,95,1,21,6.2
40,0,22,43.06,19.56666667,45.5,23.63333333,39.12666667,22,39.79,20.79,47.59,5.3,50.272,21,36.29,23.33285714,44.06714286,20.39,43.79,6.67,753.1333333,95.16666667,1,27,5.9
50,0,22,42.93333333,19.5,45.5,23.56666667,39.2,21.96333333,39.7,20.79,47.53,5.192857143,50.75428571,21,36.29,23.29,44.296,20.39,43.86333333,6.33,753.1666667,95.33333333,1,33,5.6
50,0,21.96333333,42.86333333,19.46333333,45.5,23.5,39.2,21.89,39.7,20.7,47.5,5.09,51.054,21,36.2225,23.29,44.64285714,20.39,44,6,753.2,95.5,1,39,5.3
60,0,21.89,42.73,19.39,45.5,23.5,39.2,21.89,39.66333333,20.76,47.5,4.981428571,50.99285714,21,36.2,23.2,44.874,20.39,44.13333333,5.67,753.2333333,95.66666667,1,45,5
60,0,21.89,42.59,19.35666667,45.53,23.5,39.2,21.89,39.59,20.76,47.5,4.9,51.68,21,36.2,23.22571429,45.23857143,20.39,44.29,5.33,753.2666667,95.83333333,1,51,4.7
50,0,21.89,42.53,19.2225,45.545,23.5,39.2,21.89,39.59,20.7,47.5,4.871428571,51.84285714,21,36.2,23.2,45.42,20.39,44.36333333,5,753.3,96,1,57,4.4
60,0,21.89,42.46666667,19.2,45.59,23.46333333,39.16333333,21.89,39.59,20.7,47.46666667,4.65,51.536,21,36.09,23.2,45.5,20.39,44.53,4.92,753.35,96.16666667,1,48.5,4.35
50,0,21.82333333,42.32666667,19.16666667,45.62666667,23.39,39.09,21.79,39.46666667,20.7,47.4,4.538571429,51.64,21,36.09,23.2,45.634,20.365,44.695,4.83,753.4,96.33333333,1,40,4.3
50,0,21.79,42.2,19.1,45.7,23.5,39.09,21.79,39.4,20.7,47.36333333,4.48,51.674,21,36.06,23.17142857,45.76714286,20.35666667,44.86333333,4.75,753.45,96.5,1,31.5,4.25
50,0,21.79,42.1725,19.06666667,45.66333333,23.5,39.09,21.79,39.36333333,20.7,47.29,4.297142857,51.89714286,21,36,23.15,45.9,20.39,45.06666667,4.67,753.5,96.66666667,1,23,4.2
50,0,21.79,42.09,19,45.59,23.5,39.12666667,21.79,39.29,20.64,47.236,4.256,52.82,21,36,23.1,45.9,20.39,45.26,4.58,753.55,96.83333333,1,14.5,4.15
50,0,21.7,42.09,18.96333333,45.7,23.56666667,39.2,21.79,39.29,20.67142857,47.2,4.3,52.93,21,35.96,23.1,46,20.39,45.43333333,4.5,753.6,97,1,6,4.1
60,0,21.7,42.03,18.89,45.76,23.53333333,39.29,21.79,39.29,20.7,47.2,4.16,52.59666667,20.96857143,35.9,23.1,45.93333333,20.39,45.56,4.37,753.6,96.66666667,0.833333333,5.5,3.92
60,0,21.7,42,18.79,45.73,23.6,39.29,21.76,39.29,20.65714286,47.15285714,4.06,52.73,20.934,35.9,23,45.7,20.39,45.73,4.23,753.6,96.33333333,0.666666667,5,3.73
50,0,21.7,42,18.79,45.79,23.6,39.4,21.7,39.23,20.64,47.134,4,52.79,20.89,35.9,23,45.7,20.39,45.86333333,4.1,753.6,96,0.5,4.5,3.55
60,0,21.63333333,41.93333333,18.76,45.79,23.66666667,39.46666667,21.7,39.2,20.6,47.09,3.845,52.5,20.89,35.856,23,45.5,20.39,45.9,3.97,753.6,95.66666667,0.333333333,4,3.37
50,0,21.63333333,41.86,18.7,45.79,23.7,39.43333333,21.7,39.12666667,20.6,47,3.79,52.99666667,20.89,35.79,23,45.43333333,20.39,45.96666667,3.83,753.6,95.33333333,0.166666667,3.5,3.18
60,0,21.6,41.79,18.7,45.82666667,23.7,39.5,21.7,39.09,20.6,47.03857143,3.863333333,53.66333333,20.89,35.79,22.92666667,45.4,20.39,46.03,3.7,753.6,95,0,3,3
40,0,21.6,41.79,18.7,45.82666667,23.7,39.5,21.7,39.03,20.6,47,3.826666667,54.2,20.89,35.72571429,22.92666667,45.32666667,20.39,46.09,3.58,753.6333333,95.33333333,0.166666667,3.166666667,2.93
60,0,21.6,41.7,18.6,45.7,23.7,39.5,21.66666667,39.02666667,20.6,47,3.766666667,53.66666667,20.89,35.7,22.89,45.2,20.39,46.12666667,3.47,753.6666667,95.66666667,0.333333333,3.333333333,2.87
50,0,21.53333333,41.7,18.6,45.76,23.7,39.5,21.6,38.9,20.6,47,3.56,53.63,20.89,35.63714286,22.89,45.12666667,20.39,46.2,3.35,753.7,96,0.5,3.5,2.8
50,0,21.5,41.7,18.6,45.76,23.7,39.56,21.6,38.9,20.6,47,3.5,54.29666667,20.89,35.59,22.89,45.06,20.39,46.29,3.23,753.7333333,96.33333333,0.666666667,3.666666667,2.73
60,0,21.5,41.62666667,18.53333333,45.7,23.7,39.5,21.6,38.79,20.6,47,3.363333333,53.59333333,20.89,35.59,22.89,45,20.39,46.29,3.12,753.7666667,96.66666667,0.833333333,3.833333333,2.67
50,0,21.5,41.59,18.5,45.66333333,23.65,39.5225,21.6,38.79,20.55714286,46.95714286,3.23,53.2,20.89,35.5,22.89,44.96666667,20.46333333,46.46666667,3,753.8,97,1,4,2.6
60,0,21.5,41.59,18.5,45.59,23.7,39.59,21.5,38.7,20.56,46.9,3.2,53.63,20.86142857,35.45714286,22.82333333,44.82666667,20.39,46.4,2.78,753.8166667,97.33333333,1,3.833333333,2.43
50,0,21.39,41.46666667,18.42666667,45.59,23.7,39.59,21.5,38.7,20.52857143,46.9,3.26,54.63,20.89,35.36333333,22.79,44.66333333,20.46333333,46.36333333,2.57,753.8333333,97.66666667,1,3.666666667,2.27
60,0,21.39,41.4,18.39,45.5,23.7,39.59,21.5,38.59,20.5,46.9,3.53,55.43333333,20.84714286,35.29857143,22.79,44.59,20.4175,46.3175,2.35,753.85,98,1,3.5,2.1
50,0,21.39,41.4,18.39,45.43333333,23.7,39.59,21.5,38.59,20.5,46.9,3.59,55.63333333,20.79,35.2,22.79,44.46666667,20.5,46.4,2.13,753.8666667,98.33333333,1,3.333333333,1.93
50,0,21.39,41.32666667,18.32333333,45.46666667,23.7,39.59,21.5,38.59,20.5,46.79,3.73,56.06666667,20.79,35.2,22.79,44.4,20.39,46.29,1.92,753.8833333,98.66666667,1,3.166666667,1.77
50,0,21.34,41.29,18.32333333,45.4,23.7,39.59,21.5,38.59,20.54285714,46.73857143,3.863333333,56.26,20.79,35.18428571,22.79,44.29,20.39,46.23,1.7,753.9,99,1,3,1.6
50,0,21.29,41.29,18.29,45.4,23.7,39.59,21.5,38.5,20.5,46.7,3.79,55.86333333,20.79,35.09,22.79,44.2675,20.39,46.16333333,1.62,753.8833333,99,1,2.666666667,1.52
50,0,21.29,41.29,18.29,45.4,23.66666667,39.56,21.5,38.5,20.5,46.7,3.7225,55.79,20.79,35.09,22.73,44.2,20.39,46.16333333,1.53,753.8666667,99,1,2.333333333,1.43
50,0,21.29,41.29,18.29,45.43333333,23.6,39.5,21.42666667,38.43333333,20.5,46.7,3.626666667,55.73,20.79,35.09,22.7,44.16333333,20.39,46.09,1.45,753.85,99,1,2,1.35
60,0,21.29,41.29,18.23,45.43333333,23.6,39.5,21.5,38.5,20.5,46.68428571,3.5,55.59,20.79,35.07714286,22.7,44.09,20.39,46.09,1.37,753.8333333,99,1,1.666666667,1.27
60,0,21.26,41.2,18.2,45.4,23.6,39.5,21.39,38.4,20.5,46.59,3.433333333,55.33,20.79,35.036,22.7,44.06,20.39,46.06,1.28,753.8166667,99,1,1.333333333,1.18
60,0,21.26,41.2,18.2,45.32666667,23.6,39.5,21.39,38.4,20.5,46.59,3.29,55.46666667,20.79,35,22.7,44,20.39,46,1.2,753.8,99,1,1,1.1
50,0,21.2,41.09,18.2,45.32666667,23.6,39.5,21.39,38.29,20.5,46.56428571,3.43,56.6,20.79,34.94,22.7,43.9,20.39,46,1.28,753.8166667,99,1,11.83333333,1.18
50,0,21.2,41.03,18.2,45.4,23.6,39.5,21.39,38.29,20.39,46.5,3.626666667,57.33,20.79,34.91428571,22.7,43.9,20.39,45.93333333,1.37,753.8333333,99,1,22.66666667,1.27
50,0,21.2,41,18.2,45.32666667,23.6,39.43333333,21.35666667,38.29,20.48428571,46.57714286,3.76,57.59,20.772,34.9,22.66666667,43.86333333,20.39,45.9,1.45,753.85,99,1,33.5,1.35
50,0,21.2,41,18.13333333,45.4,23.6,39.4,21.315,38.29,20.478,46.572,3.9,57.76666667,20.73857143,34.9,22.6,43.79,20.39,45.82666667,1.53,753.8666667,99,1,44.33333333,1.43
60,0,21.2,41,18.1,45.4,23.6,39.4,21.32333333,38.29,20.39,46.5,3.9,57.82666667,20.79,34.9,22.6,43.79,20.39,45.79,1.62,753.8833333,99,1,55.16666667,1.52
70,0,21.2,41,18.1,45.4,23.6,39.4,21.29,38.26,20.39,46.5,3.723333333,57.3,20.745,34.9,22.6,43.73,20.39,45.73,1.7,753.9,99,1,66,1.6
70,0,21.2,41.1,18.1,45.46333333,23.6,39.4,21.29,38.2,20.39,46.5,3.463333333,56.56666667,20.7,34.79,22.5,43.7,20.39,45.7,1.75,753.8666667,99,1,66,1.65
40,0,21.2,41.63333333,18.1,46.1725,23.445,39.05,21.29,38.2,20.39,46.42857143,3.133333333,55.69333333,20.7,34.79,22.5,43.7,20.39,45.7,1.8,753.8333333,99,1,66,1.7
40,10,21.2,41.79,18.1,46.83333333,23.35666667,38.83333333,21.23,38.12666667,20.39,46.44,3,55.63333333,20.7,34.79,22.5,43.62666667,20.39,45.66333333,1.85,753.8,99,1,66,1.75
40,0,21.2,41.86333333,18.06666667,47.09,23.23,38.56666667,21.29,38.09,20.39,46.4,3,56.22666667,20.7,34.77875,22.5,43.62666667,20.39,45.5225,1.9,753.7666667,99,1,66,1.8
40,0,21.29,41.9,18.06666667,47.16333333,23.16666667,38.5,21.29,38.09,20.39,46.3175,3,56.56,20.7,34.7,22.5,43.62666667,20.39,45.43333333,1.95,753.7333333,99,1,66,1.85
50,10,21.29,41.96666667,18.1,47.26,23.1,38.43333333,21.29,38.09,20.39,46.37642857,2.966666667,56.33333333,20.7,34.68428571,22.5,43.8,20.39,45.26,2,753.7,99,1,66,1.9
60,0,21.245,42.09,18.1,47.2,23.1,38.46666667,21.23,38.03,20.39,46.42982143,3.06125,56.7725,20.7,34.7,22.5,43.9,20.39,45.12666667,1.88,753.7333333,99.16666667,1,55.16666667,1.8
80,0,21.26,41.93,18.1,47.16333333,23.1,38.4,21.2,38.16333333,20.39,46.48321429,3.155833333,57.21166667,20.7,34.59,22.46333333,43.69666667,20.39,44.93,1.77,753.7666667,99.33333333,1,44.33333333,1.7
70,0,21.2,41.79,18.1,47.09,23.06666667,38.36333333,21.2,38.09,20.39,46.53660714,3.250416667,57.65083333,20.7,34.545,22.42666667,43.49333333,20.39,44.73,1.65,753.8,99.5,1,33.5,1.6
60,0,21.2,41.82666667,18.1,47.09,23.06666667,38.36333333,21.2,38.09,20.39,46.59,3.345,58.09,20.7,34.5,22.39,43.29,20.39,44.52666667,1.53,753.8333333,99.66666667,1,22.66666667,1.5
60,10,21.26,41.96666667,18.1,47.16333333,23.06666667,38.5,21.2,38.09,20.39,46.59,3.43,58.29666667,20.7,34.4,22.39,43.22333333,20.39,44.26666667,1.42,753.8666667,99.83333333,1,11.83333333,1.4
70,10,21.29,41.9,18.1,47.29,23,38.5,21.2,38.09,20.39,46.59,3.826666667,58.65666667,20.7,34.4,22.39,42.97,20.35666667,43.96666667,1.3,753.9,100,1,1,1.3
70,20,21.29,41.82666667,18.16666667,47.09666667,22.96333333,38.53,21.26,38.36333333,20.39,46.63333333,3.966666667,58.86333333,20.65,34.245,22.32333333,42.65666667,20.35666667,43.76666667,1.45,753.9666667,100,1,2.166666667,1.45
80,20,21.29,41.76,18.2,46.63333333,22.89,38.59,21.42666667,38.69333333,20.39,46.36,4.123333333,59.09666667,20.6,33.96666667,22.29,42.22333333,20.29,43.29666667,1.6,754.0333333,100,1,3.333333333,1.6
90,20,21.35666667,41.62666667,18.26,46.36,22.89,38.56,21.56666667,38.9,20.39,46.13333333,4.396666667,59.56333333,20.6,33.82666667,22.29,41.89,20.29,42.89,1.75,754.1,100,1,4.5,1.75
70,20,21.29,41.46666667,18.42666667,46.02666667,22.89,38.5,21.7,38.86333333,20.39,45.93333333,4.896666667,60.06666667,20.56666667,33.79,22.26,41.49,20.29,42.36333333,1.9,754.1666667,100,1,5.666666667,1.9
90,10,21.35666667,41.32666667,18.42666667,45.76666667,22.85666667,38.46666667,21.7225,38.8725,20.39,45.63333333,5.23,60.33333333,20.5,33.79,22.2,41.23,20.35666667,41.96333333,2.05,754.2333333,100,1,6.833333333,2.05
70,20,21.32333333,41.2,18.5,45.56,22.79,38.32666667,21.93,38.96666667,20.39,45.43333333,5.496666667,60.5,20.5,33.82666667,22.2,41.06,20.29,41.6,2.2,754.3,100,1,8,2.2
70,20,21.39,41.12666667,18.56666667,45.43333333,22.79,38.29,22.13333333,38.86,20.39,45.26,5.896666667,60.83333333,20.5,33.9,22.2,40.93333333,20.29,41.19333333,2.58,754.3,100,1,13,2.58
90,20,21.39,41.09,18.73,45.13333333,22.79,38.29,22.26,39,20.39,45.12666667,6.26,61.12666667,20.5,34,22.16666667,40.86333333,20.39,40.79666667,2.97,754.3,100,1,18,2.97
80,10,21.39,41.03,18.8925,44.975,22.79,38.2,22.29,39.03,20.29,44.845,6.526666667,61.33333333,20.5,34.045,22.1,40.79,20.65666667,40.39,3.35,754.3,100,1,23,3.35
90,20,21.39,41.09,19.06666667,44.82666667,22.79,38.16333333,22.35666667,39.16333333,20.32333333,44.66333333,7.293333333,61.96333333,20.5,34.5,22.1,40.73,21.83333333,39.62666667,3.73,754.3,100,1,28,3.73
80,20,21.39,41.09,19.23,44.63333333,22.79,38.03,22.53333333,39.36,20.39,44.59,7.9,62.29666667,20.5,34.55846154,22.1,40.79,21.9725,38.3475,4.12,754.3,100,1,33,4.12
80,20,21.39,41.12666667,19.35666667,44.43333333,22.79,38,22.6,39.56,20.39,44.5,8.6,62.7,20.55,34.87923077,22.03333333,40.86,21.59666667,38.43,4.5,754.3,100,1,38,4.5
70,10,21.39,41.26,19.69666667,44.36333333,22.79,38,22.7,39.7,20.39,44.5,9.2175,62.975,20.6,35.2,22.1,41,21.26,38.76666667,5.18,754.3166667,98.33333333,1.166666667,42.16666667,4.93
60,20,21.39,41.32666667,20.22333333,43.83,22.7,38.09,22.7,39.7,20.29,44.5,9.963333333,63.4,20.6,35.26,22.06666667,41.09,21.06666667,39.1,5.87,754.3333333,96.66666667,1.333333333,46.33333333,5.37
60,20,21.4725,41.5425,20.82333333,42.89333333,22.76,38.09,22.73,39.73,20.35666667,44.5,10.56333333,63.49,20.6,35.5675,22,41.16333333,20.96333333,39.56666667,6.55,754.35,95,1.5,50.5,5.8
50,20,21.42666667,41.53,20.89,42.5,22.7,38.2,22.79,39.73,20.39,44.5,10.89666667,63.56333333,20.6,35.66333333,22,41.2,20.82333333,39.7,7.23,754.3666667,93.33333333,1.666666667,54.66666667,6.23
70,10,21.39,41.5,21.26333333,41.96,22.7,38.2,22.82333333,39.96333333,20.39,44.5,11.76666667,63.66,20.6,35.73,22,41.26,20.79,39.76666667,7.92,754.3833333,91.66666667,1.833333333,58.83333333,6.67
80,20,21.39,41.5,21.39,41.5,22.76,38.2,22.96333333,40.16333333,20.39,44.5,12.43333333,62.8,20.6,35.874,22,41.29,20.79,39.96666667,8.6,754.4,90,2,63,7.1
80,20,21.46333333,41.56,21.42666667,41.32666667,22.76,38.2,23.03333333,40.26666667,20.39,44.5,13.13,59.9,20.6,36.018,22,41.36333333,20.73,40.12666667,8.97,754.45,87.83333333,2,56.66666667,7.05
90,20,21.39,41.56,21.56666667,41.32666667,22.79,38.29,23.1,40.46666667,20.39,44.5,13.79666667,55.1,20.6,36.06428571,22,41.4,20.73,40.26,9.33,754.5,85.66666667,2,50.33333333,7
70,20,21.42666667,41.62666667,21.73,40.99,22.79,38.29,23.13333333,40.5,20.39,44.5,14.19,49.4,20.6,36.16333333,22,41.46666667,20.7,40.53,9.7,754.55,83.5,2,44,6.95
80,10,21.5,41.76,21.93,40.73,22.79,38.32666667,23.2,40.56,20.39,44.5,14.79,46.55,20.63333333,36.23,22,41.46666667,20.7,40.72333333,10.1,754.6,81.33333333,2,37.66666667,6.9
70,20,21.5,41.82666667,22.13333333,40.4,22.85666667,38.46666667,23.32333333,40.59,20.39,44.5,15.16666667,38.1,20.7,36.29,22,41.5,20.7,41.09,10.4,754.65,79.16666667,2,31.33333333,6.85
80,20,21.5,42.02666667,22.26,40.06666667,22.89,38.5,23.4175,40.59,20.39,44.59,15.3,35.96666667,20.7,36.29,22,41.5,20.7,41.09,10.8,754.7,77,2,25,6.8
70,20,21.53333333,42.09,22.53333333,39.83333333,22.89,38.5,23.5,40.59,20.39,44.59,15.66666667,33.66666667,20.73,36.29,22,41.4,20.7,41.42666667,11.3,754.65,75.33333333,2,25.66666667,6.95
90,10,21.6,42.16333333,22.66666667,39.56666667,22.89,38.59,23.5,40.5,20.39,44.73,15.93333333,28.53333333,20.79,36.23,22,41.4,20.76,41.9,11.8,754.6,73.66666667,2,26.33333333,7.1
80,20,21.6,42.23,22.7,39.33333333,22.89,38.59,23.56666667,40.5,20.39,44.79,16.33333333,27.95666667,20.79,36.2,22,41.4,20.73,42.26666667,12.3,754.55,72,2,27,7.25
80,20,21.66666667,42.36333333,22.7,39.2,22.89,38.7,23.6,40.46666667,20.39,44.9,16.79333333,26.35666667,20.79,36.2,22,41.4,20.73,42.46666667,12.8,754.5,70.33333333,2,27.66666667,7.4
90,20,21.7,42.4,22.7,39.09,22.9175,38.7,23.6,40.26666667,20.39,45,17.13333333,25.29333333,20.85666667,36.36333333,22,41.4,20.7,42.53,13.3,754.45,68.66666667,2,28.33333333,7.55
70,10,21.76,42.32666667,22.7,39.09,23,38.7,23.6,39.96666667,20.39,45.06,17.26,24.83333333,20.85666667,36.36333333,22,41.4,20.7,42.59,13.8,754.4,67,2,29,7.7
60,20,21.79,42.33333333,22.7,39.09,23,38.7,23.6,39.76666667,20.39,45.09,17.26,22.22333333,20.92666667,36.36333333,22.1,41.46666667,20.7,42.59,13.9,754.3833333,66.5,2,30.83333333,7.68
80,10,21.79,42.2,22.76,39,23,38.7,23.6,39.59,20.39,45.09,17.2475,22.17,20.92666667,36.29,22.1,41.4,20.7,42.62666667,14,754.3666667,66,2,32.66666667,7.67
60,0,21.82333333,42.26666667,22.76,38.93333333,23,38.76,23.6,39.53,20.39,45.2,17.72333333,18.85666667,21,36.29,22.1,41.4,20.7,42.56666667,14.1,754.35,65.5,2,34.5,7.65
40,0,21.89,42.25,22.79,38.86333333,23,38.76,23.6,39.46666667,20.39,45.2,17.89,16.2,21,36.29,22.1,41.32666667,20.7,42.5,14.2,754.3333333,65,2,36.33333333,7.63
60,0,21.89,42.2,22.79,38.79,23,38.79,23.6,39.4,20.39,45.2,18,11.3,21.1,36.29,22.1,41.29,20.7,42.5,14.3,754.3166667,64.5,2,38.16666667,7.62
50,0,21.89,42.09,22.7,38.79,23,38.79,23.5,39.29,20.39,45.26,18,11.11285714,21.12,36.29,22.1,41.29,20.7,42.46666667,14.4,754.3,64,2,40,7.6
60,0,21.89,41.96333333,22.7,38.73,23,38.79,23.42666667,39.15666667,20.39,45.2,17.978,10.834,21.2,36.22571429,22.13333333,41.2,20.7,42.4,14.5,754.2333333,63.16666667,2.166666667,40,7.5
60,0,22,41.86333333,22.7,38.76,23,38.79,23.39,39.09,20.39,45.2,17.783,10.622,21.29,36.29,22.2,41.12666667,20.7,42.26,14.6,754.1666667,62.33333333,2.333333333,40,7.4
50,0,22,41.79,22.7,38.76,23,38.79,23.39,39.09,20.46333333,45.26,17.619,10.897,21.30428571,36.21285714,22.29,41.16333333,20.7,42.2,14.8,754.1,61.5,2.5,40,7.3
50,0,22.03333333,41.73,22.7,38.79,23.06666667,38.79,23.35666667,39.09,20.46333333,45.26,18.02285714,10.83857143,21.412,36.2,22.315,41.0675,20.7,42.2,14.9,754.0333333,60.66666667,2.666666667,40,7.2
50,0,22.1,41.79,22.7,38.79,23.1,38.79,23.35666667,39.09,20.46333333,45.29,18.16,8.68,21.52857143,36.16857143,22.46333333,41,20.7,42.2,15,753.9666667,59.83333333,2.833333333,40,7.1
50,0,22.13333333,41.66333333,22.7,38.79,23.1,38.79,23.29,39.09,20.46333333,45.29,18.1,8.451428571,21.6,36,22.53333333,40.86333333,20.7,42.2,15.1,753.9,59,3,40,7
60,0,22.2,41.59,22.7,38.79,23.1,38.79,23.29,39.09,20.5,45.32666667,18.22,7.414,21.64,35.9,22.6,40.73,20.7,42.2,15.4,753.85,59,3,40,7.23
50,10,22.2,41.56,22.7,38.72333333,23.1,38.79,23.29,39,20.5,45.32666667,18.66857143,6.335714286,21.76571429,35.78571429,22.63333333,40.56,20.7,42.09,15.6,753.8,59,3,40,7.47
80,0,22.2,41.5,22.76,38.59,23.1,38.86333333,23.29,38.86333333,20.5,45.29,18.7,4.316,21.912,35.574,22.76,40.3,20.7,42.03,15.9,753.75,59,3,40,7.7
80,0,22.29,41.43,22.7,38.56,23.1,38.79,23.23,38.59666667,20.5,45.29,18.39571429,2.08,22.07142857,35.23285714,22.82333333,39.93,20.79,41.96666667,16.1,753.7,59,3,40,7.93
100,0,22.29,40.89666667,22.7,38.16666667,23.1,38.72333333,23.16666667,37.73333333,20.5,45.26,18.03,1.363333333,22.2,34.55,22.96333333,39.65666667,20.79,41.76666667,16.4,753.65,59,3,40,8.17
100,0,22.32333333,40.13333333,22.6,37.63333333,23.1,38.39,23.1,37.26666667,20.5,45.025,17.78,1.40875,22.1,34.156,23,39.73,20.79,41.56,16.6,753.6,59,3,40,8.4
90,0,22.39,39.93333333,22.6,37.425,23.1,38.045,23.13333333,37.23,20.5,44.76666667,17.61,1.3,22.04285714,33.88,23.06666667,39.93,20.73,41.36,16.5,753.5166667,58.33333333,3,40,8.13
90,0,22.42666667,39.79,22.6,37.4,23.1,37.96666667,23.2,37.29,20.5,44.46666667,17.58,1.04,22,33.616,23.2,39.96666667,20.7,41.145,16.3,753.4333333,57.66666667,3,40,7.87
90,0,22.5,39.79,22.6,37.36333333,23.16666667,37.9,23.2,37.4,20.5,44.66,17.53,1.55,21.92142857,33.39714286,23.2,39.82666667,20.7,41,16.2,753.35,57,3,40,7.6
90,0,22.53333333,39.7,22.6,37.29,23.13333333,37.96666667,23.26,37.52666667,20.6,44.7,17.52857143,2.01,21.89,33.2,23.29,40,20.7,40.93333333,16.1,753.2666667,56.33333333,3,40,7.33
90,0,22.6,39.7,22.66666667,37.36333333,23.2,37.9,23.29,37.7,20.6,44.62666667,17.39,1.9,21.89,33.156,23.35666667,40.06,20.7,40.76,15.9,753.1833333,55.66666667,3,40,7.07
100,0,22.6,39.645,22.66666667,37.29,23.2,37.96666667,23.29,37.83333333,20.6,44.46666667,17.33,2.101,21.87,33.027,23.5,40.02666667,20.7,40.7,15.8,753.1,55,3,40,6.8
100,0,22.63333333,39.62666667,22.6,37.2,23.2,37.9,23.35666667,37.93333333,20.6,44.32666667,17.509,2.954,21.82333333,33,23.5,39.9,20.7,40.66333333,15.9,753.0666667,53.5,3.333333333,40,6.48
80,0,22.7,39.56666667,22.6,37.26,23.2,38,23.29,38,20.6,44.26,17.57142857,3.184285714,21.79,33,23.56666667,39.79,20.7,40.59,16.1,753.0333333,52,3.666666667,40,6.17
80,0,22.7,39.4,22.6,37.29,23.2,38,23.29,38,20.6,44.2,17.414,3.16,21.79,33,23.56666667,39.79,20.7,40.5,16.3,753,50.5,4,40,5.85
60,0,22.7,39.4,22.6,37.29,23.29,38.09,23.29,38,20.6,44.06,17.29,3.811428571,21.754,33.09,23.6,39.79,20.7,40.5,16.4,752.9666667,49,4.333333333,40,5.53
70,0,22.7,39.5,22.6,37.4,23.29,38.09,23.35666667,37.93333333,20.6,44,17.34,4.245,21.7,33.10571429,23.6,39.93,20.7,40.53,16.6,752.9333333,47.5,4.666666667,40,5.22
90,0,22.7,39.56,22.53333333,37.46666667,23.2,38.03,23.29,38,20.6,43.9,17.64285714,4.25,21.7,33.218,23.6,40.19,20.7,40.59,16.7,752.9,46,5,40,4.9
120,0,22.79,39.73,22.5,37.53,23.2,38.09,23.32333333,38.09,20.6,43.9,17.73857143,4.532857143,21.7,33.36333333,23.63333333,40.56666667,20.7,40.56,16.5,752.8833333,47.66666667,4.833333333,40,5.17
320,0,22.79,40.26333333,22.5,37.66333333,23.2,38.2,23.32333333,38.09,20.7,44,17.7,4.938,21.7,33.45714286,23.7,40.76,20.7,40.5,16.2,752.8666667,49.33333333,4.666666667,40,5.43
370,0,22.82333333,41.43333333,22.5,37.86,23.2,38.26,23.29,38.09,20.7,44,17.77583333,5.8475,21.6,33.7,23.7,40.93333333,20.7,40.59,16,752.85,51,4.5,40,5.7
310,0,22.82333333,41.22666667,22.5,38.06,23.2,38.29,23.26,38.06,20.7,44,17.89,6,21.6,33.83888889,23.76,41.13333333,20.7,40.59,15.8,752.8333333,52.66666667,4.333333333,40,5.97
490,0,22.89,41.39,22.39,38.26666667,23.2,38.29,23.2,38,20.7,44.06,17.59555556,5.272222222,21.6,33.94444444,23.79,41.43333333,20.7,40.7,15.5,752.8166667,54.33333333,4.166666667,40,6.23
180,0,22.89,43.72333333,22.39,38.73333333,23.29,38.53,23.2,38.12666667,20.7,44.12666667,17.214,5.916,21.6,34.018,23.79,41.5,20.7,40.76,15.3,752.8,56,4,40,6.5
130,10,23,45.53,22.39,40.23333333,23.29,38.72333333,23.2,38.26,20.76,44.4,16.88142857,6.954285714,21.55714286,34.12142857,23.89,41.2,20.7,40.79,15.3,752.7166667,56.33333333,3.833333333,40,6.57
290,0,23,44.53,22.39,41.1,23.39,39.045,23.15,38.38,20.745,44.85,16.63333333,7.896666667,21.5,34.29,23.89,41.2,20.7,40.86333333,15.3,752.6333333,56.66666667,3.666666667,40,6.63
280,0,23,44.12333333,22.34,41.29,23.39,39.23,23.1,38.5,20.7,45.26666667,16.32666667,8.533333333,21.5,34.39857143,23.934,41.2,20.7,40.95,15.3,752.55,57,3.5,40,6.7
310,0,23,43.53,22.2,41.16333333,23.39,39.36333333,23.1,38.56,20.7,45.46666667,16.06666667,9.4,21.5,34.518,24,41.2,20.7,41,15.3,752.4666667,57.33333333,3.333333333,40,6.77
130,0,23,42.9,22.2,41.03,23.39,39.53,23.06666667,38.59,20.7,45.5,15.73333333,9.996666667,21.5,34.69428571,24.02,41.296,20.7,41.06,15.3,752.3833333,57.66666667,3.166666667,40,6.83
170,10,23,42.56666667,22.1,40.9,23.39,39.59,23,38.59,20.76,45.5,15.46,11.05666667,21.5,34.834,24.12857143,41.59571429,20.7,41.12666667,15.3,752.3,58,3,40,6.9
120,0,22.89,42.36333333,22.03333333,40.76666667,23.39,39.7,23,38.7,20.7,45.46666667,15.09,12.49666667,21.43714286,34.95714286,24.1,42.02,20.7,41.12666667,15,752.25,59.66666667,2.833333333,40,7.05
100,0,22.945,42.1175,21.96333333,40.59,23.39,39.62666667,23,38.7,20.7,45.4,14.75666667,13.29666667,21.39,35.054,24.15714286,42.62428571,20.7,41.23,14.7,752.2,61.33333333,2.666666667,40,7.2
160,10,22.89,41.86,21.89,40.66333333,23.39,39.7,22.96333333,38.79,20.89666667,54.2,14.53,14.69666667,21.39,35.19428571,24.2,42.878,20.7,41.36333333,14.4,752.15,63,2.5,40,7.35
450,0,22.89,41.66333333,21.79,40.73,23.39,39.62666667,22.89,38.79,21.89666667,75.13333333,14.33,15.42333333,21.39,35.38375,24.17142857,42.70714286,20.63333333,41.36,14.2,752.1,64.66666667,2.333333333,40,7.5
170,0,22.89,41.59,21.73,40.86333333,23.5,39.66333333,22.89,38.9,21.79333333,76.92666667,14.12666667,16.3,21.39,35.536,24.1,43.476,20.7,41.56,13.9,752.05,66.33333333,2.166666667,40,7.65
80,20,22.89,41.59,21.7,41.03,23.5,39.53,22.89,38.96666667,21.46,78.06666667,13.92666667,17.03333333,21.39,35.66571429,24.15714286,43.98285714,20.7,41.73,13.6,752,68,2,40,7.8
80,0,22.89,41.59,21.7,41.16333333,23.5,39.5,22.82333333,39.06666667,21.2,77.6,13.76333333,17.76666667,21.37,35.812,24.2,44.376,20.7,41.86333333,13.6,751.9333333,68,2,40,7.78
70,0,22.82333333,41.53,21.6,41.26666667,23.5,39.43333333,22.89,39.2,21.2,76.46,13.63,18.36666667,21.29,35.97142857,24.17142857,44.45714286,20.63333333,41.82666667,13.6,751.8666667,68,2,40,7.77
80,0,22.89,41.59,21.53333333,41.52666667,23.5,39.4,22.79,39.2,21.16666667,72.96666667,13.5,19.16333333,21.29,36.09,24.1,44.554,20.63333333,41.82666667,13.6,751.8,68,2,40,7.75
70,0,22.89,41.59,21.5,41.73,23.5,39.4,22.79,39.26,21.1,69.76666667,13.395,19.7975,21.29,36.15285714,24.04285714,44.3,20.6,41.7,13.5,751.7333333,68,2,40,7.73
80,10,22.89,41.59,21.5,41.86333333,23.5,39.4,22.79,39.29,21.06666667,66.26666667,13.36,20.63333333,21.29,36.254,24,44.2,20.6,41.62666667,13.5,751.6666667,68,2,40,7.72
50,10,22.82333333,41.79333333,21.42666667,41.96333333,23.5,39.4,22.76,39.29,21,63.32666667,13.3,21.05666667,21.29,36.29,23.92142857,44.02857143,20.6,41.56,13.5,751.6,68,2,40,7.7
60,0,22.89,42.2,21.42666667,42.16333333,23.46333333,39.4,22.7,39.36333333,21,60.93333333,13.22666667,21.59666667,21.29,36.29,23.89,44,20.6,41.5,13.4,751.55,68.83333333,2,40,7.78
60,10,22.79,41.96666667,21.39,42.23,23.46333333,39.46666667,22.7,39.4,20.92666667,59.93333333,13.06666667,22.46,21.29,36.29,23.89,44.385,20.7,41.96333333,13.3,751.5,69.66666667,2,40,7.87
60,0,22.79,41.82666667,21.32333333,42.29,23.42666667,39.53,22.7,39.4,20.89,59.1,13,22.66666667,21.29,36.29,23.89,45.2,20.7,42.16333333,13.3,751.45,70.5,2,40,7.95
50,0,22.79,41.66333333,21.29,42.43333333,23.445,39.6175,22.7,39.4,20.89,58.4975,13,23.26333333,21.29,36.29,23.912,45.94,20.7,42.45,13.2,751.4,71.33333333,2,40,8.03
60,0,22.79,41.53,21.1975,42.45,23.42666667,39.7,22.7,39.4,20.89,57.83,12.92666667,24.06333333,21.29,36.29,24,46.66857143,20.66666667,42.56,13.1,751.35,72.16666667,2,40,8.12
40,0,22.76,41.4,21.1,42.5,23.5,39.7,22.7,39.4,20.89,57.16,12.5,28.82666667,21.29,36.29,24,47.09,20.66666667,42.63333333,13,751.3,73,2,40,8.2
50,0,22.7,41.4,21.1,42.53,23.42666667,39.7,22.7,39.46666667,20.89,56.63333333,12.22666667,31.42666667,21.29,36.29,24,47.10571429,20.7,42.79,13,751.25,72.66666667,2.333333333,40,8.13
50,0,22.7,41.36333333,21.03333333,42.53,23.39,39.7,22.6,39.5,20.82333333,56.02666667,11.96333333,33.29333333,21.29,36.29,24,47.2,20.7,42.86333333,13,751.2,72.33333333,2.666666667,40,8.07
40,0,22.7,41.29,20.96333333,42.62666667,23.39,39.7,22.6,39.5,20.82333333,55.63333333,11.83,34.23333333,21.29,36.4,23.96857143,47.22571429,20.7,42.93333333,12.9,751.15,72,3,40,8
60,10,22.7,41.345,20.89,42.7,23.39,39.73,22.6,39.53,20.79,55.19333333,11.62666667,36.96,21.27714286,36.38428571,23.89,47.4,20.7,43,12.9,751.1,71.66666667,3.333333333,40,7.93
60,0,22.66666667,41.36333333,20.85666667,42.86333333,23.39,39.79,22.6,39.59,20.79,54.8,11.42666667,38.16666667,21.254,36.376,23.80428571,47.30571429,20.7,43.09,12.9,751.05,71.33333333,3.666666667,40,7.87
60,0,22.6,41.29,20.79,42.86333333,23.39,39.79,22.6,39.59,20.79,54.56,11.26333333,39.56,21.26428571,36.47142857,23.772,47.29,20.7,43.16333333,12.9,751,71,4,40,7.8
50,0,22.6,41.29,20.76,43,23.39,39.79,22.53333333,39.66333333,20.79,54.3,11.06333333,41.63333333,21.29,36.5,23.7,47.36857143,20.7,43.23,12.5,751.05,74,3.833333333,36.83333333,7.98
60,0,22.6,41.29,20.7,43.06,23.39,39.79,22.6,39.7,20.79,54.06,10.86,45,21.29,36.57714286,23.7,47.634,20.7,43.36333333,12.1,751.1,77,3.666666667,33.66666667,8.17
50,0,22.6,41.4,20.7,43.23,23.39,39.79,22.53333333,39.76,20.79,53.93333333,10.72666667,48.26,21.272,36.572,23.67142857,47.93857143,20.7,43.43333333,11.8,751.15,80,3.5,30.5,8.35
50,0,22.53333333,41.4,20.63333333,43.29,23.39,39.79,22.5,39.79,20.79,53.72333333,10.55,50.69,21.2,36.56428571,23.64,48.134,20.7,43.5,11.4,751.2,83,3.333333333,27.33333333,8.53
50,0,22.5,41.5,20.6,43.43333333,23.39,39.73,22.5,39.86333333,20.73,53.53,10.39,51.96666667,21.2,36.59,23.6,48.09,20.7,43.59,11,751.25,86,3.166666667,24.16666667,8.72
50,0,22.5,41.5,20.53333333,43.56,23.39,39.79,22.5,39.9,20.7,53.36333333,10.33,52.83333333,21.2,36.65875,23.6,48.2,20.7,43.66333333,10.6,751.3,89,3,21,8.9
50,0,22.5,41.59,20.5,43.7,23.39,39.79,22.5,39.975,20.7,53.29,10.26333333,53.79333333,21.2,36.7,23.54285714,48.34142857,20.7,43.82666667,10.4,751.2166667,90.33333333,2.666666667,28.16666667,8.92
40,10,22.5,41.59,20.42666667,43.76,23.5,39.93333333,22.5,40.06,20.7,53.16333333,10.19,54.73333333,21.2,36.718,23.5,48.696,20.7,43.9,10.2,751.1333333,91.66666667,2.333333333,35.33333333,8.93
70,0,22.5,41.7,20.39,43.93333333,23.5,40,22.5,40.12666667,20.7,53.09,10.16,55.65666667,21.2,36.79,23.5,48.99714286,20.7,44.03,10.1,751.05,93,2,42.5,8.95
50,0,22.42666667,41.62666667,20.39,44.06,23.5,40,22.5,40.2,20.7,52.96666667,10.1,56.19666667,21.2,36.9,23.5,49.374,20.7,44.09,9.87,750.9666667,94.33333333,1.666666667,49.66666667,8.97
50,0,22.39,41.7,20.35666667,44.15666667,23.5,40,22.39,40.12666667,20.7,52.9,10.1,56.76666667,21.22571429,36.92857143,23.5,49.64,20.7,44.23,9.68,750.8833333,95.66666667,1.333333333,56.83333333,8.98
60,0,22.39,41.76,20.29,44.3175,23.6,39.9,22.39,40.2,20.7,52.745,10.03333333,56.96666667,21.2,36.96,23.5,49.678,20.7,44.3175,9.5,750.8,97,1,64,9
60,0,22.35666667,41.79,20.29,44.46666667,23.6,40,22.39,40.2,20.7,52.66333333,10,57.46333333,21.2,37,23.46857143,49.53571429,20.7,44.46666667,9.47,750.6333333,97.33333333,1.166666667,62.66666667,9.02
40,0,22.35666667,41.86333333,20.26,44.5,23.66666667,40.06,22.39,40.26,20.7,52.59,10,57.86333333,21.2,37,23.434,49.334,20.7,44.53,9.43,750.4666667,97.66666667,1.333333333,61.33333333,9.03
50,0,22.29,41.9,20.2,44.56,23.63333333,40.03,22.39,40.29,20.66666667,52.46666667,9.963333333,58.56666667,21.2,37.05142857,23.46857143,49.21285714,20.7,44.59,9.4,750.3,98,1.5,60,9.05
50,0,22.29,41.9,20.2,44.7,23.63333333,40.03,22.39,40.29,20.66666667,52.4,9.89,59.09333333,21.2,37.09,23.478,48.994,20.7,44.7,9.37,750.1333333,98.33333333,1.666666667,58.66666667,9.07
50,0,22.29,42,20.13333333,44.76,23.6,40,22.35666667,40.4,20.7,52.36333333,9.89,59.65666667,21.2,37.09,23.39,48.72571429,20.7,44.7,9.33,749.9666667,98.66666667,1.833333333,57.33333333,9.08
40,0,22.2675,41.975,20.1,44.93333333,23.66666667,40.06,22.29,40.46666667,20.7,52.29,9.89,59.86333333,21.2,37.156,23.39,48.6725,20.7,44.9,9.3,749.8,99,2,56,9.1
70,0,22.2,41.96666667,20.1,45,23.66666667,40.06,22.29,40.5,20.6,52.16333333,9.89,60.26666667,21.2,37.18428571,23.39,48.5,20.7,44.96666667,9.3,749.7,99,2,57,9.12
60,0,22.2,42.03,20.06666667,45,23.6,40,22.29,40.5,20.6,52.09,9.89,60.4,21.2,37.2,23.30428571,48.44285714,20.7,45.03,9.3,749.6,99,2,58,9.13
60,0,22.2,42.09,20,45.06,23.63333333,40.12666667,22.29,40.5,20.6,52.06,9.8,60.745,21.2,37.22571429,23.29,48.4,20.76,45.09,9.3,749.5,99,2,59,9.15
50,0,22.2,42.12666667,20,45.12666667,23.7,40.2,22.29,40.56,20.6,52,9.83,61.06666667,21.2,37.29,23.29,48.4,20.7,45.2,9.3,749.4,99,2,60,9.17
60,0,22.2,42.2,19.92666667,45.26,23.7,40.09,22.29,40.59,20.6,52,9.89,61.26,21.2,37.29,23.29,48.4,20.7,45.26,9.3,749.3,99,2,61,9.18
40,0,22.16666667,42.2,19.96333333,45.32666667,23.7,40.09,22.29,40.59,20.6,51.93333333,9.89,61.32666667,21.16,37.312,23.23857143,48.41285714,20.76,45.4,9.3,749.2,99,2,62,9.2
50,0,22.1,42.26,19.89,45.4,23.7,40.09,22.29,40.62666667,20.6,51.9,9.89,61.4,21.2,37.4,23.2,48.334,20.7,45.4,9.35,749.1,98.66666667,2,55,9.18
50,0,22.1,42.29,19.85666667,45.46666667,23.7,40.09,22.2225,40.6175,20.6,51.9,9.89,61.36333333,21.1,37.4,23.2,48.26428571,20.73,45.43333333,9.4,749,98.33333333,2,48,9.17
50,0,22.03333333,42.29,19.79,45.46666667,23.7,40.09,22.2,40.59,20.6,51.86333333,9.83,61.23,21.12857143,37.4,23.2,48.156,20.73,45.5,9.45,748.9,98,2,41,9.15
40,0,22.06666667,42.36333333,19.79,45.53,23.7,40.09,22.2,40.59,20.6,51.79,9.66,61.02666667,21.1,37.44,23.18571429,48.03857143,20.79,45.53,9.5,748.8,97.66666667,2,34,9.13
60,0,22,42.29,19.79,45.59,23.7,40.2,22.2,40.59,20.56666667,51.79,9.533333333,60.9,21.1,37.4,23.12,48,20.79,45.59,9.55,748.7,97.33333333,2,27,9.12
50,0,22,42.32666667,19.79,45.59,23.7,40.2,22.2,40.59,20.5,51.73,9.39,60.96333333,21.1,37.4,23.12857143,48.06428571,20.79,45.62666667,9.6,748.6,97,2,20,9.1
60,0,22,42.4,19.79,45.59,23.7,40.2,22.2,40.59,20.6,51.7,9.39,61.22333333,21.1,37.41428571,23.1,48.134,20.79,45.7225,9.6,748.5,96.16666667,2.5,23.33333333,8.98
50,0,22,42.4,19.7,45.7,23.7,40.16333333,22.2,40.62666667,20.56666667,51.59,9.426666667,61.46333333,21.1,37.4375,23.1,48.2,20.79,45.79,9.6,748.4,95.33333333,3,26.66666667,8.87
60,0,21.92666667,42.4,19.7,45.7,23.76,40.16333333,22.2,40.62666667,20.5,51.59,9.5,61.59,21.1,37.5,23.1,48.2,20.79,45.79,9.6,748.3,94.5,3.5,30,8.75
60,0,21.89,42.4,19.7,45.76,23.79,40.09,22.16666667,40.7,20.53333333,51.59,9.6,61.7,21.1,37.45714286,23.1,48.16857143,20.79,45.79,9.6,748.2,93.66666667,4,33.33333333,8.63
50,0,21.89,42.46666667,19.7,45.82666667,23.79,40.09,22.1,40.7,20.53333333,51.53,9.6,61.83333333,21.1,37.5,23.1,48.054,20.79,45.82666667,9.6,748.1,92.83333333,4.5,36.66666667,8.52
50,0,21.89,42.5,19.63333333,45.82666667,23.79,40.09,22.1,40.7,20.5,51.5,9.69,62,21.1,37.5,23.1,48.02571429,20.79,45.9,9.6,748,92,5,40,8.4
50,0,21.89,42.5,19.6,45.79,23.79,40.09,22.1,40.7,20.5,51.5,9.763333333,62,21.1,37.5,23.1,48,20.79,45.96666667,9.6,747.9666667,92.33333333,5,38.16666667,8.43
50,0,21.89,42.5,19.6,45.86333333,23.76,40.09,22.1,40.73,20.5,51.46666667,9.8,61.9,21.1,37.5,23.05714286,47.95714286,20.79,45.96666667,9.6,747.9333333,92.66666667,5,36.33333333,8.47
50,0,21.89,42.5,19.6,45.9,23.76,40.09,22.1,40.79,20.5,51.4,9.7725,61.8725,21.1,37.5,23.06,47.916,20.79,46,9.6,747.9,93,5,34.5,8.5
50,0,21.82333333,42.5,19.6,45.9,23.73,40.2,22.1,40.79,20.5,51.36333333,9.69,61.79,21.1,37.51285714,23,47.79,20.79,46,9.6,747.8666667,93.33333333,5,32.66666667,8.53
70,0,21.79,42.5,19.56666667,46,23.79,40.2,22.1,40.79,20.5,51.29,9.69,61.79,21.08,37.572,23,47.79,20.79,46.09666667,9.6,747.8333333,93.66666667,5,30.83333333,8.57
90,0,21.79,42.5,19.5,46,23.73,40.09,22.06666667,40.76,20.5,51.29,9.69,61.86333333,21.07142857,37.5,23,47.79,20.79,46.43,9.6,747.8,94,5,29,8.6
640,0,21.79,42.73,19.5,46.15666667,23.73,40.09,22.06666667,40.76,20.5,51.29,9.69,61.9,21.06,37.554,23,47.79,20.79,46.26,9.6,747.7833333,93.83333333,4.833333333,28.83333333,8.58
650,0,21.79,42.93,19.5,46.43,23.7,40.06666667,22.06666667,40.79,20.5,51.26,9.763333333,61.9,21.08571429,37.55142857,23,47.66285714,20.79,46.2,9.6,747.7666667,93.66666667,4.666666667,28.66666667,8.57
290,0,21.89,43.82333333,19.5,46.92666667,23.82666667,40.79333333,22,40.812,20.5,51.26,9.8,61.82666667,21.08,37.572,22.98625,47.25875,20.79,46.52666667,9.6,747.75,93.5,4.5,28.5,8.55
270,10,21.89,44.56333333,19.56666667,47.4,24.06666667,41.83,22,40.9,20.5,51.29,9.8,61.87555556,21.02857143,37.52571429,22.934,46.958,20.79,46.32666667,9.6,747.7333333,93.33333333,4.333333333,28.33333333,8.53
290,0,21.89,44.86,19.6,47.96333333,24.32666667,42.29666667,22,41.09,20.5,51.29,9.83,61.79,21,37.5,22.89,46.76428571,20.79,46.16333333,9.6,747.7166667,93.16666667,4.166666667,28.16666667,8.52
480,0,21.96333333,45.06,19.6,48.22333333,24.56666667,42.46666667,22,41.145,20.42666667,51.32666667,9.89,61.745,21.04285714,37.53857143,22.89,46.554,20.79,46.03,9.6,747.7,93,4,28,8.5
490,30,22,45.42666667,19.6,48.56666667,24.76,42.26666667,22,41.32666667,20.5,51.32666667,10,61.43,21.04,37.536,22.87571429,46.33857143,20.79,45.9,9.63,747.7666667,92.5,4.333333333,28.16666667,8.47
220,20,22,45.36666667,19.6,48.83333333,25,42.13333333,22,41.6,20.5,51.4,10,61.29,21.02857143,37.52571429,22.79,46.134,20.79,45.9,9.67,747.8333333,92,4.666666667,28.33333333,8.43
120,10,22,45.16333333,19.6,49.045,25.1,41.65,22.04,41.856,20.5,51.4,10,60.85,21,37.5,22.79,46.02571429,20.79,46.16,9.7,747.9,91.5,5,28.5,8.4
90,0,22.06666667,45.03,19.7,48.93,25.2,40.92666667,22.1,42.25,20.5,51.4,10.08333333,60.63333333,21,37.48571429,22.79,45.79,20.79,46.5,9.73,747.9666667,91,5.333333333,28.66666667,8.37
70,0,22,44.7,19.7,48.79,25.16666667,40.59,22.1,42.29,20.42666667,51.32666667,10.1,60.41333333,21,37.46,22.79,45.72285714,20.79,46.43333333,9.77,748.0333333,90.5,5.666666667,28.83333333,8.33
90,0,22,44.62666667,19.7,48.66333333,25.03333333,40.53,22.1,42.16333333,20.42666667,51.32666667,10.16,60.12666667,21,37.5,22.79,45.572,20.79,46.36333333,9.8,748.1,90,6,29,8.3
140,0,22.06666667,44.63333333,19.7,48.53,25,40.36333333,22.1,42.03,20.46333333,51.33333333,10.3225,59.9425,21,37.4,22.72571429,45.47142857,20.79,46.23,9.77,748.1333333,90,5.833333333,30.83333333,8.27
640,0,22,44.5,19.7,48.5,24.92666667,40.29,22.1,41.96666667,20.39,51.2,10.46333333,59.56,21,37.44285714,22.7,45.29,20.79,46.16333333,9.73,748.1666667,90,5.666666667,32.66666667,8.23
490,0,22.1,44.995,19.76,48.63333333,24.85666667,40.56666667,22.1,41.82666667,20.46333333,51.16333333,10.79,58.345,21,37.44,22.7,45.29,20.79,46.16333333,9.7,748.2,90,5.5,34.5,8.2
350,0,22.13333333,45.56666667,19.92666667,49.09,24.85666667,40.83333333,22.1,41.79,20.46333333,51.16333333,11.25666667,56.76,21,37.4,22.7,45.272,20.82333333,46.2,9.67,748.2333333,90,5.333333333,36.33333333,8.17
260,0,22.2,45.76,20,49.16333333,25,40.82666667,22.1,41.73,20.5,51.2,11.46333333,54.7,21.02857143,37.4,22.7,45.16857143,20.82333333,46.12666667,9.63,748.2666667,90,5.166666667,38.16666667,8.13
530,0,22.29,46.03,20.03333333,49.32666667,25.06666667,40.9,22.1,41.656,20.5,51.26,11.525,52.0425,21,37.4,22.66,44.96,20.85666667,46.06,9.6,748.3,90,5,40,8.1
430,0,22.29,46.09,20.1,49.32666667,25.2,40.59,22.1,41.52363636,20.5,51.29,11.8,51.46,21.01428571,37.35285714,22.6,44.83714286,20.79,46,9.75,748.3,89.33333333,5.166666667,38.16666667,8.12
130,0,22.32333333,46.09,20.2,49.26,25.2,40.53,22.1,41.46666667,20.5,51.36333333,12,50.976,21.04,37.334,22.6,44.772,20.79,45.96666667,9.9,748.3,88.66666667,5.333333333,36.33333333,8.13
90,0,22.39,46.03,20.26,49.26,25.2,40.16333333,22.1,41.36333333,20.5,51.4,12.345,47.72333333,21.07142857,37.36857143,22.6,44.7,20.79,45.96666667,10.1,748.3,88,5.5,34.5,8.15
70,0,22.39,45.72333333,20.29,49.06,25.2,39.89,22.1,41.29,20.5,51.4,12.345,45.595,21,37.29,22.6,44.59,20.85666667,45.96666667,10.2,748.3,87.33333333,5.666666667,32.66666667,8.17
220,0,22.39,45.46333333,20.29,48.93333333,24.96333333,39.66333333,22.1,41.29,20.5,51.4,12.34,46.078,21.04285714,37.33714286,22.57142857,44.59,20.79,45.82666667,10.4,748.3,86.66666667,5.833333333,30.83333333,8.18
420,0,22.39,45.09,20.42666667,48.6,24.82333333,39.53,22.1,41.56333333,20.5,51.4,12.7,45.65666667,21.1,37.4,22.6,44.59,20.79,45.79,10.5,748.3,86,6,29,8.2
270,0,22.46333333,45.29666667,20.63333333,48.26666667,24.82333333,39.99333333,22.1,41.76,20.5,51.4,13.31083333,40.94916667,21.1,37.32142857,22.57142857,44.59,20.79,45.79,10.6,748.35,85.16666667,6.166666667,30.83333333,8.17
270,0,22.53333333,46.16666667,20.82333333,47.59,24.96333333,40.52666667,22.1,41.9,20.5,51.4,13.26333333,39.1,21.1,37.29,22.56,44.5,20.79,45.7,10.7,748.4,84.33333333,6.333333333,32.66666667,8.13
280,0,22.79333333,48.29333333,20.89,47.92333333,25.13333333,40.9,22.2,41.79,20.5,51.36333333,13.32333333,40.43333333,21.06666667,37.26,22.5,44.4475,20.84,45.595,10.8,748.45,83.5,6.5,34.5,8.1
340,0,22.89,49.15666667,21.15,48.19,25.26,40.9,22.2,41.656,20.5,51.29,13.79333333,38.46333333,21.04,37.2,22.5,44.13888889,20.79,45.36,10.9,748.5,82.66666667,6.666666667,36.33333333,8.07
530,20,22.82333333,47.62333333,21.1,47.02666667,25.445,41.1,22.2,41.56666667,20.5,51.2,14.2,37.99666667,21.04285714,37.13714286,22.5,43.97142857,20.79,45.06,11,748.55,81.83333333,6.833333333,38.16666667,8.03
390,10,22.66666667,45.53333333,21.03333333,45.89333333,25.73,41.12333333,22.2,41.5,20.53333333,51.06,14.26,37.045,21,37.09,22.5,43.80857143,20.85666667,45,11.1,748.6,81,7,40,8
250,10,22.6,44.66666667,20.85666667,44.89333333,25.93,40.99,22.2,41.323,20.53333333,50.86,14.33,36.16333333,21.02777778,37.12055556,22.5,43.7,20.79,44.79,11.3,748.5833333,80.16666667,6.833333333,40,8.02
100,10,22.6,43.62333333,20.79,44.36,26,40.05666667,22.2,41.29,20.6,50.43,14.63,36.39333333,21.07777778,37.17555556,22.47555556,43.60666667,20.79,44.79,11.5,748.5666667,79.33333333,6.666666667,40,8.03
100,10,22.6,43.29,21.06666667,44.19333333,26.06666667,39.19666667,22.215,41.28,20.6,50.09666667,15.16333333,33.13333333,21.1,37.2,22.5,43.56,20.82333333,44.79,11.7,748.55,78.5,6.5,40,8.05
100,10,22.6,43.29,21.26,43.86,25.93,38.26333333,22.28,41.21888889,20.6,49.72333333,15.445,31.59,21.1,37.13714286,22.46857143,43.36714286,20.89,44.73,11.8,748.5333333,77.66666667,6.333333333,40,8.07
70,10,22.6,43.29,21.32333333,43.66333333,25.73,37.65666667,22.29,41.12666667,20.6,49.395,15.42666667,27.96,21.12,37.072,22.42142857,43.14714286,20.79,44.46666667,12,748.5166667,76.83333333,6.166666667,40,8.08
80,10,22.6,43.29,21.46333333,43.59,25.56666667,37.5,22.29,41.02944444,20.6,49.19333333,15.725,24.61333333,21.2,36.9375,22.5,43.036,20.79,44.4,12.2,748.5,76,6,40,8.1
60,10,22.6,43.22333333,21.53333333,43.22333333,25.42666667,37.56,22.29,40.85611111,20.6,48.96666667,15.85666667,23.28,21.2,36.72416667,22.5,42.856,20.89,44.43,12.5,748.4666667,75,6.333333333,38,8.22
80,10,22.6,43.22333333,21.66666667,43.09,25.35666667,37.7,22.32333333,40.71666667,20.6,48.82666667,16.03,21.42666667,21.2,36.56428571,22.46857143,42.60571429,20.89,44.29,12.9,748.4333333,74,6.666666667,36,8.33
100,10,22.6,43.42333333,21.7,42.63,25.23,37.62666667,22.32333333,40.565,20.6,48.66333333,16.03,19.16666667,21.254,36.356,22.434,42.418,20.89,44.22333333,13.2,748.4,73,7,34,8.45
70,10,22.6,42.89,21.56666667,41.83,25.2,37.52666667,22.31222222,40.43888889,20.6,48.53,15.75666667,19.43333333,21.2,36.19714286,22.43714286,42.31142857,20.89,44.03,13.5,748.3666667,72,7.333333333,32,8.57
70,10,22.56666667,42.29666667,21.42666667,41.16333333,25.13333333,37.19333333,22.31222222,40.345,20.6,48.36333333,15.83,19.15666667,21.2,36.072,22.39,41.96,20.89,43.79,13.9,748.3333333,71,7.666666667,30,8.68
70,20,22.5,41.96333333,21.5,41.03,25,36.86333333,22.29555556,40.20888889,20.6,48.23,15.89,17.89,21.2,35.92857143,22.39,41.77,20.89,43.79,14.2,748.3,70,8,28,8.8
70,10,22.5,41.93333333,21.53333333,41,24.92666667,36.73,22.35111111,40.10222222,20.63333333,47.96666667,16.19666667,16.63,21.29,35.856,22.412,41.572,20.85666667,44,14,748.2333333,69.5,8,30,8.52
60,10,22.5,42.06,21.6,40.93333333,24.85666667,36.79,22.35111111,40.00944444,20.63333333,47.76666667,16.46333333,14.29666667,21.29,35.6425,22.46857143,41.44,20.79,44,13.8,748.1666667,69,8,32,8.23
60,10,22.5,42.23,21.7,41.06,24.79,36.86333333,22.39,39.88055556,20.6,47.59,16.6,12.15666667,21.34714286,35.48285714,22.5,41.29,20.85666667,44.16333333,13.7,748.1,68.5,8,34,7.95
60,10,22.5,42.36333333,21.7,41,24.76,36.93333333,22.39,39.74888889,20.6,47.53,16.46,11.35666667,21.39,35.25,22.5,41.10571429,20.85666667,44.16333333,13.5,748.0333333,68,8,36,7.67
60,0,22.56666667,42.46666667,21.79,40.86333333,24.7,37.13333333,22.39,39.62666667,20.63333333,47.5,16.73,7.893333333,21.39,34.99714286,22.5,40.918,20.89,44.145,13.3,747.9666667,67.5,8,38,7.38
60,10,22.5,41.86,21.79,40.42,24.56666667,37.09,22.39,39.49222222,20.7,47.5,16.66333333,7.56,21.5,34.754,22.5,40.736,20.89,44.09,13.1,747.9,67,8,40,7.1
80,0,22.6,41.29,21.79,39.83,24.42666667,37.03,22.39,39.30466667,20.7,47.245,16.69666667,8.833333333,21.5,34.63,22.5,40.46714286,20.89,44.03,13.3,747.8166667,65.5,7.833333333,40,6.95
80,0,22.6,41.09666667,21.79,39.49,24.29,36.95,22.39,39.22888889,20.63333333,46.96666667,17.03,8.626666667,21.52,34.418,22.52,40.196,20.79,43.86333333,13.5,747.7333333,64,7.666666667,40,6.8
70,0,22.6,40.76,21.79,39.15666667,24.2,36.79,22.39,39.12666667,20.63333333,46.69333333,17.29,8.1,21.6,34.22571429,22.6,39.92857143,20.79,43.79,13.7,747.65,62.5,7.5,40,6.65
80,10,22.6,40.5,21.79,38.69333333,24.2,36.79,22.39,39.02944444,20.7,46.56,17.29,7.366666667,21.64,34.09,22.6,39.754,20.85666667,43.83333333,13.9,747.5666667,61,7.333333333,40,6.5
60,0,22.6,39.99,21.73,38.36,24.1,36.73,22.40833333,38.93333333,20.7,46.36,17.46333333,6.53,21.7,33.94,22.68571429,39.65,20.85666667,43.7,14.1,747.4833333,59.5,7.166666667,40,6.35
60,0,22.6,39.79,21.7,38.16333333,24.1,36.73,22.39611111,38.74722222,20.7,46.09,17.2675,4.8475,21.754,33.75,22.7,39.44,20.82333333,43.59,14.3,747.4,58,7,40,6.2
50,0,22.6,39.395,21.7,37.89,24.1,36.56,22.445,38.65722222,20.7,45.96333333,17.16666667,5.6,21.81857143,33.59,22.7,39.29571429,20.89,43.59,14.5,747.35,56.66666667,7.333333333,38,6.05
50,0,22.6,38.93333333,21.7,37.66333333,24.16666667,36.5,22.5,38.62777778,20.7,45.72333333,17.39,6.266666667,21.89,33.356,22.79,39.054,20.89,43.36333333,14.8,747.3,55.33333333,7.666666667,36,5.9
80,0,22.6,39.06,21.7,37.66333333,24.1,36.5,22.5,38.50222222,20.7,45.53,17.32333333,3.326666667,21.95285714,33.16285714,22.80428571,38.78142857,20.89,43.29,15,747.25,54,8,34,5.75
70,0,22.7,39.23,21.73,37.7,24.1,36.43333333,22.5,38.39388889,20.73,45.32666667,17.23,2.996666667,22.02,32.94,22.89,38.836,20.89,43.16333333,15.2,747.2,52.66666667,8.333333333,32,5.6
90,0,22.7,39.29,21.79,37.7,24,36.43333333,22.5,38.35722222,20.79,45.19333333,17.29,2.59,22.1,32.79571429,22.92142857,39.39714286,20.89,43.03,15.5,747.15,51.33333333,8.666666667,30,5.45
90,0,22.7,39.26,21.79,37.79,24,36.5,22.5,38.51833333,20.79,44.36,17.2,3.456666667,22.1,32.59,23,39.976,20.89,42.9,15.7,747.1,50,9,28,5.3
80,0,22.7,39.2,21.79,37.86333333,24,36.5,22.5,38.60222222,20.79,44.02666667,17.13333333,3.996666667,22.1,32.55142857,23.0875,40.18625,20.89,42.82666667,15.6,747.0166667,50.61111111,8.944444444,28.66666667,5.39
90,0,22.7,39.23,21.79,38,24.06666667,36.63333333,22.5,38.53055556,20.79,44.09,17.2,4.996666667,22.1,32.572,23.11428571,40.34,20.96333333,42.79,15.6,746.9333333,51.22222222,8.888888889,29.33333333,5.49
80,0,22.7,39.29,21.79,38.06,24.1,36.79,22.5,38.345,20.79,44.09,17.26,4.196666667,22.1,32.5,23.16,40.4,20.89,42.73,15.5,746.85,51.83333333,8.833333333,30,5.58
80,0,22.7,39.7,21.79,38.09,24.1,36.86333333,22.5,38.19666667,20.79,44.06,17.32333333,5.066666667,22.06,32.4,23.2,40.4,20.89,42.7,15.4,746.7666667,52.44444444,8.777777778,30.66666667,5.68
80,0,22.7,39.7,21.79,38.09,24.1,37,22.5,38.09,20.79,43.93333333,17.46333333,4.4,22.02857143,32.4,23.29,40.5,20.89,42.7,15.3,746.6833333,53.05555556,8.722222222,31.33333333,5.77
80,0,22.7,39.66333333,21.79,38.12666667,24.16666667,37.06,22.5,38.17833333,20.79,43.9,17.32666667,4.966666667,22,32.4,23.29,40.5,20.89,42.59,15.3,746.6,53.66666667,8.666666667,32,5.87
70,0,22.63333333,39.66333333,21.79,38.26,24.16666667,37.2,22.5,38.46277778,20.79,43.82666667,16.99333333,6.893333333,22,32.49714286,23.35,40.576,20.89,42.52666667,15.2,746.5166667,54.27777778,8.611111111,32.66666667,5.96
70,0,22.6,39.7,21.745,38.45,24.1,37.26,22.5,38.67833333,20.89,43.86333333,16.6,10.16666667,22,32.94,23.39,40.79571429,20.89,42.4,15.1,746.4333333,54.88888889,8.555555556,33.33333333,6.06
80,0,22.6,39.76,21.7,38.73,24.1,37.345,22.5,38.96277778,20.9725,43.79,16.46,10.03333333,22,33.11428571,23.434,41.036,20.92666667,42.4,15.1,746.35,55.5,8.5,34,6.15
90,0,22.7,40.12666667,21.7,38.86333333,24.1,37.53,22.48777778,39.26555556,21.06666667,43.86333333,16.13333333,10.12666667,22,33.31142857,23.46857143,41.15285714,20.92666667,42.13333333,15,746.2666667,56.11111111,8.444444444,34.66666667,6.24
90,0,22.7,40.33333333,21.7,39.03,24.1,37.66333333,22.46333333,39.62888889,21.13333333,44,15.92666667,10.33333333,22,33.41666667,23.5,41.218,20.92666667,42.23,14.9,746.1833333,56.72222222,8.388888889,35.33333333,6.34
160,10,22.63333333,40.56666667,21.7,39.16333333,24.16666667,37.73,22.49388889,39.785,21.2,44,15.66,10.93,22,33.52571429,23.5,41.29,21,42.29,14.8,746.1,57.33333333,8.333333333,36,6.43
500,0,22.7,41.09333333,21.66666667,39.53,24.16666667,37.79,22.40222222,39.71,21.16666667,44.12666667,15.3925,12.3225,22,33.7,23.56,41.4,20.92666667,42.4,14.8,746.0166667,57.94444444,8.277777778,36.66666667,6.53
290,0,22.73,43.39,21.6,40.39,24.2,37.9,22.39,39.755,21.16666667,44.2,15.06333333,13.96,22,33.85428571,23.55714286,41.45714286,20.92666667,42.4,14.7,745.9333333,58.55555556,8.222222222,37.33333333,6.62
110,0,22.815,47.495,21.6,42.63333333,24.2,37.96666667,22.39,39.745,21.1,44.56666667,14.79333333,14.99333333,22,34.04,23.6,41.48,20.89,42.43333333,14.6,745.85,59.16666667,8.166666667,38,6.72
100,0,22.89,47.05666667,21.6,43.96666667,24.2,38.23,22.39,39.68166667,21.1,44.96,14.32666667,16.26666667,21.92142857,34.22571429,23.6,41.35285714,20.89,42.5,14.5,745.7666667,59.77777778,8.111111111,38.66666667,6.81
100,0,22.89,46.33333333,21.6,44.29,24.2,38.36333333,22.39,39.645,21.1,45.5,13.89666667,18.22333333,21.89,34.44,23.6,41.44,20.89,42.5,14.5,745.6833333,60.38888889,8.055555556,39.33333333,6.91
90,0,22.89,45.86666667,21.53333333,44.29,24.2,38.5,22.36777778,39.67555556,21.1,45.76,13.63,19.55666667,21.89,34.64,23.68571429,41.8,20.89,42.5,14.4,745.6,61,8,40,7
150,10,22.89,44.99,21.5,44.16333333,24.2,38.56,22.37888889,39.75555556,21.1,48,13.32333333,21.13333333,21.89,34.776,23.718,42.094,20.89,42.5,14.2,745.5,62.5,7.666666667,40,7.12
110,0,22.89,44.53,21.42666667,43.89,24.2,38.73,22.32333333,40.03833333,21.29333333,58.52666667,13.145,22.695,21.89,34.96,23.736,42.376,20.89,42.5,14,745.4,64,7.333333333,40,7.23
150,0,22.89,43.99,21.39,43.59,24.26,38.86333333,22.33444444,40.21444444,21.59333333,69.16,13.1,24.66666667,21.82333333,35,23.76,42.5,20.89,42.53,13.8,745.3,65.5,7,40,7.35
120,0,22.89,43.65666667,21.32333333,43.59,24.29,38.9,22.30666667,40.29,22.46666667,84.56666667,13.16,26.39333333,21.79,35.15666667,23.79,42.62666667,20.89,42.59,13.5,745.2,67,6.666666667,40,7.47
120,0,22.89,43.46666667,21.29,43.62666667,24.23,38.9,22.30666667,40.345,22.35666667,82.62333333,13.1,27.69333333,21.79,35.36333333,23.79,42.7,20.89,42.62666667,13.3,745.1,68.5,6.333333333,40,7.58
120,10,22.89,43.32666667,21.23,43.7,24.2,38.79,22.29555556,40.48833333,22.16333333,80.83,13.03333333,32.43333333,21.79,35.56666667,23.79,42.52666667,20.89,42.76,13.1,745,70,6,40,7.7
110,0,22.89,43.29,21.2,43.93333333,24.26,38.79,22.29,40.58,21.96333333,77.53,12.33333333,40.53,21.73,35.83333333,23.79,42.32666667,20.89,42.9,13,744.9666667,71.5,5.5,38.16666667,7.87
110,0,22.89,43.29,21.2,44.13333333,24.29,38.9,22.29,40.65722222,21.82333333,73.59,11.66666667,44.25666667,21.7,36.12666667,23.79,42.145,20.89,43.03,12.8,744.9333333,73,5,36.33333333,8.03
110,0,22.89,43.29,21.2,44.29,24.29,38.96666667,22.28,40.7,21.66666667,69.32666667,11.36,46.73333333,21.7,36.33333333,23.7,42,20.82333333,43.09,12.7,744.9,74.5,4.5,34.5,8.2
100,0,22.89,43.29,21.125,44.3975,24.29,39.03,22.28,40.775,21.6,66.32666667,11.36,49.19333333,21.7,36.53,23.7,41.93333333,20.89,43.23,12.6,744.8666667,76,4,32.66666667,8.37
110,0,22.89,43.2,21.1,44.56,24.2675,39.0675,22.29,40.82055556,21.5,63.35,11.19,50.7,21.7,36.66333333,23.7,41.9,20.89,43.29,12.4,744.8333333,77.5,3.5,30.83333333,8.53
100,0,22.89,43.2,21.03333333,44.65666667,24.2,39.06,22.235,40.87555556,21.46333333,61.36666667,11.19,51.96,21.6,36.82666667,23.7,41.82666667,20.89,43.4,12.3,744.8,79,3,29,8.7
100,10,22.89,43.2,21.03333333,44.79,24.2,39.09,22.2,40.845,21.39,60.36666667,11.145,51.25,21.6,36.96666667,23.66666667,41.79666667,20.89,43.4,12.2,744.75,79.16666667,3.666666667,30.83333333,8.68
100,0,22.89,43.2,21,44.79,24.2,39.09,22.22,40.71666667,21.39,59.56333333,10.93333333,48.96666667,21.6,36.9,23.6,41.53,20.79,43.29,12.2,744.7,79.33333333,4.333333333,32.66666667,8.67
100,0,22.89,43.16333333,21,44.73,24.16666667,39.2,22.2,40.59,21.32333333,58.95666667,10.72666667,47.96666667,21.6,36.79,23.6,41.36333333,20.85666667,43.29,12.1,744.65,79.5,5,34.5,8.65
120,0,22.89,43.09,20.96333333,44.79,24.1,39.2,22.2,40.555,21.29,58.19666667,10.6,48.26333333,21.53333333,36.73,23.6,41.15666667,20.89,43.13333333,12,744.6,79.66666667,5.666666667,36.33333333,8.63
100,0,22.89,42.95,20.89,44.79,24.1,39.2,22.2,40.51,21.29,57.53,10.46,49.06333333,21.5,36.62666667,23.56666667,41,20.82333333,42.86,12,744.55,79.83333333,6.333333333,38.16666667,8.62
110,0,22.89,42.9,20.89,44.79,24.1,39.2,22.18888889,40.565,21.26,56.66666667,10.3,50.66333333,21.5,36.7,23.5,40.93333333,20.89,42.76,11.9,744.5,80,7,40,8.6
100,0,22.89,42.82666667,20.89,44.93,24.06666667,39.16333333,22.11666667,40.59,21.2,55.86666667,10.22666667,51.46333333,21.5,36.73,23.56666667,40.9,20.89,42.62666667,11.7,744.5333333,80.16666667,6.5,40,8.42
100,10,22.89,42.79,20.89,45,24.06666667,39.16333333,22.1,40.59611111,21.2,55.12333333,10.12666667,52.22666667,21.5,36.79,23.5,40.9,20.89,42.56,11.5,744.5666667,80.33333333,6,40,8.23
60,0,22.89,42.93,20.82333333,45,24.03333333,39.12666667,22.1,40.75277778,21.2,54.53,10,52.89333333,21.46333333,36.79,23.5,40.92666667,20.89,42.5,11.3,744.6,80.5,5.5,40,8.05
60,0,22.89,43.12666667,20.79,45.09,24.1,39.2,22.1,40.79,21.2,53.93,10.03333333,54.16666667,21.46333333,36.79,23.5,41.59333333,20.85666667,42.5,11,744.6333333,80.66666667,5,40,7.87
60,10,22.89,43.12666667,20.73,45.03,24.06666667,39.26,22.1,40.78,21.2,53.73,10.16,54.36666667,21.5,36.79,23.6,42.66666667,20.85666667,42.96,10.8,744.6666667,80.83333333,4.5,40,7.68
50,0,22.85666667,43.06,20.7,45,24,39.2,22.1,40.68666667,21.16666667,53.56,10.3,52.72333333,21.5,36.79,23.6,43.46666667,20.85666667,43.23,10.6,744.7,81,4,40,7.5
50,0,22.79,42.86,20.63333333,45,24,39.32666667,22.1,40.565,21.1,53.5,10.43333333,49.72333333,21.5,36.76,23.6,44.45666667,20.79,43.36333333,10.7,744.7,80.83333333,4.5,40,7.52
60,0,22.79,42.66333333,20.6,44.9,23.92666667,39.4,22.1,40.5,21.1,53.46666667,10.5,46.39333333,21.5,36.7,23.6,45.06333333,20.85666667,43.46666667,10.7,744.7,80.66666667,5,40,7.53
60,0,22.79,42.53,20.53333333,44.82666667,23.89,39.43333333,22.08888889,40.43777778,21.1,53.32666667,10.56666667,44.72666667,21.46333333,36.56,23.6,45.53,20.815,43.4475,10.8,744.7,80.5,5.5,40,7.55
70,0,22.76,42.4,20.5,44.76,23.89,39.43333333,22.05,40.34,21.1,53.26,10.56666667,44.43,21.46333333,36.5,23.6,45.66333333,20.82333333,43.53,10.8,744.7,80.33333333,6,40,7.57
50,0,22.7,42.32666667,20.4175,44.7225,23.89,39.43333333,22,40.23,21.1,53.2,10.5,43.95666667,21.46333333,36.46666667,23.6,45.94,20.85666667,43.7,10.9,744.7,80.16666667,6.5,40,7.58
70,0,22.7,42.16333333,20.39,44.73,23.89,39.43333333,22,40.2,21.1,53.09,10.39,43.73,21.46333333,36.46666667,23.53333333,46.12666667,20.79,43.76,10.9,744.7,80,7,40,7.6
50,0,22.7,42.09,20.35666667,44.7,23.89,39.4,22,40.2,21.1,53.0225,10.3675,43.92,21.5,36.4,23.6,46.38,20.82333333,43.86,10.9,744.6666667,79.5,6.833333333,40,7.45
50,0,22.7,42,20.29,44.76,23.89,39.4,22,40.2,21.1,52.93333333,10.3,44.22333333,21.42666667,36.32666667,23.53333333,46.7,20.89,44,10.8,744.6333333,79,6.666666667,40,7.3
50,0,22.63333333,41.86,20.29,44.76,23.89,39.4,22,40.2,21.06666667,52.83333333,10.3,44.15666667,21.445,36.345,23.5,46.83,20.85666667,44.06,10.8,744.6,78.5,6.5,40,7.15
40,0,22.6,41.76,20.23,44.62666667,23.89,39.4,22,40.2,21,52.7,10.3,44.62333333,21.39,36.29,23.39,46.86,20.85666667,44.06,10.7,744.5666667,78,6.333333333,40,7
60,0,22.6,41.7,20.2,44.7,23.89,39.4,22,40.2,21,52.59,10.36,45.43333333,21.39,36.29,23.39,47.06,20.89,44.2,10.7,744.5333333,77.5,6.166666667,40,6.85
50,0,22.6,41.66333333,20.2,44.7,23.89,39.4,22,40.2,21,52.53,10.22666667,45.16666667,21.39,36.29,23.39,47.23,20.82333333,44.12666667,10.6,744.5,77,6,40,6.7
60,0,22.525,41.59,20.1,44.7,23.89,39.4,22,40.2,21,52.46666667,10.1,45.39333333,21.39,36.29,23.39,47.49,20.82333333,44.12666667,10.5,744.5166667,77.66666667,6.166666667,40,6.73
50,0,22.5,41.59,20.1,44.7,23.89,39.4,21.92666667,40.2,21,52.32666667,10.16,46.39333333,21.39,36.29,23.29,47.93333333,20.89,44.26,10.4,744.5333333,78.33333333,6.333333333,40,6.77
60,0,22.5,41.59,20.06666667,44.66333333,23.89,39.46666667,21.89,40.2,21,52.26,10.19,46.9,21.39,36.29,23.29,48.06,20.89,44.29,10.4,744.55,79,6.5,40,6.8
60,0,22.5,41.59,20,44.66333333,23.89,39.46666667,21.89,40.2,21,52.2,10.26333333,46.9,21.39,36.29,23.29,48.3,20.89,44.29,10.3,744.5666667,79.66666667,6.666666667,40,6.83
50,0,22.46333333,41.52666667,20,44.7,23.96333333,39.46666667,21.89,40.29,21,52.09,10.19,46.79,21.39,36.29,23.29,48.63333333,20.89,44.29,10.2,744.5833333,80.33333333,6.833333333,40,6.87
60,0,22.39,41.4,20,44.7,24,39.5,21.89,40.2225,21,52.09,10.19,46.86333333,21.39,36.29,23.29,48.9,20.89,44.36333333,10.1,744.6,81,7,40,6.9
40,0,22.39,41.5,19.96333333,44.73,24,39.5,21.89,40.23,20.96333333,52,10.1,47.19333333,21.39,36.29,23.29,48.9,20.89,44.4,10.1,744.6166667,81.16666667,7,40,6.95
50,0,22.39,41.5,19.96333333,44.79,24,39.5,21.89,40.236,20.89,51.93333333,9.96,47.46666667,21.39,36.29,23.29,48.9,20.89,44.4,10.1,744.6333333,81.33333333,7,40,7
50,0,22.29,41.5,19.92666667,44.79,24,39.5,21.865,40.2675,20.92666667,51.86333333,9.8,47.8,21.39,36.29,23.23,48.79,20.89,44.5,10.1,744.65,81.5,7,40,7.05
50,0,22.29,41.5,19.92666667,44.86333333,24,39.59,21.85666667,40.26,20.92666667,51.79,9.726666667,47.86,21.39,36.29,23.29,48.73,20.84,44.5,10.1,744.6666667,81.66666667,7,40,7.1
50,0,22.29,41.5,19.82333333,44.76666667,24,39.59,21.89,40.2,20.89,51.76,9.566666667,47.89,21.32333333,36.29,23.2,48.46666667,20.89,44.56,10.1,744.6833333,81.83333333,7,40,7.15
60,0,22.29,41.5,19.82333333,44.82666667,24,39.59,21.82333333,40.2,20.89,51.7,9.426666667,48.09,21.32333333,36.29,23.2,48.26666667,20.89,44.59,10.1,744.7,82,7,40,7.2
60,0,22.29,41.5,19.79,44.79,24,39.59,21.79,40.16333333,20.89,51.59,9.3,48.85,21.29,36.29,23.2,48.13333333,20.89,44.59,10,744.7,82.5,6.833333333,40,7.17
50,0,22.23,41.5,19.79,44.82666667,24,39.7,21.79,40.09,20.89,51.5675,9.39,49.32666667,21.29,36.29,23.2,47.9475,20.89,44.7,9.9,744.7,83,6.666666667,40,7.13
60,0,22.2,41.5,19.79,44.9,24.075,39.7675,21.79,40.09,20.89,51.5,9.39,49.4,21.29,36.29,23.2,47.73,20.89,44.7,9.8,744.7,83.5,6.5,40,7.1
50,0,22.2,41.5,19.76,44.9,24.1,39.79,21.79,40.16333333,20.89,51.36333333,9.5,49.43333333,21.29,36.29,23.2,47.59,20.89,44.7,9.7,744.7,84,6.333333333,40,7.07
60,0,22.2,41.5,19.7,44.9,24.1,39.79,21.79,40.16333333,20.89,51.29,9.5,49.56,21.29,36.29,23.13333333,47.59,20.89,44.76,9.6,744.7,84.5,6.166666667,40,7.03
50,0,22.2,41.56,19.7,45,24.16666667,39.79,21.79,40.16333333,20.82333333,51.09,9.5,49.59,21.29,36.345,23.1,47.5,20.89,44.79,9.5,744.7,85,6,40,7
50,0,22.1,41.59,19.7,45,24.2,39.79,21.79,40.12666667,20.89,51.03,9.5,49.66333333,21.29,36.36333333,23.1,47.43333333,20.89,44.79,9.45,744.7333333,85.5,5.833333333,38,7.05
40,0,22.1,41.59,19.7,45,24.2,39.79,21.79,40.2,20.82333333,50.93333333,9.6,49.86,21.29,36.4,23.1,47.29,20.89,44.9,9.4,744.7666667,86,5.666666667,36,7.1
50,0,22.1,41.59,19.7,45.06,24.2,39.79,21.76,40.2,20.89,50.93333333,9.66,50.06,21.29,36.4,23.1,47.29,20.89,44.9,9.35,744.8,86.5,5.5,34,7.15
50,0,22.1,41.7,19.6,45.09,24.2,39.79,21.7,40.2,20.79,50.79,9.66,50.1,21.29,36.4,23.1,47.29,20.89,44.93333333,9.3,744.8333333,87,5.333333333,32,7.2
50,0,22.03333333,41.62666667,19.6,45.09,24.2,39.9,21.73,40.2,20.79,50.73,9.6,50.1,21.29,36.46666667,23.03333333,47.15666667,20.89,44.93333333,9.25,744.8666667,87.5,5.166666667,30,7.25
50,0,22,41.7,19.6,45.09,24.2,39.9,21.79,40.26,20.79,50.7,9.6,50.43333333,21.29,36.5,23.06666667,47.13333333,20.89,45,9.2,744.9,88,5,28,7.3
50,0,22,41.7,19.6,45.09,24.13333333,39.9,21.7,40.2,20.79,50.62666667,9.533333333,50.5,21.29,36.5,23,47,20.89,45,9.22,744.9333333,88.16666667,5,27.83333333,7.35
60,0,21.89,41.73,19.6,45.2,24.13333333,39.9,21.7,40.26,20.79,50.56,9.5,50.83,21.26,36.46666667,23,47,20.89,45,9.23,744.9666667,88.33333333,5,27.66666667,7.4
50,0,21.89,41.79,19.6,45.2,24.13333333,39.9,21.7,40.29,20.79,50.5,9.426666667,50.89,21.26,36.52666667,23,47,20.89,45,9.25,745,88.5,5,27.5,7.45
50,0,21.89,41.79,19.56666667,45.23,24.2,39.9,21.7,40.29,20.79,50.4,9.126666667,50.79333333,21.2,36.5,23,47,20.89,45.09,9.27,745.0333333,88.66666667,5,27.33333333,7.5
60,0,21.89,41.79,19.5,45.29,24.2,39.82666667,21.7,40.29,20.79,50.32666667,8.866666667,50.92666667,21.2,36.5,23,47,20.89,45.09,9.28,745.0666667,88.83333333,5,27.16666667,7.55
60,0,21.89,41.9,19.5,45.29,24.2,39.9,21.7,40.29,20.79,50.29,8.55,51.145,21.2,36.5,23,47,20.89,45.09,9.3,745.1,89,5,27,7.6
50,0,21.82333333,41.82666667,19.5,45.29,24.2,39.79,21.7,40.29,20.79,50.29,8.666666667,52.7,21.2,36.5,23,47,20.89,45.09,9.22,745.1333333,89.16666667,5,26.66666667,7.53
50,0,21.85666667,41.9,19.5,45.29,24.2,39.86333333,21.7,40.29,20.79,50.2,8.726666667,52.03333333,21.2,36.5,22.96333333,46.96666667,20.89,45.09,9.13,745.1666667,89.33333333,5,26.33333333,7.47
50,0,21.79,41.9,19.5,45.36333333,24.2,39.9,21.7,40.29,20.79,50.12666667,8.566666667,51.93333333,21.2,36.5,22.89,46.9,20.89,45.12666667,9.05,745.2,89.5,5,26,7.4
60,0,21.79,41.9,19.5,45.29,24.2,39.9,21.6,40.2,20.79,50.09,8.426666667,52.33333333,21.2,36.5,22.89,46.845,20.89,45.2,8.97,745.2333333,89.66666667,5,25.66666667,7.33
50,0,21.79,41.9,19.53333333,45.29,24.2,39.9,21.6,40.2,20.79,50.06,8.5,53.4,21.2,36.5,22.89,46.9,20.89,45.26666667,8.88,745.2666667,89.83333333,5,25.33333333,7.27
60,0,21.79,41.9,19.6,45.23,24.2,39.93333333,21.6,40.2,20.73,50,8.5,53.52666667,21.2,36.5,22.89,46.9,20.89,45.32666667,8.8,745.3,90,5,25,7.2
60,0,21.79,41.9,19.6,45.16333333,24.2,40,21.6,40.2,20.79,50,8.666666667,54.15666667,21.2,36.5,22.89,46.93333333,20.89,45.29,8.8,745.35,89.83333333,4.833333333,24.83333333,7.18
50,0,21.79,41.9,19.6,45.09,24.2,39.93333333,21.6,40.2,20.79,49.93333333,8.8,53.95666667,21.2,36.5,22.89,47,20.89,45.29,8.8,745.4,89.66666667,4.666666667,24.66666667,7.17
120,0,21.79,42.02666667,19.7,45.15666667,24.2,39.93333333,21.6,40.2,20.79,49.86333333,8.926666667,53.66,21.2,36.5,22.82333333,46.93333333,21,45.59,8.8,745.45,89.5,4.5,24.5,7.15
50,0,21.84,42.745,19.76,45.43,24.06666667,39.72333333,21.6,40.218,20.79,49.79,9,53.19333333,21.2,36.5,22.87333333,46.9,21,45.59,8.8,745.5,89.33333333,4.333333333,24.33333333,7.13
50,0,21.89,43,19.82333333,45.59,24,39.53,21.6,40.32142857,20.79,49.46666667,9.33,52.73333333,21.2,36.5,22.79,46.56666667,21,45.56,8.8,745.55,89.16666667,4.166666667,24.16666667,7.12
60,0,21.96333333,43,19.96333333,45.53,23.89,39.33333333,21.6,40.29,20.73,49.26666667,9.663333333,52.46666667,21.17142857,36.47142857,22.79,46.33333333,21,45.43333333,8.8,745.6,89,4,24,7.1
40,0,21.96333333,42.76,20.26333333,45.16,23.89,39.2,21.6,40.35285714,20.79,49.02666667,10.46666667,50.6,21.2,36.4,22.79,46.06666667,21.03333333,45.22333333,8.97,745.65,88,4.333333333,24,7.1
60,0,21.96333333,42.7,20.39,44.56666667,23.89,39.09,21.6,40.4,20.79,48.82666667,11.06,45.33333333,21.15714286,36.38428571,22.79,45.83333333,21.03333333,44.89,9.13,745.7,87,4.666666667,24,7.1
180,0,22,42.56,20.46333333,44.33333333,23.89,39.03,21.6,40.36857143,20.76,48.63333333,11.12666667,41.22333333,21.14,36.29,22.79,45.62666667,21.03333333,44.63333333,9.3,745.75,86,5,24,7.1
180,0,21.92666667,42.43333333,20.39,44.12666667,23.89,38.9,21.6,40.4,20.76,48.5,11,38.29666667,21.1,36.29,22.79,45.36333333,21.16666667,44.3,9.47,745.8,85,5.333333333,24,7.1
100,0,22,42.36333333,20.56666667,43.9,23.89,38.82666667,21.6,40.45714286,20.79,48.36333333,11.59333333,38.62666667,21.16,36.29,22.79,45.29,21.29,44.59666667,9.63,745.85,84,5.666666667,24,7.1
240,0,22,42.23,20.76,43.56666667,23.85666667,38.76,21.62,40.54,20.79,48.23,12.5,34.75,21.11428571,36.29,22.73,45.29,21.29,45.39666667,9.8,745.9,83,6,24,7.1
330,0,22,42.36333333,21.23,42.6,23.79,38.76,21.7,40.66857143,20.79,48.09,13.33333333,30.76,21.14,36.272,22.79,45.36333333,21.29,46.4,9.95,745.9166667,82.66666667,5.833333333,24.33333333,7.17
120,0,22,42.15666667,21.29,41.52666667,23.66666667,38.63333333,21.7,40.46,20.79,48.03,13.66666667,26.95666667,21.14285714,36.2,22.79,45.53,21.26,46.19333333,10.1,745.9333333,82.33333333,5.666666667,24.66666667,7.23
40,0,22.06666667,41.72333333,21.395,41.3,23.6,38.43333333,21.7,40.3975,20.79,47.96666667,14,26.35666667,21.14,36.2,22.79,45.66333333,21.2,45.86,10.3,745.95,82,5.5,25,7.3
70,0,22.06666667,41.66333333,21.6,41.06,23.56666667,38.26,21.73857143,40.5,20.79,47.82666667,14,22.19333333,21.18571429,36.2,22.79,45.56,21.2,45.66333333,10.4,745.9666667,81.66666667,5.333333333,25.33333333,7.37
50,0,22.1,41.62666667,21.53333333,41.06,23.5,38.12666667,21.754,40.48,20.79,47.79,13.39333333,21.19333333,21.16,36.134,22.79,45.3,21.2,45.59,10.6,745.9833333,81.33333333,5.166666667,25.66666667,7.43
50,0,22.1,41.7,21.35666667,41.36,23.39,38.09,21.75142857,40.32142857,20.7675,47.7225,11.59333333,31.89333333,21.17142857,36.09,22.79,44.745,21.2,45.46666667,10.7,746,81,5,26,7.5
80,0,22.1,41.7,21.29,41.56,23.315,38.09,21.736,40.2,20.76,47.62666667,10.4,36.69333333,21.1,36,22.7,44.06,21.2,45.32666667,10.6,746.0333333,80.33333333,5.166666667,26.33333333,7.32
80,0,22.1,41.62666667,21.2,41.59,23.29,38.09,21.71285714,40.10571429,20.79,47.5,9.83,43.53333333,21.1,35.91428571,22.7,43.86,21.1,45.16333333,10.6,746.0666667,79.66666667,5.333333333,26.66666667,7.13
230,0,22.1,41.7,21.2,41.72333333,23.26,38.2,21.7,40.09,20.73,47.36,9.89,46.73333333,21.14,35.96,22.7,43.63333333,21.1,44.96333333,10.5,746.1,79,5.5,27,6.95
800,0,22.1,41.7,21.2,41.79,23.2,38.26,21.7,40.09,20.79,47.26,10.33,49.53,21.1,36,22.63333333,43.36,21.1,44.79,10.4,746.1333333,78.33333333,5.666666667,27.33333333,6.77
510,0,22.2,42.03,21.2,41.86333333,23.32333333,38.63333333,21.7,40.134,20.79,47.12666667,10.53,50.19666667,21.1,36.09,22.63333333,43.29,21.1,44.73,10.4,746.1666667,77.66666667,5.833333333,27.66666667,6.58
380,0,22.2,43.8975,21.36,42.2,23.46333333,39.16,21.7,40.25142857,20.79,47.09,11.16666667,47.66666667,21.15714286,36.09,22.76,43.23,21.1,44.56,10.3,746.2,77,6,28,6.4
330,0,22.2,43.76666667,21.56666667,42,23.76333333,39.65666667,21.7,40.29,20.79,47.09,11.62666667,42.53333333,21.2,36.072,22.82333333,43.2,21.1,44.43333333,10.1,746.3166667,76.5,6,30,6.15
310,10,22.2,43.43,21.63333333,41.82666667,23.96333333,39.86333333,21.7,40.32142857,20.79,47.09,11.86,40.86666667,21.2,35.9625,22.89,43.2,21.1,44.29,9.97,746.4333333,76,6,32,5.9
340,0,22.26,43.43,21.7,41.82666667,24.39333333,40.45666667,21.7,40.29,20.79,47.16333333,11.93333333,39.4,21.2,35.86857143,23,43.09,21.1,44.23,9.8,746.55,75.5,6,34,5.65
230,0,22.29,44.2,21.79,41.65666667,24.72666667,40.99,21.73857143,40.29,20.79,47.12666667,12.16666667,37.8,21.2,35.7,23.06666667,43.09,21.1,44.09,9.63,746.6666667,75,6,36,5.4
170,0,22.29,44.12666667,21.85666667,41.86333333,25.06666667,41.32666667,21.754,40.25,20.79,47.2,12.36,34.93333333,21.2,35.55428571,23.13333333,43.06,21.1,44.03,9.47,746.7833333,74.5,6,38,5.15
90,0,22.29,43.83333333,21.85666667,41.76,25.2,41.46666667,21.76428571,40.02571429,20.79,47.2,12.445,33.3,21.2,35.44,23.2,42.93333333,21.1,43.96666667,9.3,746.9,74,6,40,4.9
80,0,22.29,43.56666667,21.85666667,41.7,25.39,41.19666667,21.754,40,20.79,47.2,12.53333333,24.36666667,21.22571429,35.32142857,23.23,42.96333333,21.1,43.82666667,9.47,746.9333333,73.33333333,5.833333333,40,4.92
100,0,22.32333333,43.06333333,21.92666667,41.4,25.32333333,40.53,21.71285714,40,20.82333333,47.36666667,12.66,20.89333333,21.29,35.054,23.29,43.03,21.1,43.545,9.63,746.9666667,72.66666667,5.666666667,40,4.93
90,0,22.39,42.73,22,41,25.2,40.02666667,21.754,40,20.89,47.7,12.86666667,20.59333333,21.34714286,34.86714286,23.29,42.93333333,21.1,43.36,9.8,747,72,5.5,40,4.95
110,0,22.39,42.63333333,22,40.63333333,25.2,39.76666667,21.75625,39.91125,20.89,47.7,13.33333333,19.66666667,21.39,34.616,23.35666667,43.06,21.1,43.5,9.97,747.0333333,71.33333333,5.333333333,40,4.97
180,0,22.46333333,43.23333333,22.075,40.595,25,39.43,21.79,39.812,20.89,47.56666667,13.86666667,16.29333333,21.43714286,34.44,23.39,43.29,21.1,43.32666667,10.1,747.0666667,70.66666667,5.166666667,40,4.98
310,0,22.53333333,43.86666667,22.16666667,40.83333333,24.86,39.15666667,21.79,39.9,20.89,47.36333333,14.26,16.1,21.39,34.254,23.46333333,43.36333333,21.1,43.32666667,10.3,747.1,70,5,40,5
300,0,22.53333333,44.06666667,22.23,40.86,24.66666667,39.16333333,21.79,39.856,20.89,47.29,14.46,12.8,21.45285714,34.09285714,23.5,43.43333333,21.1,43.2,10.4,747.1166667,70,5,40,5.12
110,10,22.6,43.96666667,22.29,41,24.53333333,39.16333333,21.87571429,39.88428571,20.89,47.29,14.73333333,12.19333333,21.5,33.94,23.525,43.45,21.1,43.2,10.6,747.1333333,70,5,40,5.23
130,0,22.6,43.9,22.26,41.15666667,24.445,39.09,21.912,40.14,20.89,47.29,14.53,10.59666667,21.5,33.79571429,23.6,43.5,21.1,43.16333333,10.7,747.15,70,5,40,5.35
160,0,22.6,44.16,22.13333333,41.49,24.46333333,39.19333333,21.95285714,40.5,20.89,47.29,14.25666667,9.263333333,21.5,33.7,23.6,43.36333333,21.1,42.96333333,10.8,747.1666667,70,5,40,5.47
390,0,22.6,43.63333333,22.1,41.59,24.32333333,39,22,40.475,20.89,47.26,13.79333333,9.633333333,21.40571429,33.55428571,23.66666667,43.23,21.1,42.63333333,11,747.1833333,70,5,40,5.58
270,0,22.6,44.93,22.03333333,41.79666667,24.39333333,39.6,22.1,40.356,20.89,47.2,13.26666667,9.026666667,21.39,33.44,23.66666667,42.99,21.1,42.22666667,11.1,747.2,70,5,40,5.7
250,0,22.6,45.06333333,21.96333333,42.36,24.72666667,40.46666667,22.1,40.25142857,20.89,47.09,12.82333333,9.76,21.39,33.36857143,23.66666667,42.73,21.1,42.12666667,11,747.2666667,69.66666667,4.833333333,37.83333333,5.52
220,0,22.5,45.44,21.89,42.63333333,25.06666667,41.26666667,22.1,40.196,20.89,47.09,12.49,9.96,21.39,33.2,23.7,42.49,21.1,42.12666667,10.8,747.3333333,69.33333333,4.666666667,35.66666667,5.33
250,0,22.5,45.66333333,21.76,42.86,25.26,41.52666667,22.1,39.89714286,20.89,47.09,12.19,11.23333333,21.39,33.13714286,23.7,42.23,21.1,41.93,10.7,747.4,69,4.5,33.5,5.15
260,0,22.5,45.72333333,21.7,43.13333333,25.5,41.59,22.04,39.634,20.89,47.09,12.39666667,11.76,21.39,33.09,23.7,42.02666667,21.1,41.73,10.6,747.4666667,68.66666667,4.333333333,31.33333333,4.97
200,0,22.5,45.76,21.7,43.43333333,25.56666667,41.46333333,22.1,39.63714286,20.89,46.9,13.46666667,11.46333333,21.46857143,33.13714286,23.7,41.69333333,21.1,42.16666667,10.4,747.5333333,68.33333333,4.166666667,29.16666667,4.78
100,0,22.5,45.7,21.7,43.56,25.6,40.86333333,22.04,39.494,20.89,46.96666667,13.395,8.57,21.5,33.054,23.79,41.36333333,21.1,43.09333333,10.3,747.6,68,4,27,4.6
100,0,22.5,45.86333333,21.66666667,43.59,25.53333333,40.59,22,39.22571429,20.89,47,12.12666667,10.23,21.43714286,32.94285714,23.79,41.49,21.1,44.06666667,10.4,747.5833333,68,4.166666667,29.16666667,4.73
120,0,22.42666667,45.46333333,21.53333333,43.59,25.39,40.46666667,22,38.96,20.89,47,10.36333333,15.73333333,21.39,32.834,23.79,41.43,21.1,44.26,10.6,747.5666667,68,4.333333333,31.33333333,4.87
150,0,22.39,45.13333333,21.46333333,43.66333333,25.32333333,40.32666667,22,38.79285714,20.89,47.03,9.363333333,27.73333333,21.39,32.79,23.85666667,41.15666667,21.1,44.245,10.7,747.55,68,4.5,33.5,5
100,0,22.39,45,21.39,43.72333333,25.29,40.06,22,38.678,20.89,47.03,8.66,40.29666667,21.39,32.9,23.79,40.63333333,21.1,44.13333333,10.8,747.5333333,68,4.666666667,35.66666667,5.13
110,0,22.39,45.43333333,21.29,43.96666667,25.23,40,21.96857143,38.59,20.89,47,8.6,44.63,21.39,32.985,23.79,40.5,21.1,43.93333333,11,747.5166667,68,4.833333333,37.83333333,5.27
230,0,22.39,45.36,21.29,43.82666667,25.2,39.96666667,21.956,38.59,20.89,47,9.026666667,47.86666667,21.39,33.20428571,23.79,40.59,21.1,43.76,11.1,747.5,68,5,40,5.4
300,0,22.39,45.8,21.29,43.645,25.2,39.82666667,21.96857143,38.59,20.89,46.9,9.36,46.12666667,21.39,33.312,23.79,40.66333333,21.1,43.62666667,10.5,747.6333333,71.16666667,4.666666667,40,5.43
730,0,22.39,46.93333333,21.29,44.73,25.1,39.79,21.89,38.59,20.89,46.82666667,9.6,45.29333333,21.39,33.47142857,23.89,41,21.1,43.5,9.93,747.7666667,74.33333333,4.333333333,40,5.47
820,0,22.5,47.86666667,21.23,45.65666667,25.03333333,39.79,21.93714286,38.59,20.89,46.93333333,9.933333333,45.23333333,21.39,33.59,23.96333333,41.13333333,21.1,43.5,9.35,747.9,77.5,4,40,5.5
460,0,22.56666667,52.06666667,21.29,50.26333333,24.89,39.93333333,21.956,38.59,20.89,47.275,10.03333333,44.8,21.39,33.60571429,24,41.53,21.1,43.46666667,8.77,748.0333333,80.66666667,3.666666667,40,5.53
110,0,22.6,56.55666667,21.29,54.65666667,24.89,40.1175,21.89,38.59,20.89,48.16666667,10.1,43.19333333,21.39,33.718,24.025,41.6725,21.1,43.32666667,8.18,748.1666667,83.83333333,3.333333333,40,5.57
100,0,22.66666667,57.49666667,21.29,56.02666667,24.89,40.49,21.89,38.59,20.89,49.29333333,10.19,41.79333333,21.39,33.79,24.1,41.7,21.1,43.2,7.6,748.3,87,3,40,5.6
110,0,22.7,56.06666667,21.29,54.76666667,24.82333333,40.76666667,21.89,38.56428571,20.96333333,50.03333333,10.19,40.12666667,21.39,33.79,24.1,41.66333333,21.1,43.12666667,7.77,748.3333333,86.16666667,3,40,5.62
360,0,22.7,54.8,21.29,52.95666667,24.82333333,40.82666667,21.89,38.5,21,50.5,10.46,39.95666667,21.39,33.79,24.1,41.53,21.1,43.06,7.93,748.3666667,85.33333333,3,40,5.63
370,0,22.7,53.25666667,21.29,51.69666667,24.79,40.93333333,21.89,38.48571429,21,50.5,10.73333333,39.82333333,21.39,33.772,24.16666667,41.4,21.1,43.06,8.1,748.4,84.5,3,40,5.65
290,0,22.675,51.7675,21.2,50.39333333,24.79,41,21.89,38.4,20.92666667,50.36333333,11.03333333,39.3,21.39,33.7,24.16666667,41.4,21.1,43.06,8.27,748.4333333,83.66666667,3,40,5.67
280,0,22.66666667,50.49333333,21.2,49.66666667,24.79,41,21.89,38.4,21,50.23,11.16,38.56,21.39,33.59,24.2,41.33333333,21.1,42.93333333,8.43,748.4666667,82.83333333,3,40,5.68
280,0,22.7,49.6,21.2,49.19333333,24.79,41,21.815,38.2,21,49.93,10.995,34.1,21.39,33.52428571,24.2,41.12666667,21.1,42.86333333,8.6,748.5,82,3,40,5.7
110,0,22.76,49.52666667,21.2,48.8,24.79,40.96666667,21.83,38.41,21,49.73,10.46333333,32.49,21.39,33.378,24.2,40.93,21.1,42.65666667,8.63,748.5166667,81.83333333,2.833333333,38.16666667,5.68
110,0,22.89,48.66,21.1,49.13333333,24.79,40.9,21.84714286,39.07,20.96333333,49.56,10.19666667,33.15666667,21.31857143,33.22571429,24.2,40.65666667,21.1,42.29666667,8.67,748.5333333,81.66666667,2.666666667,36.33333333,5.67
110,0,22.82333333,47.93333333,21.1,48.72666667,24.7,40.7,21.89,39.66,20.89,49.5,9.933333333,33.15666667,21.29,33.2,24.2,40.59,21.1,41.96333333,8.7,748.55,81.5,2.5,34.5,5.65
110,0,22.85666667,47.3,21.06666667,47.73333333,24.7,40.7,21.89,39.99714286,21,49.36333333,9.726666667,32.89666667,21.29,33.13714286,24.26,40.72333333,21.06666667,41.49,8.73,748.5666667,81.33333333,2.333333333,32.66666667,5.63
100,10,22.79,46.76666667,21,47.19333333,24.7,40.56,21.89,40.156,20.92666667,49.23,9.323333333,34.23,21.29,33.156,24.29,40.86,21,41.0925,8.77,748.5833333,81.16666667,2.166666667,30.83333333,5.62
110,0,22.79,46.19333333,20.89,46.66,24.7,40.5,21.89,40.05142857,20.89,49.02666667,9.13,35.62333333,21.29,33.2,24.29,41.13333333,21,40.76666667,8.8,748.6,81,2,29,5.6
110,0,22.79,45.72666667,20.89,46.26666667,24.6,40.4,21.87,40.016,20.89,48.82666667,8.86,36.13333333,21.254,33.156,24.29,41.36,21,40.56,8.67,748.6333333,81.33333333,2.166666667,30.83333333,5.55
100,0,22.79,45.26666667,20.79,45.8,24.6,40.32666667,21.79,39.82142857,20.92666667,48.56,8.726666667,35.39333333,21.23857143,33.13714286,24.35666667,41.56,21,40.43333333,8.53,748.6666667,81.66666667,2.333333333,32.66666667,5.5
130,0,22.79,44.8,20.7,45.43,24.6,40.26,21.79,39.754,20.92666667,48.36,8.463333333,36.8,21.236,33.134,24.39,41.56,21,40.26,8.4,748.7,82,2.5,34.5,5.45
110,0,22.79,44.36333333,20.63333333,45.15666667,24.53333333,40.2,21.79,39.75142857,20.89,48.06,8.39,37.6,21.2,33.09,24.39,41.56,21,40.06666667,8.27,748.7333333,82.33333333,2.666666667,36.33333333,5.4
120,0,22.79,44.49,20.56666667,45,24.5,40.06,21.79,39.714,20.89,47.82,8.263333333,38.79666667,21.2,33.09,24.42666667,41.82666667,20.92666667,39.93,8.13,748.7666667,82.66666667,2.833333333,38.16666667,5.35
100,0,22.79,44.86333333,20.5,45,24.5,40,21.79,39.59,20.89,47.62666667,8.13,39.86333333,21.2,33.09,24.5,41.82666667,21,39.79,8,748.8,83,3,40,5.3
110,0,22.79,44.73,20.5,44.96666667,24.5,39.9,21.736,39.46,20.89,47.46666667,7.796666667,37.13,21.2,33.045,24.5,41.645,20.96333333,39.79,7.92,748.8666667,83.5,2.833333333,37.83333333,5.3
100,0,22.79,44.29666667,20.42666667,44.96666667,24.5,39.79,21.71285714,39.32428571,20.89,47.32666667,7.53,36.92333333,21.2,32.98,24.5,41.33333333,20.89,39.79,7.83,748.9333333,84,2.666666667,35.66666667,5.3
90,0,22.79,43.96333333,20.39,44.96666667,24.42666667,39.73,21.7,39.178,20.89,47.26,7.23,37.29333333,21.2,32.9,24.5,41.12666667,20.89,39.72333333,7.75,749,84.5,2.5,33.5,5.3
110,0,22.76,43.72333333,20.32333333,44.82666667,24.39,39.59,21.7,38.99714286,20.89,47.12666667,6.963333333,38.29333333,21.2,32.79,24.5,40.96666667,20.82333333,39.46333333,7.67,749.0666667,85,2.333333333,31.33333333,5.3
100,0,22.7,43.46333333,20.29,44.79,24.39,39.59,21.7,38.79,20.89,47,6.595,39.3,21.14285714,32.73857143,24.5,40.76666667,20.85666667,39.33333333,7.58,749.1333333,85.5,2.166666667,29.16666667,5.3
100,0,22.7,43.245,20.23,44.65666667,24.29,39.46666667,21.64285714,38.67571429,20.89,46.93333333,6.23,39.53,21.1,32.634,24.46333333,40.6,20.85666667,39.2,7.5,749.2,86,2,27,5.3
100,0,22.7,43.02666667,20.2,44.43,24.29,39.32666667,21.6,38.612,20.82333333,46.7,5.963333333,40.26333333,21.1,32.52571429,24.39,40.32666667,20.89,39.16333333,7.18,749.2666667,86.33333333,2,27,5.03
100,10,22.63333333,42.69333333,20.13333333,44.23,24.29,39.26,21.6,38.62142857,20.82333333,46.56666667,5.56,41.63333333,21.1,32.46,24.42666667,40.23,20.82333333,38.96333333,6.87,749.3333333,86.66666667,2,27,4.77
90,0,22.66666667,42.53,20.1,44.09,24.23,39.12666667,21.6,38.656,20.85666667,46.4,5.433333333,43.22666667,21.1,32.50857143,24.5,40.43,20.79,38.93333333,6.55,749.4,87,2,27,4.5
90,0,22.6,42.53,20.03333333,44.03,24.2,39.2,21.6,38.53857143,20.79,46.12666667,5.263333333,45.16666667,21.1,32.674,24.53333333,41.06666667,20.85666667,39.39333333,6.23,749.4666667,87.33333333,2,27,4.23
90,10,22.6,42.26,19.96333333,44.09,24.2,39.2,21.6,38.5,20.79,46.09,5.063333333,46.09333333,21.1,32.79,24.6,41.6,20.89,39.82666667,5.92,749.5333333,87.66666667,2,27,3.97
80,0,22.6,42.2,19.89,44.09,24.2,39.2,21.6,38.5,20.79,46.09,4.866666667,47.25666667,21.2,32.9,24.7,42.22666667,20.89,40.175,5.6,749.6,88,2,27,3.7
90,0,22.56666667,42.06,19.79,44.19333333,24.26,39.26,21.56,38.46,20.79,46.23,4.726666667,48.05666667,21.11428571,32.95714286,24.7,42.69333333,20.89,40.52666667,5.43,749.6666667,88.16666667,2,29.16666667,3.58
60,0,22.5,41.93333333,19.73,44.46666667,24.29,39.32666667,21.5,38.4,20.79,46.29,4.56,49.05666667,21.1,33.018,24.79,43.06666667,20.79,40.73,5.27,749.7333333,88.33333333,2,31.33333333,3.47
50,0,22.5,41.86333333,19.66666667,44.73,24.29,39.32666667,21.5,38.4,20.79,46.32666667,4.56,50.59,21.14285714,33.09,24.79,43.46,20.79,40.86333333,5.1,749.8,88.5,2,33.5,3.35
50,0,22.5,41.73,19.6,44.9475,24.26,39.22333333,21.54,38.4,20.79,46.4,4.466666667,51.06,21.1,33.2,24.73,44.63333333,20.82333333,41.15666667,4.93,749.8666667,88.66666667,2,35.66666667,3.23
50,0,22.46333333,41.63333333,19.53333333,45,24.2,39.09,21.5,38.4,20.79,46.5,4.333333333,51.26666667,21.1,33.2,24.73,44.9,20.89,41.36333333,4.77,749.9333333,88.83333333,2,37.83333333,3.12
50,0,22.39,41.5,19.46333333,45.09,24.2,39.09,21.5,38.356,20.79,46.5,4.126666667,51.72333333,21.1,33.2,24.66666667,44.72333333,20.82333333,41.56666667,4.6,750,89,2,40,3
50,0,22.39,41.4,19.39,45.09,24.13333333,39.09,21.5,38.33714286,20.79,46.5,3.933333333,51.53,21.1,33.26428571,24.53333333,44.39,20.89,41.76,4.52,750.0333333,89.66666667,2,40,3.02
60,0,22.32333333,41.32666667,19.35666667,45.12666667,24.1,39.09,21.5,38.356,20.7,46.53,3.76,51.89,21.1,33.29,24.5,43.9,20.89,41.96333333,4.43,750.0666667,90.33333333,2,40,3.03
60,0,22.29,41.29,19.29,45.26,24.1,39.09,21.5,38.32142857,20.76,46.59,3.566666667,51.55666667,21.1,33.29,24.5,43.56666667,20.89,42.16333333,4.35,750.1,91,2,40,3.05
50,0,22.29,41.23,19.26,45.26,24.1,39.09,21.39,38.2,20.7,46.59,3.19,50.15,21.1,33.29,24.39,42.85,20.89,42.32666667,4.27,750.1333333,91.66666667,2,40,3.07
60,0,22.29,41.16333333,19.2,45.2,24.03333333,39.03,21.39,38.2,20.76,46.59,2.863333333,50.16,21.1,33.29,24.35666667,42.33333333,20.89,42.46666667,4.18,750.1666667,92.33333333,2,40,3.08
60,0,22.23,41.03,19.16666667,45.2,24.1,39.03,21.39,38.2,20.79,46.62666667,2.656666667,49.49333333,21.1,33.29,24.29,42.2,20.82333333,42.56666667,4.1,750.2,93,2,40,3.1
50,0,22.2,40.9,19.1,45.2,24.06666667,38.96666667,21.39,38.2,20.73,46.7,2.333333333,48.93333333,21.1,33.29,24.29,42.09,20.89,42.76,3.98,750.2666667,93,1.833333333,40,2.98
50,0,22.2,40.86333333,19.06666667,45.2,24,38.9,21.35,38.156,20.7,46.7,2.2,49.46666667,21.1,33.29,24.23,41.96333333,20.79,42.82666667,3.87,750.3333333,93,1.666666667,40,2.87
50,0,22.2,40.73,19,45.2,24,38.9,21.37571429,38.09,20.7,46.7,2.09,50.13,21.0875,33.27875,24.16666667,41.66333333,20.79,42.96666667,3.75,750.4,93,1.5,40,2.75
50,0,22.16666667,40.66333333,18.89,45.2,24,38.82666667,21.37,38.09,20.7,46.7,2.163333333,51.25666667,21.04285714,33.2,24.1,41.39,20.89,43.23,3.63,750.4666667,93,1.333333333,40,2.63
50,0,22.1,40.59,18.82333333,45.12666667,24,38.79,21.29,38.09,20.7,46.7,2.29,52.26,21.1,33.2,24,40.93,20.89,43.29,3.52,750.5333333,93,1.166666667,40,2.52
50,0,22.1,40.5,18.79,45.12666667,24,38.73,21.29,38.09,20.7,46.62666667,2.23,51.86666667,21.07142857,33.2,23.92666667,40.73,20.79,43.32666667,3.4,750.6,93,1,40,2.4
50,0,22.1,40.5,18.73,45.2,23.89,38.73,21.29,38.09,20.7,46.62666667,2.026666667,51.19333333,21.06,33.156,23.89,40.59,20.865,43.4975,3.48,750.7,93.16666667,1,40,2.5
60,0,22.06666667,40.36333333,18.7,45.2,23.89,38.79,21.29,38.09,20.7,46.59,1.826666667,50.86,21.07142857,33.2,23.82333333,40.53,20.89,43.59,3.57,750.8,93.33333333,1,40,2.6
50,0,22,40.29,18.7,45.2,23.89,38.79,21.29,38.09,20.7,46.59,1.73,50.96666667,21.06,33.156,23.79,40.5,20.89,43.73,3.65,750.9,93.5,1,40,2.7
60,0,22,40.26,18.7,45.2,23.89,38.79,21.29,38.036,20.63333333,46.53,1.863333333,51.56,21.02857143,33.12142857,23.73,40.5,20.89,43.86333333,3.73,751,93.66666667,1,40,2.8
60,0,22,40.2,18.625,45.1175,23.89,38.7,21.27714286,38.07714286,20.7,46.59,1.79,51.29666667,21,33.09,23.7,40.76666667,20.82333333,43.86,3.82,751.1,93.83333333,1,40,2.9
50,0,21.89,40.09,18.6,45.16333333,23.89,38.7,21.2,38,20.66666667,46.56,1.663333333,50.89,21,33.09,23.7,40.9,20.89,44.06,3.9,751.2,94,1,40,3
50,0,21.89,40.09,18.5,45.09,23.89,38.59,21.23857143,38,20.66666667,46.5,1.463333333,50.89,21,33.09,23.6,41.06666667,20.89,44.23,3.55,751.2166667,94.5,1,44.16666667,2.72
40,0,21.89,40.06,18.5,45.09,23.89,38.59,21.2,38,20.63333333,46.43333333,1.5475,51.7225,21,33.09,23.53333333,41.26,20.89,44.36333333,3.2,751.2333333,95,1,48.33333333,2.43
60,0,21.89,40,18.5,45.2,23.85666667,38.56,21.2,38,20.7,46.5,1.6,52,21,33.09,23.5,41.4,20.79,44.4,2.85,751.25,95.5,1,52.5,2.15
40,0,21.85666667,39.96666667,18.42666667,45.12666667,23.79,38.5,21.2,38,20.63333333,46.43333333,1.53,51.73333333,21,33.09,23.5,41.32666667,20.85666667,44.52666667,2.5,751.2666667,96,1,56.66666667,1.87
50,0,21.79,39.9,18.39,45.09,23.79,38.5,21.2,37.98,20.6,46.36333333,1.323333333,51.19333333,21,33.09,23.39,41.26,20.82333333,44.56666667,2.15,751.2833333,96.5,1,60.83333333,1.58
60,0,21.79,39.79,18.39,45.09,23.79,38.43333333,21.15714286,37.9,20.6,46.36333333,1.066666667,50.79,21,33.09,23.39,41.095,20.82333333,44.62666667,1.8,751.3,97,1,65,1.3
60,0,21.79,39.79,18.29,45.09,23.73,38.5,21.2,37.9,20.6,46.29,0.933333333,50.73,21,33.09,23.39,40.86,20.79,44.62666667,1.72,751.3666667,97,1,64.5,1.23
60,0,21.76,39.79,18.29,45.09,23.73,38.4,21.11428571,37.9,20.6,46.29,0.766666667,50.63333333,21,33.09,23.29,40.73,20.85666667,44.76,1.63,751.4333333,97,1,64,1.17
60,0,21.7,39.7225,18.26,45,23.73,38.4,21.1,37.878,20.6,46.29,0.633333333,50.36,21,33.09,23.29,40.73,20.89,44.79,1.55,751.5,97,1,63.5,1.1
60,0,21.7,39.7,18.2,45,23.7,38.4,21.1,37.86857143,20.6,46.29,0.5,50.7,21,33.01285714,23.26,40.53,20.82333333,44.79,1.47,751.5666667,97,1,63,1.03
50,0,21.7,39.59,18.2,44.9,23.7,38.32666667,21.1,37.79,20.6,46.2,0.5,50.76,20.978,33,23.2,40.59,20.89,44.9,1.38,751.6333333,97,1,62.5,0.967
50,0,21.63333333,39.59,18.13333333,44.9,23.7,38.26,21.08571429,37.77714286,20.6,46.2,0.466666667,51.25666667,20.93714286,33,23.2,40.52666667,20.82333333,44.82666667,1.3,751.7,97,1,62,0.9
40,0,21.6,39.59,18.1,44.9,23.7,38.2,21.06,37.754,20.6,46.2,0.466666667,52.13,20.89,33,23.2,40.32666667,20.82333333,44.82666667,1.22,751.7166667,97.33333333,1,59.16666667,0.85
50,0,21.6,39.53,18.1,44.9,23.7,38.23,21.02857143,37.72571429,20.6,46.2,0.8,53.49333333,20.89,32.94285714,23.1,40.1,20.84,44.925,1.13,751.7333333,97.66666667,1,56.33333333,0.8
40,0,21.6,39.5,18.06666667,44.86333333,23.63333333,38.23,21,37.7,20.56666667,46.2,1.066666667,54.02666667,20.89,32.9,23.1,39.76666667,20.82333333,45,1.05,751.75,98,1,53.5,0.75
50,0,21.53333333,39.5,18,44.79,23.6,38.26,21,37.65285714,20.56666667,46.12666667,1.066666667,53.72333333,20.89,32.9,23,39.43,20.79,45.03,0.967,751.7666667,98.33333333,1,50.66666667,0.7
60,0,21.5,39.5,18,44.73,23.53333333,38.2,21,37.7,20.6,46.09,0.975,53.5975,20.89,32.9,23,39.23,20.79,45.09,0.883,751.7833333,98.66666667,1,47.83333333,0.65
50,0,21.5,39.43333333,17.9175,44.745,23.5,38.2,21,37.7,20.53333333,46.09,1.226666667,54.39333333,20.89,32.9,22.96333333,38.96666667,20.79,45.2,0.8,751.8,99,1,45,0.6
60,0,21.46333333,39.4,17.89,44.79,23.5,38.2,21,37.7,20.5,46.09,1.356666667,54.56,20.89,32.88428571,22.89,38.76666667,20.79,45.26,0.95,751.85,98.83333333,1,48.33333333,0.733
50,0,21.39,39.4,17.89,44.76,23.42666667,38.06666667,20.95285714,37.7,20.5,46.03,1.29,54.36,20.87,32.834,22.89,38.56,20.79,45.29,1.1,751.9,98.66666667,1,51.66666667,0.867
50,0,21.39,39.4,17.89,44.76,23.5,38.12666667,20.978,37.678,20.53333333,46,1.2,53.95666667,20.86142857,32.79,22.82333333,38.43333333,20.79,45.29,1.25,751.95,98.5,1,55,1
50,0,21.39,39.4,17.79,44.7,23.39,38,20.93714286,37.66857143,20.525,45.975,1.326666667,54.76333333,20.83,32.834,22.79,38.26,20.79,45.29,1.4,752,98.33333333,1,58.33333333,1.13
50,0,21.35666667,39.4,17.79,44.7,23.39,38,20.89,37.7,20.5,45.9,1.533333333,55.26666667,20.80428571,32.79285714,22.79,38.2,20.79,45.29,1.55,752.05,98.16666667,1,61.66666667,1.27
40,0,21.29,39.4,17.79,44.7,23.39,37.95,20.89,37.7,20.5,45.9,1.726666667,55.66,20.79,32.718,22.7,38.06,20.79,45.29,1.7,752.1,98,1,65,1.4
50,0,21.29,39.4,17.79,44.62666667,23.32333333,38,20.89,37.7,20.5,45.82666667,1.963333333,56.09666667,20.79,32.72571429,22.7,38,20.79,45.29,1.72,752.1666667,97.83333333,1,57.83333333,1.4
40,0,21.29,39.4,17.79,44.56,23.32333333,38,20.89,37.7,20.5,45.79,2.163333333,56.36333333,20.79,32.7,22.6,38.03,20.79,45.29,1.73,752.2333333,97.66666667,1,50.66666667,1.4
60,0,21.29,39.4,17.79,44.5,23.39,38,20.89,37.7,20.5,45.79,2.2,56.5,20.81857143,32.75714286,22.6,38.1175,20.79,45.29,1.75,752.3,97.5,1,43.5,1.4
60,0,21.23,39.32666667,17.79,44.5,23.39,38,20.81857143,37.62142857,20.5,45.79,2.2,56.36,20.79,32.718,22.6,38.26,20.79,45.29,1.77,752.3666667,97.33333333,1,36.33333333,1.4
50,0,21.2,39.4,17.79,44.43333333,23.39,38.09,20.815,37.6175,20.5,45.79,2.09,56.09,20.79,32.75142857,22.6,38.32666667,20.79,45.29,1.78,752.4333333,97.16666667,1,29.16666667,1.4
70,0,21.2,39.36333333,17.79,44.29,23.39,38.09,20.79,37.59,20.5,45.76,2.09,56.09,20.79,32.736,22.6,38.4,20.79,45.29,1.8,752.5,97,1,22,1.4
50,0,21.2,39.29,17.85666667,44.36333333,23.39,38.12666667,20.79,37.59,20.5,45.7,2.156666667,56.3,20.79,32.73857143,22.5,38.43333333,20.79,45.29,2.03,752.6166667,96.66666667,1.166666667,22.5,1.57
50,0,21.2,39.29,17.89,44.29,23.46333333,38.26,20.85,37.656,20.5,45.76,2.43,56.76666667,20.79,32.736,22.5,38.5,20.79,45.32666667,2.27,752.7333333,96.33333333,1.333333333,23,1.73
80,0,21.2,39.29,17.96333333,44.23,23.46333333,38.26,20.79,37.59,20.5,45.7,2.86,57.23,20.79,32.7,22.46333333,38.5,20.79,45.4,2.5,752.85,96,1.5,23.5,1.9
70,0,21.2,39.62666667,18,44.19333333,23.39,38.2,20.79,37.572,20.42666667,45.62666667,3.225,57.52,20.79,32.754,22.39,38.56,20.79,45.345,2.73,752.9666667,95.66666667,1.666666667,24,2.07
60,0,21.2,39.76,18.06666667,44.46666667,23.39,37.96666667,20.79,37.47142857,20.42666667,45.62666667,3.766666667,57.99,20.79,32.75142857,22.39,38.62666667,20.89,45.19333333,2.97,753.0833333,95.33333333,1.833333333,24.5,2.23
40,0,21.2,39.93333333,18.2,44.73,23.39,37.96666667,20.79,37.4,20.46333333,45.66333333,4.43,58.36,20.79,32.79,22.39,38.76,20.96333333,44.86,3.2,753.2,95,2,25,2.4
60,0,21.2,40.06,18.4975,44.7475,23.5,37.96666667,20.79,37.47,20.39,45.59,4.956666667,58.63333333,20.79,32.79,22.35666667,38.93333333,21,44.52666667,3.42,753.3166667,94,2.166666667,27.5,2.48
50,0,21.2,40.5,18.93,44.13333333,23.56666667,37.9,20.81,37.612,20.42666667,45.62666667,5.396666667,58.76,20.79,32.79,22.29,39.13333333,21.06666667,44.26666667,3.63,753.4333333,93,2.333333333,30,2.57
200,0,21.26,40.56,19.23,43.63333333,23.6,37.9,20.92142857,37.72571429,20.42666667,45.62666667,5.796666667,58.29333333,20.79,32.83714286,22.32333333,39.23,21.49,43.29333333,3.85,753.55,92,2.5,32.5,2.65
240,0,21.29,40.76666667,19.35666667,43.36,23.6,37.9,21,37.7,20.42666667,45.62666667,6.293333333,56.39333333,20.79,32.772,22.39,39.36333333,22.03,42.16666667,4.07,753.6666667,91,2.666666667,35,2.73
250,0,21.29,40.76666667,19.5,42.9,23.6,37.82666667,21.05714286,37.75142857,20.5,45.7,6.433333333,51.26666667,20.72571429,32.66857143,22.29,39.46666667,21.82666667,41.66333333,4.28,753.7833333,90,2.833333333,37.5,2.82
90,10,21.29,40.56666667,19.63333333,42.5,23.53333333,37.82666667,21.1,37.894,20.5,45.745,6.6,46.49333333,20.7,32.4,22.29,39.4,21.63333333,41.46333333,4.5,753.9,89,3,40,2.9
180,10,21.29,40.56666667,19.89,41.96,23.43,37.56333333,21.1,38.19428571,20.5,45.33333333,7.06,41.96666667,20.7,32.2475,22.29,39.29,21.39,40.9,4.8,753.9666667,87.5,3.166666667,40,2.93
160,20,21.29,40.4,19.89,41.7,23.1475,37.3975,21.1,38.334,20.5,45,7.296666667,38.79333333,20.7,32.05428571,22.23,39.15666667,21.32333333,40.56666667,5.1,754.0333333,86,3.333333333,40,2.97
50,20,21.29,40.32666667,19.82333333,41.7,23.1,37.5,21.18571429,38.45714286,20.5,44.72333333,7.03,39.53333333,20.68,31.958,22.29,39.09,21.2,40.13333333,5.4,754.1,84.5,3.5,40,3
60,20,21.29,40.13333333,19.89,41.5,23.1,37.43,21.2,38.5,20.5,44.46333333,7.226666667,36.66,20.6,31.79,22.29,39.09,21.13333333,40.8,5.7,754.1666667,83,3.666666667,40,3.03
80,10,21.29,39.93333333,20.36666667,41.16666667,23.03333333,37.23,21.29285714,38.59571429,20.5,44.22333333,7.7,35.73333333,20.66,31.714,22.245,39.095,21.1,41.59666667,6,754.2333333,81.5,3.833333333,40,3.07
150,30,21.39,39.745,20.96666667,40.36666667,23,37.16333333,21.434,38.59,20.5,44.03,8.533333333,32.63333333,20.62857143,31.62857143,22.2,39.32666667,21.1,41.73,6.3,754.3,80,4,40,3.1
470,10,21.39,39.59,21.06666667,39.56,23,37.09,21.5,38.45571429,20.53333333,47.22333333,7.593333333,46.62666667,20.66,31.66,22.26,39.52666667,21.1,41.43,6.6,754.4166667,79.66666667,4,40,3.33
690,20,21.39,39.59,20.86,39.56,23,37.16333333,21.52,38.4,21.86666667,75.69666667,6.59,56.69666667,20.65714286,31.65714286,22.2,39.33333333,21.1,41.09666667,6.9,754.5333333,79.33333333,4,40,3.57
660,20,21.53333333,42.69333333,20.96,39.89,23,37.09,21.6,38.47142857,22.53333333,83.16333333,6.87,59.2925,20.6,31.7,22.2,39.06666667,21.1,40.63333333,7.2,754.65,79,4,40,3.8
330,20,21.66666667,45.82666667,21.22666667,40.89,23.1,37.2,21.7,38.59,21.99333333,83.56333333,7.23,59.9,20.68571429,31.72571429,22.2,38.72333333,21.1,40.36,7.5,754.7666667,78.66666667,4,40,4.03
370,10,21.73,50.63333333,21.56666667,42.69666667,23.1,37.4,21.83428571,38.65285714,21.66666667,83.26,7.726666667,60.19333333,20.7,31.7,22.2,38.66333333,21.1,40.045,7.8,754.8833333,78.33333333,4,40,4.27
200,0,21.85666667,52.69333333,21.9,43.69666667,23.1,37.86,21.92666667,38.76666667,21.46,83.59333333,8.2,60.46666667,20.7,31.62857143,22.23,38.82666667,21.1,40,8.1,755,78,4,40,4.5
100,0,21.82333333,51.95666667,22.16333333,45.03,23.1,38.19333333,22.04285714,38.92857143,21.29,83.83333333,8.563333333,56.23333333,20.7,31.35,22.29,38.82666667,21.1,40.19333333,8.03,755.0833333,76.66666667,4,40,4.18
100,0,21.89,50.56333333,22.365,44.9225,23.1,38.59,22.12857143,38.86857143,21.23,82.36666667,9.023333333,43.49333333,20.7,31.14142857,22.32333333,38.7,21.1,40.93333333,7.97,755.1666667,75.33333333,4,40,3.87
100,0,22,48.42666667,22.39,43.93333333,23.1,38.72333333,22.2,38.9,21.1,78.36666667,9.16,32.82333333,20.718,30.958,22.39,38.56666667,21.1,40.72666667,7.9,755.25,74,4,40,3.55
100,0,22,47.09333333,22.26,43.12333333,23.1,38.9,22.2,38.79285714,21.1,74.7,8.826666667,31.43,20.76428571,30.76428571,22.5,38.46666667,21.06666667,40.06333333,7.83,755.3333333,72.66666667,4,40,3.23
100,0,22,45.73333333,22.13333333,42.45666667,23.1,38.9,22.2,38.736,21.1,70.5,8.533333333,34.66,20.7,30.66,22.56666667,38.32666667,21,39.79,7.77,755.4166667,71.33333333,4,40,2.92
290,0,22.06666667,44.86666667,22.1,41.86333333,23.03333333,38.9,22.2,38.66857143,21.1,67.42666667,8.866666667,35.73333333,20.75142857,30.6,22.63333333,38.2,21,39.36333333,7.7,755.5,70,4,40,2.6
140,0,22.03333333,44.36333333,22.03333333,41.33,23.1,38.9,22.16,38.634,21,64.36666667,8.926666667,35.86333333,20.772,30.54,22.7,38.12666667,21,39.23,7.42,755.55,70.33333333,3.5,40,2.38
150,10,22.22666667,44.69666667,22,41.03,23.06666667,38.76,22.1,38.57142857,20.9725,62.475,9.126666667,39.72333333,20.76428571,30.5,22.73,38,21,38.96666667,7.13,755.6,70.66666667,3,40,2.17
100,0,22.29,44.2,22,41.16333333,23,38.62666667,22.1,38.36,20.89,60.8,9.323333333,38.49,20.79,30.5,22.79,38,21,38.9,6.85,755.65,71,2.5,40,1.95
80,0,22.35666667,45.06666667,22,41.16333333,23.05,38.645,22.1,38.16857143,20.89,59.23333333,9.396666667,35.43,20.79,30.42285714,22.82333333,37.86333333,21,38.76,6.57,755.7,71.33333333,2,40,1.73
100,0,22.5,45.29666667,22,40.96333333,23,38.56,22.1,38.09,20.82333333,58.09333333,10.06666667,28.96666667,20.81,30.272,22.89,37.73,21,38.96,6.28,755.75,71.66666667,1.5,40,1.52
70,0,22.5,43.55666667,21.92666667,40.52666667,23.06666667,38.5,22.1,37.90571429,20.82333333,57.13333333,10.06666667,17.89333333,20.92142857,30.1,22.89,37.56,21,39.49333333,6,755.8,72,1,40,1.3
80,0,22.6,42.39333333,21.92666667,40.26666667,23,38.36333333,22.1,37.596,20.89,56.66666667,10.16666667,10.06666667,21,29.85,22.89,37.2,21,40.02666667,6.43,755.85,73,1.666666667,40,1.9
70,0,22.625,41.5,22,39.69333333,23,38.23,22.1,37.25714286,20.79,55.73333333,10.5475,7.05,21.05714286,29.52142857,22.89,36.69333333,21,40.56666667,6.87,755.9,74,2.333333333,40,2.5
70,0,22.7,40.8,22,39.3,23.1,38.26,22.1,36.96,20.79,54.99333333,10.69,9.526666667,21.22,29.16,22.89,36.22333333,21,40.7,7.3,755.95,75,3,40,3.1
70,10,22.73,40.22333333,21.89,38.93,23.03333333,38.06666667,22.1,36.72571429,20.79,53.92333333,10.86666667,8.526666667,21.31,28.836,22.82333333,35.83,21,40.7,7.73,756,76,3.666666667,40,3.7
70,0,22.79,39.83,21.82333333,38.53,23,37.9,22.1,36.418,20.79,53.33,10.86666667,8.86,21.39,28.49714286,22.82333333,35.43,21,40.62666667,8.17,756.05,77,4.333333333,40,4.3
60,0,22.79,39.52666667,21.79,38.22333333,23.06666667,37.9,22.1,36.22571429,20.79,52.66,11.16666667,6.726666667,21.54,28.254,22.82333333,35.09666667,21,40.495,8.6,756.1,78,5,40,4.9
70,0,22.79,39.26666667,21.85666667,37.96333333,23,37.59,22.1,35.96,20.79,52.13333333,11.5,6.533333333,21.65714286,28.14285714,22.82333333,34.9,21,40.13333333,8.68,756.1166667,76.83333333,4.833333333,40,4.77
60,0,22.89,39.1,21.85666667,37.63333333,23,37.46333333,22.1,35.83714286,20.76,51.49,11.36,7.9,21.7,28.018,22.82333333,34.9,21,39.93333333,8.77,756.1333333,75.66666667,4.666666667,40,4.63
60,0,22.89,38.76666667,21.79,37.43333333,22.96333333,37.26,22.1,35.714,20.76,50.95666667,11.5,4.433333333,21.73857143,27.86142857,22.79,34.76,21,39.79,8.85,756.15,74.5,4.5,40,4.5
100,20,22.89,38.56,21.79,37.1,22.96333333,37.26,22.1,35.55142857,20.73,50.4,11.23333333,13.46,21.79,27.83,22.79,34.76,21,39.79,8.93,756.1666667,73.33333333,4.333333333,40,4.37
70,20,22.89,38.56,21.7,37.12666667,22.89,37.23,22.1,35.79,20.73,49.92666667,9.833333333,26.13333333,21.73857143,28.02428571,22.79,35,21,39.82666667,9.02,756.1833333,72.16666667,4.166666667,40,4.23
90,20,22.89,38.26,21.63333333,37.26,22.89,37.29,22.1,36.00857143,20.7,49.4,8.933333333,25.06666667,21.7,28.218,22.79,35.46,21,40.02666667,9.1,756.2,71,4,40,4.1
100,10,22.89,38.12666667,21.5,37.4,22.79,37.23,22.1,36.276,20.7,49,8.86,25.06666667,21.62857143,28.29,22.89,35.96333333,21,40.29,9.2,756.2666667,71,4.5,40,4.18
90,20,22.79,37.86333333,21.5,37.4,22.79,37.23,22.175,36.475,20.7,48.52666667,9.19,20.09333333,21.66,28.35,22.96333333,36.22333333,21,40.23,9.3,756.3333333,71,5,40,4.27
100,20,22.85666667,37.86333333,21.39,37.26,22.76,37.2,22.2,36.42857143,20.7,48.32666667,9.263333333,15.1,21.65714286,28.27714286,23,36.4,20.92666667,39.99,9.4,756.4,71,5.5,40,4.35
100,20,22.79,37.79,21.39,37.12666667,22.7,37.12666667,22.29,36.46,20.7,47.995,9.63,14.12666667,21.7,28.18,23.06666667,36.52666667,21,39.79,9.5,756.4666667,71,6,40,4.43
90,20,22.79,37.79,21.29,37.09,22.745,37,22.29,36.4,20.7,47.52666667,9.63,13.32666667,21.73857143,28.1,23.1,36.73,20.92666667,39.79,9.6,756.5333333,71,6.5,40,4.52
120,10,22.79,37.76,21.23,37.03,22.7,36.9,22.31,36.378,20.7,47.19333333,9.563333333,12.9,21.79,28,23.16666667,36.79,21,39.79,9.7,756.6,71,7,40,4.6
180,20,22.79,37.83333333,21.2,37,22.7,36.9,22.39,36.36857143,20.7,46.83333333,9.823333333,13.43333333,21.84714286,28.01428571,23.2,37.03,21,39.79,9.58,756.6666667,70,7.166666667,40,4.28
240,20,22.82333333,38.25666667,21.2,37,22.79,36.79,22.39,36.4,20.7,46.56666667,9.745,15.9,21.85,28.06,23.2,37.16333333,21,39.79,9.47,756.7333333,69,7.333333333,40,3.97
220,20,22.89,38.66333333,21.16666667,37.49333333,22.73,36.79,22.40571429,36.47,20.7,46.29,9.6,14.92666667,21.89,28.1,23.29,37.5,21,39.79,9.35,756.8,68,7.5,40,3.65
150,20,22.89,41.69,21.1,37.96666667,22.73,36.79,22.5,36.59,20.7,46.23,9.66,15.33333333,22,28.06,23.32333333,37.89,21,39.79,9.23,756.8666667,67,7.666666667,40,3.33
100,10,23,43.06666667,21.1,38.89,22.79,36.86333333,22.5,36.59,20.79,46.29,9.8,14.93333333,22,28,23.39,38.22333333,21,39.79,9.12,756.9333333,66,7.833333333,40,3.02
90,20,23,41.66666667,21.1,39.09,22.79,37.03,22.54,36.536,20.79,46.36333333,9.726666667,14.32666667,22,28,23.39,38.36333333,21,39.79,9,757,65,8,40,2.7
110,20,23,40.79666667,21.1,39.06,22.79,37.09,22.6,36.60571429,20.89,46.36333333,10.03333333,12.55666667,22,28,23.39,38.23,21,39.79,9.05,757.05,65.5,7.666666667,40,2.85
110,20,23,40.39,21.1,38.93333333,22.85666667,37.13333333,22.6,36.718,20.89,46.23,10.03333333,12.69666667,22.04,27.934,23.5,38.13333333,21,39.79,9.1,757.1,66,7.333333333,40,3
160,10,22.96333333,39.93,21.2,38.7,22.79,37,22.67142857,36.86857143,21,45.93,10.16,15.03333333,22.01428571,27.96857143,23.5,38,21,39.79,9.15,757.15,66.5,7,40,3.15
650,20,22.89,39.73,21.13333333,38.62666667,22.85666667,36.86333333,22.7,37,21,45.73,9.96,16.63333333,22,28.02,23.6,38,21,39.73,9.2,757.2,67,6.666666667,40,3.3
310,10,22.92666667,41.32666667,21.1,38.86,22.79,36.86333333,22.71285714,37.01285714,21.03333333,45.5,9.53,16.16,21.98625,28.1,23.6,38.06,21,39.59666667,9.25,757.25,67.5,6.333333333,40,3.45
130,0,23,44.52666667,21.1,41.6425,22.79,36.86333333,22.754,37.09,21.1,45.63333333,9.196666667,17.16,21.89,28.1,23.66666667,38.02666667,21,39.62666667,9.3,757.3,68,6,40,3.6
120,0,23,45.42333333,21.03333333,43.92333333,22.79,37.06333333,22.76428571,37.02571429,21.1,46.19333333,8.933333333,18.13333333,21.89,28.2,23.6,37.76666667,20.92666667,39.7,9.18,757.3666667,67.5,5.833333333,40,3.38
120,0,23,45.03,21,44.23,22.82333333,37.43333333,22.7,36.79,21.1,46.6,8.8,17.59333333,21.89,28.2,23.6,37.93333333,21,39.66333333,9.07,757.4333333,67,5.666666667,40,3.17
120,0,23.1,46.52666667,20.92666667,44.29,22.89,37.5,22.7,36.60571429,21.1,46.82666667,8.8,17.9,21.87,28.236,23.66666667,38.19333333,20.92666667,39.59,8.95,757.5,66.5,5.5,40,2.95
110,0,23.1,44.86,20.89,43.96,22.89,37.4,22.7,36.48,21.1,46.82666667,8.8,17.23333333,21.83285714,28.2,23.7,38.33333333,20.92666667,39.56666667,8.83,757.5666667,66,5.333333333,40,2.73
130,20,23.06666667,43.59333333,20.89,43.5,22.89,37.32666667,22.62857143,36.32142857,21,46.645,8.626666667,15.69666667,21.79,28.1,23.7,38.12666667,20.92666667,39.7,8.72,757.6333333,65.5,5.166666667,40,2.52
100,20,23,42.79333333,20.79,42.76333333,22.89,37.4,22.6,36.334,21.06666667,46.43,8.5,15.83,21.75142857,28.1,23.73,37.72333333,20.96333333,39.79,8.6,757.7,65,5,40,2.3
90,0,23,42.06333333,20.73,41.95666667,22.84,37.4475,22.6,36.52428571,21,45.89666667,8.345,16.54,21.736,28.12,23.73,37.53,20.96333333,39.79,8.42,757.7833333,66,4.666666667,40,2.33
120,0,23,41.45666667,20.66666667,41.23333333,22.82333333,37.53,22.6,36.316,21.1,44.89333333,8.033333333,18.12333333,21.7,28.2,23.79,37.33333333,21,39.76,8.23,757.8666667,67,4.333333333,40,2.37
170,10,22.96333333,40.86333333,20.6,40.69333333,22.79,37.5,22.52857143,36,21.1,44.1,7.76,19.33,21.66,28.2,23.73,37.2,20.92666667,39.7,8.05,757.95,68,4,40,2.4
150,0,22.89,40.39,20.46333333,40.43,22.79,37.5,22.5,35.95,21.1,44.69333333,7.433333333,21.66666667,21.6,28.2,23.7,36.96666667,20.89,39.06333333,7.87,758.0333333,69,3.666666667,40,2.43
110,0,22.89,40.2,20.39,40.43,22.79,37.53,22.39,36,21.03333333,44.96666667,7.16,24.19333333,21.6,28.218,23.7,36.82666667,20.89,38.26333333,7.68,758.1166667,70,3.333333333,40,2.47
90,0,22.84,40.05,20.35666667,40.7,22.79,37.59,22.37571429,35.89857143,21,44.86333333,6.56,26.76,21.52857143,28.31857143,23.7,36.645,20.89,37.23333333,7.5,758.2,71,3,40,2.5
80,0,22.82333333,39.86,20.29,40.76,22.76,37.7,22.29,35.772,21,44.73,6.033333333,28.42666667,21.5,28.434,23.7,36.5,20.82333333,36.56666667,7.25,758.3,72.5,2.833333333,40,2.55
80,10,22.79,39.66333333,20.26,40.76,22.7,37.76,22.29,35.66857143,20.89,44.43,5.396666667,31.29,21.5,28.55714286,23.7,36.43333333,20.79,35.99,7,758.4,74,2.666666667,40,2.6
80,0,22.79,39.53,20.2,40.7,22.6,37.73,22.254,35.554,20.89,44.23,4.996666667,33.09,21.478,28.62,23.7,36.36333333,20.7675,35.52,6.75,758.5,75.5,2.5,40,2.65
110,0,22.76,39.46666667,20.16666667,40.7,22.6,37.79,22.2,35.41428571,20.89,43.96666667,4.526666667,35.16666667,21.39,28.7,23.63333333,36.23,20.7,35.23,6.5,758.6,77,2.333333333,40,2.7
100,0,22.7,39.4,20.1,40.7,22.5,37.79,22.18,35.4,20.89,43.76666667,4.26,36.42666667,21.33,28.79,23.6,36.06,20.66666667,34.9,6.25,758.7,78.5,2.166666667,40,2.75
100,0,22.7,39.46666667,20,40.7,22.5,37.86333333,22.1,35.35285714,20.79,43.46666667,3.863333333,37.89333333,21.30428571,28.84714286,23.6,36,20.6,34.62666667,6,758.8,80,2,40,2.8
90,10,22.7,39.52666667,19.9725,40.6725,22.5,37.9,22.1,35.334,20.79,43.4,3.656666667,38.89333333,21.29,28.912,23.6,35.9,20.6,34.46666667,5.73,758.9166667,81.5,1.833333333,40,2.78
90,30,22.66666667,39.52666667,19.89,40.66333333,22.5,37.9,22.1,35.39571429,20.79,43.36,3.466666667,40.16,21.29,29.12571429,23.6,36.1,20.6,34.52666667,5.47,759.0333333,83,1.666666667,40,2.77
80,10,22.6,39.32666667,19.79,40.62666667,22.5,38,22.1,35.792,20.79,43.56,3.326666667,41.3,21.29,29.39,23.6,36.72666667,20.6,35.06666667,5.2,759.15,84.5,1.5,40,2.75
60,10,22.6,39.22333333,19.73,40.76,22.5,38.06,22.1,36.12142857,20.79,43.76666667,3.163333333,42.66666667,21.29,29.55571429,23.6,37.33333333,20.6,35.46,4.93,759.2666667,86,1.333333333,40,2.73
50,0,22.6,39.16333333,19.66666667,41.03,22.5,38.09,22.1,36.09,20.79,44.02666667,2.963333333,43.13333333,21.29,29.718,23.7,37.82666667,20.6,35.96333333,4.67,759.3833333,87.5,1.166666667,40,2.72
50,0,22.53333333,39.09,19.6,41.22333333,22.5,38.09,22.01428571,36.01285714,20.85666667,44.89,2.95,44.995,21.29,29.86142857,23.63333333,38.02666667,20.6,36.29666667,4.4,759.5,89,1,40,2.7
50,0,22.53333333,39.03,19.56666667,41.43333333,22.5,38.09,22,35.94,20.79,44.9975,2.723333333,45.03,21.29,30.1,23.6,38.23,20.6,36.65666667,4.55,759.5666667,88.33333333,1,40,2.73
60,0,22.5,38.96666667,19.5,41.63333333,22.55,38.09,21.96857143,35.9,20.79,44.9,2.53,45.09,21.29,30.2,23.53333333,38.29,20.66666667,36.99,4.7,759.6333333,87.66666667,1,40,2.77
50,0,22.5,38.9,19.39,41.59,22.5,38.09,21.934,35.9,20.7,44.9,2.29,45.83333333,21.23857143,30.2,23.5,38.5,20.6,37.26666667,4.85,759.7,87,1,40,2.8
60,0,22.39,38.79,19.39,41.59,22.5,38.09,21.90571429,35.85285714,20.76,44.9,2.29,46.96666667,21.2,30.274,23.42666667,38.43333333,20.6,37.52666667,5,759.7666667,86.33333333,1,40,2.83
50,0,22.39,38.73,19.29,41.73,22.5,38.09,21.89,35.79,20.7,44.9,2.223333333,46.9,21.2,30.39,23.35666667,38.36333333,20.6,37.82666667,5.15,759.8333333,85.66666667,1,40,2.87
50,0,22.35666667,38.7,19.23,41.73,22.5,38.06,21.89,35.83714286,20.7,44.96666667,2.03,47.23333333,21.2,30.39,23.29,38.29,20.66666667,38.23333333,5.3,759.9,85,1,40,2.9
50,10,22.29,38.7,19.16666667,41.82666667,22.5,38,21.79,35.79,20.7,45.03,1.966666667,47.83333333,21.2,30.48428571,23.29,38.43333333,20.7,38.56666667,5.15,759.9166667,85.16666667,1,40,2.78
60,10,22.29,38.7,19.1,41.9,22.5,38,21.79,35.80571429,20.7,45.09,1.826666667,47.76,21.2,30.56,23.29,38.55,20.7,38.76,5,759.9333333,85.33333333,1,40,2.67
70,20,22.26,38.7,19,41.93333333,22.5,38,21.79,35.876,20.7,45.09,1.666666667,47.79333333,21.2,30.6,23.29,38.76,20.7,39.03,4.85,759.95,85.5,1,40,2.55
70,20,22.2,38.7,19,42.06,22.5,37.9,21.79,36.11142857,20.7,45.09,1.6,48.4,21.2,30.7,23.26,38.7,20.7,39.1725,4.7,759.9666667,85.66666667,1,40,2.43
40,20,22.2,38.66333333,18.89,42.12666667,22.5,37.9,21.89,36.4,20.6,45,1.566666667,48.52666667,21.15714286,30.75142857,23.26,38.76,20.7,39.2,4.55,759.9833333,85.83333333,1,40,2.32
50,20,22.2,38.66333333,18.82333333,42.2,22.5,37.86333333,21.89,36.51875,20.6,45,1.426666667,48.4,21.14,30.79,23.2,38.7,20.7,39.2,4.4,760,86,1,40,2.2
50,20,22.1,38.7,18.79,42.29,22.5,37.79,21.95285714,36.66571429,20.6,45,1.26,48.56,21.1,30.79,23.2,38.7,20.7,39.2,4.2,760.05,86.5,1,40,2.08
50,20,22.1,38.7,18.7225,42.3725,22.5,37.76,21.956,36.754,20.6,44.93333333,1.2,49.1,21.1,30.79,23.1,38.7,20.63333333,39.03,4,760.1,87,1,40,1.97
60,10,22.1,38.7,18.7,42.46666667,22.5,37.7,22,36.82142857,20.6,44.96666667,1.26,49.69666667,21.1,30.87571429,23.03333333,38.56666667,20.63333333,39.03,3.8,760.15,87.5,1,40,1.85
60,20,22.1,38.7,18.66666667,42.56,22.39,37.59,22,36.856,20.6,44.9,1.125,49.4475,21.1,30.89,23,38.5,20.66666667,38.96666667,3.6,760.2,88,1,40,1.73
70,20,22,38.66333333,18.6,42.5,22.46333333,37.72333333,22,36.85285714,20.6,44.82666667,1.033333333,49.69333333,21.02857143,30.81857143,22.92666667,38.43333333,20.6,38.9,3.4,760.25,88.5,1,40,1.62
50,20,22,38.66333333,18.56666667,42.59,22.42666667,37.79,22.02,36.92,20.6,44.82666667,1,50.12666667,21.06,30.85,22.89,38.4,20.6,38.86333333,3.2,760.3,89,1,40,1.5
70,20,22,38.7,18.5,42.59,22.5,37.79,22.1,37.03857143,20.6,44.79,0.933333333,50.12666667,21.04285714,30.84714286,22.89,38.46666667,20.6,38.79,3.05,760.3166667,89.66666667,1,40,1.45
70,20,21.92666667,38.7,18.46333333,42.66333333,22.39,37.7,22.1,37,20.53333333,44.79,0.8,50.25666667,21,30.89,22.79,38.62666667,20.6,38.7,2.9,760.3333333,90.33333333,1,40,1.4
80,20,21.96333333,38.7,18.39,42.66333333,22.46333333,37.76,22.1,37,20.55,44.7,0.8,50.46333333,21,30.89,22.79,38.7,20.6,38.62666667,2.75,760.35,91,1,40,1.35
60,10,21.89,38.7,18.39,42.7,22.39,37.7,22.1,37,20.5,44.66333333,0.7,50.46333333,21,30.89,22.79,38.93333333,20.6,38.59,2.6,760.3666667,91.66666667,1,40,1.3
70,20,21.85666667,38.66333333,18.39,42.76,22.42666667,37.73,22.1,37,20.5,44.59,0.633333333,50.46333333,21,30.90571429,22.73,39.06,20.6,38.59,2.45,760.3833333,92.33333333,1,40,1.25
60,20,21.79,38.59,18.29,42.82666667,22.5,37.73,22.236,37.29,20.5,44.59,0.466666667,50.12666667,21,30.956,22.7,39.26,20.6,38.59,2.3,760.4,93,1,40,1.2
50,20,21.79,38.7,18.29,42.96666667,22.46333333,37.66333333,22.51,37.49285714,20.5,44.53,0.466666667,50.73333333,21,31,22.7,39.26,20.53333333,38.66333333,2.15,760.4333333,93.33333333,1,37.5,1.12
50,0,21.79,38.7,18.2,43,22.39,37.53,22.774,37.552,20.5,44.5,0.466666667,50.82666667,21,31,22.7,39.5,20.56666667,38.7,2,760.4666667,93.66666667,1,35,1.03
50,0,21.73,38.62666667,18.2,43.13333333,22.39,37.5,22.81857143,37.22571429,20.5,44.5,0.466666667,51.56666667,20.95875,31,22.63333333,39.5,20.5,38.76,1.85,760.5,94,1,32.5,0.95
60,0,21.7225,38.7675,18.2,43.23,22.39,37.43333333,22.79,37.09,20.42666667,44.43333333,0.566666667,51.76666667,20.90571429,31,22.6,39.59,20.5,38.93333333,1.7,760.5333333,94.33333333,1,30,0.867
50,10,21.7,38.79,18.13333333,43.23,22.39,37.36,22.73857143,37.01285714,20.42666667,44.36,0.433333333,51.5,20.89,31,22.56666667,39.59,20.5,39.0225,1.55,760.5666667,94.66666667,1,27.5,0.783
60,0,21.7,38.79,18.1,43.29,22.39,37.43333333,22.7,36.918,20.39,44.29,0.233333333,50.79333333,20.89,31,22.5,39.59,20.5,39.16333333,1.4,760.6,95,1,25,0.7
60,0,21.7,38.73,18.1,43.29,22.39,37.4,22.67142857,36.66857143,20.39,44.29,0.033333333,50.12666667,20.89,31,22.5,39.59,20.5,39.2,1.3,760.6,95.5,1,24.66666667,0.667
40,0,21.6,38.59,18.1,43.2,22.39,37.32666667,22.6,36.29,20.39,44.29,-0.1,50.145,20.89,30.98428571,22.42666667,39.53,20.5,39.26,1.2,760.6,96,1,24.33333333,0.633
50,0,21.6,38.53,18.025,43.1175,22.39,37.29,22.49857143,36.13714286,20.39,44.29,-0.066666667,50.69333333,20.89,30.956,22.46333333,39.33333333,20.5,39.32666667,1.1,760.6,96.5,1,24,0.6
40,0,21.6,38.5,18,43.09,22.39,37.29,22.39,35.98,20.39,44.29,0,50.9,20.84714286,30.92142857,22.39,39.2,20.5,39.4,1,760.6,97,1,23.66666667,0.567
30,0,21.6,38.5,17.96333333,43.06,22.39,37.2,22.39,35.86857143,20.39,44.23,0,50.79,20.85,30.956,22.39,39.06,20.5,39.5,0.9,760.6,97.5,1,23.33333333,0.533
30,0,21.5,38.5,17.89,43,22.39,37.12666667,22.29,35.79,20.39,44.2,-0.066666667,50.73,20.79,30.89,22.39,38.93333333,20.5,39.56,0.8,760.6,98,1,23,0.5
30,0,21.5,38.43333333,17.89,43.06,22.39,37.12666667,22.27714286,35.77714286,20.39,44.2,-0.066666667,51.03,20.79,30.89,22.29,38.79,20.5,39.59,0.767,760.6166667,97.66666667,1,22.5,0.417
60,0,21.5,38.4,17.89,43,22.39,37.26,22.2,35.7,20.39,44.2,-0.066666667,51.16333333,20.79,30.89,22.29,38.79,20.5,39.59,0.733,760.6333333,97.33333333,1,22,0.333
50,0,21.5,38.32666667,17.79,42.9,22.39,37.2,22.14,35.678,20.32333333,44.2,-0.1,51.32666667,20.79,30.89,22.26,38.72333333,20.5,39.59,0.7,760.65,97,1,21.5,0.25
60,0,21.5,38.29,17.79,42.9,22.39,37.12666667,22.1,35.66857143,20.35666667,44.2,-0.1,51.46666667,20.79,30.89,22.26,38.66333333,20.5,39.59,0.667,760.6666667,96.66666667,1,21,0.167
50,0,21.42666667,38.23,17.79,43,22.39,37.045,22.1,35.634,20.29,44.1175,-0.1,51.46333333,20.79,30.89,22.2,38.5,20.5,39.59,0.633,760.6833333,96.33333333,1,20.5,0.0833
70,0,21.39,38.09,17.79,43,22.39,37,22.01428571,35.55428571,20.29,44.09,-0.1,52.13,20.79,30.89,22.2,38.43333333,20.5,39.59,0.6,760.7,96,1,20,0
50,10,21.39,38.09,17.7,43.03,22.39,37,22,35.54,20.29,44.09,-0.1,52.7,20.79,30.89,22.2,38.29,20.5,39.59,0.567,760.7166667,96.16666667,1.166666667,27,0
40,0,21.29,38.32666667,17.7,43.29666667,22.39,37.03,22,35.79571429,20.29,44.09,-0.1,52.76,20.71285714,30.89,22.2,38.23,20.5,39.59,0.533,760.7333333,96.33333333,1.333333333,34,0
50,0,21.35666667,38.4,17.7,43.76666667,22.32333333,37.03,21.89,35.9,20.29,44.09,-0.166666667,52.59,20.7,30.89,22.1,38.2,20.5,39.59,0.5,760.75,96.5,1.5,41,0
50,0,21.29,38.56,17.7,43.9,22.29,37,21.89,35.95714286,20.29,44.09,-0.1,52.46333333,20.7,30.89,22.1,38.2,20.5,39.59,0.467,760.7666667,96.66666667,1.666666667,48,0
60,0,21.315,38.5675,17.6,43.82666667,22.29,37,21.83,35.918,20.26,44.09,-0.1,52.16333333,20.7,30.89,22.1,38.23,20.5,39.59,0.433,760.7833333,96.83333333,1.833333333,55,0
60,10,21.32333333,38.59,17.6,43.9,22.29,36.76,21.79,35.79,20.26,44.16333333,-0.1,52.09,20.7,30.89,22.075,38.3725,20.4725,39.5675,0.4,760.8,97,2,62,0
40,0,21.29,38.59,17.6,44,22.29,36.7,21.79,35.7,20.29,44.3,-0.1,52.09,20.7,30.89,22.06666667,38.73333333,20.39,39.5,0.383,760.85,97.16666667,2,61.83333333,0
70,0,21.29,38.59,17.6,44,22.29,36.59,21.79,35.63714286,20.29,44.56,-0.1,52.23,20.7,30.89,22.06666667,38.86333333,20.39,39.5,0.367,760.9,97.33333333,2,61.66666667,0
50,0,21.29,38.62666667,17.6,43.93333333,22.29,36.53,21.736,35.572,20.26,44.66333333,-0.1,52.36333333,20.7,30.89,22,38.79,20.39,39.5,0.35,760.95,97.5,2,61.5,0
60,0,21.23,38.62666667,17.6,44.095,22.26,36.46666667,21.7,35.47142857,20.2,44.59,-0.066666667,52.62666667,20.65714286,30.84714286,22,38.7,20.39,39.5,0.333,761,97.66666667,2,61.33333333,0
50,0,21.26,38.82666667,17.6,44.26,22.2,36.4,21.7,35.5,20.2,44.7,0.066666667,52.96,20.6625,30.8525,22,38.62666667,20.39,39.3,0.317,761.05,97.83333333,2,61.16666667,0
60,0,21.2,38.96666667,17.6,44.43333333,22.29,36.5,21.64285714,35.45714286,20.2,44.7,0.233333333,53.5,20.7,30.85,21.96333333,38.56,20.39,39.06,0.3,761.1,98,2,61,0
50,0,21.2,38.86333333,17.66666667,44.56,22.29,36.5,21.6,35.554,20.2,44.7,0.366666667,53.83333333,20.62857143,30.81857143,21.89,38.5,20.39,38.86,0.65,761.1666667,97.83333333,2,61.16666667,0.317
40,0,21.26,38.86333333,17.7,44.56,22.29,36.5,21.6,35.82142857,20.2,44.7,0.566666667,54.33,20.6,30.79,21.89,38.4,20.32333333,38.66333333,1,761.2333333,97.66666667,2,61.33333333,0.633
50,0,21.2,38.79,17.76,44.5,22.29,36.5,21.6,36,20.2,44.7,0.833333333,54.72333333,20.6,30.79,21.89,38.4,20.39,38.53,1.35,761.3,97.5,2,61.5,0.95
50,0,21.2,38.79,17.85666667,44.33333333,22.2,36.32666667,21.6,36.20714286,20.2,44.7,1.196666667,55.12666667,20.6,30.79,21.89,38.36333333,20.39,38.36333333,1.7,761.3666667,97.33333333,2,61.66666667,1.27
50,0,21.2,38.82666667,17.85666667,44.26,22.2,36.4,21.62,36.4,20.2,44.62666667,1.656666667,55.53333333,20.6,30.86142857,21.89,38.29,20.39,38.15666667,2.05,761.4333333,97.16666667,2,61.83333333,1.58
50,0,21.2,38.96666667,17.89,44.23,22.245,36.45,21.62857143,36.4,20.2,44.6175,2.526666667,56.73333333,20.6,30.934,21.85666667,38.26,20.5,37.93,2.4,761.5,97,2,62,1.9
50,0,21.2,38.9,18.09666667,44.23,22.32333333,36.5,21.66,36.356,20.2,44.59,3.466666667,57.53333333,20.6,31,21.79,38.2,20.56666667,37.65666667,2.98,761.5,95,2.166666667,58.33333333,2.18
50,0,21.2,38.9,18.52333333,43.59333333,22.39,36.43333333,21.61428571,36.38,20.2,44.56,4.393333333,58.03,20.6,31.02,21.85666667,38.26,20.63333333,37.4,3.57,761.5,93,2.333333333,54.66666667,2.47
60,0,21.2,39,18.93,42.86666667,22.39,36.4,21.718,36.674,20.2,44.5,5.133333333,58.49,20.6,31.1,21.79,38.2,20.82666667,37.26666667,4.15,761.5,91,2.5,51,2.75
50,0,21.26,39.06,19,42.46666667,22.46333333,36.4,21.8025,36.80375,20.2,44.46666667,5.89,58.895,20.6,31.1,21.79,38.2,21.76333333,36.66,4.73,761.5,89,2.666666667,47.33333333,3.03
60,0,21.29,39.12666667,19,42.46666667,22.5,36.29,21.92142857,36.9,20.13333333,44.4,6.693333333,59.3,20.6,31.18571429,21.79,38.2,21.82333333,36.32666667,5.32,761.5,87,2.833333333,43.66666667,3.32
60,0,21.29,39.2,19.62666667,42.53333333,22.5,36.36333333,22.1,37,20.13333333,44.4,7.233333333,59.69333333,20.6,31.2,21.79,38.23,21.63333333,36.32666667,5.9,761.5,85,3,40,3.6
40,0,21.29,39.2,20.56,41.46,22.5,36.4,22.17,37.01285714,20.2,44.4,7.9,60.03,20.6,31.22571429,21.79,38.23,21.36,36.66,6.25,761.55,83.5,3,40,3.65
40,0,21.39,39.2,21.55666667,40.05666667,22.5,36.46666667,22.31,37.09,20.1,44.29,8.366666667,60.09,20.6,31.29,21.745,38.29,21.15,37.245,6.6,761.6,82,3,40,3.7
50,0,21.39,39.2,22.09666667,39.13,22.39,36.5,22.39,37.09,20.1,44.29,9.026666667,58.33333333,20.6,31.30428571,21.7,38.29,21.06666667,37.86,6.95,761.65,80.5,3,40,3.75
50,0,21.42666667,39.32666667,22.59666667,38.33333333,22.39,36.56,22.5,37.09,20.13333333,44.29,9.633333333,53.12666667,20.6,31.39,21.7,38.29,21,38.26666667,7.3,761.7,79,3,40,3.8
60,0,21.5,39.4,22.9975,37.6175,22.39,36.59,22.58571429,37.09,20.2,44.29,10.29333333,42.09666667,20.6,31.39,21.7,38.29,21,38.76666667,7.65,761.75,77.5,3,40,3.85
60,0,21.5,39.5,23.32666667,37.09666667,22.39,36.66333333,22.66,37.134,20.16666667,44.29,10.76,37.09666667,20.6,31.39,21.7,38.29,21,39.02666667,8,761.8,76,3,40,3.9
60,0,21.5,39.43333333,23.56666667,36.66,22.39,36.73,22.76428571,37.06428571,20.1,44.29,11.23333333,27.99666667,20.61428571,31.39,21.7,38.29,20.92666667,39.29,8.18,761.8166667,74.33333333,3,38.16666667,3.77
50,0,21.6,39.32666667,23.7,35.99333333,22.46333333,36.86333333,22.79,36.754,20.1,44.36333333,11.7,22.85666667,20.64,31.37,21.7,38.29,20.92666667,39.43,8.37,761.8333333,72.66666667,3,36.33333333,3.63
60,0,21.6,39.32666667,23.63333333,35.62666667,22.42666667,36.73,22.80428571,36.62142857,20.16666667,44.29,11.75666667,22.72333333,20.62857143,31.29,21.7,38.26,20.89,39.53,8.55,761.85,71,3,34.5,3.5
50,0,21.7,39.29,23.76,35.56666667,22.5,36.79,22.89,36.754,20.2,44.26,12.22333333,17.86333333,20.6,31.2,21.7,38.2,20.89,39.66333333,8.73,761.8666667,69.33333333,3,32.66666667,3.37
30,0,21.7,39.29,23.92666667,35.06333333,22.5,36.79,22.89,36.76428571,20.13333333,44.2,12.5,9.933333333,20.6,31.05571429,21.7,38.16333333,20.89,39.56,8.92,761.8833333,67.66666667,3,30.83333333,3.23
40,0,21.73,39.29,24,34.59666667,22.5,36.79,22.956,36.59,20.13333333,44.06,12.62666667,9.86,20.6,30.62666667,21.63333333,37.89,20.89,39.43333333,9.1,761.9,66,3,29,3.1
60,0,21.79,39.23,23.82666667,33.45666667,22.46333333,36.76,22.89,36.11285714,20.2,43.86,12.86,8.356666667,20.6,30.20714286,21.7,37.63333333,20.89,39.26,9.35,761.9,63.33333333,3.166666667,30.83333333,2.65
60,0,21.79,38.72333333,23.7,32.86333333,22.39,36.65,22.912,35.616,20.2,43.495,12.8,6.956666667,20.6,29.73571429,21.63333333,37.36,20.82333333,39.12666667,9.6,761.9,60.66666667,3.333333333,32.66666667,2.2
170,0,21.73,38.39,23.79,32.86333333,22.39,36.43333333,23,35.39714286,20.2,43.06,13.13,8.023333333,20.6,29.5,21.63333333,37.09,20.82333333,38.86333333,9.85,761.9,58,3.5,34.5,1.75
90,0,21.79,38.19333333,23.79,32.65666667,22.39,36.29,23,35.2,20.2,42.8,13.415,6.3425,20.65714286,29.28285714,21.7,36.89,20.82333333,38.65666667,10.1,761.9,55.33333333,3.666666667,36.33333333,1.3
70,0,21.85666667,38.19333333,23.85666667,32.56,22.39,36.29,23,34.92142857,20.2,42.52666667,13.63,5.16,20.7,28.998,21.7,36.52666667,20.85666667,38.43,10.4,761.9,52.66666667,3.833333333,38.16666667,0.85
40,0,21.89,37.99,23.73,32.43333333,22.39,36.23,23,34.616,20.13333333,42.32666667,13.5,6.823333333,20.67142857,28.69714286,21.63333333,36.19333333,20.79,38.23,10.6,761.9,50,4,40,0.4
60,0,21.89,37.59666667,23.6,32.29,22.39,36.23,23,34.42857143,20.2,42.09,13.56666667,6.563333333,20.7,28.5,21.6,35.96666667,20.79,38.06,10.7,761.9,49.16666667,4,40,0.3
40,0,21.89,37.26,23.6,32.23,22.39,36.16333333,22.956,34.46,20.2,42.03,14.1,4.43,20.7,28.43714286,21.66666667,35.9,20.79,37.93333333,10.8,761.9,48.33333333,4,40,0.2
50,0,21.89,37.025,23.5,32.09,22.39,36.09,22.89,34.33714286,20.2,41.86333333,14.03333333,6.43,20.7,28.33,21.6,35.76,20.79,37.745,10.9,761.9,47.5,4,40,0.1
50,0,21.89,36.82666667,23.42666667,32.03,22.46333333,36.06,22.89,34.29,20.2,41.73,13.92666667,7.76,20.7,28.26428571,21.675,35.745,20.79,37.66333333,11.1,761.9,46.66666667,4,40,0
50,0,21.89,36.66333333,23.26,31.96333333,22.46333333,36.06,22.89,34.26428571,20.2,41.56,13.86666667,5.826666667,20.7,28.2,21.63333333,35.62666667,20.79,37.46333333,11.2,761.9,45.83333333,4,40,-0.1
60,0,21.89,36.46333333,23.13333333,31.96333333,22.39,35.96666667,22.8275,34.13125,20.13333333,41.43333333,13.86666667,3.8,20.7,28.2,21.6,35.5,20.7,37.16333333,11.3,761.9,45,4,40,-0.2
60,0,21.89,36.26,23,32.03,22.39,35.82666667,22.79,34,20.2,41.26,14.2,4,20.7,28.14,21.6,35.43333333,20.7,36.96333333,11.3,761.9333333,46.5,4,40,0.167
50,0,21.89,36.12666667,23,32.0675,22.5,35.83333333,22.79,34,20.2,41.12666667,14.5,3.9,20.7,28.1,21.6,35.4,20.7,36.79,11.2,761.9666667,48,4,40,0.533
50,0,21.89,36,22.92666667,32.06,22.5,35.7,22.79,33.94,20.16666667,40.96666667,14.23333333,1.9,20.7,28.06,21.6,35.32666667,20.7,36.79,11.2,762,49.5,4,40,0.9
40,0,21.82333333,35.93333333,22.76,32.12666667,22.5,35.59,22.72571429,33.79571429,20.1,40.9,13.62666667,1.2,20.7,27.93714286,21.6,35.16333333,20.7,36.52666667,11.2,762.0333333,51,4,40,1.27
60,0,21.85666667,35.83333333,22.7,32.2,22.5,35.59,22.7,33.7,20.2,40.76,13.62666667,2.2,20.7,27.87,21.6,35.03,20.7,36.32666667,11.1,762.0666667,52.5,4,40,1.63
40,0,21.85666667,35.7,22.6,32.2,22.5,35.5,22.64285714,33.58571429,20.2,40.62666667,14.16666667,1,20.7,27.79,21.6,34.9,20.7,36.13333333,11.1,762.1,54,4,40,2
60,0,21.79,35.59,22.6,32.2,22.5,35.43333333,22.64,33.48,20.13333333,40.46666667,14.36,1,20.7,27.79,21.6,34.82666667,20.7,35.93333333,11.1,762.1166667,53.83333333,4,40,1.95
30,0,21.79,35.53,22.56666667,32.2,22.5,35.29,22.6,33.32142857,20.2,40.4,14.26,1,20.65714286,27.61285714,21.53333333,34.76,20.7,35.9,11.1,762.1333333,53.66666667,4,40,1.9
30,0,21.79,35.46666667,22.42666667,32.2,22.5,35.2675,22.6,33.254,20.15,40.245,13.73333333,1,20.7,27.6,21.6,34.62666667,20.7,35.82666667,11.1,762.15,53.5,4,40,1.85
40,0,21.79,35.4,22.26,32.23,22.5,35.12666667,22.58571429,33.2,20.1,40.16333333,13.15,1,20.67142857,27.57142857,21.5,34.59,20.7,35.69333333,11.1,762.1666667,53.33333333,4,40,1.8
40,0,21.79,35.32666667,22.2,32.36333333,22.39,35,22.5,33.134,20.1,40.09,12.72666667,1.066666667,20.64,27.64,21.5,34.59,20.7,35.43333333,11.1,762.1833333,53.16666667,4,40,1.75
50,0,21.79,35.4,22.1,32.53,22.39,35,22.5,33.09,20.1,40,13.06,1.4,20.61428571,27.68428571,21.5,34.7,20.6,35.16333333,11.1,762.2,53,4,40,1.7
50,0,21.76,35.29,22.03333333,32.66333333,22.39,35,22.456,33.054,20.1,39.93333333,13.73333333,1,20.6,27.754,21.5,34.7,20.6,35.09,11,762.2166667,53.5,4.166666667,40,1.7
50,0,21.7,35.29,22,32.73,22.39,35,22.39,33.06428571,20.1,39.79,13.92666667,1,20.6,27.79,21.5,34.7,20.6,35.06,10.8,762.2333333,54,4.333333333,40,1.7
50,0,21.7,35.2,21.92666667,32.79,22.39,34.9,22.39,33,20.1,39.79,13.5,1,20.6,27.79,21.5,34.7,20.6,34.86,10.7,762.25,54.5,4.5,40,1.7
60,20,21.7,35.2225,21.85666667,32.9,22.39,34.9,22.39,33.09571429,20.1,39.7,13.16666667,1,20.6,27.89,21.5,34.79,20.6,34.845,10.6,762.2666667,55,4.666666667,40,1.7
70,20,21.7,35.43,21.73,32.96666667,22.39,34.9,22.39,33.44,20.1,39.7,13.19,1.233333333,20.6,27.95285714,21.5,34.79,20.6,34.73,10.4,762.2833333,55.5,4.833333333,40,1.7
70,20,21.7,35.5,21.7,33.2,22.39,34.82666667,22.39,33.65285714,20.1,39.7,13.39666667,1.693333333,20.6,28.02,21.445,34.8,20.6,34.86333333,10.3,762.3,56,5,40,1.7
70,10,21.7,35.5,21.63333333,33.12666667,22.39,34.79,22.412,33.876,20.1,39.62666667,13.75666667,1.733333333,20.6,28.12857143,21.39,34.82666667,20.56666667,34.7,10.4,762.2833333,55.5,5,40,1.7
60,20,21.7,35.62666667,21.6,33.23,22.39,34.79,22.42142857,33.92857143,20.1,39.56,14.09,1.926666667,20.6,28.29,21.39,34.9,20.56666667,34.83333333,10.6,762.2666667,55,5,40,1.7
60,20,21.7,35.7,21.575,33.3175,22.39,34.79,22.5,34,20.16666667,39.5,14.36,1,20.6,28.37571429,21.42666667,34.93333333,20.6,35.19333333,10.7,762.25,54.5,5,40,1.7
70,20,21.7,35.73,21.5,33.4,22.39,34.79,22.5,34.01285714,20.1,39.46666667,14.1,1,20.6,28.39,21.42666667,34.93333333,20.6,35.46666667,10.8,762.2333333,54,5,40,1.7
90,20,21.7,35.86333333,21.35666667,33.5,22.39,34.79,22.5,34.054,20.1,39.4,13.59,1.633333333,20.6,28.42142857,21.46333333,35.06,20.56666667,35.36333333,11,762.2166667,53.5,5,40,1.7
90,10,21.7,36,21.29,33.83333333,22.39,34.86333333,22.5,34.12142857,20.1,39.4,13.39,1.96,20.6,28.5,21.39,35.13333333,20.5,35.23,11.1,762.2,53,5,40,1.7
110,20,21.7,36,21.29,33.93333333,22.39,34.9,22.5,34.5,20.1,39.4,13.5,1.193333333,20.6,28.43714286,21.5,35.43333333,20.6,35.36,11.2,762.1833333,53.16666667,5,40,1.8
120,20,21.7,36.03,21.29,34.06,22.39,34.9,22.5875,34.475,20.2,39.4,13.56666667,1,20.6,28.39,21.56666667,35.56,20.53333333,35.43333333,11.2,762.1666667,53.33333333,5,40,1.9
130,10,21.7,36.16333333,21.2,34,22.42666667,34.93333333,22.6,34.44285714,20.2,39.32666667,13.46333333,1,20.6,28.39,21.79,35.59,20.53333333,35.53,11.3,762.15,53.5,5,40,2
530,20,21.7,36.29,21.2,34,22.5,35,22.6,34.316,20.23,39.29,13.39,1,20.6,28.29,21.85666667,35.72333333,20.53333333,35.79666667,11.4,762.1333333,53.66666667,5,40,2.1
600,20,21.7,36.56333333,21.1,34.23333333,22.5,35,22.6,34.22571429,20.365,39.29,13.095,1,20.68571429,28.23857143,22.03333333,35.73,20.56666667,36.03,11.4,762.1166667,53.83333333,5,40,2.2
260,10,21.79,40.59333333,21.1,35.7,22.5,35.03,22.6,34.536,20.39,39.29,12.79333333,1,20.7,28.2,22.1,35.79,20.5,36.22333333,11.5,762.1,54,5,40,2.3
90,10,21.85666667,45.86666667,21.1,38.9,22.5,35.22333333,22.68571429,34.96428571,20.32333333,39.72666667,12.46,1.133333333,20.67142857,28.17142857,22.1,35.76,20.5,36.26,11.5,762.1166667,53.66666667,5,40,2.25
100,0,21.89,44.75666667,21.1,40.3,22.5,35.56666667,22.7,35.112,20.32333333,40.26666667,12.33,1.5,20.6,28.1,22.1,35.7,20.5,36.12666667,11.5,762.1333333,53.33333333,5,40,2.2
100,0,21.89,43.55666667,21.1,40.26666667,22.56666667,35.76,22.65714286,35.15285714,20.32333333,40.76666667,12.53,1.166666667,20.6,28.1,22.13333333,35.86,20.5,35.96666667,11.6,762.15,53,5,40,2.15
110,0,21.89,42.29333333,21.03333333,39.72666667,22.6,36.03,22.6,35.054,20.32333333,41.02666667,12.53,1,20.6,28.08,22.2,36,20.5,35.82666667,11.6,762.1666667,52.66666667,5,40,2.1
130,0,21.89,41.36666667,21,39.16,22.6,36.22333333,22.6,35.06714286,20.35666667,41.09,12.19666667,1,20.6,27.96857143,22.2,36,20.5,35.295,11.6,762.1833333,52.33333333,5,40,2.05
120,0,21.89,40.595,20.92666667,38.56666667,22.6,36.43333333,22.6,35.276,20.29,41.09,11.59,1,20.6,27.85,22.2,35.93333333,20.46333333,34.39333333,11.6,762.2,52,5,40,2
110,0,21.89,39.96,20.85666667,37.86333333,22.6,36.5,22.6,35.4,20.29,40.96666667,11.25666667,1.193333333,20.6,27.73857143,22.29,36,20.46333333,33.86,11.4,762.25,52.66666667,5.166666667,40,1.98
100,0,21.89,39.5,20.79,37.46333333,22.5,36.5,22.6,35.4,20.29,40.82666667,10.82333333,1.533333333,20.6,27.7,22.39,35.86333333,20.46333333,33.26666667,11.2,762.3,53.33333333,5.333333333,40,1.97
120,0,21.89,39.16333333,20.76,37.13333333,22.42666667,36.43333333,22.6,35.4,20.96,64.39,10.49,1.926666667,20.6,27.62857143,22.39,35.65666667,20.39,32.8,10.9,762.35,54,5.5,40,1.95
130,0,21.89,38.96333333,20.7,36.86,22.5,36.36333333,22.6,35.334,21.96,78.79666667,10.03,2.896666667,20.575,27.575,22.5,36.19666667,20.39,32.46666667,10.7,762.4,54.66666667,5.666666667,40,1.93
120,20,21.89,38.66333333,20.6,36.545,22.5,36.29,22.6,35.26428571,21.43,77.82333333,9.63,3.763333333,20.5,27.5,22.5,36.72333333,20.32333333,32.26666667,10.5,762.45,55.33333333,5.833333333,40,1.92
130,10,21.89,38.46333333,20.5,36.4,22.5,36.29,22.6,35.254,21.16333333,78.49,9.09,4.86,20.5,27.5,22.53333333,37.03,20.29,32.02333333,10.3,762.5,56,6,40,1.9
120,20,21.89,38.22333333,20.42666667,36.32666667,22.5,36.23,22.6,35.13714286,20.89,78.42666667,8.756666667,5.466666667,20.5,27.5,22.6,37.16333333,20.29,31.82333333,9.97,762.5666667,57.16666667,5.5,40,1.83
130,20,21.89,38.09,20.35666667,36.4,22.5,36.16333333,22.6,34.976,20.89,76.96666667,8.396666667,6.133333333,20.5,27.5,22.63333333,37.12666667,20.29,31.66666667,9.63,762.6333333,58.33333333,5,40,1.77
130,20,21.89,37.96666667,20.29,36.32666667,22.42666667,36.03,22.6,34.62142857,20.76,72.36333333,8.063333333,6.733333333,20.5,27.5,22.7,37.2,20.29,31.53333333,9.3,762.7,59.5,4.5,40,1.7
120,20,21.89,37.76666667,20.26,36.22333333,22.46333333,35.96666667,22.6,34.4,20.7,68.36333333,7.73,7.36,20.40571429,27.40571429,22.7,37.06,20.26,31.35666667,8.97,762.7666667,60.66666667,4,40,1.63
120,10,21.85666667,37.66333333,20.2,36.09,22.39,35.82666667,22.6,34.29285714,20.6,64.62666667,7.4725,8.325,20.39,27.39,22.7,37,20.2,31.23,8.63,762.8333333,61.83333333,3.5,40,1.57
110,10,21.85666667,37.59,20.06666667,36.06,22.39,35.79,22.6,34.2,20.6,62.16666667,7.16,8.933333333,20.39,27.39,22.79,36.86333333,20.2,31.1,8.3,762.9,63,3,40,1.5
60,10,21.79,37.4,20,36.06,22.39,35.76,22.6,34.26428571,20.55,59.05,6.593333333,9.933333333,20.39,27.5,22.79,36.73,20.2,31.03333333,8.08,762.9666667,63.5,2.833333333,40,1.42
50,0,21.79,37.26,19.96333333,36.46333333,22.39,35.62666667,22.6,34.2,20.6,57.02666667,6.333333333,11.06666667,20.39,27.75285714,22.79,36.86,20.2,31.39333333,7.87,763.0333333,64,2.666666667,40,1.33
50,0,21.79,37.32666667,19.89,36.72333333,22.5,35.79,22.6,34.13714286,20.6,56.43333333,6.19,11.89,20.39,28.02,22.79,37.39333333,20.2,31.86666667,7.65,763.1,64.5,2.5,40,1.25
60,0,21.79,37.4,19.85666667,36.9,22.5,35.79,22.525,34.13125,20.5,56.1,6.123333333,11.96333333,20.39,28.19714286,22.79,38.09666667,20.2,32.53,7.43,763.1666667,65,2.333333333,40,1.17
40,0,21.76,37.5,19.73,36.96666667,22.5,35.93333333,22.5,34.156,20.56666667,55.56666667,6.19,12.56666667,20.39,28.434,22.79,38.43,20.2,32.99,7.22,763.2333333,65.5,2.166666667,40,1.08
30,0,21.7,37.5,19.7,37.06666667,22.56666667,36,22.5,34.2,20.56666667,54.82666667,6.123333333,12.62666667,20.42142857,28.6,22.79,38.86,20.2,33.56666667,7,763.3,66,2,40,1
30,10,21.7,37.46666667,19.63333333,37.26,22.5,36,22.39,34.09,20.5,54.9,5.933333333,12.7,20.39,28.7,22.79,39.19333333,20.2,33.8975,6.83,763.3666667,66.66666667,2,40,0.983
30,0,21.7,37.4,19.56666667,37.53,22.5,36,22.39,34.09,20.46333333,54.72333333,5.726666667,13.1,20.39,28.72571429,22.79,39.56666667,20.2,34.16333333,6.67,763.4333333,67.33333333,2,40,0.967
50,0,21.63333333,37.32666667,19.5,37.66333333,22.5,36,22.39,34.09,20.39,54.46333333,5.56,13.59333333,20.39,28.89,22.79,39.8975,20.2,34.43333333,6.5,763.5,68,2,40,0.95
50,0,21.6,37.26,19.46333333,37.82666667,22.5,36.06,22.36142857,34.09,20.39,54.13333333,5.5,14.33333333,20.39,28.95285714,22.79,40.29666667,20.2,34.63333333,6.33,763.5666667,68.66666667,2,40,0.933
60,0,21.6,37.2,19.39,37.9,22.5,36.12666667,22.29,34.09,20.39,53.86,5.5,15.02666667,20.39,29.06,22.79,40.65666667,20.2,34.86,6.17,763.6333333,69.33333333,2,40,0.917
50,0,21.6,37.2,19.29,38.145,22.5,36.2,22.29,34.09,20.35666667,53.52666667,5.5,15.63333333,20.39,29.1,22.73,40.93,20.2,35.13333333,6,763.7,70,2,40,0.9
60,0,21.53333333,37.2,19.26,38.29,22.5,36.29,22.29,34.09,20.29,53.19333333,5.623333333,16.33333333,20.39,29.2,22.7,41.09,20.2,35.46333333,6.07,763.7,70.66666667,2,40,1.1
50,0,21.5,37.2,19.2,38.36333333,22.5,36.29,22.22571429,34.09,20.29,52.83333333,5.69,16.86666667,20.39,29.25142857,22.63333333,41.03,20.26,35.72333333,6.13,763.7,71.33333333,2,40,1.3
60,0,21.5,37.2,19.16666667,38.43333333,22.5,36.29,22.2,34.09,20.29,52.56666667,5.745,17.59,20.39,29.31,22.56666667,41.15666667,20.2,35.93333333,6.2,763.7,72,2,40,1.5
40,0,21.5,37.2,19.1,38.56,22.56666667,36.29,22.18571429,34.09,20.29,52.22333333,5.933333333,18.23,20.39,29.46857143,22.5,41.36333333,20.2,36.06,6.27,763.7,72.66666667,2,40,1.7
50,0,21.5,37.2,19,38.62666667,22.6,36.29,22.14,34.112,20.29,51.96333333,6,18.56333333,20.33,29.5,22.5,41.56666667,20.23,36.39,6.33,763.7,73.33333333,2,40,1.9
50,0,21.46333333,37.16333333,19,38.76,22.53333333,36.36333333,22.1,34.2,20.2,51.56,6.19,19.06666667,20.39,29.5625,22.5,41.76,20.29,36.66333333,6.4,763.7,74,2,40,2.1
40,0,21.39,37.09,18.89,38.82666667,22.6,36.4,22.1,34.2,20.2,51.36,6.263333333,19.26,20.30428571,29.65714286,22.39,41.82666667,20.2,36.86,6.52,763.7166667,73.66666667,2.166666667,40,2.15
60,0,21.39,37.12666667,18.89,38.9,22.6,36.4,22.1,34.21285714,20.2,50.995,6.3,19.53333333,20.29,29.7,22.39,41.96666667,20.26,37.13333333,6.63,763.7333333,73.33333333,2.333333333,40,2.2
50,0,21.39,37.2,18.89,39,22.6,36.4,22.08,34.236,20.2,50.72333333,6.3,19.53333333,20.29,29.76428571,22.39,42.23,20.29,37.36,6.75,763.75,73,2.5,40,2.25
60,0,21.39,37.2,18.82333333,39,22.6,36.46666667,22.04285714,34.23857143,20.2,50.53,6.4,19.86,20.29,29.79,22.39,42.43,20.23,37.5,6.87,763.7666667,72.66666667,2.666666667,40,2.3
60,0,21.32333333,37.2,18.79,39.03,22.6,36.46666667,22,34.2,20.2,50.36333333,6.333333333,20.26,20.29,29.84714286,22.29,42.62666667,20.29,37.76666667,6.98,763.7833333,72.33333333,2.833333333,40,2.35
50,0,21.29,37.2,18.79,39.09,22.6,36.5,22,34.25142857,20.2,50.15666667,6.4,20.83333333,20.29,29.912,22.29,42.96,20.29,37.96666667,7.1,763.8,72,3,40,2.4
50,0,21.29,37.2,18.76,39.2,22.66666667,36.56,22,34.29,20.13333333,49.93,6.4,21.5,20.29,30,22.29,43.23,20.29,38.15666667,7.02,763.8333333,72.83333333,2.833333333,40,2.47
30,0,21.29,37.23,18.7,39.26,22.6,36.5,22,34.29,20.13333333,49.79,6.4,22.7,20.29,30.1,22.29,43.36333333,20.29,38.3975,6.93,763.8666667,73.66666667,2.666666667,40,2.53
20,0,21.29,37.29,18.7,39.4,22.6,36.56,21.934,34.4,20.1,49.66333333,6.4,23.62666667,20.29,30.1,22.29,43.43333333,20.29,38.56,6.85,763.9,74.5,2.5,40,2.6
30,0,21.23,37.23,18.7,39.46666667,22.6,36.5,22,34.41428571,20.1,49.53,6.4,24.86333333,20.29,30.12,22.29,43.5,20.29,38.7,6.77,763.9333333,75.33333333,2.333333333,40,2.67
50,0,21.2,37.2,18.7,39.59,22.6,36.56,21.934,34.5,20.1,49.36333333,6.466666667,25.93,20.29,30.2,22.29,43.5,20.29,38.76,6.68,763.9666667,76.16666667,2.166666667,40,2.73
50,0,21.2,37.26,18.7,39.59,22.5,36.59,21.89,34.53375,20.1,49.23,6.466666667,27.1,20.29,30.29,22.29,43.46666667,20.29,38.93333333,6.6,764,77,2,40,2.8
60,0,21.2,37.29,18.65,39.645,22.5,36.59,21.89,34.59,20.1,49.06,6.466666667,27.76666667,20.29,30.34714286,22.29,43.4,20.29,39,6.57,764,77.83333333,2.166666667,40,2.93
50,0,21.2,37.36333333,18.6,39.7,22.53333333,36.7,21.89,34.7,20.1,49,6.35,28.85,20.29,30.412,22.26,43.22333333,20.29,39.12666667,6.53,764,78.66666667,2.333333333,40,3.07
50,0,21.2,37.4,18.6,39.76,22.6,36.7,21.89,34.71285714,20.06666667,48.83333333,6.093333333,29.92666667,20.29,30.5,22.26,43.16333333,20.29,39.2,6.5,764,79.5,2.5,40,3.2
50,0,21.2,37.46666667,18.6,39.82666667,22.6,36.7,21.83,34.736,20,48.62666667,5.76,30.66,20.29,30.6,22.23,43.09,20.29,39.43333333,6.47,764,80.33333333,2.666666667,40,3.33
60,0,21.1,37.5,18.6,39.9,22.53333333,36.7,21.79,34.7,20.03333333,48.59,5.396666667,32.02666667,20.26428571,30.62857143,22.23,43.09,20.29,39.5,6.43,764,81.16666667,2.833333333,40,3.47
40,0,21.1,37.5,18.5,39.93333333,22.6,36.7,21.79,34.79,20.03333333,48.53,4.996666667,32.76666667,20.254,30.66,22.2,43,20.29,39.5,6.4,764,82,3,40,3.6
60,0,21.1,37.59,18.5,40.06,22.6,36.76,21.79,34.79,20,48.46666667,4.526666667,33.86,20.26428571,30.67142857,22.2,42.93333333,20.29,39.56,6.08,764.0166667,83.5,2.833333333,38,3.52
50,0,21.1,37.59,18.5,40.09,22.5,36.73,21.79,34.79,20,48.4,4.333333333,35.13333333,20.29,30.79,22.2,42.79,20.29,39.7,5.77,764.0333333,85,2.666666667,36,3.43
60,0,21.06666667,37.59,18.5,40.09,22.575,36.79,21.79,34.86857143,20,48.29,4.06,37.23333333,20.27714286,30.79,22.13333333,42.79,20.29,39.76,5.45,764.05,86.5,2.5,34,3.35
60,0,21,37.59,18.5,40.2,22.6,36.79,21.7,34.9,20,48.195,4,38.49333333,20.2,30.754,22.1,42.79,20.29,39.82666667,5.13,764.0666667,88,2.333333333,32,3.27
40,0,21,37.59,18.42666667,40.12666667,22.6,36.79,21.7,34.91428571,20,48.09,4.063333333,40.26333333,20.2,30.79,22.1,42.79,20.29,39.9,4.82,764.0833333,89.5,2.166666667,30,3.18
50,0,21,37.66333333,18.39,40.23,22.6,36.79,21.7,34.96,19.96333333,48,4.19,41.39666667,20.2,30.83,22.1,42.76,20.29,39.93333333,4.5,764.1,91,2,28,3.1
50,0,21,37.7,18.39,40.36333333,22.6,36.82666667,21.7,35,19.89,47.93333333,4.433333333,42.3,20.21285714,30.90571429,22.1,42.7,20.29,40,4.55,764.1166667,91.5,2,27.33333333,3.23
50,0,21,37.7,18.29,40.4,22.6,36.9,21.7,35.09,19.89,47.86333333,4.56,42.89333333,20.2225,31,22.06666667,42.63333333,20.29,40.09,4.6,764.1333333,92,2,26.66666667,3.37
50,0,21,37.7,18.29,40.46666667,22.6,36.9,21.68571429,35.09,19.89,47.79,4.623333333,43.39666667,20.2,31,22,42.5,20.29,40.1175,4.65,764.15,92.5,2,26,3.5
50,0,20.92666667,37.7,18.29,40.59,22.6,36.9,21.64,35.09,19.89,47.76,4.763333333,44.06333333,20.2,31.02857143,22,42.53,20.29,40.2,4.7,764.1666667,93,2,25.33333333,3.63
50,0,20.945,37.7,18.23,40.59,22.56666667,36.9,21.6,35.09,19.89,47.7,4.9,45.19666667,20.2,31.1,22,42.59,20.29,40.29,4.75,764.1833333,93.5,2,24.66666667,3.77
60,0,20.89,37.7,18.2,40.7,22.56666667,36.9,21.6,35.2,19.89,47.59,4.9,45.72333333,20.2,31.11428571,22,42.7,20.29,40.29,4.8,764.2,94,2,24,3.9
60,0,20.89,38.03333333,18.2,40.76,22.56666667,36.9,21.6,35.2,19.89,47.53,5,45.94,20.2,31.2,22,42.7,20.29,40.4,4.88,764.2166667,94,2,24,3.98
40,0,20.89,38.43333333,18.2,41.495,22.42666667,36.76666667,21.6,35.218,19.89,47.5,5.09,46.52666667,20.2,31.22571429,22,42.76,20.23,40.4,4.97,764.2333333,94,2,24,4.07
60,10,20.89,38.63333333,18.1,42.06666667,22.29,36.46666667,21.6,35.29,19.89,47.43333333,5.156666667,47.06,20.2,31.29,22,42.79,20.29,40.5,5.05,764.25,94,2,24,4.15
380,0,20.89,38.59,18.1,42.26,22.23,36.4,21.56,35.29,19.89,47.4,5.226666667,47.36,20.2,31.34714286,22,42.86333333,20.23,40.43333333,5.13,764.2666667,94,2,24,4.23
70,0,20.89,38.59,18.1,42.4,22.2,36.4,21.5,35.30571429,19.89,47.4,5.3,47.56,20.2,31.39,22,42.9,20.29,40.56,5.22,764.2833333,94,2,24,4.32
70,0,20.89,38.73,18.1,42.46666667,22.2,36.4,21.52,35.4,19.89,47.4,5.433333333,47.66666667,20.2,31.39,22,42.9,20.23,40.43333333,5.3,764.3,94,2,24,4.4
70,10,20.89,38.79,18.1,42.62666667,22.1,36.43333333,21.52857143,35.4,19.89,47.73333333,5.5,48.06,20.2,31.5,22,42.93,20.26,40.5,5.35,764.3,94.16666667,2,23.5,4.47
90,20,20.89,39.03,18.1,42.76,22.1,36.56,21.5,35.5225,19.89,47.93333333,5.623333333,48.22666667,20.15714286,31.55714286,21.92666667,42.65666667,20.26,40.56,5.4,764.3,94.33333333,2,23,4.53
90,10,20.89,39.09,18.1,42.93333333,22.1,36.53,21.5,35.94,19.89,48,5.763333333,48.76666667,20.18,31.6,21.89,42.36333333,20.26,40.46666667,5.45,764.3,94.5,2,22.5,4.6
60,0,20.89,39.2,18.1,43,22.1,36.59,21.5,36.14,19.89,48,5.963333333,49.12666667,20.17142857,31.62857143,21.89,42.15666667,20.2,40.32666667,5.5,764.3,94.66666667,2,22,4.67
90,0,20.89,39.2,18.2,43.23,22.1,36.66333333,21.5,36.218,19.89,48,6.156666667,49.26,20.16,31.7,21.85666667,41.96666667,20.2,40.16333333,5.55,764.3,94.83333333,2,21.5,4.73
60,0,20.89,39.29,18.2,43.29,22,36.62666667,21.5,36.29,19.84,47.95,6.463333333,49.32666667,20.15714286,31.71285714,21.79,41.76666667,20.2,40.03,5.6,764.3,95,2,21,4.8
60,10,20.96333333,39.29,18.2,43.29,22,36.62666667,21.5,36.29,19.89,47.96666667,6.656666667,49.46666667,20.2,31.79,21.79,41.59,20.2,39.96666667,5.68,764.3833333,95,1.833333333,20.83333333,4.88
60,0,20.92666667,39.29,18.26,43.43,22,36.7,21.5,36.35285714,19.82333333,47.82666667,6.963333333,49.46666667,20.17142857,31.81857143,21.79,41.53,20.2,39.82666667,5.77,764.4666667,95,1.666666667,20.66666667,4.97
90,0,21,39.29,18.29,43.46666667,22,36.7,21.5,36.4,19.79,47.79,7.156666667,49.4,20.14,31.89,21.79,41.43,20.2,39.66333333,5.85,764.55,95,1.5,20.5,5.05
380,0,20.92666667,39.29,18.29,43.4,22,36.7,21.5,36.4,19.79,47.79,7.563333333,49.1,20.17142857,31.98428571,21.79,41.29,20.2,39.4975,5.93,764.6333333,95,1.333333333,20.33333333,5.13
150,0,21,39.29,18.39,43.36333333,21.92666667,36.76,21.5,36.44,19.79,47.66333333,7.896666667,48.82666667,20.16,32,21.79,41.26,20.13333333,39.4,6.02,764.7166667,95,1.166666667,20.16666667,5.22
40,10,21,39.4,18.46333333,43.23,21.89,36.79,21.5,36.47142857,19.79,47.59,8.45,48.1,20.15714286,32,21.73,41.2,20.2,39.4,6.1,764.8,95,1,20,5.3
50,0,21,39.4,18.6,43.06,21.89,36.79,21.5,36.5,19.79,47.56,8.96,46.06,20.14,32.09,21.7,41.16333333,20.13333333,39.4,6.3,764.8166667,94.5,1.166666667,20.33333333,5.42
50,0,21,39.4,18.66666667,43.06,21.89,36.79,21.5,36.5,19.79,47.5,9.293333333,44.26666667,20.2,32.15285714,21.7,41.09,20.2,39.4,6.5,764.8333333,94,1.333333333,20.66666667,5.53
50,0,21,39.4,18.945,42.795,21.89,36.86333333,21.5,36.59,19.79,47.4,10.13,41.76666667,20.2,32.23857143,21.7,41.09,20.2,39.26666667,6.7,764.85,93.5,1.5,21,5.65
50,0,21,39.46666667,19.26333333,42.4,21.89,36.9,21.5,36.65285714,19.79,47.32666667,10.59,38.49333333,20.2,32.29,21.6,40.9,20.23,39.2,6.9,764.8666667,93,1.666666667,21.33333333,5.77
50,0,21.03333333,39.53,19.53,41.92666667,21.89,36.9,21.5,36.7,19.79,47.26,11.46666667,34.96333333,20.2,32.36857143,21.6,40.9,20.29,39.12666667,7.1,764.8833333,92.5,1.833333333,21.66666667,5.88
60,10,21.1,39.59,19.73,41.52666667,21.89,36.9,21.5,36.76428571,19.79,47.2,12.13333333,32.03,20.2,32.4,21.6,40.9,20.29,39,7.3,764.9,92,2,22,6
50,0,21.1,39.59,19.93,41.19333333,21.89,36.96666667,21.5,36.79,19.79,47.06,12.6,26.63,20.2,32.45714286,21.6,40.82666667,20.29,39,7.58,764.95,90.83333333,2,22.33333333,6.1
60,0,21.1,39.59,20.16333333,40.93,21.89,36.96666667,21.55714286,36.85285714,19.79,47,12.73333333,25.03,20.2,32.5,21.56666667,40.79,20.29,38.9,7.87,765,89.66666667,2,22.66666667,6.2
50,0,21.2,39.59,20.49666667,40.53,21.96333333,36.9,21.6,36.9,19.79,46.86333333,13.16666667,22,20.2,32.56428571,21.56666667,40.79,20.29,38.96666667,8.15,765.05,88.5,2,23,6.3
50,0,21.2,39.59,20.82333333,40.02666667,22,37,21.6,36.97142857,19.79,46.73,13.56,20.33333333,20.2,32.59,21.56666667,40.79,20.29,39,8.43,765.1,87.33333333,2,23.33333333,6.4
50,10,21.2,39.59,20.89,39.76666667,22,37,21.6,37,19.79,46.7,13.69,16.46666667,20.25142857,32.73571429,21.5,40.79,20.23,38.93333333,8.72,765.15,86.16666667,2,23.66666667,6.5
40,0,21.2,39.59,21,39.66333333,22,37,21.6,37,19.85666667,46.7,13.89666667,16.06666667,20.29,32.79,21.5,40.79,20.29,39,9,765.2,85,2,24,6.6
50,0,21.2,39.59,21.06666667,39.53,22,37,21.62,37.054,19.79,46.59,13.86,14.9,20.29,32.86857143,21.5,40.79,20.29,39,9.22,765.2333333,83.83333333,1.833333333,24.83333333,6.6
40,0,21.26,39.66333333,21.26333333,39.33333333,22,37.06,21.7,37.16857143,19.79,46.5,13.93333333,14.29333333,20.29,32.9,21.5,40.79,20.29,39,9.43,765.2666667,82.66666667,1.666666667,25.66666667,6.6
40,0,21.29,39.7,21.53,39,22,37.09,21.7,37.2,19.79,46.5,14.25666667,13.96666667,20.29,32.9,21.5,40.79,20.29,39,9.65,765.3,81.5,1.5,26.5,6.6
30,10,21.29,39.7,21.86,38.49,22,37.09,21.79,37.236,19.79,46.4,14.39,11.1,20.29,32.94,21.42666667,40.73,20.29,39.03,9.87,765.3333333,80.33333333,1.333333333,27.33333333,6.6
30,0,21.32333333,39.7,22.06666667,38.15666667,22,37.09,21.80428571,37.29,19.79,46.4,14.75666667,9.096666667,20.36142857,32.9,21.42666667,40.73,20.29,39.1175,10.1,765.3666667,79.16666667,1.166666667,28.16666667,6.6
50,0,21.39,39.7,22.29,37.72333333,22,37.09,21.89,37.29,19.82333333,46.4,14.9725,6.9475,20.39,32.9,21.5,40.7,20.29,39.2,10.3,765.4,78,1,29,6.6
50,0,21.39,39.7,22.35666667,37.46333333,22,37.09,21.89,37.29,19.89,46.4,15,5.433333333,20.39,32.79285714,21.5,40.7,20.29,39.2,10.6,765.4333333,75.66666667,1,30.83333333,6.38
50,0,21.4175,39.645,22.42666667,37.26,22,37.16333333,22,37.2,19.82333333,46.32666667,14.69,2.933333333,20.39,32.7,21.39,40.5,20.29,39.2,10.9,765.4666667,73.33333333,1,32.66666667,6.17
50,10,21.5,39.7,22.5,37.12666667,22,37.2,22,37.18428571,19.89,46.32666667,14.76333333,3.526666667,20.39,32.65285714,21.39,40.43333333,20.29,39.23,11.2,765.5,71,1,34.5,5.95
60,0,21.5,39.59,22.5,36.96666667,22,37.2,22,37.134,19.89,46.29,15.19666667,2.756666667,20.5,32.656,21.39,40.4,20.29,39.29,11.4,765.5333333,68.66666667,1,36.33333333,5.73
50,0,21.5,39.59,22.55,36.85,22.03333333,37.23,22,37.09,19.89,46.29,15.79666667,2.09,20.5,32.53857143,21.39,40.3175,20.29,39.32666667,11.7,765.5666667,66.33333333,1,38.16666667,5.52
50,0,21.6,39.46666667,22.5,36.7,22.1,37.29,22,37.09,19.89,46.2,15.79666667,1.263333333,20.5,32.44,21.39,40.23,20.29,39.32666667,12,765.6,64,1,40,5.3
60,0,21.6,39.32666667,22.46333333,36.76,22.1,37.2,22,37.09,19.89,46.2,15.33,3.196666667,20.5,32.4,21.39,40.2,20.29,39.36333333,12,765.6166667,63.33333333,1,40,5.17
40,10,21.6,39.26,22.46333333,36.76,22.1,37.2,22,37.072,19.89,46.16333333,15.03,3.163333333,20.5,32.4,21.39,40.12666667,20.29,39.29,12,765.6333333,62.66666667,1,40,5.03
60,0,21.6,39.2,22.42666667,36.62666667,22.1,37.16333333,22,37.06428571,19.89,46.09,14.89,3.09,20.5,32.4,21.39,40.09,20.29,39.36333333,12,765.65,62,1,40,4.9
50,0,21.6,39.09,22.5,36.62666667,22.1,37.16333333,22,37.09,19.89,46.06,15.43,3.096666667,20.56,32.378,21.32333333,40.09,20.29,39.29,12,765.6666667,61.33333333,1,40,4.77
50,0,21.6,39.09,22.5,36.5,22.13333333,37.09,22,37.09,19.89,46,15.49,2.23,20.6,32.29,21.29,40.06,20.29,39.29,12,765.6833333,60.66666667,1,40,4.63
50,0,21.7,39.2,22.42666667,36.43333333,22.2,37.09,22,37.09,19.89,45.96666667,14.86,2.89,20.6,32.26428571,21.29,40,20.29,39.23,12,765.7,60,1,40,4.5
50,10,21.7,39.12666667,22.39,36.43333333,22.15,37.09,22,37.09,19.89,45.9,14.72666667,3.03,20.6,32.2,21.29,40,20.29,39.06,12.1,765.7,59.83333333,1.166666667,43.5,4.53
60,0,21.7,39.09,22.32333333,36.5,22.2,37.06,22,37.2,19.89,45.9,14.75666667,2.233333333,20.65714286,32.23857143,21.29,40,20.29,38.93333333,12.2,765.7,59.66666667,1.333333333,47,4.57
50,0,21.7,39.09,22.32333333,36.4,22.2,37,22,37.2,19.89,45.79,15.03,1.833333333,20.718,32.178,21.29,39.9,20.29,38.86333333,12.3,765.7,59.5,1.5,50.5,4.6
30,0,21.73,39,22.32333333,36.4,22.2,37,22,37.2,19.89,45.73,15.3,1.26,20.79,32.06428571,21.29,39.9,20.29,38.73,12.4,765.7,59.33333333,1.666666667,54,4.63
30,0,21.79,39,22.29,36.4,22.2,37,22,37.2,19.89,45.7,15.16666667,1,20.79,31.89,21.29,39.79,20.29,38.82666667,12.5,765.7,59.16666667,1.833333333,57.5,4.67
30,10,21.79,38.96666667,22.29,36.4,22.2,36.9,22,37.134,19.89,45.62666667,15.06666667,1,20.79,31.83285714,21.29,39.79,20.29,38.8725,12.6,765.7,59,2,61,4.7
40,0,21.79,38.9,22.29,36.4,22.2,36.9,22,37.10571429,19.96333333,45.56,15.0475,1,20.79,31.736,21.29,39.7,20.29,38.73,12.7,765.6833333,58.16666667,2.166666667,57.5,4.58
50,0,21.79,38.79,22.29,36.4,22.2,36.79,22,37.09,19.89,45.5,15.39666667,1,20.79,31.7,21.23,39.56666667,20.29,38.63333333,12.8,765.6666667,57.33333333,2.333333333,54,4.47
60,0,21.79,38.79,22.2,36.29,22.2,36.86333333,22,37.09,19.89,45.46666667,15.56666667,1,20.89,31.66,21.26,39.46666667,20.29,38.5,12.9,765.65,56.5,2.5,50.5,4.35
50,0,21.85666667,38.79,22.2,36.29,22.2,36.9,22,37.045,19.89,45.4,15.5,1,20.89,31.58571429,21.2,39.32666667,20.29,38.46666667,12.9,765.6333333,55.66666667,2.666666667,47,4.23
60,0,21.89,38.7,22.1,36.29,22.2,36.9,22,37,19.89,45.29,15.46,1,20.89,31.5,21.2,39.29,20.29,38.32666667,13,765.6166667,54.83333333,2.833333333,43.5,4.12
60,10,21.89,38.7,22.1,36.29,22.2,36.9,22,37,19.96333333,45.23,15.79333333,1,20.89,31.5,21.2,39.23,20.29,38.26,13.1,765.6,54,3,40,4
40,0,21.89,38.7,22.1,36.345,22.26,36.9,22,37,19.89,45.16333333,15.89666667,1,20.934,31.456,21.2,39.09,20.23,38.12666667,13.1,765.6,54.33333333,3,40,4.1
50,0,21.89,38.7,22.1,36.4,22.26,36.86333333,22,37,19.96333333,45.09,15.63,1,21,31.39,21.2,39.06,20.23,38.16333333,13.2,765.6,54.66666667,3,40,4.2
50,0,21.89,38.66333333,22.1,36.32666667,22.26,36.86333333,22,37,19.89,45.06,15.43333333,1,21,31.37,21.2,39,20.23,38.03,13.2,765.6,55,3,40,4.3
40,0,21.89,38.66333333,22.1,36.29,22.26,36.76,22,37,19.89,45,15.36,1,21,31.29,21.2,38.9,20.26,38.06,13.2,765.6,55.33333333,3,40,4.4
60,10,21.89,38.59,22.1,36.29,22.26,36.76,22,37,20,45,14.86666667,1,21,31.29,21.2,38.9,20.2,38,13.3,765.6,55.66666667,3,40,4.5
50,0,21.89,38.59,22.03333333,36.23,22.29,36.79,22,37,20,45,14.6,1,21.01428571,31.29,21.2,38.9,20.26,37.93,13.3,765.6,56,3,40,4.6
60,0,22,38.59,22.03333333,36.29,22.29,36.79,22,37,20,44.9,14.72666667,1,21.12,31.29,21.13333333,38.9,20.2,37.79,13.2,765.6,56,3.333333333,40,4.48
60,0,22,38.59,22,36.2,22.29,36.79,22,37,20,44.9,14.72666667,1,21.2,31.22571429,21.2,38.9,20.23,37.86,13,765.6,56,3.666666667,40,4.37
40,0,22.1,38.59,22,36.2,22.32333333,36.79,22.02,37.018,20,44.79,14.56666667,1,21.236,31.2,21.2,38.82666667,20.29,37.93333333,12.9,765.6,56,4,40,4.25
50,0,22.1,38.59,22,36.2,22.39,36.79,22.1,37.09,20.075,44.8725,14.5,1,21.29,31.2,21.2,38.79,20.26,37.76,12.8,765.6,56,4.333333333,40,4.13
50,0,22.13333333,39.12666667,22,36.26,22.39,36.79,22,36.9,20.1,44.96666667,14.32333333,1,21.31,31.2,21.2,38.73,20.2,37.7,12.6,765.6,56,4.666666667,40,4.02
80,0,22.2,39.2,21.89,36.36,22.39,36.79,22.08571429,36.97142857,20.13333333,45,14.13,1,21.39,31.17142857,21.2,38.73,20.2,37.56,12.5,765.6,56,5,40,3.9
50,0,22.2,39.06,21.89,36.56,22.39,36.82666667,22.1,36.878,20.2,44.86,14.06666667,1,21.39,30.805,21.2,38.86333333,20.2675,37.475,12.6,765.6,55.33333333,4.833333333,40,3.77
90,0,22.2,39.46666667,21.89,36.56,22.39,36.82666667,22.1,36.72571429,20.23,44.56,14.075,1,21.434,30.5,21.29,39.03,20.23,37.26666667,12.6,765.6,54.66666667,4.666666667,40,3.63
170,0,22.2,39.06,21.82333333,36.3,22.35666667,36.79,22.1,36.79,20.29,44.36,14.03333333,1,21.45285714,30.32142857,21.35666667,39.16333333,20.2,37.02666667,12.7,765.6,54,4.5,40,3.5
510,0,22.2,38.26666667,21.7,35.62333333,22.29,36.79,22.1,36.73857143,20.39,44.02666667,13.96333333,1,21.456,30.08,21.5,39.29,20.2,36.76666667,12.7,765.6,53.33333333,4.333333333,40,3.37
590,0,22.2,37.8,21.63333333,35.15666667,22.29,36.6,22.1,36.7,20.93,66.3,13.75666667,1,21.42142857,29.89285714,21.56666667,39.23,20.2,36.52666667,12.8,765.6,52.66666667,4.166666667,40,3.23
190,0,22.23,41.23333333,21.5,35.33333333,22.29,36.32666667,22.1,36.73857143,22.15666667,81.26333333,13.46333333,1,21.39,29.7,21.6,39.06666667,20.2,36.32666667,12.8,765.6,52,4,40,3.1
100,0,22.29,44.42666667,21.5,37.33333333,22.39,36.53,22.1,36.856,21.69666667,80.99666667,13.33,1,21.39,29.6,21.66666667,39.4,20.2,36.06,12.7,765.6166667,51.66666667,4,40,2.93
110,0,22.35666667,43.4,21.5,39.495,22.39,36.79,22.1,36.73857143,21.32666667,80.96666667,13.16,1,21.39,29.478,21.745,39.345,20.2,35.93333333,12.6,765.6333333,51.33333333,4,40,2.77
110,0,22.35666667,44.79333333,21.5,39.76666667,22.42666667,36.93333333,22.1,36.616,21.13333333,80.56666667,12.96,1,21.39,29.31857143,21.82333333,39.43333333,20.2,35.76,12.6,765.65,51,4,40,2.6
110,0,22.39,44.02666667,21.42666667,39.76666667,22.5,37,22.1,36.59571429,21.16666667,79.13333333,12.76333333,1,21.29,29.2,21.89,39.63333333,20.2,35.76,12.5,765.6666667,50.66666667,4,40,2.43
150,0,22.39,42.96666667,21.29,39.29666667,22.46333333,37.09,22.1,36.79,21.1,75.19333333,12.63,1.333333333,21.29,29.11428571,22,39.56,20.2,35.63333333,12.4,765.6833333,50.33333333,4,40,2.27
120,0,22.39,42.03333333,21.29,39.03,22.39,37.09,22.1,36.91125,21.29,79.83333333,12.32333333,2.233333333,21.272,29.08,22,39.43333333,20.13333333,35.36,12.3,765.7,50,4,40,2.1
110,10,22.39,41.5,21.2,38.63333333,22.39,37.09,22.11428571,37,21.23,78.89333333,12.06333333,3.093333333,21.2,29,22.03333333,39.4,20.1,35.02666667,12.1,765.7333333,51.66666667,4,40,2.32
120,20,22.39,40.93,21.13333333,38.43333333,22.39,37.09,22.16,37,21.16666667,77.06333333,11.73333333,4.23,21.2,29,22.1,39.32666667,20.1,34.82666667,11.9,765.7666667,53.33333333,4,40,2.53
120,20,22.32333333,40.65666667,21.06666667,38.29666667,22.39,37.06,22.2,37,21.03333333,75.19,11.4,5.163333333,21.18571429,29,22.1,39.29,20.1,34.56,11.7,765.8,55,4,40,2.75
110,20,22.29,40.33333333,21,38.03,22.39,37,22.2,37,20.96333333,72.69,10.96333333,6.23,21.1,29.06,22.16666667,39.15666667,20.1,34.36,11.4,765.8333333,56.66666667,4,40,2.97
110,30,22.29,40.12666667,20.89,37.86333333,22.32333333,37,22.21285714,36.94285714,20.89,70.62333333,10.49,7.356666667,21.1,29.17142857,22.2,39.02666667,20,34.09,11.2,765.8666667,58.33333333,4,40,3.18
110,30,22.29,39.96666667,20.82333333,37.73,22.29,37.09,22.29,36.834,20.79,67.65,10,8.796666667,21.1,29.2,22.2,38.76666667,20,34.03,11,765.9,60,4,40,3.4
120,20,22.29,39.82666667,20.76,37.7,22.29,37.09,22.29,36.79,20.7,65.29333333,9.6,10.25666667,21.04285714,29.27714286,22.2,38.4,20,33.96666667,10.6,765.9666667,61.83333333,3.833333333,40,3.38
90,0,22.2,39.56,20.7,37.7,22.29,37.09,22.29,36.79,20.7,63.83333333,9.2,12.095,21,29.29,22.2,38.26,20,33.9,10.1,766.0333333,63.66666667,3.666666667,40,3.37
60,0,22.2,39.5,20.56666667,37.65666667,22.23,37.03,22.31857143,36.61,20.63333333,62.16666667,8.823333333,13.29666667,21,29.31857143,22.23,38.46333333,19.92666667,33.9,9.7,766.1,65.5,3.5,40,3.35
80,0,22.2,40.13333333,20.5,37.79,22.2,37,22.29,36.36,20.63333333,61.03333333,8.563333333,14.63,20.89,29.39,22.29,38.72333333,19.89,33.79,9.27,766.1666667,67.33333333,3.333333333,40,3.33
60,0,22.2,40.46666667,20.39,37.9,22.2,37,22.29,36.16857143,20.6,59.43333333,8.463333333,16.23333333,20.89,29.45285714,22.29,39.03,19.89,33.79,8.83,766.2333333,69.16666667,3.166666667,40,3.32
90,0,22.2,40.59,20.39,37.96666667,22.16666667,37.09,22.2,35.9,20.6,58.36,8.33,17.36666667,20.87,29.5,22.29,39.16333333,19.79,33.79,8.4,766.3,71,3,40,3.3
60,10,22.175,40.5675,20.29,38.03,22.1,37.09,22.2,35.83714286,20.5,57.05666667,8.1,18.72333333,20.79,29.52857143,22.29,39.32666667,19.79,33.79,8.15,766.3666667,72.33333333,3,40,3.33
50,0,22.1,40.02666667,20.23,38.09,22.1,37.12666667,22.2,35.772,20.5,56.13,8.033333333,20.05666667,20.79,29.7,22.29,39.46666667,19.79,33.82666667,7.9,766.4333333,73.66666667,3,40,3.37
50,10,22.1,39.52666667,20.2,38.15666667,22.1,37.26,22.12857143,35.76428571,20.46333333,55.12333333,7.866666667,22.56666667,20.79,29.81875,22.29,39.73,19.79,34.3,7.65,766.5,75,3,40,3.4
50,0,22.1,39.19333333,20.125,38.2725,22.1,37.29,22.1,35.79,20.39,54.45666667,7.726666667,24.56666667,20.79,29.99857143,22.29,39.9975,19.82333333,35.16666667,7.4,766.5666667,76.33333333,3,40,3.43
60,0,22.1,38.96666667,20.03333333,38.4,22.1,37.36333333,22.1,35.72571429,20.39,54.02666667,7.526666667,27.19,20.79,30.178,22.29,40.4,19.89,35.69333333,7.15,766.6333333,77.66666667,3,40,3.47
60,0,22.03333333,38.82666667,19.96333333,38.53,22.03333333,37.32666667,22.08,35.714,20.39,53.76666667,7.333333333,28.85666667,20.79,30.29,22.29,40.73,19.89,36.15666667,6.9,766.7,79,3,40,3.5
50,0,22,38.7,19.89,38.72333333,22.1,37.4,22,35.59,20.39,53.4,7.156666667,30.39666667,20.79,30.434,22.29,40.93,19.89,36.43,6.97,766.7666667,79,3.166666667,40,3.57
50,0,22,38.7,19.85666667,39,22.1,37.29,22,35.7,20.39,53.32666667,7.03,31.86333333,20.79,30.55714286,22.26,41.12666667,19.89,36.76666667,7.03,766.8333333,79,3.333333333,40,3.63
50,0,22,38.59,19.79,39.13333333,22.1,37.29,22,35.65285714,20.39,53.13333333,6.9,33.26666667,20.79,30.62,22.2,41.33333333,19.89,37.1,7.1,766.9,79,3.5,40,3.7
50,0,21.92666667,38.59,19.7,39.43333333,22.1,37.29,21.978,35.656,20.39,52.86,6.76,33.93333333,20.72571429,30.76428571,22.1,41.65666667,19.96333333,37.36,7.17,766.9666667,79,3.666666667,40,3.77
50,0,21.89,38.59,19.7,39.56,22.1,37.3175,21.89,35.7,20.39,52.56,6.526666667,34.75666667,20.754,30.85,22.1,42.06333333,19.96333333,37.56,7.23,767.0333333,79,3.833333333,40,3.83
60,10,21.89,38.59,19.6,39.59,22.03333333,37.32666667,21.89,35.7,20.32333333,52.36,6.333333333,35.55666667,20.7,30.89142857,22.1,42.8,20,37.76666667,7.3,767.1,79,4,40,3.9
50,0,21.89,38.59,19.53333333,39.66333333,22.1,37.4,21.89,35.7,20.29,52.06,6.15,36.645,20.7,31.02,22.1,43.13333333,20,37.96666667,7.08,767.15,79.66666667,3.833333333,40,3.8
40,0,21.82333333,38.53,19.46333333,39.79,22.03333333,37.4,21.89,35.7,20.29,51.8975,5.966666667,37.69333333,20.7,31.1,22.1,43.36,20,38.12666667,6.87,767.2,80.33333333,3.666666667,40,3.7
30,0,21.79,38.53,19.39,39.86333333,22.1,37.36333333,21.89,35.7,20.29,51.73,5.9,37.96666667,20.7,31.14,22.1,43.56,20,38.26,6.65,767.25,81,3.5,40,3.6
20,0,21.79,38.59,19.35666667,40.03,22.1,37.29,21.81857143,35.65285714,20.29,51.56,5.8,38.46666667,20.7,31.2,22.1,43.59,20,38.45,6.43,767.3,81.66666667,3.333333333,40,3.5
40,0,21.76,38.59,19.29,40.09,22,37.2,21.79,35.59,20.29,51.36,5.66,38.52666667,20.64,31.2,22.1,43.59,19.92666667,38.62666667,6.22,767.35,82.33333333,3.166666667,40,3.4
50,0,21.7,38.59,19.2,40.12666667,22.06666667,37.26,21.79,35.59,20.26,51.02666667,5.366666667,39.16,20.6,31.2,22.03333333,43.73,20,38.76,6,767.4,83,3,40,3.3
60,0,21.7,38.645,19.2,40.26,22.1,37.4,21.79,35.59,20.2,50.9,5.226666667,40.56666667,20.64,31.236,22.1,43.79,19.96333333,38.93333333,5.82,767.4166667,83.83333333,3,40,3.27
40,0,21.7,38.7,19.1,40.43333333,22.1,37.4,21.79,35.59,20.2,50.76,5.09,41.26666667,20.61428571,31.26428571,22.06666667,43.9,19.96333333,39.13333333,5.63,767.4333333,84.66666667,3,40,3.23
60,0,21.7,38.7,19.1,40.56,22.2,37.5,21.7,35.59,20.2,50.56666667,5.03,41.66,20.6,31.29,22.06666667,44.02666667,20,39.4,5.45,767.45,85.5,3,40,3.2
60,0,21.66666667,38.66333333,19,40.545,22.2,37.5,21.7,35.59,20.2,50.43,4.9,42.06666667,20.6,31.31857143,22.1,44.06,20,39.4,5.27,767.4666667,86.33333333,3,40,3.17
60,0,21.6,38.59,18.96333333,40.62666667,22.29,37.59,21.7,35.59,20.2,50.29,4.833333333,42.33333333,20.6,31.39,22.075,43.9475,20,39.43333333,5.08,767.4833333,87.16666667,3,40,3.13
50,0,21.6,38.56,18.89,40.76,22.29,37.59,21.7,35.59,20.16666667,50.16333333,4.656666667,42.19666667,20.6,31.39,22,43.73,20,39.56,4.9,767.5,88,3,40,3.1
40,0,21.6,38.56,18.89,40.82666667,22.29,37.59,21.66,35.554,20.1,50.03,4.59,42.79,20.6,31.39,22,43.56,20,39.7,4.93,767.5,87.16666667,3.166666667,40,3
60,0,21.5,38.5,18.82333333,40.9,22.29,37.66333333,21.62857143,35.48285714,20.1,49.86333333,4.526666667,42.3,20.57142857,31.39,22,43.5,20,39.76,4.97,767.5,86.33333333,3.333333333,40,2.9
40,0,21.5,38.5,18.76,40.93333333,22.29,37.62666667,21.6,35.48,20.1,49.73,4.333333333,42.82666667,20.55,31.39,22,43.4,20,39.93333333,5,767.5,85.5,3.5,40,2.8
60,0,21.5,38.5,18.76,41,22.29,37.7,21.6,35.4,20.1,49.66333333,4.263333333,42.76666667,20.5,31.42142857,22,43.4,19.92666667,40,5.03,767.5,84.66666667,3.666666667,40,2.7
50,0,21.5,38.5,18.7,41.03,22.34,37.7,21.6,35.4,20.1,49.53,4.0925,43.175,20.5,31.45285714,22,43.4,20,40.03,5.07,767.5,83.83333333,3.833333333,40,2.6
60,0,21.5,38.46666667,18.7,41.09,22.39,37.7,21.6,35.4,20.1,49.46666667,3.933333333,43.32666667,20.5,31.478,22,43.46666667,20,40.09,5.1,767.5,83,4,40,2.5
50,0,21.42666667,38.32666667,18.6,41,22.39,37.76,21.6,35.4,20.1,49.32666667,3.863333333,44.06666667,20.5,31.46857143,21.96333333,43.5,20,40.23,4.93,767.4666667,83.83333333,3.833333333,40,2.45
50,0,21.39,38.29,18.6,41.06,22.39,37.73,21.6,35.4,20.1,49.245,3.596666667,43.26666667,20.5,31.5,21.89,43.5,20,40.29,4.77,767.4333333,84.66666667,3.666666667,40,2.4
50,0,21.39,38.29,18.56666667,41.2,22.39,37.73,21.5,35.4,20.1,49.09,3.466666667,44.89666667,20.48428571,31.48428571,21.89,43.46666667,20,40.43333333,4.6,767.4,85.5,3.5,40,2.35
30,0,21.39,38.29,18.5,41.2,22.5,37.79,21.5,35.4,20.03333333,48.96333333,3.4,45.03,20.434,31.39,21.89,43.4,20,40.5225,4.43,767.3666667,86.33333333,3.333333333,40,2.3
30,0,21.32333333,38.23,18.5,41.2,22.42666667,37.73,21.5,35.4,20.06666667,48.86333333,3.163333333,45.03,20.46857143,31.46857143,21.89,43.29,20,40.66333333,4.27,767.3333333,87.16666667,3.166666667,40,2.25
30,0,21.29,38.26,18.5,41.2,22.39,37.73,21.5,35.4,20.06666667,48.79,2.963333333,44.95666667,20.39,31.35,21.89,43.29,20,40.73,4.1,767.3,88,3,40,2.2
30,0,21.29,38.2,18.39,41.2,22.39,37.79,21.5,35.356,20,48.66333333,2.76,45.22333333,20.39,31.37571429,21.89,43.2,20,40.86333333,4.02,767.3,88,3,38.16666667,2.13
60,0,21.29,38.2,18.39,41.2,22.35666667,37.79,21.5,35.29,20,48.59,2.566666667,45.09,20.39,31.39,21.89,43.12666667,20,41,3.93,767.3,88,3,36.33333333,2.07
60,0,21.29,38.2,18.35666667,41.2,22.29,37.86333333,21.5,35.29,20,48.5,2.466666667,45.53,20.39,31.36142857,21.89,43.09,20,41.06,3.85,767.3,88,3,34.5,2
60,0,21.23,38.12666667,18.29,41.2,22.29,37.9,21.478,35.272,20,48.43333333,2.4,46.12333333,20.39,31.39,21.89,43.03,20,41.09,3.77,767.3,88,3,32.66666667,1.93
50,0,21.2,38.09,18.29,41.345,22.35666667,37.9,21.39,35.2,20,48.29,2.326666667,47.03,20.39,31.39,21.85666667,42.86333333,20,41.09,3.68,767.3,88,3,30.83333333,1.87
50,0,21.2,38.03,18.2,41.29,22.39,37.9,21.39,35.2,20,48.23,2.266666667,46.75666667,20.39,31.33,21.79,42.79,20,41.09,3.6,767.3,88,3,29,1.8
40,0,21.2,38,18.2,41.29,22.39,37.9,21.39,35.2,19.96333333,48.16333333,2.126666667,47.19666667,20.36142857,31.33285714,21.79,42.79,20,41.09,3.57,767.3,88,3,28.83333333,1.75
50,0,21.2,38,18.16666667,41.4,22.39,37.9,21.39,35.2,19.89,48.03,2.126666667,47.72333333,20.33,31.29,21.79,42.79,20,41.2,3.53,767.3,88,3,28.66666667,1.7
50,0,21.2,38,18.1,41.4,22.39,37.9,21.39,35.2,19.96333333,47.96666667,1.95,46.845,20.34714286,31.29,21.79,42.79,20,41.2,3.5,767.3,88,3,28.5,1.65
50,0,21.2,38,18.1,41.4,22.39,37.9,21.39,35.2,19.89,47.9,1.76,46.95666667,20.33,31.29,21.79,42.76,20,41.23,3.47,767.3,88,3,28.33333333,1.6
70,0,21.1,37.96666667,18.1,41.46666667,22.39,37.9,21.33285714,35.2,19.89,47.79,1.633333333,47.15666667,20.29,31.29,21.73,42.7,20,41.29,3.43,767.3,88,3,28.16666667,1.55
60,0,21.1,37.9,18.06666667,41.46666667,22.39,37.9,21.29,35.178,19.96333333,47.73,1.5,47.55666667,20.29,31.29,21.7,42.73,20,41.29,3.4,767.3,88,3,28,1.5
80,0,21.1,37.96333333,18,41.4,22.39,37.8725,21.29,35.13714286,19.92666667,47.7,1.426666667,47.83,20.29,31.29,21.76,42.79,20,41.36333333,3.33,767.3333333,88,2.666666667,28,1.45
50,10,21.1,38.29666667,18,42,22.39,37.73,21.29,35.134,19.92666667,47.62666667,1.226666667,47.33333333,20.29,31.29,21.76,42.79,20,41.4,3.27,767.3666667,88,2.333333333,28,1.4
50,0,21.1,38.56,17.92666667,42.4,22.29,37.43,21.29,35.16857143,19.89,47.59,1.033333333,46.86,20.29,31.29,21.7,42.73,20,41.32666667,3.2,767.4,88,2,28,1.35
30,0,21.1,38.36,17.89,42.56,22.23,37.09666667,21.29,35.134,19.89,47.5225,0.866666667,47,20.29,31.29,21.7,42.82666667,20,41.29,3.13,767.4333333,88,1.666666667,28,1.3
30,0,21.1,38.2,17.82333333,42.36,22.16666667,36.76,21.25142857,35.05142857,19.89,47.5,0.866666667,47.46666667,20.29,31.29,21.7,42.9,20,41.2225,3.07,767.4666667,88,1.333333333,28,1.25
40,10,21.1,38.12666667,17.89,42.5,22.03333333,36.56666667,21.29,35.09,19.89,47.23333333,0.933333333,48.36,20.29,31.29,21.7,43.03,20,41.12666667,3,767.5,88,1,28,1.2
50,0,21.1,38.09,17.82333333,42.5,22,36.43333333,21.25142857,35.05142857,19.89,46.69333333,1,48.96666667,20.272,31.236,21.7,43.09,19.96333333,41.06,2.82,767.5666667,88.83333333,1,27.83333333,1.13
100,0,21.03333333,38.09,17.82333333,42.5,22,36.56,21.2,35,19.89,46.7,1,49.29,20.26428571,31.2,21.7,42.93,19.96333333,40.86,2.63,767.6333333,89.66666667,1,27.66666667,1.07
80,0,21,38.06666667,17.82333333,42.43333333,22,36.56,21.2,35,19.89,46.76,1,49.49,20.236,31.14,21.7,42.65666667,19.89,40.72333333,2.45,767.7,90.5,1,27.5,1
60,0,21,38.245,17.79,42.53,22,36.5,21.2,34.96,19.85666667,46.76,1.163333333,50.16666667,20.23857143,31.14285714,21.6,42.26,19.89,40.53,2.27,767.7666667,91.33333333,1,27.33333333,0.933
70,0,21,38.26,17.85666667,42.53,22,36.5,21.2,35.02428571,19.85666667,46.83333333,1.43,51.22666667,20.2,30.998,21.6,42.06666667,19.89,40.19333333,2.08,767.8333333,92.16666667,1,27.16666667,0.867
60,0,21,38.16333333,17.89,42.1,22,36.56,21.2,35.2,19.79,46.43,1.73,51.89,20.2,30.72571429,21.6,41.6,19.89,39.86,1.9,767.9,93,1,27,0.8
40,0,21,38.03,17.89,41.9,21.96333333,36.59,21.2,35.26428571,19.85666667,46.15666667,1.9975,52.5675,20.2,30.6,21.53333333,41.13333333,19.89,39.46666667,2.17,767.95,92.66666667,1.166666667,26.5,1.02
60,0,21,37.96666667,17.89,41.76666667,21.89,36.53,21.2,35.156,19.79,45.69333333,2.4,53.39333333,20.11428571,30.51428571,21.5,40.66,19.89,39.13333333,2.43,768,92.33333333,1.333333333,26,1.23
60,0,20.92666667,37.76666667,18,41.43,21.89,36.46666667,21.15714286,35.03857143,19.79,45.02666667,2.89,54.06666667,20.1,30.434,21.4725,40.175,19.89,38.6,2.7,768.05,92,1.5,25.5,1.45
60,0,20.92666667,37.7,18.06666667,41.15666667,21.89,36.32666667,21.2,35,19.92666667,44.3,3.296666667,54.4,20.1,30.39,21.46333333,39.9,19.89,38.19333333,2.97,768.1,91.66666667,1.666666667,25,1.67
60,0,20.92666667,37.7,18.1,41.06,21.89,36.13333333,21.16,35.054,20,44.89333333,3.923333333,54.65666667,20.1,30.39,21.39,39.66333333,19.89,37.69333333,3.23,768.15,91.33333333,1.833333333,24.5,1.88
50,10,20.89,37.59,18.16666667,41.06,21.96333333,36,21.2,35.09,20,44.09666667,4.596666667,55.26333333,20.1,30.39,21.39,39.46333333,19.96333333,37.22666667,3.5,768.2,91,2,24,2.1
90,0,20.89,37.53,18.49333333,40.9,22.03333333,35.96666667,21.2,35.09,19.92666667,42.69666667,5.696666667,54.93333333,20.08,30.39,21.35666667,39.36333333,20,36.83333333,3.97,768.1833333,89.5,2.333333333,24,2.32
60,0,20.89,37.56666667,19.09333333,40.29333333,22.1,35.8175,21.25142857,35.15285714,19.89,41.63,6.49,52.19333333,20.02857143,30.46857143,21.35666667,39.23,20.06666667,36.7,4.43,768.1666667,88,2.666666667,24,2.53
60,0,20.89,37.7,19.6,38.99,22.16666667,35.79,21.31,35.2,19.82333333,40.96333333,7.356666667,44.9,20.06,30.7,21.29,39.09,20.16333333,36.43,4.9,768.15,86.5,3,24,2.75
20,0,21,37.8,19.6,38.86333333,22.1,35.7,21.42142857,35.22571429,19.76,41.53,7.896666667,36.56666667,20.01428571,30.65714286,21.29,39.03,20.43,36.09666667,5.37,768.1333333,85,3.333333333,24,2.97
40,0,21,38,19.86666667,39.06,22.1,35.7,21.54,35.2,19.7,41.7225,8.49,32.09666667,20.04,30.66,21.29,38.9,20.5,35.86333333,5.83,768.1166667,83.5,3.666666667,24,3.18
80,0,21,38.06666667,20.66,38.6,22.1,35.7,21.65714286,35.27714286,19.7,41.96666667,8.896666667,28.09666667,20.02857143,30.65714286,21.29,38.82666667,20.4175,35.79,6.3,768.1,82,4,24,3.4
60,0,21,38.26,21.66666667,37.76666667,22.03333333,35.7,21.774,35.312,19.7,42.12666667,9.43,25.72666667,20.04,30.64,21.29,38.76,20.39,35.99,6.7,768.05,80.33333333,4.166666667,26.66666667,3.47
70,0,21.1,38.56666667,22.26,37.63333333,22,35.82666667,21.92142857,35.4,19.7,42.33333333,9.823333333,22.66666667,20.04285714,30.68571429,21.23,38.62666667,20.39,36.63333333,7.1,768,78.66666667,4.333333333,29.33333333,3.53
60,0,21.16666667,39.03333333,22.76333333,36.86333333,22,35.96666667,22,35.29,19.7,42.56666667,10.16666667,18.49333333,20.02,30.62,21.2,38.5,20.32333333,37.23333333,7.5,767.95,77,4.5,32,3.6
60,0,21.2,39.62333333,23.09666667,36.25666667,22,36.26666667,22.14285714,35.36857143,19.7,42.76,10.43333333,16.56666667,20.02857143,30.6,21.2,38.43333333,20.29,37.86,7.9,767.9,75.33333333,4.666666667,34.66666667,3.67
50,0,21.2,40.89666667,23.46,35.96666667,22,36.52666667,22.218,35.29,19.7,43.06666667,10.83,14.13,20.04,30.54,21.2,38.33333333,20.29,38.13333333,8.3,767.85,73.66666667,4.833333333,37.33333333,3.73
50,0,21.29,41.645,23.66666667,35.63333333,22.03333333,36.86,22.29,35.29,19.7,43.26,11.0475,11.77,20.05714286,30.49857143,21.2,38.2,20.29,38.43333333,8.7,767.8,72,5,40,3.8
50,0,21.39,41.03333333,23.89,34.84,22.03333333,36.93333333,22.39,35.236,19.63333333,43.26666667,11.16,10.29666667,20.05,30.39,21.2,38.09,20.29,38.56,8.85,767.8,70.83333333,5.166666667,40,3.72
70,10,21.39,40.42666667,24.03333333,34.19333333,22,37.15666667,22.40571429,35.75142857,19.7,43.4,11.36666667,8.393333333,20.06,30.33,21.2,38.03,20.29,38.62666667,9,767.8,69.66666667,5.333333333,40,3.63
100,0,21.39,39.93,24.16666667,33.8,22.06666667,37.43,22.5,36.174,19.7,43.4,11.56666667,7.726666667,20.1,30.29,21.2,37.9,20.29,38.7,9.15,767.8,68.5,5.5,40,3.55
60,0,21.39,39.73,24.23,33.46666667,22.1,37.36333333,22.5,36.29,19.7,43.32666667,11.8,6.66,20.1,30.254,21.13333333,37.9,20.29,38.66333333,9.3,767.8,67.33333333,5.666666667,40,3.47
60,10,21.5,39.49,24.29,33.26666667,22.1,37.23,22.5,36.2,19.7,43.26,11.8,6.533333333,20.1,30.14285714,21.15,37.745,20.29,38.59,9.45,767.8,66.16666667,5.833333333,40,3.38
50,0,21.5,39.23,24.29,32.96666667,22.1,37.2,22.5,36.2,19.7,43.2,11.92666667,5.49,20.1,30.08,21.1,37.7,20.29,38.56,9.6,767.8,65,6,40,3.3
50,0,21.6,39.22333333,24.23,32.76666667,22.16666667,37.2,22.56,36.096,19.7,43.06,12.12666667,4.696666667,20.1,29.96857143,21.1,37.62666667,20.29,38.43333333,9.82,767.75,63.5,6,38,3.15
50,0,21.6,38.89,24.26,32.76,22.13333333,37.36,22.6,35.82142857,19.7,43,12.22666667,4.696666667,20.14,29.89,21.1,37.56,20.26,38.33333333,10,767.7,62,6,36,3
50,0,21.6,38.43,24.2,32.62666667,22.2,37.545,22.7,35.656,19.66666667,42.86333333,12.36,3.963333333,20.2,29.83285714,21.1,37.5,20.26,38.2,10.3,767.65,60.5,6,34,2.85
40,0,21.66666667,38.23,24.1,32.43,22.2,37.43333333,22.7,35.44,19.66666667,42.79,12.39,3.726666667,20.218,29.79,21.1,37.36333333,20.26,38.13333333,10.5,767.6,59,6,32,2.7
30,0,21.7,38.02666667,24.1,32.23,22.2,37.4,22.7,35.19333333,19.7,42.7,12.46333333,3.666666667,20.29,29.76428571,21.16666667,37.29,20.26,38,10.7,767.55,57.5,6,30,2.55
30,0,21.7,37.76666667,24,32,22.13333333,37.32666667,22.75142857,34.99857143,19.7,42.595,12.63,3.4,20.33,29.6,21.2,37.2,20.29,37.86333333,10.9,767.5,56,6,28,2.4
40,0,21.79,37.4,23.92666667,31.92666667,22.1,37.2,22.79,34.86857143,19.7,42.5,12.76333333,2.4,20.39,29.48428571,21.2,37.2,20.245,37.7225,11.1,767.45,56,6,27.66666667,2.62
60,0,21.79,37.12666667,23.89,31.89,22.1,37.2,22.79,34.7,19.7,42.36333333,13.06333333,1.43,20.412,29.272,21.2,36.96666667,20.29,37.7,11.3,767.4,56,6,27.33333333,2.83
40,0,21.89,36.93,23.82333333,31.82333333,22.1,37.09,22.79,34.63714286,19.63333333,42.23,13.26333333,1.096666667,20.57142857,29.17142857,21.2,36.76666667,20.2,37.46666667,11.6,767.35,56,6,27,3.05
50,0,21.96333333,36.73,23.7,31.7,22.1,37.03,22.79,34.572,19.7,42.16333333,13.5,1,20.64,28.89,21.32333333,36.52666667,20.2,37.32666667,11.8,767.3,56,6,26.66666667,3.27
60,0,22,36.43,23.7,31.63333333,22.1,36.96666667,22.79,34.47142857,19.7,42.09,13.56666667,1,20.75142857,28.68142857,21.46333333,36.26666667,20.26,37.22333333,12,767.25,56,6,26.33333333,3.48
60,0,22.06666667,36.29,23.6,31.5,22.1,36.9,22.79,34.09,19.7,41.96666667,13.79,1,20.81,28.414,21.5,35.93,20.2,37.03,12.2,767.2,56,6,26,3.7
60,0,22.13333333,36.16333333,23.53333333,31.42666667,22.2,36.86333333,22.79,33.99857143,19.7,41.9,14.06666667,1,20.92142857,28.19714286,21.56666667,35.65666667,20.23,36.79,12.4,767.1666667,54.83333333,6,26.5,3.53
50,0,22.2,35.8975,23.46333333,31.35666667,22.2,36.73,22.79,33.878,19.63333333,41.7,14,1,21.1,27.956,21.7,35.43,20.23,36.65666667,12.6,767.1333333,53.66666667,6,27,3.37
50,0,22.26,35.7,23.39,31.365,22.2,36.63333333,22.79,33.83714286,19.7,41.7,14.16666667,1,21.15714286,27.68142857,21.76,35.15666667,20.29,36.56,12.8,767.1,52.5,6,27.5,3.2
50,0,22.32333333,35.56,23.32333333,31.39,22.2,36.43333333,22.79,33.79,19.7,41.59,14.3,1,21.254,27.518,21.89,34.93,20.29,36.43333333,12.9,767.0666667,51.33333333,6,28,3.03
50,0,22.39,35.43333333,23.26,31.35666667,22.29,36.46666667,22.79,33.71285714,19.7,41.53,14.5,1,21.36142857,27.29285714,21.96333333,34.65666667,20.29,36.36333333,13.1,767.0333333,50.16666667,6,28.5,2.87
90,0,22.42666667,35.29,23.2,31.29,22.29,36.4,22.79,33.7,19.7,41.4,14.5,1,21.434,27.1,22.05,34.345,20.29,36.23,13.3,767,49,6,29,2.7
100,0,22.5,35.23,23.2,31.35666667,22.23,36.06,22.79,33.64285714,19.7,41.4,14.63,1,21.55714286,26.89428571,22.23,34.65666667,20.29,35.96666667,13.5,766.9,47,6,28.66666667,2.22
350,0,22.5,34.26333333,23.13333333,31.02333333,22.29,35.93333333,22.79,33.4,19.73,41.52666667,14.82333333,1,21.72,26.6825,22.35666667,34.93,20.29,35.9,13.6,766.8,45,6,28.33333333,1.73
290,0,22.56666667,33.39666667,23,30.43,22.29,35.76,22.79,33.29285714,19.79,42.19333333,14.89,1,21.85,26.518,22.5,35.03,20.29,35.9,13.8,766.7,43,6,28,1.25
110,0,22.63333333,32.72333333,23,30.23,22.29,35.56666667,22.79,33.14,19.79,41.83333333,15.03,1,21.89,26.36142857,22.56666667,35.03,20.29,35.82666667,14,766.6,41,6,27.66666667,0.767
100,0,22.7,32.59,22.89,30.1,22.39,35.5,22.79,32.79571429,19.79,41.22666667,15.22666667,1,22,26.16,22.56666667,34.76,20.29,35.7,14.1,766.5,39,6,27.33333333,0.283
100,0,22.7,32.53,22.89,30.1,22.39,35.5,22.79,32.7,19.79,40.6,15.36,1,22.1,26.18571429,22.5,34.5,20.29,35.62666667,14.3,766.4,37,6,27,-0.2
110,0,22.76,32.66333333,22.89,30.13333333,22.39,35.56,22.79,32.75142857,19.79,40.19333333,15.42666667,1,22.218,26.296,22.5,34.22333333,20.29,35.46666667,14.4,766.3333333,37.5,6.166666667,29.16666667,0.0667
60,0,22.79,32.73,22.89,30.26,22.39,35.7,22.79,32.832,19.79,39.745,15.5,1,22.29,26.5,22.5,34.03,20.29,35.4,14.5,766.2666667,38,6.333333333,31.33333333,0.333
80,0,22.85666667,32.86333333,22.79,30.23,22.39,35.7,22.86142857,33.05714286,19.82333333,39.59,15.5,1,22.33,26.5,22.5,33.86333333,20.29,35.32666667,14.7,766.2,38.5,6.5,33.5,0.6
50,0,22.89,33,22.79,30.29,22.39,35.79,22.89,33.236,19.89,39.53,15.56666667,1,22.45285714,26.48428571,22.5,33.73,20.29,35.2,14.8,766.1333333,39,6.666666667,35.66666667,0.867
70,0,22.89,32.93333333,22.76,30.32666667,22.32333333,35.79,22.89,33.08428571,19.89,39.33333333,15.63,1,22.5,26.39,22.46333333,33.52666667,20.29,35.12666667,14.9,766.0666667,39.5,6.833333333,37.83333333,1.13
90,0,22.89,32.03333333,22.7,29.99333333,22.29,35.79,22.87,32.5,19.89,39,15.76333333,1,22.57142857,26.46857143,22.39,33.4,20.26,35.06,15,766,40,7,40,1.4
80,0,22.89,31.3,22.6,29.29333333,22.35666667,35.73,22.79,31.45,19.89,38.49,15.89,1,22.6,26.5,22.39,33.29,20.26,35,15.1,765.9166667,38.5,7,40,0.85
70,0,22.89,30.92666667,22.6,28.96,22.39,35.56,22.79,31.075,19.89,38.15666667,15.92666667,1,22.68571429,26.6,22.39,33.23,20.26,34.96666667,15.1,765.8333333,37,7,40,0.3
70,0,22.89,31.025,22.5,28.89,22.39,35.5,22.79,30.916,19.92666667,37.86333333,16.06666667,1,22.7,26.64,22.29,33.09,20.26,34.9,15.2,765.75,35.5,7,40,-0.25
60,0,22.89,30.7,22.42666667,28.22333333,22.39,35.5,22.72428571,29.99428571,20,37.65666667,16.2,1,22.7,26.62857143,22.35666667,33.03,20.23,34.73,15.3,765.6666667,34,7,40,-0.8
60,0,22.89,29.62333333,22.245,26.95,22.39,35.43333333,22.58,29.096,20,37.19333333,16.2,1,22.79,26.7,22.29,32.96666667,20.23,34.73,15.3,765.5833333,32.5,7,40,-1.35
80,0,22.82333333,28.89666667,22.1,26.4,22.39,35.2,22.5,28.42428571,20.06666667,36.86,16.2,1,22.79,26.85,22.29,32.9,20.2,34.66333333,15.4,765.5,31,7,40,-1.9
80,20,22.79,28.13333333,22.03333333,25.86666667,22.39,35.06666667,22.39,27.66,20.13333333,36.33333333,16.2,1,22.736,27,22.29,32.86333333,20.2,34.59,15.4,765.4333333,31.16666667,6.833333333,40,-1.8
70,10,22.73,27.73333333,21.92666667,25.76333333,22.39,34.76,22.39,28.13571429,20.2,36,16.1,1,22.7,27,22.29,32.79,20.29,34.56,15.4,765.3666667,31.33333333,6.666666667,40,-1.7
80,20,22.73,27.86,22,26.03,22.39,34.62666667,22.412,28.778,20.23,35.56,16.1,1,22.7,26.89,22.2,32.7,20.23,34.43333333,15.4,765.3,31.5,6.5,40,-1.6
230,10,22.79,28.19333333,22,26.36,22.5,34.56,22.5,29.42142857,20.29,35.43333333,15.96333333,1,22.7,26.89,22.2,32.66333333,20.2,34.36333333,15.5,765.2333333,31.66666667,6.333333333,40,-1.5
540,20,22.7,28.8,22,26.69333333,22.5,34.56,22.54,29.874,20.39,35.36333333,15.89,1,22.7,26.912,22.2,32.59,20.2,34.29,15.5,765.1666667,31.83333333,6.166666667,40,-1.4
380,0,22.7,29.66,22,27.19666667,22.55,35.245,22.65555556,30.36666667,20.46333333,35.43,15.8,1,22.7,26.89285714,22.1,32.65666667,20.2,34.29,15.5,765.1,32,6,40,-1.3
300,0,22.79,31.49666667,21.92666667,27.79666667,22.96,36.63333333,22.7,30.69428571,20.39,35.65666667,15.72666667,1,22.6,26.516,22.16666667,32.93,20.2,34.29,15.4,765.05,32.66666667,6,40,-1.1
300,10,22.79,31.95666667,21.89,28.52333333,23.22666667,37.23333333,22.7,30.872,20.39,35.93,15.46333333,1,22.58571429,26.26714286,22.2,33.15666667,20.2,34.26,15.3,765,33.33333333,6,40,-0.9
270,20,22.79,32.09666667,21.89,28.99666667,23.59666667,37.8,22.7,31.12571429,20.39,36.245,15.33,1,22.5,26.058,22.26,33.43,20.2,34.2225,15.2,764.95,34,6,40,-0.7
250,10,22.79,31.89,21.85666667,29.36,23.93,38.13333333,22.79,31.676,20.39,36.53,14.93333333,1,22.42142857,25.89,22.32333333,33.7,20.2,34.29,15,764.9,34.66666667,6,40,-0.5
210,20,22.7,31.89,21.79,29.69333333,24.23,38.4,22.80428571,31.89142857,20.39,36.59,14.66666667,1,22.39,25.9175,22.39,33.83333333,20.2,34.12666667,14.9,764.85,35.33333333,6,40,-0.3
110,10,22.7,31.96333333,21.79,29.96,24.35666667,38.32666667,22.89,32.036,20.39,36.73,14.36,1,22.35,26.2,22.5,34.09666667,20.2,34.06666667,14.8,764.8,36,6,40,-0.1
110,20,22.7,32.03,21.73,30.16666667,24.39,37.99666667,22.89,31.92142857,20.39,36.86333333,14.16666667,1,22.29,26.44,22.5,34.43,20.2,34.36,14.5,764.75,37.83333333,5.833333333,40,0.183
150,10,22.7,32.16333333,21.7,30.32333333,24.32333333,37.39,22.89,31.89,20.39,36.9,13.845,1,22.272,26.678,22.53333333,34.8,20.2,34.56,14.1,764.7,39.66666667,5.666666667,40,0.467
120,10,22.6,32.12666667,21.63333333,30.39,24.1,36.83333333,22.89,31.89,20.39,36.96666667,13.29333333,1,22.2,26.81857143,22.6,35.06,20.2,34.66333333,13.8,764.65,41.5,5.5,40,0.75
120,0,22.6,32.26,21.6,30.56666667,24.03333333,36.56666667,22.89,31.89,20.42666667,40.73,12.9,1,22.2,26.974,22.7,35.92666667,20.2,34.72333333,13.5,764.6,43.33333333,5.333333333,40,1.03
110,20,22.6,32.595,21.6,30.76,23.89,36.33333333,22.89,31.81857143,21.42666667,65.65666667,12.26,1,22.11428571,27.29571429,22.76,36,20.1,34.86,13.1,764.55,45.16666667,5.166666667,40,1.32
100,20,22.6,33,21.5,31.33333333,23.82333333,35.92666667,22.89,31.97,21.46666667,73.19333333,11.73333333,1,22.1,27.62,22.79,36.5,20.16666667,35.06,12.8,764.5,47,5,40,1.6
100,10,22.6,33.06,21.4175,31.75,23.76,35.79,22.89,32.31285714,21.59333333,79,11.09,1.066666667,22.07142857,27.71142857,22.79,36.83333333,20.13333333,35.12666667,12.3,764.5,48.83333333,4.833333333,40,1.62
110,20,22.56666667,33.12666667,21.32333333,32.06,23.7,35.79,22.89,32.54,21.56666667,78.89666667,10.75666667,1.466666667,22.1,28.736,22.79,36.96666667,20.13333333,35.26,11.8,764.5,50.66666667,4.666666667,40,1.63
110,10,22.5,33.26,21.29,32.36,23.56666667,35.7,22.89,32.76428571,21.42666667,76.35666667,10.56666667,2.163333333,22.1,29.02714286,22.79,36.9,20.16666667,35.4,11.3,764.5,52.5,4.5,40,1.65
110,20,22.5,33.32666667,21.23,32.5,23.5,35.76,22.9175,32.925,21.26,72.1,10.42666667,2.423333333,22.1,29.12,22.79,36.93333333,20.1,35.32666667,10.7,764.5,54.33333333,4.333333333,40,1.67
120,10,22.5,33.46666667,21.16666667,32.62666667,23.39,35.73,23,33.09,21.13333333,68.76666667,10.09,2.793333333,22.02857143,29.12857143,22.865,37.095,20.1,35.02666667,10.2,764.5,56.16666667,4.166666667,40,1.68
80,20,22.5,33.53,21.1,32.83333333,23.32333333,35.79,22.98428571,32.94,21,65.56,9.83,3.666666667,22,29.16,22.89,37.26,20.1,34.76666667,9.7,764.5,58,4,40,1.7
110,10,22.5,33.59,21,32.82666667,23.26,35.86333333,22.934,32.772,20.92666667,63.56,9.626666667,3.996666667,22,29.14285714,22.89,37.32666667,20.1,34.4,9.65,764.5333333,57.66666667,4.166666667,40,1.6
80,20,22.5,33.62666667,21,32.96666667,23.2,35.79,22.89,32.65285714,20.85666667,60.83333333,9.426666667,4.596666667,21.978,29.18,22.89,37.32666667,20.1,34.12666667,9.6,764.5666667,57.33333333,4.333333333,40,1.5
70,10,22.5,33.7,20.85666667,33.16333333,23.2,35.79,23,32.834,20.79,59.03333333,9.16,5.16,21.89,29.29571429,22.85666667,37.32666667,20.1,33.96666667,9.55,764.6,57,4.5,40,1.4
50,0,22.5,33.82666667,20.85666667,33.29666667,23.16666667,35.82666667,22.98428571,32.97142857,20.79,57.53333333,8.96,5.633333333,21.89,29.736,22.79,37.52666667,20.1,34.0725,9.5,764.6333333,56.66666667,4.666666667,40,1.3
50,0,22.42666667,33.82666667,20.76,33.62666667,23.1,35.9,22.89,32.9,20.7225,56.925,8.763333333,6.6,21.89,30.01,22.89,37.96333333,20.1,35.05666667,9.45,764.6666667,56.33333333,4.833333333,40,1.2
50,0,22.39,33.86333333,20.7,33.83333333,23.1,35.93333333,22.89,32.9,20.7,56.62666667,8.763333333,7.2,21.87,30.274,22.89,38.16333333,20.1,35.8,9.4,764.7,56,5,40,1.1
50,0,22.39,33.86333333,20.6,34.06666667,23.1,36,22.89,32.9,20.6,56.22333333,8.8,7.495,21.79,30.49714286,22.89,38.43333333,20.1,36.13333333,9.32,764.6666667,56.66666667,5,40,1.17
60,0,22.39,33.9,20.6,34.33333333,23.06666667,36,22.80428571,32.76714286,20.6,55.96333333,8.566666667,8.133333333,21.83,30.7,22.82333333,38.5,20.1,36.43333333,9.23,764.6333333,57.33333333,5,40,1.23
40,0,22.39,33.96666667,20.5,34.53,23,36,22.79,32.79,20.6,55.63333333,8.5,9,21.80428571,30.91142857,22.79,38.5,20.1,36.56,9.15,764.6,58,5,40,1.3
60,0,22.29,34.09,20.42666667,34.66333333,23,36.09,22.79,32.82142857,20.6,55.36,8.5,9.366666667,21.79,31.138,22.73,38.56,20.1,36.82666667,9.07,764.5666667,58.66666667,5,40,1.37
60,0,22.29,34.16333333,20.35666667,34.86,23,36.09,22.79,32.9,20.56666667,55.02666667,8.426666667,9.7,21.79,31.29,22.7,38.73,20.1,36.96666667,8.98,764.5333333,59.33333333,5,40,1.43
50,0,22.29,34.23,20.29,35.06,22.92666667,36.09,22.71285714,32.95714286,20.5,54.69333333,8.433333333,10.06333333,21.79,31.434,22.7,38.86333333,20.1,37.12666667,8.9,764.5,60,5,40,1.5
60,0,22.29,34.3175,20.26,35.29,22.92666667,36.09,22.7,33,20.5,54.29666667,8.3,10.59666667,21.79,31.625,22.6,39.06666667,20.1,37.26,8.77,764.5,60.66666667,4.833333333,40,1.52
40,0,22.23,34.32666667,20.2,35.3975,22.89,36.09,22.67142857,32.97142857,20.5,53.96333333,8.263333333,11.06333333,21.71285714,31.80857143,22.6,39.26,20.1,37.32666667,8.63,764.5,61.33333333,4.666666667,40,1.53
50,0,22.2,34.29,20.13333333,35.63333333,22.89,36.16333333,22.6,32.9,20.5,53.52666667,8.13,11.19,21.7,31.996,22.6,39.62666667,20.1,37.4,8.5,764.5,62,4.5,40,1.55
20,0,22.2,34.36333333,20.1,35.82666667,22.85666667,36.2,22.6,32.95714286,20.42666667,53.13333333,8,11.75666667,21.7,32.22571429,22.53333333,39.83333333,20.1,37.4,8.37,764.5,62.66666667,4.333333333,40,1.57
30,0,22.2,34.43333333,20.03333333,35.9,22.79,36.2,22.6,33,20.39,52.63333333,7.866666667,12.03,21.7,32.4,22.5,40.15666667,20.1,37.46666667,8.23,764.5,63.33333333,4.166666667,40,1.58
30,0,22.2,34.5,20,36,22.76,36.12666667,22.57142857,33,20.39,52.36,7.526666667,12.65666667,21.7,32.55285714,22.5,40.47,20.13333333,37.59,8.1,764.5,64,4,40,1.6
60,0,22.16666667,34.53,19.92666667,36.06,22.7,36.2,22.5,33,20.39,52.06,7.4,13.46333333,21.7,32.718,22.42666667,40.59,20.13333333,37.66333333,8.03,764.5,64.5,4,40,1.65
60,0,22.1,34.59,19.89,36.12666667,22.7,36.2,22.5,33,20.39,51.86,7.263333333,13.93,21.7,32.86857143,22.39,40.93333333,20.13333333,37.73,7.97,764.5,65,4,40,1.7
60,0,22.1,34.59,19.82333333,36.12666667,22.7,36.2,22.5,33,20.39,51.56,7.063333333,14.46333333,21.7,33,22.39,41.06,20.2,37.79,7.9,764.5,65.5,4,40,1.75
50,0,22.1,34.66333333,19.79,36.23,22.7,36.2,22.46857143,32.97142857,20.39,51.43333333,6.763333333,15.7,21.7,33,22.39,41.12666667,20.2,37.9,7.83,764.5,66,4,40,1.8
50,0,22.1,34.7,19.73,36.36333333,22.7,36.2,22.39,32.9,20.29,51.16333333,6.623333333,16.9,21.7,33.018,22.39,41.26,20.2,37.925,7.77,764.5,66.5,4,40,1.85
40,0,22.1,34.7,19.7,36.43333333,22.7,36.2,22.39,32.92857143,20.29,51.03,6.59,18.4,21.67142857,33.09,22.32333333,41.4,20.2,38,7.7,764.5,67,4,40,1.9
50,0,22,34.7,19.7,36.5,22.7,36.2,22.39,33,20.29,50.845,6.626666667,18.59666667,21.7,33.156,22.32333333,41.46666667,20.2,38.09,7.55,764.4333333,67.83333333,4,40,1.93
50,0,22,34.7,19.6,36.53,22.7,36.26,22.37,33,20.29,50.66333333,6.433333333,19.06333333,21.64285714,33.12142857,22.35666667,41.59,20.2,38.16333333,7.4,764.3666667,68.66666667,4,40,1.97
60,0,22,34.7,19.6,36.66333333,22.7,36.2,22.31857143,33,20.23,50.46333333,6.466666667,19.63333333,21.6,33.09,22.29,41.59,20.2,38.23,7.25,764.3,69.5,4,40,2
60,0,22,34.76,19.5,36.73,22.7,36.26,22.29,33,20.29,50.36333333,6.4,19.82666667,21.6,33.12142857,22.29,41.59,20.13333333,38.29,7.1,764.2333333,70.33333333,4,40,2.03
60,0,21.96333333,34.79,19.42666667,36.79,22.79,36.29,22.29,33,20.23,50.23,6.466666667,20.49333333,21.6,33.236,22.29,41.66333333,20.2,38.4,6.95,764.1666667,71.16666667,4,40,2.07
50,0,21.89,34.86333333,19.39,36.9,22.85666667,36.36333333,22.29,33.054,20.2,50.06,6.4,20.56666667,21.6,33.29,22.23,41.53,20.2,38.4,6.8,764.1,72,4,40,2.1
50,0,21.89,34.9,19.39,36.96666667,22.89,36.53,22.26428571,33.06428571,20.2,50,6.263333333,20.26666667,21.6,33.29,22.29,41.66333333,20.2,38.43333333,6.8,764.0166667,71.83333333,4,40,2.07
40,0,21.89,34.9,19.39,37.03,22.89,36.59,22.2,33.036,20.2,49.86333333,6.123333333,21.06,21.6,33.29,22.23,41.5,20.2,38.5,6.8,763.9333333,71.66666667,4,40,2.03
50,0,21.89,35,19.315,37.195,22.89,36.59,22.2,33.09,20.2,49.73,6.06,22.29333333,21.6,33.334,22.23,41.36,20.2,38.53,6.8,763.85,71.5,4,40,2
50,0,21.89,35,19.29,37.29,22.89,36.66333333,22.2,33.09,20.16666667,49.66333333,6,23.16666667,21.57142857,33.53714286,22.2,41.26,20.2,38.59,6.8,763.7666667,71.33333333,4,40,1.97
50,0,21.82333333,35,19.29,37.32666667,22.92666667,36.7,22.2,33.09,20.1,49.59,5.866666667,23.29333333,21.6,33.612,22.2,41.2,20.2,38.62666667,6.8,763.6833333,71.16666667,4,40,1.93
60,10,21.79,35,19.23,37.4,22.92666667,36.76,22.2,33.09,20.13333333,49.5,5.866666667,24.29333333,21.55714286,33.62142857,22.2,41.2,20.2,38.76,6.8,763.6,71,4,40,1.9
50,0,21.79,35,19.2,37.4,23,36.79,22.11428571,33.09,20.13333333,49.43333333,5.8,24.95666667,21.5,33.59,22.2,41.2,20.2,38.82666667,6.8,763.5666667,71.16666667,4,38.16666667,1.93
40,0,21.79,35,19.13333333,37.46666667,23,36.79,22.1,33.156,20.16666667,49.36333333,5.726666667,25.62333333,21.5,33.59,22.2,41.09,20.2,38.9,6.8,763.5333333,71.33333333,4,36.33333333,1.97
30,0,21.79,35.06,19.1,37.59,23,36.79,22.1,33.2,20.1,49.23,5.526666667,25.66333333,21.5,33.7175,22.1,41.09,20.2,38.9,6.8,763.5,71.5,4,34.5,2
30,0,21.76,35.09,19.1,37.59,23,36.79,22.1,33.2,20.1,49.2,5.333333333,26.52333333,21.5,33.856,22.16666667,41.03,20.2,38.96666667,6.8,763.4666667,71.66666667,4,32.66666667,2.03
30,0,21.7,35.16333333,19.06666667,37.7,22.945,36.9,22.1,33.2,20.1,49.12666667,5.245,27.995,21.5,33.9,22.06666667,41,20.2,39,6.8,763.4333333,71.83333333,4,30.83333333,2.07
60,0,21.7,35.2,19,37.7,22.89,37,22.08,33.236,20.1,49.06,5.026666667,28.46666667,21.5,34,22.06666667,41.13333333,20.2,39.0675,6.8,763.4,72,4,29,2.1
40,0,21.7,35.2,19,37.79,22.89,37,22,33.2,20.1,49,4.693333333,28.32666667,21.5,34.05142857,22,41.12666667,20.2,39.09,6.6,763.4,72.66666667,3.833333333,29,2.02
60,0,21.7,35.23,18.92666667,37.79,22.89,37,22,33.2,20.1,49,4.366666667,30.19,21.5,34.052,22.06666667,41.26,20.2,39.2,6.4,763.4,73.33333333,3.666666667,29,1.93
50,0,21.7,35.29,18.89,37.82666667,22.89,37,22,33.2,20.1,48.9,4.226666667,30.93,21.5,33.97142857,22,41.16333333,20.2,39.2,6.2,763.4,74,3.5,29,1.85
60,0,21.66666667,35.26,18.89,37.9,22.89,37,22,33.2,20.03333333,48.76666667,4.19,32.93333333,21.5,34,22,41.16333333,20.2,39.23,6,763.4,74.66666667,3.333333333,29,1.77
50,0,21.6,35.2,18.85666667,37.96666667,22.89,37,22,33.2,20.03333333,48.7,4.263333333,34.26666667,21.43714286,34.01142857,22.06666667,41.16333333,20.2,39.29,5.8,763.4,75.33333333,3.166666667,29,1.68
60,0,21.6,35.29,18.79,37.9,22.89,37.06,22,33.2,20.03333333,48.7,4.4,34.8,21.39,33.96,22,41.09,20.2,39.4,5.6,763.4,76,3,29,1.6
80,0,21.6,35.29,18.79,38.03,22.89,37.06,22,33.25625,20,48.29333333,4.4,34.6,21.43714286,34.03857143,22,41.09,20.2,39.4,5.33,763.3833333,77,2.833333333,29,1.52
60,0,21.6,35.92666667,18.79,38.49666667,22.85666667,36.9,21.92142857,33.29,20.06666667,47.03333333,4.366666667,35.2,21.39,33.96,22,41.09,20.2,39.4,5.07,763.3666667,78,2.666666667,29,1.43
60,20,21.6,36.46,18.7,39.3,22.79,36.56666667,21.934,33.376,20.1,45.96,4.366666667,35.66666667,21.39,33.9,22,41.12666667,20.2,39.4,4.8,763.35,79,2.5,29,1.35
70,10,21.6,36.4,18.7,39.595,22.7,36.4,21.92142857,33.52571429,20.1,45.5,4.466666667,35.5,21.39,33.938,22,41.2,20.2,39.4,4.53,763.3333333,80,2.333333333,29,1.27
80,20,21.6,36.5,18.7,39.76,22.7,36.4,21.934,33.736,20.1,45.09,4.4,35.43333333,21.39,34.09,22,41.12666667,20.2,39.26666667,4.27,763.3166667,81,2.166666667,29,1.18
70,10,21.6,36.5,18.7,39.93333333,22.6,36.29,22,33.93857143,20.1,45.595,4.4,35.6,21.39,34.2,21.92666667,41.26,20.2,39.09,4,763.3,82,2,29,1.1
120,0,21.6,36.65666667,18.7,40.06,22.6,36.23,22,34.236,20.1,45.72666667,4.466666667,35.86,21.39,34.38285714,22,41.32666667,20.2,39.09,4.02,763.2833333,81.83333333,2,28.5,1.1
50,0,21.6,36.79,18.7,40.26,22.63333333,35.93333333,22,34.12142857,20.1,46.33333333,4.623333333,35.99,21.39,34.378,21.92666667,41.32666667,20.13333333,38.96666667,4.03,763.2666667,81.66666667,2,28,1.1
50,0,21.6,36.93333333,18.7,40.33333333,22.63333333,35.86,22,34,20.06666667,46.79,4.7425,36.015,21.39,34.22571429,21.96333333,41.06,20.2,38.9,4.05,763.25,81.5,2,27.5,1.1
50,0,21.6,37,18.7,40.43,22.63333333,35.93333333,22,33.94285714,20,46.86333333,5.026666667,35.83,21.39,33.96,21.89,40.82,20.2,38.76,4.07,763.2333333,81.33333333,2,27,1.1
30,0,21.6,37.09,18.76,40.29,22.63333333,35.93333333,22,33.9,20,47,5.26,35.12333333,21.39,33.78571429,21.89,40.62666667,20.2,38.62666667,4.08,763.2166667,81.16666667,2,26.5,1.1
30,0,21.53333333,37.03,18.79,40.16333333,22.7,36,22,33.9,20,47,5.526666667,34.45666667,21.37,33.616,21.89,40.46666667,20.1,38.56,4.1,763.2,81,2,26,1.1
30,0,21.5,36.96666667,18.79,40.09,22.6,35.93333333,21.956,33.856,20,47,5.866666667,33.66,21.29,33.47142857,21.82333333,40.19333333,20.1,38.425,4.45,763.15,80.66666667,2.166666667,26,1.38
30,0,21.5,36.9,18.89,40.09,22.6,35.93333333,21.89,33.88428571,20,47,6.2,32.99333333,21.35,33.29,21.79,40.02666667,20.1,38.32666667,4.8,763.1,80.33333333,2.333333333,26,1.67
60,0,21.5,36.9,18.96333333,39.96333333,22.6,35.79,21.956,33.92,20,46.96666667,6.693333333,32.2,21.29,33.21285714,21.79,39.9,20.1,38.2,5.15,763.05,80,2.5,26,1.95
60,0,21.5,36.9,19.1,39.76,22.53333333,35.79,21.96857143,34.02571429,20,46.8725,7.026666667,30.72666667,21.29,33.116,21.79,39.76,20.1,38.12666667,5.5,763,79.66666667,2.666666667,26,2.23
50,0,21.5,36.9,19.16666667,39.62666667,22.53333333,35.76,21.934,34.134,20,46.79,7.463333333,28.95666667,21.29,32.9875,21.73,39.7,20.2,37.93,5.85,762.95,79.33333333,2.833333333,26,2.52
50,0,21.5,36.9,19.36,39.5,22.6,35.7,21.90571429,34.21285714,20,46.7,7.93,27.09666667,21.29,32.86857143,21.7,39.59,20.2,37.73,6.2,762.9,79,3,26,2.8
50,0,21.5,36.9,19.63333333,39.3,22.7,35.76,21.956,34.29,20,46.62666667,8.893333333,24.59666667,21.29,32.754,21.7,39.59,20.23,37.59,6.55,762.8666667,77.5,3.166666667,26.33333333,2.85
50,0,21.5,36.96666667,20.16333333,38.59333333,22.7,35.62666667,22,34.32142857,20,46.5,9.5,20.59666667,21.29,32.7,21.7,39.46666667,20.29,37.53,6.9,762.8333333,76,3.333333333,26.66666667,2.9
50,0,21.5,37.03,20.43,38.06666667,22.7,35.59,22.04,34.44,20,46.43333333,9.756666667,17.86666667,21.272,32.616,21.7,39.4,20.29,37.4,7.25,762.8,74.5,3.5,27,2.95
60,0,21.5,37.09,20.53333333,37.86333333,22.7,35.59,22.1,34.55142857,20,46.29,10.03,16.93333333,21.23857143,32.53857143,21.6,39.26,20.35666667,37.46666667,7.6,762.7666667,73,3.666666667,27.33333333,3
50,0,21.5,37.12666667,20.66666667,37.73,22.7,35.59,22.12,34.59,20,46.23,10.7,15.36,21.236,32.5,21.6,39.26,20.39,37.5,7.95,762.7333333,71.5,3.833333333,27.66666667,3.05
60,0,21.5,37.2675,21.45,37.245,22.76,35.53,22.2,34.62142857,20,46.06,11.56666667,13.22666667,21.26428571,32.45714286,21.6,39.2,20.39,37.36,8.3,762.7,70,4,28,3.1
50,0,21.56666667,37.29,22.09666667,36.29666667,22.73,35.5,22.29,34.79,20,45.93333333,12.19666667,9.433333333,21.29,32.44,21.6,39.2,20.39,37.43333333,8.63,762.6833333,69.5,4,27.83333333,3.3
50,0,21.6,37.32666667,22.43,35.83,22.79,35.5,22.34714286,34.79,20,45.76,12.72333333,8.366666667,21.29,32.4,21.56666667,39.2,20.39,37.63333333,8.97,762.6666667,69,4,27.66666667,3.5
50,0,21.6,37.4,22.43,35.4,22.7,35.59,22.39,34.79,20,45.7,13.05,6.85,21.254,32.32,21.56666667,39.2,20.32333333,37.73,9.3,762.65,68.5,4,27.5,3.7
50,0,21.6,37.4,22.23,35.46666667,22.7,35.66333333,22.39,34.79,20,45.5,13,6.756666667,21.23857143,32.23857143,21.5,39.2,20.32333333,37.79,9.63,762.6333333,68,4,27.33333333,3.9
50,0,21.6,37.46666667,22.2,35.7,22.7,35.7,22.39,34.79,20,45.43333333,13.06666667,6.696666667,21.29,32.29,21.5,39.2,20.29,37.9,9.97,762.6166667,67.5,4,27.16666667,4.1
60,0,21.7,37.59,22.4,35.7,22.7,35.7,22.5,35,20,45.29,13.35666667,6.133333333,21.25142857,32.17857143,21.5,39.09,20.29,37.96666667,10.3,762.6,67,4,27,4.3
70,0,21.7,37.66333333,22.89333333,35.12333333,22.7,35.7,22.5,35,20,45.23,14.02333333,5.133333333,21.29,32.2,21.5,39.12666667,20.29,38.12666667,10.7,762.6166667,65.33333333,4,27.16666667,4.27
70,0,21.73,37.7,23.1,34.59666667,22.7225,35.7225,22.56,35,20,45.16333333,14.49,4.456666667,21.29,32.2,21.5,39.12666667,20.29,38.2,11,762.6333333,63.66666667,4,27.33333333,4.23
40,0,21.79,37.76,23.1,34.5,22.79,35.79,22.57142857,35.06428571,20,45.09,14.63,3.456666667,21.29,32.2,21.39,39.09,20.29,38.145,11.4,762.65,62,4,27.5,4.2
40,0,21.79,37.73,23.1,34.5,22.79,35.79,22.6,35.2,20,45.09,14.75666667,3.36,21.29,32.16857143,21.39,39.09,20.29,38.2,11.8,762.6666667,60.33333333,4,27.66666667,4.17
30,0,21.79,37.79,23.13333333,34.46666667,22.79,35.79,22.6,35.27714286,20,45.0225,15.16333333,2.16,21.29,32.09,21.5,39.2,20.29,38.26,12.1,762.6833333,58.66666667,4,27.83333333,4.13
50,0,21.79,37.79,23.2,34.32666667,22.7,35.82666667,22.62,35.356,20,45,15.89,1.5,21.29,32.09,21.42666667,39.12666667,20.29,38.4,12.5,762.7,57,4,28,4.1
50,0,21.85666667,37.86333333,23.29,34.26,22.7,35.9,22.7,35.4,20,44.86333333,16.49666667,1.033333333,21.29,32.09,21.39,39.12666667,20.29,38.4,12.8,762.6666667,57.16666667,4,30,4.43
60,0,21.89,37.9,23.35666667,34.2,22.7,35.96666667,22.7,35.29,20,44.79,17.36666667,1,21.29,32.09,21.39,39.2,20.29,38.4,13.1,762.6333333,57.33333333,4,32,4.77
50,0,21.89,37.9,23.53333333,34.02666667,22.7,35.96666667,22.71285714,35.29,20,44.7,17.96666667,1,21.39,32.054,21.39,39.2,20.29,38.32666667,13.4,762.6,57.5,4,34,5.1
60,0,21.92666667,37.86333333,23.66666667,33.82666667,22.7,36,22.79,35.29,20,44.62666667,18.43,1,21.40571429,32,21.39,39.2,20.29,38.29,13.8,762.5666667,57.66666667,4,36,5.43
60,0,22,37.73,23.7,33.72333333,22.76,36,22.79,35.26428571,20.06666667,44.66333333,18.35666667,1,21.478,31.958,21.39,39.2,20.29,38.23,14.1,762.5333333,57.83333333,4,38,5.77
50,0,22.1,37.7,23.7,33.59,22.79,36,22.89,35.29,20,44.59,18.46,1,21.46857143,31.83285714,21.39,39.2,20.29,38.2,14.4,762.5,58,4,40,6.1
50,0,22.175,37.7,23.7,33.5,22.79,36.06,22.89,35.23857143,20.1,44.59,18.79333333,1,21.525,31.7,21.39,39.09,20.29,38.2,14.7,762.4333333,55.66666667,4,40,5.72
50,0,22.2,37.62666667,23.7,33.5,22.79,36.09,22.89,35.2,20.1,44.53,19.1,1,21.6,31.56,21.32333333,39.03,20.29,38.2,15,762.3666667,53.33333333,4,40,5.33
50,0,22.29,37.56,23.7,33.5,22.79,36.09,22.89,35.2,20.1,44.5,19.16666667,1,21.65714286,31.5,21.32333333,38.9,20.29,38.2,15.3,762.3,51,4,40,4.95
50,0,22.29,37.43333333,23.7,33.46666667,22.79,36.09,23,35.2,20.1,44.5,19.65,1,21.754,31.478,21.32333333,38.9,20.29,38.09,15.6,762.2333333,48.66666667,4,40,4.57
50,0,22.32333333,37.03333333,23.7,33.32666667,22.85666667,36.16333333,23,35.12428571,20.1,44.43,19.53,1,21.79,31.29285714,21.29,38.9,20.29,38.09,15.9,762.1666667,46.33333333,4,40,4.18
60,0,22.39,36.5,23.66666667,32.4,22.89,36.16333333,23,34.918,20.1,44.09666667,19.39,1,21.89,30.956,21.29,38.82666667,20.29,38,16.2,762.1,44,4,40,3.8
50,0,22.5,35.99,23.6,32.33333333,22.89,36.09,23,34.79,20.1,43.4,19.35666667,1,21.99857143,30.73857143,21.29,38.66333333,20.29,37.93333333,16.4,761.9666667,43.33333333,4.166666667,40,3.73
60,0,22.5,35.93,23.6,32.73,22.89,36.06,23,34.7,20.16666667,43.06666667,19.43,1,22.12,30.498,21.29,38.4975,20.29,37.79,16.5,761.8333333,42.66666667,4.333333333,40,3.67
70,0,22.6,36.69666667,23.6,32.73,22.89,35.95,23,34.49714286,20.2,42.72333333,19.46333333,1,22.26428571,30.26428571,21.29,38.32666667,20.29,37.73,16.6,761.7,42,4.5,40,3.6
70,0,22.6,36.03,23.5,32.59,22.89,35.93333333,23,34.378,20.2,42.53,19.59666667,1,22.33,29.956,21.29,38.16333333,20.29,37.645,16.8,761.5666667,41.33333333,4.666666667,40,3.53
60,0,22.73,35.86333333,23.5,32.53,22.89,35.93333333,23,34.21875,20.2,42.26,20,1,22.39,29.73857143,21.29,38.03,20.29,37.49,16.9,761.4333333,40.66666667,4.833333333,40,3.47
70,0,22.79,35.59666667,23.46333333,32.13,22.89,36,23,33.67142857,20.2,41.73333333,19.92666667,1,22.412,29.54,21.39,37.83333333,20.29,37.29,17.1,761.3,40,5,40,3.4
40,0,22.76,34.55666667,23.32333333,31.32333333,22.96333333,35.83333333,22.956,33.054,20.34,39.9,20,1,22.45285714,29.39285714,21.32333333,37.62666667,20.29,37.29,17.3,761.2333333,40,5,40,3.6
60,0,22.7,33.89,23.29,31,22.89,35.56666667,22.92142857,32.94285714,20.42666667,38.63333333,20,1,22.5,29.2,21.39,37.46666667,20.29,37.29,17.6,761.1666667,40,5,40,3.8
60,0,22.79,33.86,23.29,31.06666667,22.92666667,35.26,22.956,32.9,20.5,38.36,20.13333333,1,22.58571429,29.14285714,21.39,37.32666667,20.23,37.2,17.8,761.1,40,5,40,4
60,10,22.79,34.06,23.29,31.16333333,23,35.2,23,32.97142857,20.6,38.2,20.4,1,22.66,29.12,21.39,37.16333333,20.29,37.12666667,18,761.0333333,40,5,40,4.2
80,0,22.89,34.55666667,23.35666667,31.35666667,23,35.2,23,33,20.66666667,38.26,20.66333333,1,22.72571429,28.96857143,21.39,37.09,20.26,36.96666667,18.3,760.9666667,40,5,40,4.4
60,0,22.96333333,35.03,23.39,31.53333333,23,35.2,23,33.05142857,20.73,38.32666667,20.93,1,22.79,28.754,21.39,37.06666667,20.26,36.9,18.5,760.9,40,5,40,4.6
60,0,23,34.96666667,23.39,31.66666667,23.03333333,35.32666667,23,33.09,20.79,38.32666667,21.16333333,1,22.80428571,28.65714286,21.46333333,37.4,20.2,36.7,18.6,760.8,39.33333333,4.833333333,40,4.42
50,0,23,34.9,23.39,31.73,23.1,35.32666667,23,33.16857143,20.79,38.29,21.29,1,22.83,28.62,21.53333333,37.65666667,20.2,36.7,18.6,760.7,38.66666667,4.666666667,40,4.23
50,0,23.1,35,23.39,31.85666667,23,35.29,23,33.2,20.85666667,38.36333333,21.29,1,22.79,28.5,21.66666667,37.86333333,20.29,36.7,18.6,760.6,38,4.5,40,4.05
80,0,23.1,35,23.34,31.89,23,35.29,23,33.21285714,20.89,38.36333333,21.29,1,22.7,28.35,21.79,38.23,20.23,36.62666667,18.7,760.5,37.33333333,4.333333333,40,3.87
80,0,23.1,35,23.35666667,32.03,23,35.29,22.978,33.254,20.89,38.23,21.09666667,1,22.7,28.29,21.79,38.29,20.23,36.53,18.8,760.4,36.66666667,4.166666667,40,3.68
110,0,23.06666667,34.93,23.29,32.09,23,35.36333333,22.89,33.39714286,20.92666667,38.29,20.9175,1,22.64,28.31,21.89,38.29,20.29,36.59,18.8,760.3,36,4,40,3.5
80,0,23,34.79,23.26,32.2,23,35.32666667,22.9175,33.6175,20.92666667,38.23,20.92666667,1,22.6,28.42142857,21.96333333,38.36333333,20.2,36.46666667,18.8,760.2333333,36.16666667,4,40,3.47
90,0,23,34.79,23.2,32.2,23,35.4,22.9725,33.7,20.92666667,38.2,20.66666667,1,22.6,28.6,22.03333333,38.4,20.2,36.4,18.7,760.1666667,36.33333333,4,40,3.43
90,0,23,34.86333333,23.16666667,32.4,23.1,35.43333333,23,33.79,21,38.2,20.6,1,22.55714286,28.79,22.1,38.32666667,20.2,36.4,18.6,760.1,36.5,4,40,3.4
70,0,23,34.9,23.1,32.52666667,23.1,35.5,22.90571429,33.79,21,38.2,20.53333333,1,22.56666667,28.87333333,22.15,38.29,20.2,36.32666667,18.6,760.0333333,36.66666667,4,40,3.37
80,0,23,34.9,23.1,32.7,23.1,35.5,22.89,33.856,21,38.2,20.66666667,1,22.5,28.95285714,22.2,38.32666667,20.2,36.29,18.6,759.9666667,36.83333333,4,40,3.33
80,0,23,34.93333333,23.1,32.76,23.1,35.43333333,22.89,33.9,21,38.2,20.7,1,22.5,29.02,22.26,38.4,20.2,36.2,18.5,759.9,37,4,40,3.3
120,0,23,35,23.1,32.82666667,23.1,35.5,22.89,33.94,21,38.2,20.56666667,1,22.5,29.19714286,22.29,38.29,20.2,36.2,18.4,759.8833333,38.33333333,4,38.16666667,3.75
230,0,23,35.16666667,23.03333333,32.82666667,23.2,35.5,22.89,34.05142857,21,38.2,20.22666667,1,22.456,29.5,22.32333333,38.32666667,20.2,36.09,18.4,759.8666667,39.66666667,4,36.33333333,4.2
310,0,23,35.89333333,23,32.96333333,23.13333333,35.56,22.89,34.112,21,38.32,19.89333333,1,22.39,29.76714286,22.456,38.46,20.2,36.16333333,18.4,759.85,41,4,34.5,4.65
360,0,23.03333333,37.59666667,23,33.29666667,23.2,35.62666667,22.89,34.2,21,38.69333333,19.6,1,22.39,30.138,22.5,38.56,20.2,36.2,18.3,759.8333333,42.33333333,4,32.66666667,5.1
110,0,23.1,37.99,23,33.92666667,23.2,35.7,22.89,34.218,21.1,39.63,19.53333333,1,22.39,30.29,22.53333333,38.59,20.2,36.2,18.3,759.8166667,43.66666667,4,30.83333333,5.55
120,0,23.13333333,38.86333333,23,34.59333333,23.23,35.96333333,22.89,34.29,21.1,40.49666667,19.32666667,1,22.39,30.15,22.6,38.46333333,20.2,36.29,18.2,759.8,45,4,29,6
120,0,23.2,38.79666667,23,35.19333333,23.23,36.03,22.89,34.29,21.1,40.93333333,19.2,1,22.39,30.04285714,22.6,38.09,20.2,36.29,18,759.7666667,45.5,4,30.83333333,5.98
440,10,23.2,38.52666667,23,35.46666667,23.2,36.23,22.89,34.29,21.16666667,40.93333333,19.06666667,1,22.34,30,22.6,38.16333333,20.2,36.29,17.9,759.7333333,46,4,32.66666667,5.97
150,0,23.2,38.19333333,22.96333333,35.62666667,23.2,36.36333333,22.934,34.312,21.16666667,40.76,19,1,22.29,30.07142857,22.7,38.29,20.2,36.29,17.7,759.7,46.5,4,34.5,5.95
130,0,23.2,37.96666667,22.89,35.7,23.29,36.59,22.89,34.44285714,21.16666667,40.62666667,18.76,1,22.29,30.1,22.745,38.345,20.2,36.29,17.5,759.6666667,47,4,36.33333333,5.93
120,0,23.175,37.7225,22.85666667,35.56,23.29,36.59,22.89,34.5075,21.16666667,40.33333333,18.6,1,22.23857143,30.05714286,22.82333333,38.43333333,20.2,36.36333333,17.4,759.6333333,47.5,4,38.16666667,5.92
150,10,23.1,37.79666667,22.79,35.475,23.26,36.56,22.89,34.59,21.1,40.46,18.13333333,1,22.2,30.3675,22.89,38.5,20.2,36.29666667,17.2,759.6,48,4,40,5.9
130,0,23.1,37.52666667,22.73,35.26666667,23.2,36.5,22.89,34.59,21,40.86,17.86,1,22.2,31.016,22.89,38.36333333,20.2,35.75666667,16.9,759.5833333,49.33333333,4,40,6.03
130,0,23.1,37.26666667,22.66666667,35.09,23.2,36.5,22.89,34.47142857,21,41.06,17.495,1,22.2,31.645,22.89,38.23,20.2,35.32666667,16.6,759.5666667,50.66666667,4,40,6.17
130,0,23.1,37.2,22.6,35.16333333,23.2,36.5,22.89,34.356,20.89,41.23,17.13333333,1,22.2,32.0575,23,38.29,20.2,35.52666667,16.4,759.55,52,4,40,6.3
130,0,23.03333333,37.2,22.5,35.29,23.2,36.46666667,22.89,34.29,20.89,41.36333333,16.86,1,22.2,32.29,23,38.36333333,20.2,35.73,16.1,759.5333333,53.33333333,4,40,6.43
100,0,23,37.16333333,22.5,35.36333333,23.2,36.4,22.89,34.29,20.79,41.29,16.43,1,22.2,32.44142857,23,38.46333333,20.2,35.73,15.8,759.5166667,54.66666667,4,40,6.57
90,0,23,37.09,22.39,35.36333333,23.2,36.46666667,22.89,34.22571429,20.79,41.36333333,16.29,1,22.2,32.518,23,38.72333333,20.2,35.6,15.5,759.5,56,4,40,6.7
120,0,23,37.06,22.32333333,35.29,23.125,36.425,22.89,34.156,20.79,41.4,16.22666667,1,22.2,32.67857143,23,39,20.2,35.26,15.3,759.5166667,56.66666667,3.833333333,40,6.63
410,0,22.92666667,37.13333333,22.26,35.4,23.1,36.5,22.89,34.09,20.73,41.46666667,16.03333333,1,22.2,32.96,23,39.06,20.13333333,35.12666667,15,759.5333333,57.33333333,3.666666667,40,6.57
200,0,22.89,37.2,22.2,35.4,23,36.4,22.89,34.09,20.7,41.5,15.82333333,1,22.22571429,32.99714286,23,39.19333333,20.1,34.83333333,14.8,759.55,58,3.5,40,6.5
110,0,22.89,37.26,22.1,35.5,23,36.4,22.89,34.09,20.7225,41.6,15.63,1,22.2,32.9,23,39.59,20.1,34.7,14.6,759.5666667,58.66666667,3.333333333,40,6.43
120,0,22.89,37.2,22.1,35.56,23,36.4,22.89,34.09,20.79,42.36,15.56666667,1,22.2,32.9,22.92666667,39.53,20.1,34.56,14.3,759.5833333,59.33333333,3.166666667,40,6.37
70,10,22.89,37.12666667,22.06666667,35.66333333,23,36.32666667,22.87571429,34.07714286,20.7,42.52666667,15.42666667,1,22.2,32.9,22.89,39.5,20.1,34.43333333,14.1,759.6,60,3,40,6.3
70,0,22.89,37.2,22,35.66333333,23,36.4,22.85,34.138,20.7,42.4,15.26333333,1,22.14,33.134,22.89,39.56,20.1,34.46333333,14.2,759.6333333,59.16666667,3,40,6.17
70,0,22.89,37.12666667,21.89,35.79,23,36.4,22.89,34.29,20.7,42.4,15.13,1.26,22.17142857,33.35428571,22.92666667,39.89,20.1,35.33,14.3,759.6666667,58.33333333,3,40,6.03
60,0,22.89,37.06,21.89,35.86333333,23,36.43333333,22.89,34.334,20.7,42.4,15,2.066666667,22.14,33.54,22.92666667,40.29666667,20.1,36.42666667,14.4,759.7,57.5,3,40,5.9
70,0,22.89,37,21.76,35.96333333,23.06666667,36.56,22.89,34.4,20.7,42.5,15,2.126666667,22.1,33.72571429,23,40.96333333,20.1,36.9,14.4,759.7333333,56.66666667,3,40,5.77
70,0,22.89,37,21.7,36.16333333,23.1,36.59,22.89,34.46,20.63333333,42.5,14.96333333,2.29,22.1,34.036,22.92666667,41.22333333,20.13333333,37.23,14.5,759.7666667,55.83333333,3,40,5.63
80,0,22.89,37,21.7,36.43333333,23.1,36.59,22.89,34.5,20.6,42.5,14.83,2.563333333,22.1,34.38142857,22.89,41.53,20.13333333,37.36333333,14.6,759.8,55,3,40,5.5
70,0,22.84,36.95,21.63333333,36.56,23.1,36.7,22.89,34.5,20.6,42.5,14.66,3.433333333,22.1,34.576,22.89,41.66333333,20.1,37.53,14.4,759.8666667,56,3,40,5.62
70,0,22.85666667,36.96666667,21.55,36.745,23.1,36.7,22.89,34.55142857,20.6,42.59,14.3925,4.8225,22.1,34.76428571,22.89,41.86,20.1,37.66333333,14.3,759.9333333,57,3,40,5.73
70,0,22.85666667,36.96666667,21.5,36.93333333,23.1,36.7,22.89,34.59,20.6,42.59,14.13,5.796666667,22.1,35.036,22.89,42.06,20.2,37.82666667,14.1,760,58,3,40,5.85
60,0,22.79,36.93333333,21.42666667,37,23.1,36.7,22.89,34.63125,20.6,42.59,14,6.126666667,22.1,35.15285714,22.89,42.36,20.2,37.9,13.9,760.0666667,59,3,40,5.97
70,0,22.79,37,21.39,37.12666667,23.2,36.79,22.89,34.7,20.6,42.59,14,5.933333333,22.1,35.2,22.82333333,42.56,20.2,38.03,13.8,760.1333333,60,3,40,6.08
60,0,22.79,37.03,21.32333333,37.26,23.2,36.86333333,22.85,34.754,20.6,42.7,13.96333333,5.933333333,22.1,35.26428571,22.79,42.95666667,20.2,38.09,13.6,760.2,61,3,40,6.2
70,0,22.79,37.09,21.26,37.4,23.2,36.93333333,22.81857143,34.72571429,20.6,42.7,13.83,6.2,22.1,35.44,22.79,43.43,20.2,38.2,13.5,760.1666667,61.16666667,3.166666667,38,6.12
60,0,22.79,37.09,21.2,37.46666667,23.2675,37.0675,22.81,34.718,20.56666667,42.7,13.73333333,6.533333333,22.1,35.55142857,22.79,43.69333333,20.2,38.32666667,13.4,760.1333333,61.33333333,3.333333333,36,6.03
70,0,22.79,37.09,21.2,37.53,23.29,37.16333333,22.86142857,34.79,20.56666667,42.76,13.53333333,7.2,22.1,35.612,22.79,44.0925,20.2,38.4,13.3,760.1,61.5,3.5,34,5.95
80,0,22.7,37.2,21.13333333,37.66333333,23.29,37.23,22.83,34.834,20.5,42.79,13.29333333,7.393333333,22.1,35.7,22.73,44.49,20.2,38.43333333,13.1,760.0666667,61.66666667,3.666666667,32,5.87
70,0,22.76,37.2,21.1,37.82666667,23.35666667,37.29,22.83285714,34.83714286,20.5,42.79,12.96,8.193333333,22.1,35.79,22.7,44.86,20.2,38.5,13,760.0333333,61.83333333,3.833333333,30,5.78
70,0,22.7,37.2,21.1,37.9,23.39,37.29,22.83,34.856,20.5,42.79,12.66,8.966666667,22.1,35.79,22.7,45.06,20.2,38.59,12.9,760,62,4,28,5.7
70,0,22.7,37.2,21,38,23.39,37.29,22.83285714,34.94285714,20.5,42.82666667,12.53333333,9.633333333,22.06,35.754,22.7,45.36,20.2,38.66333333,12.8,760.05,62,3.5,28,5.65
60,0,22.7,37.2,20.92666667,38.06,23.39,37.4,22.79,34.9,20.5,42.9,12.5,10.06666667,22.05714286,35.79,22.7,45.56,20.2,38.73,12.8,760.1,62,3,28,5.6
70,0,22.7,37.26,20.89,38.23,23.46333333,37.46666667,22.79,34.9,20.5,42.9,12.42666667,10.12666667,22,35.82,22.7,45.82666667,20.2,38.79,12.7,760.15,62,2.5,28,5.55
60,0,22.7,37.29,20.82333333,38.29,23.39,37.43333333,22.79,34.92,20.5,42.9,12.3,10.6,22.08571429,36.28571429,22.7,45.9,20.23,38.82666667,12.6,760.2,62,2,28,5.5
40,0,22.63333333,37.29,20.85666667,38.4,23.46333333,37.5,22.79,35,20.5,42.9,12.22666667,10.93333333,22.1,36.46,22.7,46.03,20.23,38.9,12.6,760.25,62,1.5,28,5.45
50,0,22.7,37.32666667,20.79,38.46666667,23.39,37.5,22.79,35,20.5,42.9,12.19,11.09,22.1,36.5,22.7,46.09,20.2,38.93333333,12.5,760.3,62,1,28,5.4
50,0,22.63333333,37.32666667,20.79,38.53,23.39,37.56,22.79,35,20.5,42.93333333,12.19,10.83,22.1,36.4,22.6,45.9,20.26,39.06,12.2,760.3,63.83333333,1.166666667,27.83333333,5.48
60,0,22.6,37.32666667,20.73,38.59,23.39,37.62666667,22.79,35,20.5,43,12.145,10.69,22.075,36.3725,22.6,45.82666667,20.29,39.2,11.9,760.3,65.66666667,1.333333333,27.66666667,5.57
80,0,22.6,37.4,20.7,38.7,23.39,37.62666667,22.79,35,20.5,43,12.1,10.66,22.02857143,36.32142857,22.6,45.63333333,20.29,39.2,11.6,760.3,67.5,1.5,27.5,5.65
60,0,22.6,37.4,20.7,38.82666667,23.39,37.7,22.79,35.09,20.5,43,12.03333333,10.66,22,36.312,22.6,45.43333333,20.2,39.23,11.2,760.3,69.33333333,1.666666667,27.33333333,5.73
70,0,22.6,37.4,20.63333333,38.82666667,23.39,37.7,22.79,35.09,20.46333333,43,11.89,10.73333333,22,36.32142857,22.6,45.26,20.26,39.36333333,10.9,760.3,71.16666667,1.833333333,27.16666667,5.82
70,0,22.6,37.4,20.6,38.9,23.39,37.7,22.79,35.09,20.39,43,11.83,10.46,22,36.29,22.6,45.2,20.29,39.5,10.6,760.3,73,2,27,5.9
60,0,22.53333333,37.4,20.6,38.96666667,23.39,37.7,22.79,35.09,20.5,43,11.66,10.16,22,36.29,22.6,45.06,20.29,39.5,10.7,760.2833333,71.66666667,2.333333333,27.33333333,5.7
70,0,22.53333333,37.4,20.56666667,39,23.42666667,37.73,22.79,35.09,20.5,43.06,11.53333333,9.826666667,22,36.272,22.6,45,20.29,39.5,10.8,760.2666667,70.33333333,2.666666667,27.66666667,5.5
60,0,22.5,37.4,20.5,39,23.42666667,37.73,22.79,35.09,20.39,43,11.46333333,9.726666667,22,36.26428571,22.6,44.86333333,20.29,39.5,10.9,760.25,69,3,28,5.3
80,0,22.5,37.4,20.5,39,23.39,37.745,22.79,35.09,20.39,43,11.33,10,22,36.29,22.53333333,44.73,20.29,39.5,10.9,760.2333333,67.66666667,3.333333333,28.33333333,5.1
70,0,22.5,37.4,20.5,39.06,23.42666667,37.82666667,22.79,35.09,20.39,43.03,11.16,10.1,22,36.29,22.6,44.6,20.29,39.53,11,760.2166667,66.33333333,3.666666667,28.66666667,4.9
70,0,22.5,37.4,20.46333333,39.06,23.5,37.9,22.7675,35.05625,20.39,43.09,11.1,10.03333333,22,36.29,22.6,44.43,20.29,39.66333333,11.1,760.2,65,4,29,4.7
70,0,22.5,37.4,20.39,39,23.5,37.79,22.7,35,20.39,43.09,10.96333333,9.963333333,22,36.29,22.53333333,44.29,20.29,39.73,11,760.1666667,64.83333333,4,30.83333333,4.58
60,0,22.5,37.4,20.39,39.09,23.5,37.79,22.73857143,35.02571429,20.39,43.09,10.89,9.89,22,36.236,22.5,44.16333333,20.29,39.79,10.9,760.1333333,64.66666667,4,32.66666667,4.47
60,0,22.39,37.26,20.32333333,39.09,23.5,37.79,22.7,35,20.39,43.09,10.76333333,10,22,36.23857143,22.5,44.03,20.29,39.82666667,10.8,760.1,64.5,4,34.5,4.35
70,0,22.39,37.2,20.29,39.09,23.5,37.79,22.72571429,35,20.39,43.09,10.69,10.06666667,22,36.236,22.5,43.86333333,20.29,39.9,10.7,760.0666667,64.33333333,4,36.33333333,4.23
70,0,22.39,37.2,20.29,39.09,23.5,37.9,22.7,35,20.39,43.09,10.66,10.36666667,22,36.26428571,22.5,43.79,20.29,39.93333333,10.6,760.0333333,64.16666667,4,38.16666667,4.12
60,0,22.39,37.2,20.26,39.06,23.5,37.82666667,22.7,35,20.39,43.12666667,10.6,10.62666667,22,36.29,22.5,43.79,20.29,40,10.5,760,64,4,40,4
80,0,22.39,37.2,20.2,39,23.5,37.9,22.7,35,20.39,43.2,10.5,11.23333333,21.96857143,36.26428571,22.5,43.79,20.29,40,10.4,759.9666667,64.66666667,4,38.16666667,4
70,0,22.32333333,37.2,20.2,39,23.5,37.9,22.7,35,20.39,43.2,10.395,11.9725,21.978,36.272,22.5,43.76,20.35666667,40.06,10.2,759.9333333,65.33333333,4,36.33333333,4
70,0,22.35666667,37.2,20.2,39.06,23.5,37.86333333,22.7,35,20.39,43.26,10.22666667,12.66333333,21.93714286,36.22571429,22.5,43.7,20.32333333,40.12666667,10.1,759.9,66,4,34.5,4
70,0,22.29,37.12666667,20.15,39.09,23.5,37.79,22.7,35,20.39,43.29,10.06666667,13.33333333,22,36.356,22.46333333,43.56,20.32333333,40.2,9.97,759.8666667,66.66666667,4,32.66666667,4
50,0,22.29,37.2,20.1,39.12666667,23.5,37.79,22.7,35,20.39,43.29,9.926666667,14.19333333,21.95285714,36.35285714,22.39,43.5,20.35666667,40.2,9.83,759.8333333,67.33333333,4,30.83333333,4
70,0,22.29,37.2,20.03333333,39.12666667,23.5,37.79,22.7,35,20.39,43.29,9.66,15.66333333,21.978,36.42,22.39,43.5,20.35666667,40.26,9.7,759.8,68,4,29,4
60,0,22.29,37.2,20.1,39.23,23.5,37.82666667,22.7,35,20.39,43.36333333,9.533333333,16.79666667,21.93714286,36.5,22.39,43.5,20.35666667,40.29,9.58,759.7666667,69,4.166666667,30.83333333,4.08
70,0,22.29,37.2,20.03333333,39.23,23.5,37.82666667,22.7,35.02571429,20.39,43.4,9.263333333,18.06,22,36.5,22.39,43.46666667,20.29,40.36333333,9.47,759.7333333,70,4.333333333,32.66666667,4.17
70,0,22.23,37.12666667,20,39.29,23.5,37.79,22.7,35.018,20.39,43.4,9.063333333,19.39333333,21.93714286,36.55142857,22.39,43.4,20.39,40.4,9.35,759.7,71,4.5,34.5,4.25
70,0,22.2,37.09,19.92666667,39.29,23.5,37.86333333,22.7,35.09,20.39,43.43333333,8.86,21.63333333,21.89,36.785,22.29,43.43333333,20.39,40.62666667,9.23,759.6666667,72,4.666666667,36.33333333,4.33
80,0,22.2,37.09,19.89,39.4,23.5,37.9,22.66,35.054,20.39,43.5,8.726666667,23.23333333,21.912,37.08,22.29,43.5,20.39,40.7,9.12,759.6333333,73,4.833333333,38.16666667,4.42
120,10,22.2,37.33,19.89,39.46666667,23.5,37.8725,22.68571429,35.07714286,20.39,43.72666667,8.6,24.96666667,22,37.36857143,22.29,43.62666667,20.39,40.86333333,9,759.6,74,5,40,4.5
50,0,22.2,37.86333333,19.89,39.8,23.42666667,37.65666667,22.64,35.072,20.39,44.26666667,8.533333333,26.03333333,21.956,36.916,22.29,43.5425,20.39,40.79,8.85,759.6,74.83333333,4.666666667,38.16666667,4.52
40,0,22.2,38.09,19.89,40.13333333,23.35666667,37.4,22.6,35,20.39,44.16,8.533333333,26.92666667,21.89,36.38,22.29,43.15666667,20.39,40.79,8.7,759.6,75.66666667,4.333333333,36.33333333,4.53
50,0,22.26,38.16333333,19.92666667,40.23,23.23,37.19333333,22.6,35.036,20.4175,43.37,8.6,27.32666667,21.85,35.87,22.26,42.56333333,20.39,40.73,8.55,759.6,76.5,4,34.5,4.55
70,0,22.29,38,19.92666667,40.15666667,23.16666667,36.9,22.6,35.23571429,20.5,42.8,8.726666667,27.43,21.86142857,35.46571429,22.2,42.15666667,20.39,40.66333333,8.4,759.6,77.33333333,3.666666667,32.66666667,4.57
70,0,22.29,37.93333333,20,39.96666667,23.1,36.9,22.6,35.29,20.5,42.73333333,8.933333333,27.23,21.79,35.054,22.2,41.83333333,20.39,40.59,8.25,759.6,78.16666667,3.333333333,30.83333333,4.58
90,0,22.2,37.76,20,39.9,23.06666667,36.76,22.6,35.29,20.5,43.4,9.13,26.79666667,21.79,34.78428571,22.2,41.56666667,20.39,40.46666667,8.1,759.6,79,3,29,4.6
310,0,22.2,37.7,20,39.76,23,36.7,22.6,35.254,20.39,43.76666667,9.2175,25.995,21.772,34.516,22.16666667,41.2,20.39,40.32666667,8.1,759.65,79.5,3,29,4.7
340,0,22.2,38.4,20,39.9,23,36.7,22.6,35.2225,20.39,43.96666667,9.36,25.05666667,21.7,34.32142857,22.1,41.12666667,20.39,40.13333333,8.1,759.7,80,3,29,4.8
110,0,22.2,38.2,20.03333333,40.03,23,36.7,22.58571429,35.13714286,20.39,43.7,9.533333333,24.19,21.7,34.09,22.06666667,40.93,20.39,39.86,8.1,759.75,80.5,3,29,4.9
80,0,22.2,38.16333333,20.1,40.09,23,36.79,22.56,35.072,20.39,43.62666667,9.6,23.59666667,21.7,33.94,22,40.73,20.39,39.56,8.1,759.8,81,3,29,5
100,0,22.2,38.09,20.15,39.895,23,36.79,22.6,35,20.39,43.5,9.756666667,22.86333333,21.7,33.736,22.1,40.66333333,20.39,39.5,8.1,759.85,81.5,3,29,5.1
70,10,22.245,40.05,20.29,40.06666667,22.92666667,36.7,22.6,35,20.39,43.43333333,9.963333333,21.86333333,21.65714286,33.55714286,22.1,40.53,20.39,39.33333333,8.1,759.9,82,3,29,5.2
100,20,22.29,39.96666667,20.35666667,40.26666667,23,36.62666667,22.6,35.01285714,20.39,43.43333333,10.29333333,21.26333333,21.66,33.356,22,40.13333333,20.39,39.06666667,8.27,759.9,80.66666667,3,30.83333333,5.12
80,10,22.29,39.22666667,20.46,39.69333333,23,36.59,22.6,35.112,20.39,43.56,10.62666667,19.72333333,21.6,33.22285714,22,39.93333333,20.39,39.12666667,8.43,759.9,79.33333333,3,32.66666667,5.03
80,20,22.2,38.76,20.66666667,39.36,23.06666667,36.66333333,22.67142857,35.26428571,20.39,43.5,11.06333333,16.46666667,21.6,33.072,22,39.76,20.39,39,8.6,759.9,78,3,34.5,4.95
70,10,22.26,38.76,20.92666667,38.86333333,23.1,36.59,22.736,35.4,20.39,43.43333333,11.39666667,14.46,21.6,32.92857143,22,39.62666667,20.5,38.44,8.77,759.9,76.66666667,3,36.33333333,4.87
610,20,22.2,38.26666667,21,37.72333333,23.1,36.59,22.79,35.32428571,20.39,43.46666667,12,11.9,21.6,32.754,22,39.5,20.5,38.19333333,8.93,759.9,75.33333333,3,38.16666667,4.78
720,10,22.2,37.93333333,21.1,37,23.16666667,36.62666667,22.85,35.2,20.39,43.26666667,12,10.36666667,21.6,32.63714286,22,39.5,20.5,37.86,9.1,759.9,74,3,40,4.7
400,20,22.2,37.7,21.1,37.06,23.32,37.4975,22.89,35.2,20.39,43.16333333,12.13,10.26666667,21.6,32.572,21.89,39.36333333,20.5,37.7,9.3,759.9,72.83333333,3.166666667,38.16666667,4.65
280,10,22.2,37.62666667,21.26333333,37.06,23.72666667,38.76333333,22.89,35.2,20.39,43.09,12.32333333,9.733333333,21.6,32.47142857,21.89,39.23,20.5,37.76,9.5,759.9,71.66666667,3.333333333,36.33333333,4.6
310,20,22.2,37.7,21.46333333,36.86,24.19666667,39.56666667,22.95285714,35.2,20.39,42.9,12.75666667,9.293333333,21.6,32.4,21.89,39.145,20.39,37.62666667,9.7,759.9,70.5,3.5,34.5,4.55
260,10,22.2,38.03333333,21.63333333,36.43,24.46333333,39.56666667,23,35.116,20.39,42.9,13.03,8.426666667,21.6,32.30571429,21.89,39.09,20.39,37.7,9.9,759.9,69.33333333,3.666666667,32.66666667,4.5
320,20,22.29,38.82666667,21.7,36.43,24.5,38.32333333,23,34.95714286,20.39,42.95,13.16666667,7.323333333,21.6,32.214,21.89,39.03,20.39,37.79,10.1,759.9,68.16666667,3.833333333,30.83333333,4.45
310,10,22.35666667,38.69333333,21.73,36.82666667,24.56666667,37.79,23,35,20.39,43.03,13.43333333,6.59,21.6,32.07875,21.89,38.9,20.39,37.86333333,10.3,759.9,67,4,29,4.4
320,20,22.32333333,38.59,21.85666667,36.9,24.76333333,37.82666667,23.05714286,35.05142857,20.39,43.03,13.845,5.85,21.6,32,21.89,38.82666667,20.46333333,38.13333333,10.4,759.8833333,66.83333333,4.166666667,28.83333333,4.5
130,20,22.39,38.59,22.03333333,36.66333333,25.03,37.9,23.1,35.156,20.46333333,42.9,14.25666667,4.533333333,21.64,31.934,21.89,38.66333333,20.39,38.13333333,10.6,759.8666667,66.66666667,4.333333333,28.66666667,4.6
680,10,22.32333333,38.76666667,22.22666667,36.53,25.2,37.96666667,23.17142857,35.2,20.46333333,42.9,14.66333333,4.46,21.61428571,31.87714286,21.89,38.59,20.46333333,38.29,10.7,759.85,66.5,4.5,28.5,4.7
610,20,22.39,38.63333333,22.46,36.22333333,25.2,37.96666667,23.2,35.2,20.46333333,42.86333333,14.66333333,4.296666667,21.66,31.956,21.89,38.5,20.46333333,38.36333333,10.8,759.8333333,66.33333333,4.666666667,28.33333333,4.8
340,10,22.39,38.59,22.6,35.96333333,25.32333333,38.56666667,23.27714286,35.27714286,20.39,42.73,14.25666667,4.63,21.7,32,21.89,38.43333333,20.46333333,38.26,11,759.8166667,66.16666667,4.833333333,28.16666667,4.9
260,20,22.39,38.46333333,22.73,35.69333333,25.53,39.1,23.35,35.236,20.5,42.7,14.26333333,5.023333333,21.7,32,21.89,38.29,20.39,38.26,11.1,759.8,66,5,28,5
290,10,22.42666667,38.53,22.815,35.425,25.82333333,39.46333333,23.39,35.2,20.5,42.62666667,14.32333333,4.83,21.7,31.90571429,21.89,38.29,20.5,38.29,11.1,759.8,66.66666667,5,27.33333333,5.07
270,0,22.5,38.4975,22.89,35.32666667,25.96333333,39.92333333,23.5,35.29,20.5,42.59,14.25666667,4.726666667,21.7,31.89,21.89,38.26,20.42666667,38.23,11,759.8,67.33333333,5,26.66666667,5.13
260,0,22.5,38.4,22.92666667,35.13333333,26.23,40.12666667,23.5,35.19714286,20.5,42.53,14.19666667,4.993333333,21.72571429,31.81857143,21.89,38.2,20.5,38.29,10.9,759.8,68,5,26,5.2
250,0,22.5,38.36333333,23,34.86,26.35666667,40.26,23.4175,35.0225,20.5,42.5,14.33,5.096666667,21.79,31.79,21.89,38.09,20.42666667,38.23,10.9,759.8,68.66666667,5,25.33333333,5.27
260,0,22.5,38.09666667,23.03333333,34.7,26.53333333,40.33333333,23.39,34.98,20.5,42.43333333,14.59,4.43,21.79,31.73857143,21.89,38.09,20.5,38.2,10.9,759.8,69.33333333,5,24.66666667,5.33
220,0,22.53333333,38.02666667,23.1,34.62666667,26.6,40,23.39,34.9,20.5,42.4,14.89,4.066666667,21.79,31.7,21.92666667,38.03,20.5,38.2,10.8,759.8,70,5,24,5.4
160,0,22.6,37.82666667,23.13333333,34.59,26.7,39.6,23.35,34.856,20.56666667,42.4,15.16333333,3.8,21.83285714,31.7,22,38.16333333,20.5,38.2,11,759.7166667,69.33333333,5,26.66666667,5.45
130,0,22.6,37.76,23.2,34.53,26.63333333,39.13333333,23.33285714,34.82142857,20.6,42.4,15.26,3.233333333,21.89,31.7,22.1,38.53,20.5,38.16333333,11.1,759.6333333,68.66666667,5,29.33333333,5.5
90,0,22.6,37.7,23.2,34.46666667,26.445,38.44,23.33,34.79,20.53333333,42.4,14.86666667,4.026666667,21.89,31.64285714,22.16666667,38.66333333,20.5,38.09,11.3,759.55,68,5,32,5.55
750,0,22.7,37.93333333,23.13333333,34.4,26.26,38.06,23.29,34.79,20.6,42.43333333,14.96,3.863333333,21.89,31.6,22.23,38.82666667,20.5,38.09,11.5,759.4666667,67.33333333,5,34.66666667,5.6
720,0,22.7,37.99333333,23.13333333,34.43333333,26.13333333,38.19333333,23.29,34.79,20.6,42.5,15.1,2.863333333,21.89,31.6,22.365,38.9,20.5,38.16333333,11.6,759.3833333,66.66666667,5,37.33333333,5.65
350,0,22.7,38.06666667,23.2,34.5,26.32333333,38.8,23.29,34.77714286,20.6,42.5,15.1,3.53,22,31.5,22.46333333,38.9,20.5,38.99666667,11.8,759.3,66,5,40,5.7
280,0,22.7,37.92666667,23.2,34.46666667,26.53,39.19333333,23.236,34.7,20.6,42.59,15.5,1.73,22,31.48428571,22.63333333,38.93333333,20.56666667,39.59,12,759.2333333,65.16666667,5.166666667,40,5.67
290,0,22.79,37.7,23.2,34.4,26.73,39.36333333,23.2,34.66857143,20.6,42.59,15.7,1,22,31.37,22.7,38.93333333,20.6,39.59,12.2,759.1666667,64.33333333,5.333333333,40,5.63
260,0,22.79,37.7,23.2,34.29,26.85666667,39.23,23.2,34.59,20.6,42.59,15.86666667,1,22,31.26428571,22.76,38.63333333,20.6,39.59,12.4,759.1,63.5,5.5,40,5.6
260,0,22.79,37.46666667,23.2,34.29,27.03333333,39.56,23.2,34.57714286,20.66666667,42.66333333,16,1,22,31.1,22.7,38.3,20.63333333,39.62666667,12.5,759.0333333,62.66666667,5.666666667,40,5.57
240,0,22.79,37.32666667,23.2,34.16333333,27.16666667,39.36,23.2,34.5,20.63333333,42.53,16.03333333,1,22,30.93714286,22.73,37.93,20.7,39.7,12.7,758.9666667,61.83333333,5.833333333,40,5.53
110,0,22.79,37.06,23.13333333,34.09,27.2,39.1,23.2,34.42857143,20.7,42.59,16.43333333,1,22,30.772,22.73,37.65666667,20.6,39.36333333,12.9,758.9,61,6,40,5.5
80,0,22.79,36.93333333,23.1,34.09,27.2,38.69333333,23.14,34.356,20.7,42.5,16.7,1,22,30.67142857,22.73,37.36333333,20.66666667,39.29,13,758.8333333,59.83333333,6,40,5.28
90,0,22.85666667,36.79666667,23.1,34.03,27.13333333,37.99,23.11428571,34.32142857,20.63333333,42.36,16.9,1,22,30.5,22.79,37.29,20.66666667,39.13333333,13.1,758.7666667,58.66666667,6,40,5.07
80,0,22.85666667,36.59,23.1,33.95,26.92666667,37.26333333,23.1,34.272,20.7,42.26,17.06666667,1,22,30.39,22.79,37.26,20.66666667,39,13.2,758.7,57.5,6,40,4.85
90,0,22.84,36.395,23.06666667,33.86333333,26.76,36.72333333,23.1,34.23857143,20.7,42.12666667,17.06666667,1,22,30.31857143,22.79,37.12666667,20.63333333,38.9,13.2,758.6333333,56.33333333,6,40,4.63
80,0,22.79,36.16333333,23,33.79,26.63333333,36.53,23.1,34.2,20.7,42,16.9,1,22,30.39,22.79,37.16333333,20.63333333,38.82666667,13.3,758.5666667,55.16666667,6,40,4.42
80,0,22.79,36.09,23,33.79,26.46333333,36.26,23.1,34.2,20.7,41.93333333,16.7,1,22,30.34714286,22.79,37.09,20.6,38.645,13.4,758.5,54,6,40,4.2
60,0,22.85666667,36.12666667,22.92666667,33.65666667,26.32333333,36.12666667,23.1,34.2,20.7,41.86333333,16.53,1,22,30.39,22.79,37.15666667,20.6,38.59,13.4,758.4333333,55,6,40,4.45
330,0,22.85666667,36.33333333,22.85666667,33.7,26.26,35.9,23.02857143,34.12142857,20.7,41.79,16.32333333,1,22,30.45285714,22.79,37.43,20.6,38.53,13.4,758.3666667,56,6,40,4.7
440,0,22.89,36.6,22.79,33.83333333,26.13333333,35.5,23,34.2,20.76,41.76,16.03,1,22,30.5,22.89,37.96333333,20.6,38.5,13.4,758.3,57,6,40,4.95
310,0,22.89,36.4,22.79,34.03,26.06666667,35.99666667,23,34.2,20.7,41.7,15.69666667,1,21.96857143,30.52857143,22.89,38.22333333,20.6,38.5,13.5,758.2333333,58,6,40,5.2
440,0,22.89,36.75666667,22.79,34.09,26.32666667,37.05666667,23,34.254,20.7,41.79,15.46333333,1,22,30.6,23,38.4,20.63333333,38.4,13.5,758.1666667,59,6,40,5.45
570,0,22.89,36.75666667,22.79,34.23,26.6,37.545,23,34.29,20.76,41.79,15.33,1,21.93714286,30.58571429,23.06666667,38.4,20.63333333,38.32666667,13.5,758.1,60,6,40,5.7
370,10,22.89,36.59,22.73,34.36333333,26.92666667,37.93333333,23,34.36857143,20.7,41.82666667,15.53333333,1.193333333,21.934,30.56,23.2,38.5,20.63333333,38.32666667,13.4,758.0166667,59.5,6,40,5.55
270,0,22.89,36.53,22.76,34.4,27.13333333,38.46666667,23,34.4,20.745,41.9,15.66,1,21.92142857,30.6,23.23,38.53,20.63333333,38.26666667,13.4,757.9333333,59,6,40,5.4
270,0,22.89,36.66333333,22.7,34.46666667,27.29,38.5,22.95285714,34.41428571,20.7,41.9,15.79,1,21.89,30.6,23.29,38.59,20.66666667,38.22333333,13.4,757.85,58.5,6,40,5.25
150,0,22.89,36.59,22.66666667,34.56,27.35666667,38.36,22.934,34.5,20.73,42,15.32333333,1,21.93714286,30.6,23.29,38.59,20.6,38.03,13.3,757.7666667,58,6,40,5.1
120,0,22.82333333,36.53,22.6,34.56,27.46333333,38.19333333,22.89,34.47142857,20.73,42,15.13,1,21.934,30.56,23.29,38.59,20.6,37.96666667,13.3,757.6833333,57.5,6,40,4.95
130,0,22.89,36.59,22.56666667,34.62666667,27.32333333,37.8,22.89,34.46,20.79,42,15,1.4,21.89,30.55714286,23.29,38.59,20.6,37.9,13.2,757.6,57,6,40,4.8
170,0,22.79,36.5,22.5,34.7,27.16666667,37.43,22.89,34.4,20.79,41.93333333,14.92666667,1.666666667,21.89,30.54,23.29,38.66333333,20.6,37.76,13.2,757.55,57,5.833333333,40,4.77
440,0,22.85666667,37.22666667,22.46333333,34.83,26.96,36.69666667,22.89,34.42,20.79,42,14.76333333,2.566666667,21.89,30.6,23.32333333,38.7,20.6,37.7,13.1,757.5,57,5.666666667,40,4.73
300,0,22.89,37.86333333,22.39,35.36333333,26.79,36.29333333,22.89,34.5,20.79,42,14.63,2.9,21.89,30.6,23.39,38.7,20.6,37.7,13.1,757.45,57,5.5,40,4.7
380,10,22.89,37.53,22.35666667,35.53,26.93,37.36666667,22.89,34.5,20.79,42.09,14.26333333,3.23,21.89,30.62857143,23.39,38.59,20.6,37.7,13.1,757.4,57,5.333333333,40,4.67
870,0,22.89,37.59,22.2675,35.74,27.16333333,38.06666667,22.83285714,34.57714286,20.79,42.16333333,14.19,3.363333333,21.83,30.6,23.46333333,38.66333333,20.6,37.66333333,13,757.35,57,5.166666667,40,4.63
420,0,22.9175,39.5425,22.2,36.19666667,27.35666667,38.26,22.85,34.752,20.73,42.23,14.06666667,3.53,21.81857143,30.6,23.5,38.59,20.6,37.66333333,13,757.3,57,5,40,4.6
230,0,23.13333333,45.19333333,22.2,38.9,27.42666667,38.29,22.89,35,20.79,42.43,13.92666667,3.923333333,21.87,30.6,23.5,38.39,20.6,37.43333333,13,757.3,57.16666667,4.833333333,40,4.62
180,0,23.16666667,44.5,22.13333333,40.16,27.5,38.36333333,22.85,34.96,20.79,42.89,13.8,4.563333333,21.79,30.6,23.5,38.33,20.6,37.595,12.9,757.3,57.33333333,4.666666667,40,4.63
110,0,23.16666667,45.02666667,22.06666667,39.99,27.6,38.46666667,22.81857143,34.85285714,20.79,43.22333333,13.66666667,4.956666667,21.79,30.6,23.56666667,38.86333333,20.6,37.83333333,12.9,757.3,57.5,4.5,40,4.65
110,0,23.2,43.56666667,22,39.59666667,27.53333333,38.19333333,22.79,34.9,20.79,43.65666667,13.5,5.793333333,21.79,30.68571429,23.6,39.26666667,20.6,38.12666667,12.9,757.3,57.66666667,4.333333333,40,4.67
110,0,23.2,42.56666667,21.96333333,39.36,27.32666667,37.76666667,22.79,34.92857143,20.79,43.93,13.42666667,6.333333333,21.79,30.71125,23.66666667,39.73333333,20.6,37.79333333,12.8,757.3,57.83333333,4.166666667,40,4.68
110,0,23.2,41.56333333,21.89,39.36,27.06666667,37.1,22.79,35.036,20.79,44,13.16,6.896666667,21.79,30.79,23.73,40.12666667,20.6,36.99,12.8,757.3,58,4,40,4.7
110,0,23.2,41.15666667,21.85666667,39.13333333,26.76,36.13333333,22.79,35.10571429,20.79,44,13.03333333,7.423333333,21.79,30.81857143,23.79,40.2,20.53333333,36.59666667,12.7,757.2166667,58.5,4.166666667,40,4.73
120,0,23.2,40.69333333,21.79,38.93333333,26.63333333,35.8,22.772,35.156,20.79,44,12.86,7.933333333,21.754,30.89,23.79,40.29,20.5,36.22333333,12.6,757.1333333,59,4.333333333,40,4.77
100,0,23.2,40.36,21.7,38.76,26.34,35.59,22.73857143,35.2,20.79,44,12.695,8.625,21.7,30.95285714,23.79,40.36333333,20.5,36.03,12.6,757.05,59.5,4.5,40,4.8
100,0,23.2,40.06,21.7,38.62666667,26.16666667,35.59,22.7,35.2,20.79,43.995,12.53333333,9.633333333,21.7,31.02,23.84,40.645,20.5,35.9,12.5,756.9666667,60,4.666666667,40,4.83
90,0,23.2,39.93333333,21.6,38.36333333,26.03333333,35.59,22.7,35.21285714,20.79,43.9,12.36,10.39333333,21.67142857,31.07142857,23.89,40.83333333,20.5,35.82666667,12.4,756.8833333,60.5,4.833333333,40,4.87
90,0,23.16666667,39.66333333,21.53333333,38.29,25.85666667,35.2,22.7,35.29,20.79,43.9,12.22666667,10.93333333,21.7,31.2,23.89,40.62666667,20.39,35.7,12.3,756.8,61,5,40,4.9
120,0,23.16666667,39.53,21.5,38.29,25.73,35.2,22.7,35.36857143,20.79,44,12.06666667,11.29333333,21.68571429,31.23857143,23.89,40.43,20.39,35.62666667,12.2,756.7666667,61.83333333,4.833333333,40,4.95
100,0,23.1,39.4,21.42666667,38.23,25.66666667,35.2,22.7,35.4,20.79,44,11.92666667,11.56666667,21.64,31.236,23.89,40.23,20.39,35.5,12,756.7333333,62.66666667,4.666666667,40,5
110,0,23.1,39.12666667,21.39,38.23,25.53333333,35.2,22.7,35.4,20.79,44.06,11.8,11.53333333,21.6,31.2,23.92666667,40.06,20.39,35.5,11.9,756.7,63.5,4.5,40,5.05
100,0,23.1,38.86333333,21.32333333,38.29,25.46333333,35.23,22.68571429,35.33714286,20.79,43.93333333,11.72666667,11.6,21.6,31.254,23.92666667,39.93333333,20.39,35.4,11.8,756.6666667,64.33333333,4.333333333,40,5.1
110,0,23.1,38.73,21.29,38.4,25.39,35.29,22.6,35.29,20.79,43.9,11.6,12.23,21.6,31.25142857,23.89,39.72333333,20.32333333,35.32666667,11.6,756.6333333,65.16666667,4.166666667,40,5.15
100,0,23.1,38.59,21.2675,38.475,25.29,35.23,22.64285714,35.33714286,21.59666667,68.69333333,11.53333333,13.29666667,21.6,31.29,23.89,39.46333333,20.29,35.29,11.5,756.6,66,4,40,5.2
100,0,23.1,38.59,21.2,38.56,25.29,35.29,22.6,35.29,22.29333333,77.5,11.36,14.73,21.6,31.36142857,23.92666667,40.03,20.29,35.29,11.4,756.65,66.83333333,4.166666667,40,5.25
90,0,23.1,38.59,21.2,38.73,25.26,35.2,22.6,35.29,21.89333333,77.76666667,11.22666667,15.52333333,21.6,31.5,24,40.43,20.29,35.4,11.2,756.7,67.66666667,4.333333333,40,5.3
50,10,23.1,38.59,21.13333333,38.86333333,25.2,35.26,22.6,35.356,21.53,78.36333333,11.16,16.19666667,21.6,31.55714286,24,40.59,20.29,35.425,11.1,756.75,68.5,4.5,40,5.35
50,0,23.03333333,38.99666667,21.1,39,25.1,35.23,22.6,35.32142857,21.39,77.75666667,11.03333333,17.26333333,21.56,31.66,24,40.79666667,20.29,35.69333333,11,756.8,69.33333333,4.666666667,40,5.4
40,0,23,39.4,21.1,39,25.1,35.43,22.6,35.29,21.39,76.19333333,10.73333333,18.7,21.6,31.76428571,24,41.3,20.29,36.13333333,10.8,756.85,70.16666667,4.833333333,40,5.45
50,0,22.92666667,39.32666667,21,39,25.06666667,35.53,22.58571429,35.29,21.32333333,74.59333333,10.6,19.22666667,21.6,31.89,24,41.69333333,20.29,36.6,10.7,756.9,71,5,40,5.5
60,0,22.89,39.23,21,39.06,25,35.59,22.52,35.29,21.29,72.79333333,10.46333333,19.69666667,21.6,31.95285714,24,42.19333333,20.32333333,37.06666667,10.6,756.9,71.33333333,5,38.16666667,5.48
50,0,22.89,39.29,20.89,39.12666667,25,35.79,22.55714286,35.29,21.23,71.06,10.33,19.96333333,21.6,32.018,23.92666667,42.66,20.32333333,37.33333333,10.5,756.9,71.66666667,5,36.33333333,5.47
60,0,22.79,39.23,20.82333333,39.12666667,25,35.79,22.5,35.29,21.2,68.99666667,10.245,21.09,21.6,32.05142857,23.89,43.15666667,20.39,37.62666667,10.4,756.9,72,5,34.5,5.45
50,0,22.79,39.23,20.79,39.12666667,25,35.9,22.5,35.27714286,21.13333333,67.52333333,10.06666667,21.29,21.6,32.09,23.89,43.36333333,20.39,37.76,10.2,756.9,72.33333333,5,32.66666667,5.43
60,0,22.79,39.29,20.73,39.2,25,35.925,22.5,35.254,21.16666667,65.96,10,21.23,21.6,32.18428571,23.89,43.5,20.39,37.96333333,10.1,756.9,72.66666667,5,30.83333333,5.42
60,0,22.73,39.23,20.7,39.23,25,36,22.5,35.29,21.1,64.595,9.89,21.53333333,21.6,32.2,23.84,43.7,20.39,38.16333333,10,756.9,73,5,29,5.4
60,0,22.7,39.2,20.63333333,39.29,24.89,36,22.5,35.2,21.1,63.16666667,9.83,21.6,21.6,32.27714286,23.82333333,43.82666667,20.39,38.32666667,9.88,756.9166667,72.66666667,5,30.83333333,5.22
50,0,22.7,39.2,20.6,39.32666667,24.89,36,22.5,35.2,21.1,61.5,9.733333333,22.03,21.55714286,32.29,23.76,43.96333333,20.46333333,38.46666667,9.77,756.9333333,72.33333333,5,32.66666667,5.03
50,0,22.7,39.2,20.6,39.46666667,24.89,36.09,22.478,35.178,21.1,59.83333333,9.533333333,24.03,21.5,32.29,23.7,44.16333333,20.5,38.62666667,9.65,756.95,72,5,34.5,4.85
50,0,22.63333333,39.12666667,20.5,39.5,24.82333333,36.09,22.43714286,35.13714286,21,58.55666667,9.233333333,27.96666667,21.51428571,32.30571429,23.7,44.46333333,20.5,38.76,9.53,756.9666667,71.66666667,5,36.33333333,4.67
60,0,22.6,39.09,20.5,39.56,24.79,36.09,22.39,35.134,21,57.75666667,8.96,30.96666667,21.56,32.4,23.63333333,44.59,20.42666667,38.82666667,9.42,756.9833333,71.33333333,5,38.16666667,4.48
50,0,22.6,39.09,20.39,39.59,24.79,36.09,22.39,35.16857143,21,57.1,8.5,36.03333333,21.52857143,32.4,23.6,44.95666667,20.5,38.96666667,9.3,757,71,5,40,4.3
60,0,22.6,39,20.39,39.66333333,24.79,36.2,22.39,35.2,21,56.69333333,8.166666667,40.23333333,21.5,32.4,23.6,45.43,20.46333333,39.09,9.05,757,73.66666667,5,37.83333333,4.55
60,0,22.6,39,20.29,39.845,24.85666667,36.26,22.39,35.2,21,56.22333333,7.933333333,44.53,21.5,32.48571429,23.56666667,45.62666667,20.46333333,39.22333333,8.8,757,76.33333333,5,35.66666667,4.8
50,0,22.5,39.045,20.29,40.03,24.92666667,36.4,22.39,35.29,21,55.96333333,7.726666667,48.12333333,21.5,32.5,23.5,45.76,20.5,39.53,8.55,757,79,5,33.5,5.05
60,0,22.56666667,39.06,20.23,40.03,24.92666667,36.4,22.39,35.334,20.96333333,55.66333333,7.56,50.53333333,21.5,32.56428571,23.53333333,46.15666667,20.5,39.59,8.3,757,81.66666667,5,31.33333333,5.3
60,0,22.5,39.06,20.2,40.12666667,25,36.5,22.37571429,35.4,20.96333333,55.46333333,7.5,51.79333333,21.5,32.59,23.53333333,46.29,20.5,39.59,8.05,757,84.33333333,5,29.16666667,5.55
50,0,22.5,39.09,20.13333333,40.26,25,36.56,22.35,35.42,20.89,55.13333333,7.366666667,52.72666667,21.5,32.65285714,23.5,46.36333333,20.5,39.73,7.8,757,87,5,27,5.8
50,0,22.5,39.09,20.1,40.43333333,25,36.62666667,22.34714286,35.5,20.89,54.86,7.3,53.26666667,21.5,32.7,23.5,46.29,20.5,39.86333333,7.72,756.9833333,87.33333333,4.833333333,27.16666667,5.77
50,0,22.5,39.12666667,20.03333333,40.5,25,36.7,22.29,35.536,20.89,54.66333333,7.19,53.85,21.5,32.7,23.46333333,46.26,20.5,40,7.63,756.9666667,87.66666667,4.666666667,27.33333333,5.73
40,0,22.5,39.12666667,20.06666667,40.59,25,36.73,22.29,35.56428571,20.89,54.46333333,7.156666667,54.59666667,21.5,32.736,23.39,46.26,20.5,40.06,7.55,756.95,88,4.5,27.5,5.7
50,0,22.42666667,39.12666667,20,40.66333333,24.92666667,36.86333333,22.29,35.59,20.89,54.26,7.09,54.99,21.5,32.79,23.39,46.32666667,20.5,40.12666667,7.47,756.9333333,88.33333333,4.333333333,27.66666667,5.67
60,0,22.5,39.2,19.89,40.79,24.89,36.93333333,22.29,35.59,20.89,54.12666667,7.09,55.23,21.5,32.79,23.39,46.4,20.5,40.26,7.38,756.9166667,88.66666667,4.166666667,27.83333333,5.63
50,0,22.46333333,39.16333333,19.89,40.86333333,24.89,37,22.29,35.656,20.89,53.86333333,7.09,55.36333333,21.5,32.83714286,23.35666667,46.4,20.5,40.32666667,7.3,756.9,89,4,28,5.6
60,0,22.39,39.09,19.89,41,24.89,37.045,22.29,35.65285714,20.815,53.6175,7.09,55.4,21.5,32.9,23.29,46.4,20.5,40.46666667,7.27,756.85,88.33333333,4,30,5.47
60,0,22.39,39.09,19.89,41.06,24.89,37.09,22.29,35.7,20.79,53.36,7.03,54.53333333,21.5,32.9,23.29,46.4,20.5,40.5,7.23,756.8,87.66666667,4,32,5.33
50,0,22.39,39.09,19.79,41.09,24.89,37.09,22.25142857,35.62142857,20.85666667,53.33333333,7,53.49333333,21.478,32.878,23.29,46.26,20.5,40.56,7.2,756.75,87,4,34,5.2
60,0,22.39,39.09,19.79,41.09,24.89,37.2,22.29,35.59,20.79,53.06666667,7,52.36,21.39,32.82142857,23.23,46.06666667,20.53333333,40.7,7.17,756.7,86.33333333,4,36,5.07
60,0,22.39,39.09,19.76,41.12666667,24.89,37.2,22.23857143,35.53857143,20.79,52.86333333,6.933333333,51.39666667,21.39,32.9,23.2,45.86333333,20.6,40.76,7.13,756.65,85.66666667,4,38,4.93
50,0,22.29,39.09,19.7,41.2,24.89,37.2,22.2,35.5,20.79,52.79,7,50.73,21.43714286,32.85285714,23.2,45.79,20.53333333,40.79,7.1,756.6,85,4,40,4.8
50,0,22.29,39.09,19.7,41.2,24.89,37.26,22.2,35.5,20.79,52.66333333,7,50.33,21.456,32.834,23.2,45.66333333,20.53333333,40.86333333,7.07,756.6,84.66666667,4.166666667,40,4.68
50,0,22.29,39.06,19.7,41.26,24.89,37.29,22.2,35.46,20.79,52.53,7,50.05666667,21.46857143,32.79,23.2,45.53,20.6,40.93333333,7.03,756.6,84.33333333,4.333333333,40,4.57
50,0,22.29,39,19.65,41.245,24.89,37.29,22.2,35.42857143,20.73,52.36333333,6.9,50.02666667,21.39,32.7675,23.2,45.5,20.6,41,7,756.6,84,4.5,40,4.45
50,0,22.29,38.96666667,19.6,41.26,24.82333333,37.23,22.2,35.4,20.79,52.23,6.9,49.82666667,21.39,32.736,23.2,45.5,20.6,41,6.97,756.6,83.66666667,4.666666667,40,4.33
60,0,22.2225,38.8725,19.6,41.26,24.82333333,37.23,22.2,35.4,20.76,52.16333333,6.763333333,49.92666667,21.39,32.71285714,23.2,45.36333333,20.6,41.0225,6.93,756.6,83.33333333,4.833333333,40,4.22
40,0,22.2,38.79,19.56666667,41.29,24.79,37.23,22.2,35.4,20.76,52.03,6.69,50.2,21.39,32.7,23.13333333,45.23,20.6,41.09,6.9,756.6,83,5,40,4.1
70,0,22.2,38.76,19.5,41.29,24.79,37.29,22.18571429,35.4,20.76,51.86333333,6.59,49.8,21.39,32.7,23.1,45.06,20.6,41.09,6.8,756.5666667,83.83333333,4.833333333,40,4.15
50,0,22.2,38.7,19.5,41.29,24.79,37.23,22.14,35.4,20.7,51.79,6.59,50.2,21.39,32.7,23.1,45,20.6,41.09,6.7,756.5333333,84.66666667,4.666666667,40,4.2
60,0,22.2,38.7,19.5,41.36333333,24.79,37.29,22.1,35.4,20.7,51.66333333,6.59,50.2,21.39,32.7,23.1,44.79,20.6,41.2,6.6,756.5,85.5,4.5,40,4.25
50,0,22.2,38.62666667,19.46333333,41.36333333,24.79,37.29,22.1,35.4,20.7,51.59,6.5,50.23,21.39,32.7,23.1,44.73,20.6,41.2,6.5,756.4666667,86.33333333,4.333333333,40,4.3
60,0,22.2,38.59,19.39,41.29,24.79,37.29,22.1,35.4,20.7,51.46666667,6.5,49.76333333,21.39,32.7,23.06666667,44.63333333,20.6,41.2,6.4,756.4333333,87.16666667,4.166666667,40,4.35
50,0,22.13333333,38.59,19.39,41.4,24.79,37.36333333,22.1,35.4,20.7,51.32666667,6.4,48.99666667,21.39,32.7,23,44.43333333,20.6,41.2,6.3,756.4,88,4,40,4.4
50,0,22.1,38.59,19.39,41.4,24.79,37.36333333,22.1,35.4,20.7,51.22333333,6.4,48.05666667,21.39,32.68428571,23,44.356,20.6,41.26,6.25,756.3666667,88,3.833333333,40,4.37
50,0,22.1,38.59,19.35666667,41.4,24.76,37.36333333,22.06666667,35.29,20.7,51.09,6.4,47.22666667,21.37,32.59,22.98428571,44.23857143,20.6,41.33333333,6.2,756.3333333,88,3.666666667,40,4.33
50,0,22.1,38.5,19.29,41.4,24.7,37.3725,22.06666667,35.29,20.7,50.95,6.4,48.02666667,21.29,32.59,22.956,44.2,20.6,41.4,6.15,756.3,88,3.5,40,4.3
50,0,22.1,38.5,19.29,41.4,24.7,37.4,22,35.2,20.7,50.79,6.3,49.02666667,21.35,32.59,23,44.2,20.6,41.32666667,6.1,756.2666667,88,3.333333333,40,4.27
50,0,22.1,38.46666667,19.29,41.4,24.7,37.4,22,35.26,20.63333333,50.73,6.3,49.76666667,21.29,32.59,22.89,44.2,20.6,41.29,6.05,756.2333333,88,3.166666667,40,4.23
60,0,22.1,38.4,19.29,41.43333333,24.7,37.4,22,35.29,20.63333333,50.5,6.3,50.36,21.29,32.59,22.9175,44.10375,20.6,41.29,6,756.2,88,3,40,4.2
50,0,22.06666667,38.36333333,19.23,41.43333333,24.6,37.29,22,35.29,20.63333333,50.43333333,6.366666667,50.56,21.29,32.59,22.90571429,44.09,20.6,41.32666667,5.98,756.2,88,3.166666667,40,4.18
60,0,22,38.29,19.2,41.4,24.66666667,37.36333333,22,35.29,20.6,50.26,6.4,49.76666667,21.29,32.59,22.89,44.09,20.6,41.32666667,5.97,756.2,88,3.333333333,40,4.17
50,0,22,38.26,19.2,41.4,24.66666667,37.36333333,22,35.29,20.66666667,50.26,6.4,48.69333333,21.29,32.59,22.89,44.13714286,20.6,41.29,5.95,756.2,88,3.5,40,4.15
60,0,22,38.2,19.2,41.4,24.6,37.29,22,35.29,20.63333333,50.09,6.4,48.39,21.29,32.59,22.85,44.054,20.6,41.29,5.93,756.2,88,3.666666667,40,4.13
60,0,22,38.2,19.2,41.4,24.6,37.29,22,35.29,20.7,50.03,6.375,49.195,21.29,32.59,22.84714286,44.05142857,20.6,41.29,5.92,756.2,88,3.833333333,40,4.12
50,0,22,38.2,19.2,41.32666667,24.6,37.29,21.92666667,35.29,20.63333333,49.79,6.3,50.53,21.29,32.5,22.85,44.112,20.6,41.29,5.9,756.2,88,4,40,4.1
50,0,21.945,38.145,19.2,41.29,24.6,37.29,21.92666667,35.29,20.7,49.73,6.263333333,51.42333333,21.29,32.5,22.86142857,44.16857143,20.6,41.29,5.88,756.2333333,87.83333333,4,40,4.03
50,0,21.89,38.09,19.26,41.29,24.6,37.29,21.96333333,35.29,20.66666667,49.52666667,6.263333333,51.42333333,21.29,32.536,22.85,44.156,20.6,41.36333333,5.87,756.2666667,87.66666667,4,40,3.97
50,0,21.89,38.09,19.29,41.29,24.6,37.29,21.96333333,35.29,20.6,49.26666667,6.433333333,50.8,21.29,32.52571429,22.79,44.10571429,20.6,41.29,5.85,756.3,87.5,4,40,3.9
60,0,21.89,38.09,19.29,41.23,24.6,37.29,22,35.2,20.6,49.06,6.626666667,50.66,21.29,32.5,22.81,44.3,20.6,41.43333333,5.83,756.3333333,87.33333333,4,40,3.83
80,0,21.89,38.49666667,19.29,41.26666667,24.6,37.29,21.92666667,35.2,20.6,49,6.833333333,47.05666667,21.29,32.47142857,22.89,44.84285714,20.6,41.56,5.82,756.3666667,87.16666667,4,40,3.77
50,0,21.92666667,39.12666667,19.35666667,41.66,24.53333333,37.03,21.89,35.2,20.63333333,48.72333333,6.966666667,43.59,21.23857143,32.14,22.89,45.054,20.6,41.56,5.8,756.4,87,4,40,3.7
60,0,22,39.12666667,19.42666667,42.03,24.35666667,36.46666667,21.89,35.2225,20.63333333,48.39,7.123333333,40.82666667,21.2,31.914,22.84714286,44.68571429,20.6,41.43333333,5.88,756.4333333,86.16666667,4,40,3.67
50,0,22.03333333,39.09,19.63333333,41.96333333,24.29,36.32666667,21.89,35.29,20.6,47.9,7.396666667,39.43333333,21.2,31.72571429,22.89,44.334,20.63333333,41.2,5.97,756.4666667,85.33333333,4,40,3.63
80,0,22.03333333,39.09,20.09666667,41.12333333,24.29,36.22333333,21.96333333,35.29,20.66666667,47.56666667,7.866666667,36.79,21.2,31.5,22.81857143,43.92285714,20.7,40.73333333,6.05,756.5,84.5,4,40,3.6
80,0,22.1,38.96666667,20.35666667,40.39666667,24.29,36.03,21.96333333,35.36333333,20.65,47.1,8.126666667,35.26333333,21.2,31.39142857,22.89,43.656,20.73,39.9,6.13,756.5333333,83.66666667,4,40,3.57
50,0,22.03333333,38.82666667,20.56666667,39.9,24.29,35.895,22.03333333,35.59666667,20.63333333,46.76,8.263333333,32.69333333,21.2,31.216,22.89,43.28428571,20.79,39.5,6.22,756.5666667,82.83333333,4,40,3.53
70,0,22,38.7,20.9,39.42666667,24.26,35.72333333,22.1,35.86333333,20.63333333,46.5,8.323333333,32.69333333,21.2,30.99714286,22.89,42.918,20.73,39,6.3,756.6,82,4,40,3.5
180,0,22.06666667,38.7,21.55666667,38.46,24.2,35.59,22.13333333,36.03,20.7,46.19333333,8.666666667,27.23,21.2,30.79,22.89,42.79,20.79,39,6.42,756.6,80.5,4.166666667,40,3.32
190,0,22.1,38.7,21.96333333,37.59333333,24.16666667,35.46666667,22.2,36.09,20.63333333,45.8,8.726666667,25.83,21.2,30.59857143,22.89,42.276,20.79,39.19333333,6.53,756.6,79,4.333333333,40,3.13
120,0,22.1,38.56666667,22.03333333,37.2,24.1,35.4,22.29,36.26,20.66666667,45.16666667,8.63,24.7,21.2,30.414,22.89,41.68,20.79,39.6,6.65,756.6,77.5,4.5,40,2.95
300,0,22.1,38.4,22.16666667,36.86666667,24.06666667,35.43333333,22.29,36.2,20.66666667,44.43333333,8.823333333,24.49333333,21.2,30.26428571,22.89,41.53,20.79,40.5,6.77,756.6,76,4.666666667,40,2.77
350,0,22.1,38.4,22.34,36.4,24,35.43333333,22.39,36.13333333,20.7,44.53,9.1,23.34,21.2,30.1,22.89,41.12142857,20.85666667,40.83333333,6.88,756.6,74.5,4.833333333,40,2.58
130,0,22.1,38.2,22.16666667,36.43333333,24,35.43333333,22.39,35.93333333,20.7,44.59,9.033333333,22.22333333,21.2,30.02714286,23,40.62,20.79,40.76,7,756.6,73,5,40,2.4
130,0,22.1,38.2,22.1,36.56,24,35.56,22.39,35.76,20.7,44.7,9.293333333,19.96333333,21.2,29.87,23.01428571,40.23714286,20.79,40.525,7.2,756.6,72,5.166666667,40,2.38
120,0,22.13333333,38.16333333,22,36.43333333,23.89,35.56,22.39,35.56666667,20.7,44.7,9.6,18.26,21.2,29.72571429,23.1,39.936,20.79,40.32666667,7.4,756.6,71,5.333333333,40,2.37
140,0,22.2,38.0675,22.13333333,36.43333333,23.89,35.5,22.39,35.46666667,20.7,44.59,9.993333333,15.79333333,21.2,29.6,23.1,39.62142857,20.79,40.16333333,7.6,756.6,70,5.5,40,2.35
100,0,22.2,37.93333333,22.39,35.99,23.89,35.4,22.39,35.26666667,20.7,44.53,10.63,14.49333333,21.2,29.51428571,23.1625,39.41,20.79,40.03,7.8,756.6,69,5.666666667,40,2.33
110,0,22.2,37.86333333,22.46333333,35.73,23.89,35.4,22.5,35.26,20.7,44.36333333,10.56333333,14.56666667,21.2,29.434,23.2,39.09,20.79,39.76,8,756.6,68,5.833333333,40,2.32
370,0,22.2,37.65666667,22.35666667,35.49,23.79,35.16333333,22.42666667,35.12666667,20.7,44.29,10.5,13.89,21.2,29.31857143,23.27714286,38.98142857,20.79,39.7,8.2,756.6,67,6,40,2.3
400,0,22.29,37.8,22.29,35.23,23.79,35.16333333,22.5,35.06,20.63333333,44.09,10.42666667,13.22333333,21.2,29.2,23.29,38.878,20.79,39.7,8.25,756.6666667,66.16666667,5.833333333,40,2.18
300,10,22.29,38.19333333,22.2,35.23,23.82333333,35.26666667,22.4725,34.9475,20.7,44.03,10.46,12.86,21.2,29.18571429,23.29,38.72571429,20.79,39.56666667,8.3,756.7333333,65.33333333,5.666666667,40,2.07
300,0,22.29,38.29,22.26,35.43,23.96333333,35.46666667,22.39,34.79,20.7,43.9,10.53333333,10.8,21.2,29.08,23.39,38.554,20.79,39.43333333,8.35,756.8,64.5,5.5,40,1.95
280,0,22.35666667,38.29,22.39,35.46666667,24.23,35.59,22.5,34.79,20.7,43.82666667,10.69666667,8.193333333,21.2,29,23.39,38.44285714,20.79,39.5,8.4,756.8666667,63.66666667,5.333333333,40,1.83
280,0,22.39,37.93,22.39,35.4,24.43,35.72333333,22.5,34.79,20.7,43.76,11.22333333,7.533333333,21.236,28.934,23.456,38.378,20.79,39.29666667,8.45,756.9333333,62.83333333,5.166666667,40,1.72
320,0,22.39,37.86333333,22.35666667,35.29,24.86,36.13333333,22.5,34.7,20.7,43.6175,10.96333333,9.626666667,21.29,28.93714286,23.5,38.26428571,20.79,38.96333333,8.5,757,62,5,40,1.6
360,0,22.39,37.79,22.29,35.29,25.1725,36.675,22.5,34.7,20.7,43.59,10.69,10.16666667,21.25625,28.77,23.5,38.09,20.79,38.82666667,8.5,757,61.66666667,5,40,1.52
210,0,22.39,37.79,22.23,35.2,25.43,36.9,22.5,34.7,20.7,43.46666667,10.72666667,7.896666667,21.29,28.7,23.55714286,37.99857143,20.79,38.96666667,8.5,757,61.33333333,5,40,1.43
90,0,22.42666667,39.1,22.29,35.46,25.63333333,36.9,22.5,34.7,20.76,43.4,10.86,6.23,21.29,28.62857143,23.6,37.86,20.79,39,8.5,757,61,5,40,1.35
100,0,22.5,38.82666667,22.29,35.79,25.7,36.69333333,22.5,34.7,20.7,43.5,11,5.6,21.33,28.6,23.6,37.7,20.79,38.66666667,8.5,757,60.66666667,5,40,1.27
90,0,22.5,39.09333333,22.29,35.79,25.56666667,36.33333333,22.5,34.83333333,20.7,43.5,11.19,4.963333333,21.39,28.54285714,23.6,37.59,20.79,38.65666667,8.5,757,60.33333333,5,40,1.18
90,0,22.5,38.5,22.2,35.56,25.42666667,36.12666667,22.5,35,20.7,43.5,11.13,3.696666667,21.39,28.558,23.68571429,37.57714286,20.79,38.59666667,8.5,757,60,5,40,1.1
100,0,22.53333333,37.93,22.175,35.375,25.35666667,35.86333333,22.5,34.93333333,20.7,43.43333333,11.05714286,3.982857143,21.39,28.79,23.7,37.418,20.79,38.33333333,8.65,757,59,4.833333333,40,0.983
100,0,22.53333333,37.59666667,22.03333333,35.06666667,25.23,35.79,22.5,34.76,20.7,43.29,10.58,6.616,21.39,28.92666667,23.7,37.29,20.79,38.06666667,8.8,757,58,4.666666667,40,0.867
100,10,22.5,37.36333333,21.89,35,25.2,35.66333333,22.5,34.62666667,20.7,43.23,10.32571429,7.582857143,21.46333333,29.13333333,23.7,37.29,20.745,37.645,8.95,757,57,4.5,40,0.75
130,0,22.5,37.1175,21.89,34.93333333,25.13333333,35.53,22.5,34.46666667,20.7,43.02666667,10.77,6.574,21.42666667,29.16333333,23.75142857,37.21285714,20.79,37.45666667,9.1,757,56,4.333333333,40,0.633
260,0,22.56666667,37.19333333,21.89,34.82666667,25.06666667,35.46666667,22.56666667,34.32666667,20.7,42.82666667,10.85571429,5.08,21.5,29.29,23.79,37.178,20.79,37.93,9.25,757,55,4.166666667,40,0.517
110,0,22.7,38.06,21.96333333,35.43333333,24.92666667,35.19333333,22.53333333,34.26,20.79,42.59,11.176,3.614,21.63333333,29.32333333,23.79,37.06428571,20.79,38.23,9.4,757,54,4,40,0.4
110,0,22.76,38.33333333,21.89,36.36333333,24.79,34.86333333,22.6,34.2,20.79,42.59,11.32571429,1.597142857,21.7,29.32333333,23.89,37,20.79,38.43,9.6,757,52.83333333,4.333333333,40,0.3
110,0,22.79,38.66333333,21.89,36.15666667,24.73,34.79,22.6,34.06,20.79,42.7,11.07,2.19,21.7,29.16666667,23.89,36.98571429,20.79,38.53,9.8,757,51.66666667,4.666666667,40,0.2
110,0,22.79,38.59,21.89,36.09,24.6,34.62666667,22.6,33.975,20.79,42.7,10.68428571,4.198571429,21.76,29.29333333,23.89,36.878,20.79,38.59,10,757,50.5,5,40,0.1
110,10,22.82333333,38.5,21.89,36.09,24.53333333,34.76,22.6,33.82666667,20.79,42.7,10.758,5.36,21.79,29.7,23.92142857,36.79,20.79,38.5,10.2,757,49.33333333,5.333333333,40,0
110,0,22.82333333,38.36,21.79,35.86333333,24.46333333,34.76,22.5,33.76,20.79,42.62666667,11.02285714,3.224285714,21.79,29.56666667,23.934,36.754,20.73,38.56,10.4,757,48.16666667,5.666666667,40,-0.1
110,0,22.82333333,38.06,21.79,35.79,24.39,34.7,22.5,33.7,20.79,42.56,10.756,2.5,21.89,29.5,23.96857143,36.62428571,20.73,38.59,10.6,757,47,6,40,-0.2
110,0,22.89,37.86,21.79,35.66333333,24.35666667,34.62666667,22.5,33.66333333,20.79,42.5,10.62428571,1.814285714,21.82333333,29.63333333,24,36.45,20.79,38.53,10.3,757.05,48,6,40,-0.2
80,0,22.89,37.52666667,21.73,35.46333333,24.29,34.56666667,22.5,33.52571429,20.79,42.745,10.42666667,1.033333333,21.89,29.714,24,36.4,20.76,38.33333333,10.1,757.1,49,6,40,-0.2
90,0,22.89,37.13333333,21.7,35.29,24.245,34.45,22.5,33.5,20.79,42.66333333,10.52666667,1,21.934,29.456,24,36.52666667,20.76,38.13333333,9.8,757.15,50,6,40,-0.2
80,0,23,36.83333333,21.7,35.23,24.2,34.32666667,22.54285714,33.39857143,20.79,42.53,10.8,1,22.0625,29.13125,24,36.26666667,20.79,38.32666667,9.53,757.2,51,6,40,-0.2
80,0,23,36.62666667,21.7,34.93,24.2,34.4,22.52,33.272,20.79,42.26,10.89,1,22.15714286,28.52285714,24,35.79666667,20.79,38.32666667,9.27,757.25,52,6,40,-0.2
70,10,23,36.36333333,21.7,34.65666667,24.1,34.36333333,22.6,33.2,20.79,42.12666667,10.96333333,1,22.2,28.078,24,35.39,20.79,38.29,9,757.3,53,6,40,-0.2
80,0,23.06666667,36.23,21.66666667,34.5,24.1,34.15666667,22.6,33.09,20.79,41.86333333,10.695,1,22.2,27.69714286,23.89,35.02666667,20.79,38.36333333,8.97,757.3,52.66666667,6.333333333,40,-0.3
80,0,23,35.96666667,21.53333333,34.5,24,33.9,22.6,33.07714286,20.79,41.73,9.963333333,1,22.2,27.39,23.89,34.76666667,20.76,38.5,8.93,757.3,52.33333333,6.666666667,40,-0.4
70,0,23,35.76666667,21.5,34.3,24,33.9,22.58,33,20.79,41.43,9.83,1,22.2,27.23857143,23.89,34.46666667,20.7,38.43333333,8.9,757.3,52,7,40,-0.5
60,0,23,35.66333333,21.46333333,34.2,23.89,33.72333333,22.5,32.92857143,20.79,41.23,9.5,1,22.18,27.058,23.89,34.32666667,20.79,38.4,8.87,757.3,51.66666667,7.333333333,40,-0.6
60,0,23,35.53,21.39,34.06666667,23.89,33.59,22.5,32.9,20.89,41.13333333,9.36,1,22.17142857,26.79285714,23.89,34.02666667,20.73,38.4,8.83,757.3,51.33333333,7.666666667,40,-0.7
60,0,23,35.4,21.29,33.93,23.85666667,33.43,22.5,32.83714286,20.89,40.93333333,9.39,1,22.2,26.5,23.89,33.76666667,20.79,38.32666667,8.8,757.3,51,8,40,-0.8
80,0,23,35.16333333,21.29,33.65666667,23.73,33.29,22.5,32.772,20.92666667,40.66333333,9.39,1,22.17142857,26.29714286,23.79,33.43,20.73,38.36333333,8.67,757.35,50.66666667,7.833333333,40,-1.03
80,0,23,35.03,21.29,33.5,23.7,33.29,22.5,32.7,21,40.46333333,9.39,1,22.2,26.12,23.79,33.23,20.73,38.29,8.53,757.4,50.33333333,7.666666667,40,-1.27
80,10,23,34.96666667,21.29,33.5,23.7,33.23,22.5,32.59,21.1,40.26,9.33,1,22.2,25.96857143,23.79,33.06,20.79,38.29,8.4,757.45,50,7.5,40,-1.5
70,0,23,34.76666667,21.2,33.4,23.7,33.16333333,22.5,32.53857143,21.16666667,40.06666667,9.233333333,1,22.2,25.79,23.79,32.93333333,20.79,38.29,8.27,757.5,49.66666667,7.333333333,40,-1.73
80,0,23,34.63333333,21.2,33.4,23.63333333,32.96333333,22.5,32.48,21.2,39.86333333,9.033333333,1,22.11428571,25.59857143,23.79,32.66333333,20.73,38.2,8.13,757.55,49.33333333,7.166666667,40,-1.97
80,0,23,34.43333333,21.1,33.29,23.6,32.9,22.5,32.4,21.26,39.73,8.89,1,22.1,25.414,23.79,32.53,20.79,38.2,8,757.6,49,7,40,-2.2
190,0,23,34.2,21.03333333,33.15666667,23.6,32.82666667,22.5,32.356,21.2,39.46666667,8.696666667,1,22.1,25.26428571,23.79,32.26,20.73,37.76333333,8.08,757.6333333,48.66666667,7.333333333,40,-2.22
580,0,22.92666667,34.06666667,20.96333333,33.09,23.6,32.82666667,22.5,32.23857143,21.2,39.32666667,8.3,1,22.1,25.2,23.73,32.12666667,20.73,37.09666667,8.17,757.6666667,48.33333333,7.666666667,40,-2.23
480,0,23,36.03,20.96333333,33.55666667,23.6,32.76666667,22.5,32.12666667,21.2,39.26,8.226666667,1.333333333,22.08571429,25.14285714,23.7,32.26666667,20.79,36.6,8.25,757.7,48,8,40,-2.25
200,10,23,38.89666667,21,36.39333333,23.6,32.82666667,22.46857143,32.22714286,21.2,39.2225,8.16,2.196666667,22,25.12,23.7675,32.5925,20.73,36.19333333,8.33,757.7333333,47.66666667,8.333333333,40,-2.27
120,0,23.03333333,40.16666667,21,39.19333333,23.6,32.9975,22.5,32.5,21.2,39.49,8.1,2.996666667,22,25.2,23.79,32.73,20.7,35.66,8.42,757.7666667,47.33333333,8.666666667,40,-2.28
120,0,23.1,39.16666667,21,40.19333333,23.6,33.16333333,22.5,32.5,21.2,39.89,8,1,21.956,25.16,23.79,32.93333333,20.7,35.19333333,8.5,757.8,47,9,40,-2.3
140,0,23.1,39.69333333,20.92666667,39.8,23.6,33.4,22.42142857,32.47142857,21.2,40.16333333,8,1.4,21.89,25.1,23.79,33.06,20.76,34.76666667,8.13,757.8666667,49.5,8.5,40,-2
110,0,23.1,39.43333333,20.89,39.16,23.6,33.52666667,22.434,32.5,21.66333333,66.16666667,7.866666667,3.733333333,21.89,25.16,23.85666667,33.29,20.7,34.56,7.77,757.9333333,52,8,40,-1.7
110,0,23.1,38.96,20.82333333,38.63333333,23.66666667,33.79,22.39,32.56428571,21.73,67.1,7.396666667,5.73,21.89,25.2,23.85666667,33.43,20.7,34.36333333,7.4,758,54.5,7.5,40,-1.4
120,0,23.03333333,38.5,20.745,38.395,23.6,33.79,22.39,32.5,21.8,70.43333333,6.93,6.93,21.83,25.374,23.89,33.62666667,20.7,34.23,7.03,758.0666667,57,7,40,-1.1
100,10,23,38.02666667,20.7,38.36333333,23.7,33.9,22.39,32.41428571,22,72.62666667,6.396666667,8.833333333,21.80428571,25.55714286,23.89,33.76,20.7,33.918,6.67,758.1333333,59.5,6.5,40,-0.8
120,0,23,37.76666667,20.63333333,38.09666667,23.7,33.9,22.35,32.334,21.85666667,69.39333333,5.996666667,10.09333333,21.76,25.63333333,23.89,33.93333333,20.63333333,33.73,6.3,758.2,62,6,40,-0.5
120,0,23,37.43,20.56666667,37.86333333,23.66666667,33.86333333,22.39,32.22571429,21.73,66.06,5.763333333,9.793333333,21.7,25.7,23.96333333,34,20.6,33.59,6.08,758.25,63,5.666666667,40,-0.5
120,0,23,37.1725,20.5,37.73,23.6,33.73,22.29,32.09,21.6,61.86,5.563333333,10.4,21.7,25.7,24,34,20.6,33.53,5.87,758.3,64,5.333333333,40,-0.5
110,0,22.92666667,36.93333333,20.46333333,37.66333333,23.6,33.73,22.29,32.05142857,21.6,59.4,5.33,11.59333333,21.7,25.79,24,34,20.6,33.4,5.65,758.35,65,5,40,-0.5
110,0,22.89,36.76,20.39,37.59,23.6,33.73,22.272,32.014,21.46333333,57.22666667,5.123333333,12.26,21.61428571,25.71285714,24.1,34.09,20.6,33.32666667,5.43,758.4,66,4.666666667,40,-0.5
110,0,22.89,36.62666667,20.29,37.59,23.6,33.7,22.26428571,31.89,21.39,55.96666667,4.933333333,13.29666667,21.6,25.796,24.1,34.09,20.6,33.2,5.22,758.45,67,4.333333333,40,-0.5
100,0,22.89,36.53,20.29,37.66333333,23.6,33.7,22.236,32,21.39,54.59333333,4.8,14.02333333,21.6,26.1,24.1,34.3,20.6,33,5,758.5,68,4,40,-0.5
110,0,22.82333333,36.46333333,20.2,37.59,23.6,33.7,22.23857143,31.89142857,21.39,54.06666667,4.626666667,15.02666667,21.6,26.434,24.16666667,34.63333333,20.53333333,33.15666667,4.9,758.6,68.33333333,4,40,-0.533
60,10,22.79,36.29,20.2,37.72333333,23.6,33.76,22.2,31.79,21.29,53.83333333,4.366666667,15.69333333,21.6,26.69428571,24.2,34.93333333,20.53333333,33.36333333,4.8,758.7,68.66666667,4,40,-0.567
70,0,22.79,36.29,20.1,37.89,23.63333333,33.93333333,22.2,31.79,21.29,53.62666667,3.93,18,21.6,26.93,24.2,35.13333333,20.56666667,33.53,4.7,758.8,69,4,40,-0.6
60,0,22.76,36.43333333,20.1,38.16333333,23.63333333,34,22.2,31.79,21.29,53.36333333,3.656666667,20.66666667,21.6,27.46857143,24.23,35.46333333,20.5,33.72333333,4.6,758.9,69.33333333,4,40,-0.633
70,0,22.7,36.63333333,19.96333333,38.09,23.6,34.03,22.2,31.79,21.2225,52.9975,3.45,23.745,21.6,27.934,24.29,35.66333333,20.53333333,34.06666667,4.5,759,69.66666667,4,40,-0.667
90,10,22.66666667,36.6,19.89,38.09,23.6,34.09,22.16,31.81,21.2,52.62666667,3.26,25.16666667,21.65714286,28.26714286,24.29,35.845,20.6,34.4,4.4,759.1,70,4,40,-0.7
60,0,22.6,36.32666667,19.85666667,38.06,23.6,34.245,22.17142857,31.81857143,21.2,52.33333333,3.066666667,25.56,21.68,28.5,24.29,36.06666667,20.53333333,34.73,4.12,759.1,71.5,3.666666667,40,-0.7
60,0,22.6,36.29,19.79,38,23.6,34.4,22.1,31.89,21.2,52.06666667,2.863333333,27.23333333,21.6,28.52857143,24.29,36.26,20.6,34.93,3.83,759.1,73,3.333333333,40,-0.7
60,0,22.6,36.29,19.76,38.16333333,23.6,34.4,22.1,31.89,21.2,51.63333333,2.656666667,27.69333333,21.6,28.79,24.29,36.95666667,20.56666667,35.23,3.55,759.1,74.5,3,40,-0.7
60,0,22.5,36.2,19.7,38.16333333,23.6,34.5,22.08,31.89,21.2,51.36,2.59,30.09333333,21.6,28.95285714,24.29,37.56333333,20.56666667,35.36333333,3.27,759.1,76,2.666666667,40,-0.7
50,0,22.5,36.12666667,19.6,38.23,23.6,34.5,22.075,31.9725,21.16666667,51.13333333,2.463333333,30.56666667,21.6,29.12,24.29,38.26666667,20.6,35.53,2.98,759.1,77.5,2.333333333,40,-0.7
60,0,22.5,36,19.525,38.3725,23.6,34.59,22.07142857,31.96857143,21.1,50.86,2.26,31.13,21.6,29.25428571,24.16333333,38.52666667,20.525,35.695,2.7,759.1,79,2,40,-0.7
60,0,22.5,35.93333333,19.5,38.46666667,23.6,34.59,22,31.89,21.1,50.63333333,2.2,31.72333333,21.6,29.474,24.1,38.96333333,20.56666667,35.86333333,2.58,759.1,79.83333333,2,40,-0.667
60,0,22.46333333,35.86333333,19.39,38.5,23.6,34.7,22,31.98428571,21.1,50.43333333,2.163333333,32.73,21.6,29.92857143,24.1,39.29666667,20.53333333,36.12666667,2.47,759.1,80.66666667,2,40,-0.633
60,0,22.39,35.73,19.32333333,38.5,23.6,34.76,22,32,21.06666667,50.19333333,2.03,32.45666667,21.6,30.316,24,39.69333333,20.6,36.26,2.35,759.1,81.5,2,40,-0.6
60,0,22.39,35.7,19.29,38.5,23.5,34.82666667,22,32.02571429,21.06666667,50,1.596666667,31.63333333,21.6,30.6,24,40.1,20.6,36.53,2.23,759.1,82.33333333,2,40,-0.567
60,0,22.35666667,35.59,19.23,38.5,23.5,34.9,22,32.09,21,49.86333333,1.196666667,31.76,21.66,30.66,23.89,40.39,20.6,36.66333333,2.12,759.1,83.16666667,2,40,-0.533
60,0,22.29,35.53,19.2,38.5,23.46333333,34.79,22,32.09,21,49.65666667,0.866666667,32.86666667,21.6,30.88285714,23.89,40.72333333,20.56666667,36.82666667,2,759.1,84,2,40,-0.5
50,0,22.29,35.5,19.13333333,38.56,23.39,34.79,22,32.09,21,49.5,0.666666667,33.53333333,21.6,31.098,23.85666667,41.03,20.5,37.02666667,2.03,759.1,83.83333333,2,40,-0.483
50,0,22.29,35.5,19.06666667,38.56,23.39,34.7,21.96857143,32.09,21,49.43333333,0.533333333,34.46333333,21.64285714,31.44,23.79,41.09,20.6,37.12666667,2.07,759.1,83.66666667,2,40,-0.467
60,0,22.2,35.32666667,19,38.5,23.39,34.7,21.89,32.09,21,49.29,0.325,35.195,21.6625,31.6625,23.79,41.43333333,20.6,37.26,2.1,759.1,83.5,2,40,-0.45
60,0,22.2,35.32666667,18.96333333,38.53,23.35666667,34.66333333,21.89,32.09,21,49.23,0.3,36.06333333,21.7,31.7,23.79,41.5,20.5,37.43333333,2.13,759.1,83.33333333,2,40,-0.433
50,0,22.2,35.29,18.89,38.53,23.29,34.59,21.934,32.112,20.92666667,49.09,0.6,38.23333333,21.65714286,31.6,23.7,41.63333333,20.5,37.56,2.17,759.1,83.16666667,2,40,-0.417
60,0,22.2,35.29,18.85666667,38.59,23.29,34.66333333,21.89,32.2,20.92666667,49.03,1,39.56666667,21.66,31.62,23.7,42.02666667,20.53333333,37.73,2.2,759.1,83,2,40,-0.4
60,0,22.16666667,35.2,18.79,38.59,23.29,34.66333333,21.89,32.2,20.89,48.845,1.23,39.69333333,21.62857143,31.72571429,23.7,42.39,20.6,37.86333333,2.15,759.0666667,83.66666667,2.166666667,40,-0.35
60,0,22.1,35.2,18.79,38.7,23.29,34.7,21.89,32.2,20.89,48.76,1.29,39.9,21.64,31.934,23.7,42.59,20.53333333,37.93333333,2.1,759.0333333,84.33333333,2.333333333,40,-0.3
60,0,22.1,35.2,18.73,38.7,23.29,34.7,21.85,32.156,20.89,48.62666667,1.2,39.36,21.64285714,32.01285714,23.6,42.5,20.53333333,38,2.05,759,85,2.5,40,-0.25
60,0,22.1,35.2,18.7,38.79,23.23,34.62666667,21.89,32.2,20.85666667,48.52666667,1.133333333,40.02666667,21.66,32.174,23.6,42.53,20.53333333,38.12666667,2,758.9666667,85.66666667,2.666666667,40,-0.2
30,0,22.06666667,35.16333333,18.7,38.79,23.23,34.65666667,21.79,32.156,20.85666667,48.46666667,1.166666667,40.96333333,21.7,32.32142857,23.6,42.66333333,20.53333333,38.2,1.95,758.9333333,86.33333333,2.833333333,40,-0.15
40,0,22,35.09,18.6,38.82666667,23.23,34.73,21.83285714,32.22285714,20.79,48.29,1.226666667,41.69666667,21.7,32.44,23.5,42.86333333,20.5,38.29,1.9,758.9,87,3,40,-0.1
30,0,22,35.09,18.575,38.9,23.2,34.59,21.83,32.236,20.79,48.29,1.663333333,43.65666667,21.65714286,32.51285714,23.5,42.86333333,20.5,38.36333333,1.92,758.8833333,87,2.833333333,40,-0.0667
30,0,22,35.16333333,18.5,38.96666667,23.2,34.59,21.79,32.2,20.79,48.16333333,1.663333333,43.39666667,21.68,32.59,23.5,42.82666667,20.5,38.5,1.93,758.8666667,87,2.666666667,40,-0.0333
60,0,21.89,35.12666667,18.5,39,23.1,34.59,21.79,32.29,20.79,48.09,1.463333333,43.16666667,21.6,32.56428571,23.5,42.82666667,20.53333333,38.62666667,1.95,758.85,87,2.5,40,0
70,0,21.89,35.2,18.5,39,23.1,34.59,21.79,32.29,20.79,48.06,1.463333333,44.63333333,21.64,32.5,23.5,42.7,20.53333333,38.76,1.97,758.8333333,87,2.333333333,40,0.0333
70,0,21.89,35.2,18.46333333,39.06,23.1,34.7,21.79,32.356,20.79,48,1.663333333,45.92666667,21.65714286,32.51,23.42666667,42.56666667,20.5,38.79,1.98,758.8166667,87,2.166666667,40,0.0667
50,0,21.89,35.2,18.39,39,23.1,34.76,21.79,32.4,20.79,47.96666667,1.79,46.2,21.62,32.594,23.39,42.46666667,20.5,38.86333333,2,758.8,87,2,40,0.1
70,0,21.82333333,35.12666667,18.39,39,23.13333333,34.79,21.7,32.4,20.73,47.9,1.695,45.645,21.62857143,32.75142857,23.39,42.46666667,20.5,38.9,2,758.75,87.83333333,2,40,0.217
50,0,21.79,35.2,18.39,39,23.2,34.79,21.7,32.4,20.7,47.79,1.5,45.99333333,21.66,32.856,23.39,42.46666667,20.5,38.9,2,758.7,88.66666667,2,40,0.333
50,0,21.79,35.2,18.39,39,23.2,34.79,21.7,32.4,20.7,47.73,1.5,46.86,21.6,32.88428571,23.39,42.26666667,20.5,39.03,2,758.65,89.5,2,40,0.45
60,0,21.79,35.2,18.32333333,39.06,23.2,34.86333333,21.7,32.4,20.7,47.7,1.533333333,47.59666667,21.6,32.96,23.39,42.06,20.5,39.09,2,758.6,90.33333333,2,40,0.567
50,0,21.79,35.2,18.35666667,39.09,23.29,35.03,21.7,32.47142857,20.7,47.62666667,1.6,47.93,21.6,33.02571429,23.39,41.93333333,20.5,39.09,2,758.55,91.16666667,2,40,0.683
60,0,21.76,35.29,18.29,39.09,23.29,35.09,21.7,32.5,20.7,47.59,1.633333333,48.33,21.6,33.054,23.39,41.66333333,20.5,39.16333333,2,758.5,92,2,40,0.8
50,0,21.7,35.29,18.29,39.09,23.29,35.09,21.64285714,32.44285714,20.7,47.53,1.76,48.79666667,21.6,33.07714286,23.32333333,41.53,20.5,39.2,2.03,758.4666667,92,1.833333333,40,0.833
60,0,21.7,35.29,18.29,39.16333333,23.29,35.16333333,21.66,32.46,20.7,47.5,1.933333333,49.53,21.6,33.09,23.29,41.4,20.5,39.33333333,2.07,758.4333333,92,1.666666667,40,0.867
70,0,21.7,35.36333333,18.29,39.23,23.29,35.2,21.7,32.52571429,20.65,47.37,2.06,49.93,21.6,33.09,23.29,41.32666667,20.5,39.43333333,2.1,758.4,92,1.5,40,0.9
50,0,21.7,35.4,18.29,39.29,23.365,35.295,21.6,32.5,20.7,47.32666667,2.126666667,49.96333333,21.6,33.09,23.2,41.06,20.5,39.56,2.13,758.3666667,92,1.333333333,40,0.933
70,0,21.7,35.4,18.26,39.29,23.39,35.4,21.6,32.5,20.7,47.26,2.2,50.09,21.6,33.09,23.2,41.045,20.5,39.59,2.17,758.3333333,92,1.166666667,40,0.967
50,0,21.6,35.32666667,18.2,39.23,23.39,35.4,21.6,32.5,20.63333333,47.12666667,2.2,50.09,21.6,33.23571429,23.2,41,20.5,39.59,2.2,758.3,92,1,40,1
50,0,21.6,35.4,18.2,39.245,23.39,35.4,21.6,32.5,20.6,47.09,2.26,50.22333333,21.6,33.356,23.2,41,20.5,39.59,2.33,758.2666667,92,1.166666667,37.16666667,1.13
50,0,21.6,35.4,18.2,39.29,23.39,35.5,21.6,32.5,20.6,47.03,2.29,50.23,21.6,33.42857143,23.13333333,40.93333333,20.5,39.59,2.47,758.2333333,92,1.333333333,34.33333333,1.27
60,0,21.6,35.4,18.2,39.23,23.39,35.5,21.6,32.572,20.6,46.96666667,2.363333333,50.43,21.6,33.5,23.1,40.9,20.5,39.59,2.6,758.2,92,1.5,31.5,1.4
50,0,21.5,35.4,18.2,39.29,23.39,35.59,21.5625,32.5675,20.6,46.9,2.53,50.7,21.6,33.56428571,23.1,40.9,20.5,39.59,2.73,758.1666667,92,1.666666667,28.66666667,1.53
60,0,21.5,35.4,18.2,39.29,23.39,35.66333333,21.6,32.59,20.6,46.86333333,2.6725,50.645,21.6,33.536,23.1,40.79,20.5,39.59,2.87,758.1333333,92,1.833333333,25.83333333,1.67
60,0,21.5,35.5,18.2,39.29,23.39,35.62666667,21.58571429,32.65285714,20.6,46.79,2.76,50.76,21.6,33.56428571,23.03333333,40.73,20.5,39.59,3,758.1,92,2,23,1.8
60,0,21.5,35.5,18.2,39.29,23.39,35.7,21.5,32.7,20.6,46.7,2.933333333,51.06666667,21.6,33.59,23.06666667,40.72333333,20.5,39.59,2.95,758.0666667,92.5,1.833333333,25.83333333,1.82
60,0,21.5,35.5,18.2,39.4,23.39,35.7,21.5,32.72571429,20.53333333,46.7,3.06,51.33333333,21.6,33.51285714,23,40.59,20.5,39.59,2.9,758.0333333,93,1.666666667,28.66666667,1.83
50,0,21.5,35.59,18.2,39.4,23.46333333,35.76,21.5,32.79,20.56666667,46.59,3.23,51.43333333,21.6,33.518,23,40.56,20.5,39.59,2.85,758,93.5,1.5,31.5,1.85
50,0,21.5,35.59,18.2,39.4,23.39,35.7,21.5,32.79,20.56666667,46.59,3.363333333,51.56,21.6,33.66857143,23,40.5,20.5,39.59,2.8,757.9666667,94,1.333333333,34.33333333,1.87
40,0,21.5,35.75666667,18.2,39.4,23.46333333,35.76,21.5,32.812,20.56666667,46.5,3.53,51.86,21.6,33.656,22.92666667,40.59,20.5,39.66333333,2.75,757.9333333,94.5,1.166666667,37.16666667,1.88
50,0,21.5,36.22333333,18.2,39.93333333,23.35666667,35.4,21.5,32.92857143,20.5,46.43333333,3.663333333,52.19333333,21.51428571,33.31285714,23,40.46333333,20.5,39.76,2.7,757.9,95,1,40,1.9
70,0,21.5,36.32666667,18.2,40,23.23,34.92666667,21.5,33.29,20.5,46.13333333,3.963333333,52.4,21.5,33.16,22.89,40.13333333,20.5,39.62666667,2.82,757.9,94.33333333,1.166666667,40,1.92
70,0,21.5,36.46666667,18.2,40.2,23.16666667,34.56,21.5,33.38625,20.5,45.86,4.156666667,51.93333333,21.46857143,32.89714286,22.89,39.93333333,20.5,39.52666667,2.93,757.9,93.66666667,1.333333333,40,1.93
70,0,21.5,36.7,18.26,40.46,23.1,34.5,21.5,33.4,20.5,45.52666667,4.333333333,50.23333333,21.434,32.7,22.89,39.63333333,20.5,39.26666667,3.05,757.9,93,1.5,40,1.95
70,0,21.5,36.76,18.39,40.52666667,23,34.4,21.5,33.376,20.5,45.2675,4.466666667,47.76666667,21.45285714,32.82428571,22.89,39.43333333,20.42666667,38.72333333,3.17,757.9,92.33333333,1.666666667,40,1.97
80,10,21.5,36.56,18.46333333,40.32666667,23,34.475,21.5,33.5,20.5,45.03,4.793333333,46.96666667,21.434,32.834,22.79,39.16333333,20.5,38.46333333,3.28,757.9,91.66666667,1.833333333,40,1.98
100,0,21.5,36.5,18.63333333,40.02666667,22.92666667,34.5,21.5,33.634,20.5,44.76,5.06,44.16666667,21.39,32.76428571,22.79,39.03,20.5,38.1,3.4,757.9,91,2,40,2
80,0,21.5,36.56,18.7,39.82666667,22.89,34.56666667,21.5,33.73857143,20.5,44.62666667,4.966666667,43.93333333,21.39,32.656,22.79,38.845,20.42666667,37.69333333,3.5,757.9333333,90.5,2.333333333,37.66666667,2.03
70,0,21.5,36.5,18.65,39.645,22.89,34.7,21.56,33.776,20.42666667,44.29,4.833333333,43.8,21.39,32.65285714,22.79,38.7,20.39,37.33333333,3.6,757.9666667,90,2.666666667,35.33333333,2.07
120,10,21.5,36.53,18.6,39.59,22.89,34.63333333,21.6,33.97142857,20.5,44.23,4.64,44.745,21.39,32.7,22.79,38.7,20.39,37.06666667,3.7,758,89.5,3,33,2.1
70,10,21.5,36.59,18.6,39.59,22.82333333,34.36,21.64,34.036,20.5,44.12666667,4.466666667,47.39333333,21.39,32.59571429,22.79,38.62666667,20.39,36.745,3.8,758.0333333,89,3.333333333,30.66666667,2.13
70,20,21.5,36.53,18.63333333,39.53,22.82333333,34.32666667,21.67142857,34.15285714,20.42666667,44.12666667,4.466666667,50.33333333,21.39,32.254,22.79,38.7,20.39,36.39,3.9,758.0666667,88.5,3.666666667,28.33333333,2.17
140,20,21.5,36.79666667,18.7,39.53,22.89,34.32666667,21.7,34.218,20.66666667,51.36666667,4.896666667,52.89,21.39,32.19714286,22.79,38.7,20.46333333,36.72333333,4,758.1,88,4,26,2.2
100,10,21.5,36.66333333,18.73,39.22333333,22.92666667,34.4,21.7,34.32142857,20.92666667,65.89333333,5.296666667,53.55666667,21.40375,32.53375,22.79,38.7,20.46333333,36.76,4.15,758.0666667,87.16666667,4,26.5,2.2
100,10,21.5,36.59,18.79,38.96333333,23.06666667,34.46666667,21.79,34.4,20.85666667,65.56666667,5.263333333,49.03,21.434,32.634,22.79,38.79,20.39,36.56666667,4.3,758.0333333,86.33333333,4,27,2.2
320,10,21.445,36.45,18.79,38.86333333,23.03333333,34.43333333,21.84714286,34.41285714,20.79,64.16,5.19,48.29,21.39,32.56428571,22.79,38.86333333,20.39,36.46666667,4.45,758,85.5,4,27.5,2.2
330,0,21.39,36.29,18.79,38.73,23.1,34.5,21.83,34.152,20.7,62.15666667,5.026666667,48.29333333,21.456,32.554,22.79,38.76,20.39,36.46666667,4.6,757.9666667,84.66666667,4,28,2.2
120,0,21.39,36.29,18.89,38.7,22.93,34.36,21.79,33.92857143,20.7,60.15666667,4.966666667,47.42666667,21.48428571,32.39857143,22.79,38.62666667,20.5,37.36,4.75,757.9333333,83.83333333,4,28.5,2.2
80,0,21.39,37.12666667,18.96333333,38.9,22.79,34.56,21.79,33.754,20.7,57.12333333,5.323333333,46.13333333,21.5,32.272,22.89,38.46666667,20.5,37.43333333,4.9,757.9,83,4,29,2.2
90,0,21.39,37.12666667,19.03333333,39.16333333,22.79,34.59,21.73857143,33.68142857,20.63333333,54.86333333,5.923333333,44.26666667,21.5,32.16857143,22.89,38.32666667,20.46333333,37.26,4.92,757.9,82.5,4,29,2.13
100,0,21.39,36.83333333,19.1,38.89,22.79,34.53,21.754,33.876,20.6,53.23333333,6.156666667,37.06666667,21.5,32,22.92666667,38.16333333,20.46333333,37.2,4.93,757.9,82,4,29,2.07
90,0,21.39,36.62666667,19.2,38.56,22.79,34.5,21.79,34,20.6,52.16666667,6.09,38.6,21.55714286,31.89142857,23,38.03,20.39,36.86333333,4.95,757.9,81.5,4,29,2
100,0,21.39,36.46666667,19.2,38.43333333,22.73,34.43333333,21.79,34.036,20.6,51.02666667,5.6,44.86,21.58,31.81,23,37.9,20.39,36.73,4.97,757.9,81,4,29,1.93
90,0,21.39,36.32666667,19.2,38.43333333,22.73,34.4,21.79,33.95571429,20.6,50.36,5,53.93333333,21.57142857,31.89,23.06666667,37.9,20.39,36.66333333,4.98,757.9,80.5,4,29,1.87
90,0,21.39,36.2,19.26,38.56,22.73,34.32666667,21.79,33.878,20.6,50.29,5.16,56.06,21.54,31.89,23.1,37.76,20.46333333,36.66333333,5,757.9,80,4,29,1.8
80,10,21.39,36.2,19.29,38.59,22.745,34.29,21.72571429,33.79,20.53333333,50.13333333,5.3,55.72666667,21.51428571,31.89,23.1,37.62666667,20.46333333,36.66333333,4.95,757.9333333,81.66666667,4,30.83333333,2.02
80,0,21.39,36.23,19.29,38.66333333,22.79,34.2,21.7,33.79,20.53333333,49.93333333,5.5,55.19,21.5,31.89,23.1,37.56,20.39,36.59,4.9,757.9666667,83.33333333,4,32.66666667,2.23
220,0,21.39,36.29,19.34,38.79,22.79,34.2,21.7,33.79,20.53333333,49.76,5.823333333,51.92333333,21.54285714,31.86142857,23.1,37.5,20.39,36.59,4.85,758,85,4,34.5,2.45
400,0,21.39,36.29,19.53333333,38.66333333,22.79,34.2,21.7,33.83125,20.6,49.56666667,6.23,47.79666667,21.54,31.754,23.1,37.5,20.46333333,36.59,4.8,758.0333333,86.66666667,4,36.33333333,2.67
90,0,21.39,36.29,19.6,38.53,22.79,34.2,21.7,33.856,20.5,49.33333333,6.666666667,41.63333333,21.57142857,31.7,23.1,37.5,20.445,36.645,4.75,758.0666667,88.33333333,4,38.16666667,2.88
70,0,21.5,36.5,19.7,38.56,22.73,34.2,21.7,33.97142857,20.56666667,49.06666667,7.126666667,37.16666667,21.54,31.64,23.1,37.43333333,20.46333333,36.66333333,4.7,758.1,90,4,40,3.1
70,0,21.5,36.5,19.7,38.43333333,22.79,34.2,21.7,34,20.5,48.83333333,7.16,33.62333333,21.52857143,31.57142857,23.1,37.4,20.46333333,36.66333333,4.93,758.0333333,88,4,40,3
60,0,21.5,36.5,19.79,38.46666667,22.79,34.2,21.7,34.05142857,20.5,48.62666667,7.493333333,33.82333333,21.6,31.5,23.16666667,37.32666667,20.42666667,36.62666667,5.17,757.9666667,86,4,40,2.9
80,0,21.5,36.56,19.85666667,38.4,22.79,34.2,21.7,34.09,20.5,48.43,8.196666667,30.65666667,21.6,31.40571429,23.2,37.22333333,20.5,36.7,5.4,757.9,84,4,40,2.8
60,0,21.55,36.545,19.89,38.26,22.79,34.16333333,21.7,34.16857143,20.5,48.23,7.923333333,28.19666667,21.6,31.39,23.2,37.09,20.5,36.7,5.63,757.8333333,82,4,40,2.7
70,10,21.6,36.56,19.89,38.26,22.79,34.09,21.7,34.2,20.5,48.02666667,5.533333333,42.46333333,21.6,31.31857143,23.2,37.09,20.5,36.7,5.87,757.7666667,80,4,40,2.6
60,0,21.6,36.5,19.76,38.4,22.7,34.2,21.7,34.18428571,20.5,47.9,4.6,51.79666667,21.56,31.29,23.2,37.09,20.42666667,36.62666667,6.1,757.7,78,4,40,2.5
60,0,21.6,36.5,19.7,38.4,22.76,34.2,21.64,34.09,20.5,47.76,4.66,54.93333333,21.52857143,31.29,23.2,37.06,20.5,36.62666667,5.62,757.7,80.33333333,3.5,40,2.42
70,0,21.6,36.43333333,19.79,38.36333333,22.76,34.2,21.6,34.09,20.5,47.62666667,4.993333333,56.26666667,21.52,31.29,23.2,37,20.42666667,36.53,5.13,757.7,82.66666667,3,40,2.33
60,0,21.6,36.4,19.79,38.29,22.7,34.2,21.6,34.134,20.5,47.36333333,5.293333333,56.26666667,21.6125,31.29,23.2,36.86333333,20.5,36.59,4.65,757.7,85,2.5,40,2.25
50,0,21.66666667,36.46666667,19.82333333,38.32666667,22.7,34.2,21.61428571,34.21285714,20.5,47.23,5.893333333,56.86,21.7,31.29,23.26,36.86333333,20.5,36.73,4.17,757.7,87.33333333,2,40,2.17
50,0,21.7,36.5,19.89,38.4,22.76,34.2,21.7,34.312,20.5,47.06,6.633333333,51.12333333,21.7,31.29,23.29,36.79,20.5,36.79,3.68,757.7,89.66666667,1.5,40,2.08
50,0,21.7,36.5,19.92666667,38.29,22.7,34.2,21.7,34.4,20.5,46.93333333,7.093333333,36.79,21.7,31.23857143,23.35666667,36.79,20.42666667,36.82666667,3.2,757.7,92,1,40,2
60,0,21.73,36.5,20,38.29,22.7,34.2,21.7,34.4,20.5,46.76,7.295,28.245,21.7,31.2,23.29,36.66333333,20.5,36.9,3.85,757.6333333,88.5,1.666666667,40,2.02
70,10,21.79,36.5,20,38.2,22.7,34.245,21.64285714,34.36571429,20.5,46.6175,7.526666667,24.76,21.7,31.12857143,23.35666667,36.53,20.5,36.9,4.5,757.5666667,85,2.333333333,40,2.03
60,0,21.79,36.4,20.06666667,38.2,22.63333333,34.23,21.62,34.312,20.5,46.53,7.333333333,29.03333333,21.736,31.1,23.39,36.4,20.5,36.9,5.15,757.5,81.5,3,40,2.05
60,0,21.79,36.4,20.1,37.96666667,22.7,34.29,21.7,34.4,20.5,46.4,7.726666667,30.16333333,21.79,30.95142857,23.39,36.4,20.5,36.93333333,5.8,757.4333333,78,3.666666667,40,2.07
70,0,21.82333333,36.4,20.1,37.925,22.6,34.2,21.7,34.4,20.5,46.32666667,7.6,29.29,21.79,30.89,23.46333333,36.36333333,20.5,36.93333333,6.45,757.3666667,74.5,4.333333333,40,2.08
70,0,21.89,36.4,20.16666667,37.86,22.6,34.2,21.7,34.45714286,20.5,46.16333333,7.6,22.63,21.81857143,30.89,23.4725,36.345,20.5,37,7.1,757.3,71,5,40,2.1
80,0,21.89,36.36333333,20.1,37.66333333,22.6,34.2,21.7,34.5,20.5,46.03,7.726666667,19.63,21.89,30.754,23.56666667,36.23,20.5,37,7.02,757.3,70.16666667,5.333333333,40,1.85
60,0,21.89,36.29,20.1,37.53,22.66666667,34.26,21.7,34.42857143,20.5,45.93,8.033333333,17.9,21.98428571,30.55714286,23.63333333,36.16333333,20.5,37,6.93,757.3,69.33333333,5.666666667,40,1.6
80,0,22,36.36333333,20.13333333,37.5,22.7,34.29,21.7,34.4,20.5,45.79,8.3,16.36666667,22.02,30.434,23.7,36.09,20.5,37.09,6.85,757.3,68.5,6,40,1.35
70,0,22,36.29,20.13333333,37.5,22.7,34.23,21.7,34.4,20.39,45.56,7.063333333,25.29,22.02857143,30.31857143,23.7,36,20.5,37.09,6.77,757.3,67.66666667,6.333333333,40,1.1
60,10,22,36.26,20.1,37.5,22.63333333,34.23,21.7,34.3725,20.39,45.5,5.93,37.09666667,22,30.29,23.7,36,20.5,37.09,6.68,757.3,66.83333333,6.666666667,40,0.85
60,0,22,36.2,20.1,37.5,22.7,34.29,21.7,34.4,20.39,45.4,5.866666667,42.83333333,22.01428571,30.29,23.7,36,20.5,37.03,6.6,757.3,66,7,40,0.6
60,0,22,36.2,20.1,37.36333333,22.7,34.4,21.7,34.36857143,20.46333333,45.4,6.333333333,38.96666667,22.1,30.272,23.7,35.93333333,20.56666667,37.03,6.43,757.3166667,68.16666667,6.833333333,40,0.867
80,0,22.03333333,36.23,20.1,37.29,22.7,34.4,21.7,34.4,20.46333333,45.33333333,6.626666667,36.26333333,22.1,30.2,23.7,35.86333333,20.56666667,37.09,6.27,757.3333333,70.33333333,6.666666667,40,1.13
80,0,22.1,36.29,20.06666667,37.53,22.7,34.4,21.68571429,34.29285714,20.39,45.2,5.56,41.73,22.04,30,23.7,35.79,20.5,37.09,6.1,757.35,72.5,6.5,40,1.4
80,0,22.1,36.26,20,37.59,22.7,34.4,21.6,34.178,20.5,45.13333333,4.896666667,48.09333333,22.1,29.93714286,23.7,36.03,20.5,37.03,5.93,757.3666667,74.66666667,6.333333333,40,1.67
100,0,22.1,36.2,20,37.66333333,22.7,34.5,21.6,34.09,20.5,44.86,5.2725,48.5475,22.1,29.87,23.76,36.09,20.5,37,5.77,757.3833333,76.83333333,6.166666667,40,1.93
90,0,22.1,36.16333333,20.06666667,37.59,22.7,34.5,21.6,34.2,20.5,44.49,5.733333333,48.29666667,22.1,29.79,23.79,36.09,20.5,36.93333333,5.6,757.4,79,6,40,2.2
110,0,22.1,36.03,20.1,37.29666667,22.7,34.5,21.6,34.29285714,20.56666667,44.15666667,6.366666667,38.12666667,22.1,29.7,23.85666667,36.16333333,20.5,36.66333333,5.88,757.3833333,76.83333333,6,40,2.03
100,0,22.13333333,35.86333333,20.1,37.03,22.7,34.5,21.66,34.478,20.6,43.79666667,6.626666667,33.79333333,22.1,29.54142857,23.92666667,36.26666667,20.5,36.53,6.17,757.3666667,74.66666667,6,40,1.87
110,0,22.13333333,35.73,20.1,36.9,22.7,34.4,21.7,34.59,20.625,43.4475,7.03,24.5,22.1,29.37,24,36.46666667,20.5,36.43333333,6.45,757.35,72.5,6,40,1.7
120,0,22.13333333,36,20.03333333,36.76666667,22.6,34.26,21.7,34.59,20.7,43.32666667,7.09,24.1,22.1,29.26428571,24.1,36.79,20.5,36.43333333,6.73,757.3333333,70.33333333,6,40,1.53
120,0,22.2,36,20,36.56,22.6,34.2,21.71285714,34.53857143,20.79,43.02666667,7.293333333,22.8,22.1,29.1,24.16666667,36.79,20.5,36.13333333,7.02,757.3166667,68.16666667,6,40,1.37
110,0,22.2,36.03,20.075,36.67,22.6,34.09,21.79,34.5,20.85666667,42.9,7.56,23,22.1,29,24.2,36.59,20.5,35.86,7.3,757.3,66,6,40,1.2
110,0,22.2,36.09,20.1,37.06,22.6,34.03,21.79,34.35,20.79,42.56,7.59,21.72333333,22.1,29.01428571,24.26,36.53,20.5,35.495,7.33,757.35,65.66666667,5.833333333,40,1.18
110,0,22.2,36,20,37,22.56666667,33.96666667,21.7,34.054,20.79,42.43333333,7.53,23.72333333,22.1,29.1,24.29,36.45,20.5,35.16333333,7.37,757.4,65.33333333,5.666666667,40,1.17
110,0,22.2,36,20,37.06,22.56666667,33.9,21.7,33.88,20.7,42.26,7.026666667,25.63,22.07142857,29.02857143,24.26,36.22333333,20.5,34.96333333,7.4,757.45,65,5.5,40,1.15
110,0,22.16666667,36,19.89,37.12666667,22.5,33.79,21.7,33.772,20.7,42.12666667,6.833333333,26.22333333,22,29,24.26,36.16333333,20.5,34.66333333,7.43,757.5,64.66666667,5.333333333,40,1.13
100,0,22.1,35.93333333,19.89,37.2,22.5,33.86333333,21.7,33.66857143,20.7,41.86333333,6.656666667,25.86666667,22,29.14142857,24.29,36.09,20.42666667,34.39,7.47,757.55,64.33333333,5.166666667,40,1.12
100,0,22.16666667,35.79,19.85666667,37,22.5,33.79,21.7,33.554,20.7,41.73,6.53,24.46,22.02,29.412,24.29,36.09,20.39,34.13333333,7.5,757.6,64,5,40,1.1
90,0,22.1,35.845,19.79,37.06,22.5,33.79,21.61428571,33.33857143,20.7,41.66333333,6.2,24.86666667,22.02857143,29.5,24.29,36,20.39,33.93333333,7.13,757.6333333,65.33333333,5,40,1.02
70,0,22.1,35.73,19.79,37.2,22.5,33.79,21.6,33.178,20.63333333,41.46333333,5.793333333,25.06,22,29.5,24.29,36,20.39,33.72333333,6.77,757.6666667,66.66666667,5,40,0.933
100,0,22.1,35.73,19.79,37.26,22.5,33.86333333,21.6,33.09,20.7,41.5,5.366666667,27.23,22,29.51428571,24.32333333,36,20.39,33.53,6.4,757.7,68,5,40,0.85
100,0,22.1,35.79,19.76,37.43333333,22.46333333,33.96666667,21.6,33,20.7,41.43333333,5.095,27.52,21.978,29.518,24.39,35.93333333,20.29,33.36333333,6.03,757.7333333,69.33333333,5,40,0.767
120,0,22.1,35.9,19.7,37.5,22.39,33.96666667,21.54285714,32.85142857,20.66666667,41.36333333,4.833333333,28.05666667,21.89,29.31857143,24.29,35.9,20.29,33.29,5.67,757.7666667,70.66666667,5,40,0.683
110,0,22.1,35.82666667,19.6,37.4,22.39,34.09,21.5,32.714,20.6,41.23,4.59,29.22666667,21.89,29.434,24.29,35.82666667,20.29,33.16333333,5.3,757.8,72,5,40,0.6
110,0,22.1,35.76,19.53333333,37.4,22.39,34.03,21.5,32.57875,20.6,41.09,4.656666667,30.62666667,21.89,29.46857143,24.35666667,35.76,20.29,33.03,5.1,757.8333333,73.66666667,4.666666667,40,0.7
110,10,22.03333333,35.62666667,19.5,37.29,22.42666667,34,21.46857143,32.47142857,20.6,41.09,4.56,31.32333333,21.85,29.456,24.35666667,35.7,20.29,32.9,4.9,757.8666667,75.33333333,4.333333333,40,0.8
110,0,22,35.46666667,19.42666667,37.29,22.42666667,34,21.39,32.29,20.6,40.96666667,4.226666667,32.59666667,21.89,29.69714286,24.39,35.66333333,20.29,32.82666667,4.7,757.9,77,4,40,0.9
110,0,22,35.4,19.35666667,37.36,22.39,33.9,21.39,32.27714286,20.6,40.9,3.833333333,34.92666667,21.956,30.016,24.39,35.66333333,20.26,32.66333333,4.5,757.9333333,78.66666667,3.666666667,40,1
100,10,22,35.5,19.29,37.43333333,22.39,33.975,21.39,32.218,20.55,40.845,3.626666667,36.06666667,21.89,29.89,24.39,35.7,20.2,32.53,4.3,757.9666667,80.33333333,3.333333333,40,1.1
90,0,21.92666667,35.5,19.29,37.5,22.39,34,21.39,32.22571429,20.5,40.79,3.466666667,37.66,21.89,29.976,24.39,35.7,20.2,32.4,4.1,758,82,3,40,1.2
110,0,21.89,35.4,19.2225,37.425,22.39,34.09,21.35,32.2,20.5,40.79,3.326666667,39.52666667,21.89,30.1,24.39,35.73,20.2,32.4,3.95,758.05,82.16666667,3,40,1.1
90,0,21.89,35.4,19.2,37.46666667,22.39,33.96333333,21.29,32.27714286,20.5,40.7,3.29,41.53333333,21.83,30.14,24.32333333,35.86333333,20.2,32.29,3.8,758.1,82.33333333,3,40,1
90,0,21.89,35.4,19.1,37.59,22.39,33.9,21.29,32.334,20.5,40.7,3.29,42.53333333,21.80428571,30.21285714,24.39,35.93333333,20.175,32.29,3.65,758.15,82.5,3,40,0.9
80,0,21.89,35.4,19.1,37.59,22.39,33.96666667,21.29,32.29,20.5,40.7,3.06,43.39666667,21.79,30.456,24.32333333,36.13333333,20.16666667,32.56333333,3.5,758.2,82.66666667,3,40,0.8
80,0,21.79,35.29,19,37.62666667,22.5,34.03,21.29,32.29,20.5,40.83333333,2.86,43.86333333,21.79,30.76428571,24.39,36.645,20.2,33.3,3.35,758.25,82.83333333,3,40,0.7
80,10,21.79,35.29,19,37.7,22.5,34.09,21.23857143,32.29,20.39,40.93333333,2.663333333,44.79333333,21.79,31,24.39,37,20.2,33.69333333,3.2,758.3,83,3,40,0.6
80,0,21.73,35.5,18.89,37.82666667,22.5,34.2,21.236,32.334,20.39,41,2.53,45.26,21.815,31.20625,24.39,37,20.2,34.15666667,3.03,758.2833333,84.33333333,3,40,0.633
80,0,21.73,35.43333333,18.89,37.9,22.56666667,34.26,21.23857143,32.33714286,20.46333333,41.29,2.133333333,44.76333333,21.79,31.45285714,24.42666667,37.12666667,20.2,34.43,2.87,758.2666667,85.66666667,3,40,0.667
70,0,21.7,35.4,18.79,37.93333333,22.6,34.29,21.2,32.334,20.39,41.36333333,1.8975,45.8425,21.79,31.678,24.5,37.2,20.2,34.76666667,2.7,758.25,87,3,40,0.7
70,0,21.7,35.36333333,18.79,38.06,22.6,34.36333333,21.2,32.4,20.39,41.53,1.73,45.9,21.79,31.81857143,24.5,37.2,20.2,34.96666667,2.53,758.2333333,88.33333333,3,40,0.733
60,0,21.63333333,35.29,18.7,38.12666667,22.6,34.4,21.2,32.4,20.39,41.66333333,1.533333333,46.6,21.79,32.036,24.5,37.2,20.2,35.23,2.37,758.2166667,89.66666667,3,40,0.767
60,0,21.6,35.26,18.7,38.26,22.6,34.46666667,21.2,32.4,20.39,41.79,1.533333333,47.52666667,21.79,32.22,24.56666667,37.46333333,20.2,35.36333333,2.2,758.2,91,3,40,0.8
60,0,21.6,35.26,18.6,38.23,22.6,34.5,21.2,32.46,20.39,41.86333333,1.5,48.53333333,21.79,32.438,24.56666667,37.66333333,20.2,35.53,2.17,758.1833333,90.83333333,2.666666667,40,0.75
80,0,21.6,35.2,18.53333333,38.36333333,22.53333333,34.5,21.11428571,32.48571429,20.35666667,42,1.566666667,49.66666667,21.79,32.62142857,24.6,37.76666667,20.2,35.66333333,2.13,758.1666667,90.66666667,2.333333333,40,0.7
70,0,21.6,35.2,18.5,38.5,22.56666667,34.5,21.1,32.5,20.35666667,42.06,1.826666667,50.7,21.79,32.834,24.6,37.9,20.2,35.86,2.1,758.15,90.5,2,40,0.65
80,0,21.5,35.2,18.5,38.56,22.56666667,34.56,21.1,32.52571429,20.35666667,42.2,1.966666667,50.76,21.79,32.97,24.6,38.12666667,20.2,36.06,2.07,758.1333333,90.33333333,1.666666667,40,0.6
80,0,21.5,35.2,18.46333333,38.7,22.6,34.62666667,21.1,32.59,20.35666667,42.26,2.09,51.03,21.79,33.156,24.6,38.33333333,20.2,36.23,2.03,758.1166667,90.16666667,1.333333333,40,0.55
70,0,21.5,35.23,18.39,38.7,22.6,34.7,21.1,32.59,20.29,42.29,2.163333333,51.16333333,21.79,33.26428571,24.6,38.62666667,20.2,36.36333333,2,758.1,90,1,40,0.5
80,0,21.5,35.29,18.35666667,38.82666667,22.6,34.7,21.1,32.612,20.29,42.43333333,2.23,51.36666667,21.79,33.29,24.6,38.62666667,20.2,36.53,1.97,758.0833333,90.5,1.166666667,40,0.55
70,0,21.46333333,35.2,18.29,38.9,22.6,34.73,21.0875,32.68625,20.29,42.56,2.29,51.76,21.79,33.38428571,24.6,38.62666667,20.2,36.66333333,1.93,758.0666667,91,1.333333333,40,0.6
70,0,21.39,35.2,18.29,38.96666667,22.6,34.79,21,32.59,20.29,42.59,2.4,52.09,21.79,33.4,24.6,38.7,20.2,36.82666667,1.9,758.05,91.5,1.5,40,0.65
80,0,21.39,35.2,18.2,38.9,22.63333333,34.82666667,21.04,32.7,20.29,42.66333333,2.4,52.03,21.79,33.42857143,24.5,38.89,20.2,36.9975,1.87,758.0333333,92,1.666666667,40,0.7
60,0,21.39,35.2,18.2,38.96666667,22.7,34.9,21.01428571,32.7,20.29,42.7,2.29,51.73,21.736,33.5,24.56666667,39.22333333,20.2,37.16333333,1.83,758.0166667,92.5,1.833333333,40,0.75
70,0,21.39,35.2,18.2,39,22.7,34.96666667,21,32.718,20.29,42.76,2.23,51.59666667,21.79,33.55142857,24.5,39.36,20.2,37.36,1.8,758,93,2,40,0.8
60,0,21.32333333,35.2,18.2,39,22.7,34.9,21,32.79,20.29,42.79,2.145,51.145,21.79,33.612,24.5,39.7,20.2,37.56,1.68,757.95,93.5,2,37.5,0.75
70,0,21.29,35.2,18.1,39.03,22.7,35,21,32.79,20.29,42.86333333,2,51.32666667,21.75142857,33.7,24.5,40.1,20.2,37.73,1.57,757.9,94,2,35,0.7
70,0,21.29,35.2,18.1,39.09,22.7,35,21,32.85285714,20.23,42.82666667,1.933333333,51.52666667,21.7,33.7,24.5,40.56666667,20.2,37.79,1.45,757.85,94.5,2,32.5,0.65
60,0,21.29,35.245,18.1,39.09,22.7,35,21,32.856,20.23,42.9,1.863333333,51.7,21.72571429,33.7,24.5,40.83333333,20.2,37.93333333,1.33,757.8,95,2,30,0.6
80,0,21.29,35.29,18.1,39.16333333,22.7,35,20.92142857,32.9,20.2,42.9,1.79,51.5,21.7,33.7,24.46333333,40.96666667,20.2,38.06,1.22,757.75,95.5,2,27.5,0.55
70,0,21.23,35.23,18.06666667,39.16333333,22.7,35.09,20.89,32.9,20.2,42.96666667,1.6,51.12666667,21.7,33.7,24.39,40.96666667,20.2,38.2,1.1,757.7,96,2,25,0.5
60,0,21.2,35.2,18,39.09,22.7,35.09,20.89,32.98571429,20.2,43,1.533333333,51.26,21.7,33.736,24.39,41.09,20.2,38.26,1.12,757.6333333,96,2.166666667,24.5,0.517
70,0,21.2,35.2,18,39.2,22.7,35.09,20.89,33,20.2,43,1.6,51.69333333,21.73857143,33.79,24.39,41.16333333,20.2,38.29,1.13,757.5666667,96,2.333333333,24,0.533
70,0,21.2,35.29,17.92666667,39.2,22.7,35.09,20.89,33,20.2,43,1.666666667,52.3,21.7,33.8725,24.39,41.4,20.2,38.29,1.15,757.5,96,2.5,23.5,0.55
60,0,21.2,35.29,17.89,39.23,22.7,35.09,20.89,33.09,20.2,43,1.666666667,52.63333333,21.7,33.96,24.32333333,41.46666667,20.2,38.4,1.17,757.4333333,96,2.666666667,23,0.567
40,0,21.16666667,35.29,17.89,39.29,22.7,35.09,20.89,33.09,20.2,43.03,1.6,52.43333333,21.7,34,24.39,41.56,20.2,38.4,1.18,757.3666667,96,2.833333333,22.5,0.583
40,0,21.1,35.29,17.85666667,39.26,22.7,35.09,20.87,33.072,20.2,43.09,1.6,52.59666667,21.7,34,24.32333333,41.43333333,20.2,38.5,1.2,757.3,96,3,22,0.6
50,0,21.1,35.29,17.85666667,39.33333333,22.625,35.0225,20.79,33,20.2,43.12666667,1.666666667,53.12333333,21.7,34.07714286,24.35666667,41.4,20.2,38.5,1.2,757.2333333,96.16666667,2.833333333,22.16666667,0.617
70,0,21.1,35.29,17.79,39.23,22.6,35.06,20.79,33,20.2,43.2,1.7,53.33333333,21.7,34.09,24.29,41.4,20.2,38.59,1.2,757.1666667,96.33333333,2.666666667,22.33333333,0.633
80,0,21.1,35.32666667,17.79,39.29,22.6,35.03,20.79,33.07714286,20.13333333,43.2,1.633333333,53.06666667,21.7,34.16857143,24.29,41.36333333,20.2,38.66333333,1.2,757.1,96.5,2.5,22.5,0.65
70,0,21.03333333,35.32666667,17.79,39.36333333,22.6,35.09,20.79,33.09,20.13333333,43.2,1.633333333,53.19666667,21.7,34.254,24.29,41.29,20.2,38.79,1.2,757.0333333,96.66666667,2.333333333,22.66666667,0.667
70,0,21,35.29,17.76,39.4,22.6,35.09,20.79,33.09,20.13333333,43.2,1.795,53.9475,21.7,34.25142857,24.29,41.29,20.2,38.8175,1.2,756.9666667,96.83333333,2.166666667,22.83333333,0.683
60,0,21,35.29,17.7,39.4,22.6,35.09,20.754,33.2,20.1,43.29,2.026666667,54.66,21.7,34.29,24.29,41.23,20.2,38.9,1.2,756.9,97,2,23,0.7
60,0,21,35.29,17.7,39.5,22.6,35.09,20.7,33.2,20.1,43.29,2.23,54.93333333,21.7,34.29,24.29,41.23,20.2,38.9,1.3,756.8166667,96.83333333,2,22.66666667,0.783
70,0,21,35.36333333,17.7,39.56,22.6,35.09,20.736,33.2,20.1,43.29,2.29,55.06,21.7,34.4,24.29,41.29,20.2,38.9,1.4,756.7333333,96.66666667,2,22.33333333,0.867
60,0,21,35.4,17.7,39.59,22.6,35.09,20.7,33.2675,20.1,43.29,2.326666667,54.96666667,21.7,34.4,24.29,41.2,20.2,39,1.5,756.65,96.5,2,22,0.95
70,0,21,35.4,17.7,39.59,22.6,35.16333333,20.7,33.29,20.1,43.29,2.326666667,54.82666667,21.7,34.4,24.2225,41.025,20.2,39,1.6,756.5666667,96.33333333,2,21.66666667,1.03
70,0,20.89,35.5,17.66666667,39.59,22.6,35.2,20.7,33.4,20.1,43.36333333,2.4,54.73,21.7,34.4,24.2,40.9,20.2,39,1.7,756.4833333,96.16666667,2,21.33333333,1.12
80,0,20.89,35.5,17.66666667,39.66333333,22.6,35.2,20.7,33.4,20.1,43.4,2.4,54.93,21.7,34.356,24.2,40.76,20.2,39,1.8,756.4,96,2,21,1.2
110,0,20.89,35.76666667,17.7,39.76666667,22.6,35.2,20.7,33.4,20.1,43.4,2.53,55.23,21.65714286,34.33714286,24.2,40.7,20.2,39.03,1.93,756.3166667,95.83333333,2.166666667,21,1.3
60,0,20.89,36.26666667,17.63333333,40.23333333,22.53333333,35.12666667,20.65714286,33.42857143,20,43.4,2.663333333,55.43,21.62,34.312,24.2,40.7,20.2,39.16333333,2.07,756.2333333,95.66666667,2.333333333,21,1.4
60,10,20.96333333,36.46666667,17.6,40.96333333,22.46333333,34.93,20.64,33.58,20.06666667,43.4,2.73,55.5,21.62857143,34.32142857,24.2,40.76,20.2,39.09,2.2,756.15,95.5,2.5,21,1.5
70,0,21,36.53,17.6,41.16333333,22.39,34.79,20.64285714,33.65285714,20.03333333,43.43333333,2.79,55.43333333,21.64,34.334,24.2,40.73,20.2,39.09,2.33,756.0666667,95.33333333,2.666666667,21,1.6
70,0,21,36.59,17.6,41.32666667,22.29,34.76,20.6,33.718,20.03333333,43.43333333,2.826666667,55.36,21.64285714,34.42857143,24.2,40.65666667,20.2,39,2.47,755.9833333,95.16666667,2.833333333,21,1.7
110,0,21,36.62666667,17.6,41.46666667,22.23,34.7,20.6,33.82142857,20,43.53,2.9,55.5,21.6,34.554,24.16666667,40.5,20.2,39,2.6,755.9,95,3,21,1.8
60,10,21,36.83333333,17.6,41.62666667,22.26,34.76,20.6,33.9,20,43.86333333,2.933333333,55.62666667,21.67142857,34.94,24.1,40.56,20.2,38.96666667,2.62,755.8333333,94.83333333,3,21,1.8
30,0,21,36.96333333,17.6,41.83333333,22.2,34.7,20.6,33.9,20,43.9,3.06,55.76,21.66,34.82,24.1,40.76,20.2,38.82666667,2.63,755.7666667,94.66666667,3,21,1.8
40,0,21,37.16333333,17.6,42.06666667,22.2,34.745,20.56,33.9,20,43.9975,3.2,55.79,21.6,34.49714286,24.03333333,40.56666667,20.16666667,38.66333333,2.65,755.7,94.5,3,21,1.8
30,0,21,37.23,17.675,42.35,22.13333333,34.66333333,20.6,33.82142857,20,44.09,3.326666667,55.9,21.6,34.316,23.96333333,40.36333333,20.1,38.53,2.67,755.6333333,94.33333333,3,21,1.8
60,0,21,37.23,17.7,42.06666667,22.2,34.59,20.6,33.9,20,44.09,3.466666667,55.96666667,21.6,34.07125,23.89,40.23,20.1,38.4,2.68,755.5666667,94.16666667,3,21,1.8
60,10,21,37.2,17.7,41.9,22.2,34.59,20.6,33.85285714,20,44.09,3.626666667,56.03,21.57142857,33.79571429,23.82333333,40,20.1,38.295,2.7,755.5,94,3,21,1.8
40,0,21,37.12666667,17.76,41.82666667,22.2,34.59,20.6,33.856,20,44.09,3.833333333,56.16333333,21.5,33.656,23.82333333,39.86,20.1,38.12666667,2.83,755.4333333,93.66666667,2.833333333,21.5,1.88
50,0,21,37.06,17.79,41.76,22.2,34.59,20.57142857,33.9,20,44.03,4.1,56.36,21.5,33.52428571,23.76,39.76,20.1,37.96666667,2.97,755.3666667,93.33333333,2.666666667,22,1.97
60,20,21,37,17.79,41.62666667,22.2,34.59,20.5,33.834,20,44,4.493333333,56.63333333,21.5,33.338,23.7,39.7,20.1,37.82666667,3.1,755.3,93,2.5,22.5,2.05
70,10,21,36.96666667,17.92666667,41.29666667,22.2,34.53,20.58571429,33.95714286,20,43.93333333,4.996666667,56.96666667,21.46857143,32.92285714,23.7,39.43,20.1,37.63333333,3.23,755.2333333,92.66666667,2.333333333,23,2.13
70,20,21,36.9,18,40.96333333,22.13333333,34.59,20.6,34.054,20,43.63333333,5.33,56.63333333,21.39,32.46,23.63333333,39.09666667,20.1,37.36,3.37,755.1666667,92.33333333,2.166666667,23.5,2.22
70,10,20.89,36.79,18,40.66333333,22.16666667,34.59,20.6,34.12142857,20,43.36,5.66,55.76333333,21.33285714,32.23857143,23.55,38.69,20,37.02666667,3.5,755.1,92,2,24,2.3
70,20,20.89,36.7225,18,40.53,22.1,34.53,20.66,34.29,20,43.1,5.866666667,54.95666667,21.29,32.014,23.5,38.33333333,20,36.76666667,3.67,755.0166667,91.33333333,2.333333333,24.5,2.35
60,20,20.89,36.62666667,18,40.29,22.13333333,34.5,20.68571429,34.48285714,20,42.82666667,6.1,54.26,21.29,31.81857143,23.42666667,38.06666667,20,36.52666667,3.83,754.9333333,90.66666667,2.666666667,25,2.4
60,10,20.89,36.5,18,40.23,22.13333333,34.43333333,20.7,34.612,20,42.56,6.433333333,53.86666667,21.29,31.7,23.39,37.79,20,36.32666667,4,754.85,90,3,25.5,2.45
70,20,20.89,36.5,18.1,40.06,22.1,34.4,20.71125,34.71125,20,42.36,6.896666667,53.13333333,21.23857143,31.58571429,23.32333333,37.73,20,36.13333333,4.17,754.7666667,89.33333333,3.333333333,26,2.5
60,10,20.89,36.4,18.16666667,39.93333333,22.1,34.4,20.79,34.79,19.96333333,42.13333333,7.156666667,52.46666667,21.2,31.5,23.29,37.56,20,35.93333333,4.33,754.6833333,88.66666667,3.666666667,26.5,2.55
70,20,20.89,36.4,18.2,39.79,22.1,34.4,20.79,34.834,19.89,41.93333333,7.226666667,51.53,21.2,31.5,23.29,37.5,20,35.86333333,4.5,754.6,88,4,27,2.6
60,10,20.85666667,36.46666667,18.2,39.79,22.1,34.4,20.87571429,34.98571429,19.96333333,41.72333333,7.366666667,51.39666667,21.2,31.5,23.26,37.36333333,19.92666667,35.79,4.67,754.5,87.83333333,4,26.66666667,2.75
70,10,20.79,36.4,18.2,39.79,22.1,34.36333333,20.89,35.018,19.89,41.59,7.4,51.45,21.2,31.5,23.2,37.29,20,35.76,4.83,754.4,87.66666667,4,26.33333333,2.9
60,0,20.79,36.43333333,18.2,39.79,22.03333333,34.23,20.89,35.02571429,19.89,41.46666667,7.263333333,50.86666667,21.2,31.5,23.1,37.2,19.92666667,35.7,5,754.3,87.5,4,26,3.05
40,10,20.79,36.5,18.2,39.79,22.05,34.245,20.89,35,19.89,41.32666667,7.263333333,51.86666667,21.17142857,31.52857143,23.1,37.26,19.89,35.7,5.17,754.2,87.33333333,4,25.66666667,3.2
50,20,20.79,36.5,18.2,39.8725,22.06666667,34.26,20.89,35.06714286,19.89,41.245,7.4,52.56666667,21.1,31.6,23.1,37.29,19.89,35.7,5.33,754.1,87.16666667,4,25.33333333,3.35
40,10,20.79,36.56,18.2,39.9,22,34.2,20.912,35.218,19.89,41.16333333,7.466666667,52.62666667,21.1,31.69857143,23.03333333,37.23,19.89,35.7,5.5,754,87,4,25,3.5
60,20,20.79,36.59,18.23,40,22,34.29,20.92142857,35.29,19.89,41.09,7.6,53.33,21.1,31.79,23,37.2,19.865,35.7,5.5,753.9166667,87.83333333,3.833333333,24.33333333,3.63
70,10,20.79,36.66333333,18.29,40.06,21.92666667,34.36333333,20.934,35.4,19.89,41.06,7.933333333,54.05666667,21.1,31.79,23,37.2,19.85666667,35.76,5.5,753.8333333,88.66666667,3.666666667,23.66666667,3.77
60,20,20.7,36.73,18.39,40.02666667,21.89,34.4,21,35.41428571,19.89,41,8.63,54.66666667,21.1,31.934,22.89,37.29,19.89,35.79,5.5,753.75,89.5,3.5,23,3.9
70,10,20.76,36.86333333,18.46333333,39.96666667,21.89,34.4,21,35.518,19.89,40.9,9.163333333,53.6,21.1,32.05142857,22.96333333,37.29,19.89,35.86333333,5.5,753.6666667,90.33333333,3.333333333,22.33333333,4.03
70,20,20.7,36.93333333,18.5,40,21.89,34.5,21,35.59,19.89,40.9,9.36,51.45666667,21.1,32.09,22.89,37.4,19.89,35.9,5.5,753.5833333,91.16666667,3.166666667,21.66666667,4.17
70,10,20.76,37,18.5,40,21.89,34.5,21.06,35.656,19.89,40.9,9.5,50.65666667,21.05714286,32.12142857,22.82333333,37.32666667,19.89,35.9,5.5,753.5,92,3,21,4.3
60,20,20.79,37.09,18.6,40,22,34.5,21.08571429,35.72285714,19.96333333,40.9,9.793333333,49.96333333,21.1,32.2,22.79,37.32666667,19.89,35.93333333,5.72,753.3833333,91.83333333,3.166666667,21,4.48
60,10,20.79,37.09,18.66666667,40,22,34.56,21.1,35.718,19.89,40.9,9.926666667,47.49666667,21.06,32.2,22.79,37.3725,19.89,35.93333333,5.93,753.2666667,91.66666667,3.333333333,21,4.67
70,10,20.745,37.2,18.7,39.9,22,34.5,21.1,35.79,19.89,40.9,10.03333333,46.43333333,21,32.2,22.79,37.36333333,19.85666667,35.96666667,6.15,753.15,91.5,3.5,21,4.85
60,0,20.79,37.26666667,18.76,39.82666667,22,34.56,21.1,35.79,19.89,40.9,10.29333333,45.23333333,21,32.2,22.79,37.4,19.85666667,35.96666667,6.37,753.0333333,91.33333333,3.666666667,21,5.03
60,0,20.79,37.46666667,18.82333333,39.82666667,22,34.59,21.1,35.79,19.89,40.82666667,10.82666667,42.63333333,21,32.22571429,22.73,37.4,19.85666667,35.96666667,6.58,752.9166667,91.16666667,3.833333333,21,5.22
60,10,20.79,37.7,18.89,39.82666667,22,34.66333333,21.1,35.812,19.89,40.79,11.16,38.3,21,32.2,22.7,37.4,19.85666667,35.96666667,6.8,752.8,91,4,21,5.4
70,20,20.79,37.7,18.89,39.7,22,34.7,21.1,35.9,19.89,40.79,9.95,39.04,21,32.2,22.7,37.32666667,19.79,35.9,7.08,752.65,89,4.166666667,24.16666667,5.35
70,10,20.79,37.7,18.96333333,39.7,22,34.7,21.16,35.9,19.96333333,40.79,10.46666667,45.89666667,21,32.2,22.7,37.29,19.79,35.82666667,7.37,752.5,87,4.333333333,27.33333333,5.3
60,20,20.79,37.7,19.13333333,39.56,22,34.73,21.15714286,36.00857143,19.89,40.79,11.06,44.49,21,32.26428571,22.7,37.29,19.79,35.79,7.65,752.35,85,4.5,30.5,5.25
80,10,20.79,37.7,19.2,39.43333333,22,34.79,21.2,36.13,19.89,40.79,11.25666667,42.36333333,21,32.334,22.7,37.32666667,19.79,35.86333333,7.93,752.2,83,4.666666667,33.66666667,5.2
60,20,20.79,37.7,19.29,39.36333333,22,34.79,21.2,36.30375,19.89,40.79,11.46333333,40.82333333,21,32.44285714,22.7,37.4,19.79,35.9,8.22,752.05,81,4.833333333,36.83333333,5.15
60,10,20.79,37.79,19.29,39.29,22,34.79,21.2,36.4,19.89,40.79,11.23333333,36.75666667,21,32.4,22.6,37.4,19.79,35.96666667,8.5,751.9,79,5,40,5.1
50,10,20.79,37.79,19.29,39.29,22,34.79,21.29,36.536,19.96333333,40.79,10.96,37.55666667,21,32.4,22.6,37.32666667,19.79,36,8.57,751.75,79.33333333,5,38.16666667,5.2
40,20,20.79,37.79,19.26,39.26,22,34.82666667,21.29,36.59,19.89,40.79,10.66333333,37.39,21,32.4,22.6,37.36333333,19.79,36,8.63,751.6,79.66666667,5,36.33333333,5.3
50,10,20.79,37.79,19.2,39.2,22,34.9,21.29,36.634,19.89,40.79,10.19666667,38.59,21,32.45714286,22.53333333,37.29,19.79,36,8.7,751.45,80,5,34.5,5.4
50,20,20.79,38.15666667,19.26,39.36,21.89,34.9,21.29,36.56428571,19.89,40.79,9.866666667,40.96,21,32.5,22.5,37.32666667,19.79,36,8.77,751.3,80.33333333,5,32.66666667,5.5
60,10,20.79,38.29,19.2,39.5,21.89,34.96666667,21.29,36.5,19.89,40.79,8.933333333,52.29333333,21,32.5,22.5,37.4,19.79,36,8.83,751.15,80.66666667,5,30.83333333,5.6
70,20,20.79,38.29,19.2,39.59,21.89,35,21.29,36.35142857,19.89,40.86333333,7.766666667,57.66666667,21,32.46,22.5,37.4,19.79,36,8.9,751,81,5,29,5.7
60,10,20.79,38.29,19.13333333,39.59,21.89,35.06,21.29,36.29,19.89,40.79,7.56,58.79333333,20.95285714,32.4,22.42666667,37.32666667,19.79,35.93333333,8.67,750.9333333,82.16666667,5.166666667,30.83333333,5.68
60,20,20.79,38.2,19.2,39.5,21.89,35.09,21.29,36.32142857,19.89,40.79,7.763333333,59.29,21,32.42,22.46333333,37.36333333,19.79,36,8.43,750.8666667,83.33333333,5.333333333,32.66666667,5.67
70,10,20.79,38.2,19.13333333,39.56,21.89,35.09,21.29,36.4,19.89,40.79,7.623333333,59.23,20.96857143,32.5,22.39,37.29,19.79,36,8.2,750.8,84.5,5.5,34.5,5.65
70,10,20.79,38.2,19.1,39.59,21.89,35.09,21.29,36.48571429,19.89,40.79,7.866666667,59.43333333,20.89,32.59,22.39,37.4,19.79,36,7.97,750.7333333,85.66666667,5.666666667,36.33333333,5.63
60,0,20.79,38.23,19.1,39.66333333,21.89,35.16333333,21.29,36.5,19.89,40.79,8,59.5,20.89,32.65285714,22.39,37.4,19.79,36.06,7.73,750.6666667,86.83333333,5.833333333,38.16666667,5.62
60,0,20.79,38.29,19.1,39.73,21.89,35.23,21.29,36.42857143,19.89,40.79,8.13,59.59,20.89,32.754,22.39,37.46666667,19.76,36.12666667,7.5,750.6,88,6,40,5.6
70,0,20.79,38.29,19.1,39.79,21.82333333,35.23,21.254,36.356,19.89,40.79,8.3675,59.695,20.89,32.82142857,22.29,37.5,19.7,36.2,7.38,750.5,89,5.666666667,43.83333333,5.65
60,0,20.79,38.29,19.1,39.82666667,21.89,35.32666667,21.2,36.29,19.89,40.86333333,8.5,59.79,20.89,32.9,22.29,37.56,19.7,36.29,7.27,750.4,90,5.333333333,47.66666667,5.7
80,0,20.79,38.29,19.1,39.9,21.89,35.4,21.2,36.29,19.89,40.9,8.666666667,59.79,20.89,32.9875,22.29,37.62666667,19.7,36.29,7.15,750.3,91,5,51.5,5.75
60,0,20.79,38.29,19.1,39.9,21.89,35.4,21.2,36.36857143,19.89,40.9,8.933333333,59.93,20.89,33.07714286,22.29,37.7,19.7,36.4,7.03,750.2,92,4.666666667,55.33333333,5.8
60,0,20.79,38.4,19.1,39.9,21.89,35.4,21.2,36.4,19.89,40.9,8.933333333,60.06,20.89,33.112,22.26,37.7,19.7,36.46666667,6.92,750.1,93,4.333333333,59.16666667,5.85
60,0,20.79,38.4,19.06666667,39.9,21.89,35.4,21.14285714,36.45714286,19.89,40.9,8.6,59.86,20.89,33.22571429,22.2,37.7,19.73,36.5,6.8,750,94,4,63,5.9
50,0,20.73,38.4,19,39.9975,21.89,35.4,21.14,36.5,19.89,40.9,8.6,59.86333333,20.89,33.29,22.2,37.73,19.73,36.56,7.02,749.8666667,93.33333333,4.333333333,59.16666667,6
70,0,20.79,38.4,18.92666667,40.16333333,21.89,35.4,21.1,36.5,19.89,40.9,8.533333333,59.79,20.80428571,33.29,22.2,37.79,19.7,36.62666667,7.23,749.7333333,92.66666667,4.666666667,55.33333333,6.1
90,0,20.79,38.65666667,18.89,40.46333333,21.82333333,35.43333333,21.1,36.634,19.89,40.9,8.426666667,59.73,20.79,33.356,22.2,37.9,19.7,36.7,7.45,749.6,92,5,51.5,6.2
80,0,20.79,38.93,18.89,40.72333333,21.82333333,35.5,21.08571429,36.73857143,19.89,41,8.5,59.65666667,20.79,33.47142857,22.2,38.16,19.7,36.76,7.67,749.4666667,91.33333333,5.333333333,47.66666667,6.3
90,0,20.76,39.12666667,18.85666667,40.9,21.79,35.5,21.04,36.798,19.82333333,40.93333333,8.263333333,59.19333333,20.79,33.536,22.23,38.72666667,19.7,36.82666667,7.88,749.3333333,90.66666667,5.666666667,43.83333333,6.4
80,20,20.7,39.26,18.79,41.02666667,21.79,35.56,21,36.80375,19.82333333,41.03,8.19,59,20.79,33.59,22.29,39.06,19.7,36.9,8.1,749.2,90,6,40,6.5
80,20,20.73,39.2,18.79,41.09,21.79,35.59,21,36.97142857,19.82333333,41.03,8.13,58.82666667,20.79,33.59,22.39,39.23,19.7,36.9,8.08,749.1,90.66666667,5.666666667,37.5,6.6
170,10,20.73,39.2,18.85666667,41.16333333,21.79,35.66333333,21.04,37.17,19.79,41.09,8.263333333,59.02666667,20.79,33.59,22.39,39.43,19.7,36.9,8.07,749,91.33333333,5.333333333,35,6.7
440,20,20.7,39.46333333,18.89,41.23,21.79,35.73,21.05714286,37.26428571,19.85666667,41.16333333,8.563333333,59.15666667,20.79,33.59,22.53333333,39.73,19.7,36.9,8.05,748.9,92,5,32.5,6.8
250,10,20.76,39.72333333,18.89,41.49,21.73,35.79,21.06,37.456,19.89,41.29,8.763333333,59.09666667,20.79,33.59,22.6,39.93,19.7,36.96666667,8.03,748.8,92.66666667,4.666666667,30,6.9
110,0,20.82333333,42.63,18.92666667,43.29666667,21.76,35.93333333,21.1,37.84285714,19.82333333,41.29,8.89,58.66,20.79,33.656,22.6,40.06,19.6,36.9,8.02,748.7,93.33333333,4.333333333,27.5,7
110,0,20.9175,44.4725,19,44.22333333,21.76,36.06,21.1,37.96,19.79,41.59666667,8.34,57.02,20.79,33.66857143,22.675,39.925,19.66666667,36.96666667,8,748.6,94,4,25,7.1
120,0,21,43.93333333,19.13333333,44.1,21.79,36.12666667,21.1,37.72857143,19.79,41.99,6.563333333,58.16666667,20.79,33.46,22.7,39.82666667,19.6,36.96666667,7.58,748.6,93.83333333,4.333333333,29.33333333,6.65
120,20,21.1,42.73333333,19.26,43.9,21.79,36.2,21.1,37.656,19.79,42.26666667,6.333333333,57.99,20.73857143,33.28571429,22.73,39.79,19.6,36.9,7.17,748.6,93.66666667,4.666666667,33.66666667,6.2
110,20,21.16666667,42.06666667,19.39,43.49,21.79,36.29,21.1,37.84285714,19.79,42.46666667,6.4,57.59666667,20.7,33.2,22.79,39.79,19.6,36.86333333,6.75,748.6,93.5,5,38,5.75
110,10,21.32333333,41.36333333,19.46333333,43.09666667,21.79,36.29,21.1,37.96,19.79,42.53,6.3,57.43,20.7,33.12142857,22.79,39.79,19.6,36.79,6.33,748.6,93.33333333,5.333333333,42.33333333,5.3
170,20,21.39,40.75666667,19.63333333,42.6,21.79,36.29,21.1,37.82428571,19.79,42.59,6.366666667,57.29,20.7,33.09,22.85666667,39.86333333,19.6,36.76,5.92,748.6,93.16666667,5.666666667,46.66666667,4.85
110,0,21.53333333,40.29666667,19.76,42.19333333,21.79,36.36333333,21.1,37.7,19.85666667,42.66333333,6.3,57.2,20.7,33.09,22.89,40,19.6,36.7,5.5,748.6,93,6,51,4.4
90,0,21.66666667,40.29666667,19.89,41.93333333,21.79,36.4,21.1,37.62142857,19.79,42.66333333,6.3,57.12666667,20.7,33.09,22.96333333,40.06,19.6,36.7,5.63,748.55,93.16666667,5.333333333,46.5,4.57
100,0,21.82333333,40.16333333,19.9975,41.8425,21.79,36.425,21.1,37.46,19.79,42.79,6.156666667,56.56,20.7,33.02571429,23,40.15666667,19.6,36.62666667,5.77,748.5,93.33333333,4.666666667,42,4.73
100,0,21.96333333,39.96333333,20.16666667,41.65666667,21.79,36.43333333,21.1,37.25428571,19.8925,48.9675,5.963333333,56.36,20.7,33,23.06666667,40.36333333,19.6,36.59,5.9,748.45,93.5,4,37.5,4.9
100,0,22.1,39.76,20.23,41.46666667,21.73,36.5,21.04,37.116,21.13333333,75.03333333,5.626666667,55.9,20.65714286,32.89857143,23.1,40.19333333,19.575,36.59,6.03,748.4,93.66666667,3.333333333,33,5.07
100,0,22.1,39.62666667,20.29,41.26666667,21.79,36.5,21,36.92857143,21.09666667,77.16,5.5,55.62666667,20.6625,32.73125,23.1,40.73333333,19.5,36.53,6.17,748.35,93.83333333,2.666666667,28.5,5.23
120,20,22.2,39.43,20.29,41.06,21.79,36.53,21,36.834,20.69666667,77.63333333,5.466666667,55.33333333,20.64,32.634,23.1,41,19.5,36.5,6.3,748.3,94,2,24,5.4
120,10,22.2,39.23,20.29,40.86,21.79,36.59,21,36.91428571,20.5,77.19666667,5.466666667,55.2,20.6,32.59,23.1,40.93333333,19.5,36.43333333,6.18,748.3,93.5,2.166666667,26.66666667,5.2
120,10,22.2,38.96666667,20.29,40.63333333,21.7,36.56,21,37.094,20.42666667,76.32333333,5.59,55.06,20.6,32.59,23.2,40.79,19.5,36.4,6.07,748.3,93,2.333333333,29.33333333,5
100,20,22.2,38.82666667,20.29,40.5,21.7,36.56,21.07142857,37.46571429,20.39,74.96333333,5.656666667,55.06,20.6,32.59,23.2,40.65666667,19.5,36.4,5.95,748.3,92.5,2.5,32,4.8
100,10,22.29,38.66333333,20.29,40.36333333,21.7,36.59,21.1,37.736,20.39,73.36333333,5.69,55.06,20.6,32.59,23.23,40.53,19.5,36.4,5.83,748.3,92,2.666666667,34.66666667,4.6
90,10,22.29,38.53,20.23,40.15666667,21.63333333,36.59,21.1,37.89857143,20.35666667,68.16666667,5.69,55.045,20.6,32.62142857,23.29,40.46333333,19.5,36.4,5.72,748.3,91.5,2.833333333,37.33333333,4.4
70,20,22.2,38.26,20.2,40.09,21.66666667,36.7,21.12,38.018,20.29,66.02666667,5.69,54.93333333,20.6,32.7,23.32333333,40.46333333,19.5,36.4,5.6,748.3,91,3,40,4.2
60,10,22.2,38.2,20.13333333,40.16333333,21.6,36.7,21.2,38.1725,20.26,63.09,5.656666667,54.86333333,20.6,32.71285714,23.39,40.66333333,19.5,36.4,5.57,748.3333333,90.33333333,2.833333333,40,4.07
80,10,22.2,38.2,20.06666667,40.36333333,21.6,36.7,21.2,38.2,20.2,61.16333333,5.53,54.73,20.64,32.79,23.39,40.83,19.5,36.53,5.53,748.3666667,89.66666667,2.666666667,40,3.93
70,20,22.2,38.2,20,40.36333333,21.6,36.7,21.2,38.2,20.2,59.1,5.466666667,54.72333333,20.6,32.75142857,23.39,41.2225,19.5,36.66333333,5.5,748.4,89,2.5,40,3.8
60,10,22.13333333,38.2,19.96333333,40.43333333,21.6,36.76,21.2,38.13714286,20.2,58.02666667,5.333333333,54.59,20.6,32.79,23.39,41.46666667,19.5,36.82666667,5.47,748.4333333,88.33333333,2.333333333,40,3.67
60,10,22.1,38.2,19.89,40.5,21.66666667,36.76,21.218,38.112,20.16666667,57.06333333,5.3,54.56,20.61428571,32.72571429,23.39,41.76666667,19.5,36.96666667,5.43,748.4666667,87.66666667,2.166666667,40,3.53
60,20,22.03333333,38.12666667,19.79,40.43333333,21.66666667,36.76,21.22571429,38.12142857,20.1,56.53,5.3,54.56,20.64,32.736,23.39,41.96666667,19.5,37.03,5.4,748.5,87,2,40,3.4
60,10,22,38.2,19.79,40.56,21.6,36.7,21.29,38.09,20.1,55.86333333,4.796666667,54.56,20.6,32.7,23.32333333,42.23,19.5,37.09,5.35,748.5333333,88.16666667,2.333333333,42.5,3.53
60,10,22,38.26,19.7,40.59,21.6,36.7,21.29,38.03857143,20.1,55.39,4.323333333,54.43333333,20.64,32.7,23.32333333,42.43,19.5,37.12666667,5.3,748.5666667,89.33333333,2.666666667,45,3.67
70,20,21.89,38.29,19.625,40.5225,21.6,36.6725,21.29,37.94,20.1,54.9,3.93,54.16333333,20.61428571,32.63714286,23.32333333,42.59,19.5,37.2,5.25,748.6,90.5,3,47.5,3.8
70,10,21.89,38.29,19.53333333,40.5,21.6,36.59,21.29,37.9,20.075,54.32,3.73,54.09,20.6,32.572,23.39,42.59,19.5,37.23,5.2,748.6333333,91.66666667,3.333333333,50,3.93
70,10,21.89,38.2,19.46333333,40.5,21.6,36.56,21.29,37.79,20,53.8,3.56,54,20.64285714,32.53857143,23.29,42.7,19.5,37.29,5.15,748.6666667,92.83333333,3.666666667,52.5,4.07
70,20,21.82333333,38.12666667,19.39,40.43333333,21.6,36.5,21.29,37.73857143,20,53.33333333,3.433333333,53.8,20.6,32.46,23.29,42.96,19.5,37.29,5.1,748.7,94,4,55,4.2
60,10,21.79,38.06,19.29,40.33333333,21.7,36.59,21.29,37.634,20,53.06666667,3.29,53.56,20.6,32.4,23.29,43.23,19.5,37.32666667,4.82,748.7833333,93.5,4,52.5,3.85
60,10,21.79,37.93333333,19.23,40.12666667,21.7,36.59,21.29,37.59,20,52.69333333,3.29,53.5,20.6,32.334,23.23,43.15666667,19.5,37.4,4.53,748.8666667,93,4,50,3.5
60,20,21.7,37.9,19.2,40.06,21.7,36.56,21.39,37.5,20,52.43333333,3.163333333,53.5,20.6,32.22571429,23.16666667,43.09,19.5,37.43333333,4.25,748.95,92.5,4,47.5,3.15
70,10,21.7,37.82666667,19.13333333,39.93333333,21.7,36.5,21.39,37.44285714,19.92666667,52.22333333,2.9975,53.425,20.6,32.2,23.1,43.16333333,19.5,37.5,3.97,749.0333333,92,4,45,2.8
60,10,21.7,37.79,19.06666667,39.86333333,21.7,36.46666667,21.39,37.4,19.92666667,51.96333333,2.9,53.46666667,20.6,32.13714286,23.1,43.29,19.5,37.5,3.68,749.1166667,91.5,4,42.5,2.45
40,10,21.63333333,37.73,19,39.79,21.7,36.4,21.39,37.36857143,19.89,51.66333333,2.79,53.4,20.6,32.07875,23.1,43.49,19.5,37.5,3.4,749.2,91,4,40,2.1
60,20,21.6,37.7,18.96333333,39.76,21.7,36.4,21.39,37.29,19.89,51.46333333,2.79,53.46666667,20.6,32,23.1,43.66333333,19.5,37.5,3.3,749.15,91,3.666666667,40,1.98
50,20,21.6,37.62666667,18.89,39.76,21.7,36.32666667,21.39,37.25428571,19.89,51.26,2.7,53.5,20.6,31.95285714,23.03333333,43.53,19.5,37.5,3.2,749.1,91,3.333333333,40,1.87
60,10,21.55,38.295,18.79,39.9,21.7,36.36333333,21.39,37.09,19.89,51.12666667,2.76,53.56,20.6,31.89,23,43.4,19.5,37.5,3.1,749.05,91,3,40,1.75
50,0,21.5,38.69333333,18.79,39.9,21.7,36.29,21.39,37.16857143,19.89,50.93,2.79,53.62666667,20.6,31.83285714,23,43.4,19.5,37.5,3,749,91,2.666666667,40,1.63
50,0,21.5,38.5,18.7,40,21.7,36.29,21.39,36.9,19.89,50.73,2.73,53.76,20.6,31.79,22.945,43.5,19.5,37.5,2.9,748.95,91,2.333333333,40,1.52
50,10,21.5,38.82666667,18.7,40.06,21.7,36.29,21.37571429,36.73857143,19.89,50.59,2.7,53.9,20.57142857,31.79,22.89,43.65666667,19.5,37.56,2.8,748.9,91,2,40,1.4
50,0,21.42666667,38.82666667,18.7,40.03,21.7,36.29,21.29,36.516,19.82333333,50.53,2.626666667,53.9,20.6,31.79,22.89,43.93,19.5,37.73,2.78,748.8833333,91,2.166666667,40,1.4
50,0,21.39,38.66333333,18.63333333,40.03,21.7,36.29,21.29,36.36857143,19.79,50.26,2.466666667,54.12666667,20.51428571,31.73857143,22.89,44,19.5,37.79,2.77,748.8666667,91,2.333333333,40,1.4
60,0,21.32333333,38.53,18.56666667,40,21.7,36.29,21.2675,36.10875,19.79,50.12666667,2.326666667,54.26,20.54,31.7,22.89,43.93333333,19.5,37.93333333,2.75,748.85,91,2.5,40,1.4
60,0,21.29,38.4,18.5,40,21.7,36.29,21.2,35.9,19.79,50.06,2.26,54.33333333,20.5,31.7,22.85666667,43.93,19.5,38,2.73,748.8333333,91,2.666666667,40,1.4
50,0,21.29,38.26666667,18.5,40.06,21.7,36.29,21.2,35.83714286,19.79,49.93333333,2.126666667,54.26,20.5,31.6,22.79,43.79,19.5,38.2,2.72,748.8166667,91,2.833333333,40,1.4
50,0,21.29,38,18.35666667,40,21.7,36.29,21.2,35.736,19.79,49.79,2.026666667,54.32666667,20.5,31.6,22.79,43.66333333,19.5,38.2675,2.7,748.8,91,3,40,1.4
60,0,21.23,37.86,18.29,40,21.7,36.29,21.12857143,35.62142857,19.76,49.66333333,1.9,54.4,20.5,31.54,22.79,43.53,19.56666667,38.36333333,2.65,748.7666667,91.33333333,3,40,1.4
40,0,21.26,37.86333333,18.29,40,21.79,36.29,21.1,35.554,19.7,49.53,1.745,54.545,20.5,31.5,22.76,43.46666667,19.5,38.43333333,2.6,748.7333333,91.66666667,3,40,1.4
50,0,21.2,37.79,18.29,40,21.79,36.29,21.1,35.44285714,19.7,49.46666667,1.43,54.76666667,20.5,31.5,22.76,43.32666667,19.5,38.5,2.55,748.7,92,3,40,1.4
50,0,21.2,37.66333333,18.2,39.96666667,21.79,36.2,21.08,35.378,19.7,49.32666667,1.163333333,54.96666667,20.5,31.48428571,22.79,43.2,19.5,38.59,2.5,748.6666667,92.33333333,3,40,1.4
50,0,21.2,37.59,18.2,39.96666667,21.85666667,36.26,21,35.29,19.7,49.16333333,0.866666667,55.12666667,20.478,31.414,22.73,43.12666667,19.5,38.66333333,2.45,748.6333333,92.66666667,3,40,1.4
60,0,21.1,37.59,18.1,39.9,21.89,36.29,21,35.2,19.7,49.09,0.8,55.2,20.43714286,31.33285714,22.7,42.96666667,19.5,38.73,2.4,748.6,93,3,40,1.4
50,0,21.1,37.53,18.1,39.96666667,21.89,36.36333333,20.98428571,35.18428571,19.7,49,0.866666667,55.16333333,20.39,31.29,22.7,42.82666667,19.5,38.86333333,2.25,748.5833333,93.16666667,3,40,1.27
60,0,21.1,37.4,18.06666667,40,21.89,36.36333333,20.934,35.09,19.7,48.86,0.8,55.09,20.43714286,31.33285714,22.7,42.66333333,19.5,39,2.1,748.5666667,93.33333333,3,40,1.13
50,0,21.1,37.4,18,40,21.96333333,36.36333333,20.89,35.09,19.7,48.76,0.8,55.2,20.39,31.236,22.7,42.59,19.5,39.06,1.95,748.55,93.5,3,40,1
30,0,21,37.245,18,40,22,36.29,20.89,35,19.7,48.7,0.733333333,55.2,20.39,31.2,22.66666667,42.56,19.5,39.2,1.8,748.5333333,93.66666667,3,40,0.867
30,0,21,37.09,17.92666667,40,22,36.29,20.84714286,34.94285714,19.7,48.56,0.633333333,55.12666667,20.39,31.2,22.6,42.43333333,19.5,39.2,1.65,748.5166667,93.83333333,3,40,0.733
20,0,21,37.09,17.89,40.03,22,36.29,20.83,34.834,19.7,48.5,0.633333333,55.2,20.39,31.2,22.6,42.36333333,19.5,39.2,1.5,748.5,94,3,40,0.6
40,0,21,37.06,17.89,40.09,21.92666667,36.29,20.79,34.79,19.66666667,48.33333333,0.4,55.2,20.39,31.175,22.6,42.214,19.5,39.2,1.43,748.4666667,94.16666667,3.166666667,40,0.567
50,0,20.92666667,37,17.79,40,21.89,36.29,20.79,34.79,19.6,48.12666667,0.4,55.2,20.39,31.1,22.53333333,42.09,19.5,39.2,1.37,748.4333333,94.33333333,3.333333333,40,0.533
60,0,20.89,36.9,17.79,40,21.89,36.29,20.73,34.73,19.6,48,0.5,55.29,20.39,31.1,22.53333333,42.09,19.5,39.2,1.3,748.4,94.5,3.5,40,0.5
60,0,20.89,36.9,17.76,40.03,21.89,36.29,20.76,34.7,19.6,47.93333333,0.433333333,55.23,20.39,31.1,22.53333333,42.09,19.5,39.32666667,1.23,748.3666667,94.66666667,3.666666667,40,0.467
50,0,20.89,36.79,17.7,40.1175,21.89,36.3725,20.76,34.7,19.6,47.86333333,0.5,55.29,20.29,31,22.5,42,19.5,39.4,1.17,748.3333333,94.83333333,3.833333333,40,0.433
70,0,20.82333333,36.73,17.63333333,40.06666667,21.89,36.4,20.7,34.66333333,19.6,47.73,0.475,55.2675,20.29,31,22.5,41.93333333,19.5,39.4,1.1,748.3,95,4,40,0.4
80,0,20.79,36.8,17.6,40.06666667,21.89,36.36333333,20.7,34.59,19.6,47.545,0.4,55.2,20.29,30.96333333,22.5,41.86333333,19.5,39.475,1.18,748.25,94.16666667,4,38.16666667,0.35
50,0,20.79,37.13333333,17.53333333,40.46,21.89,36.15666667,20.7,34.59,19.6,47.46666667,0.433333333,55.23,20.29,30.89,22.5,41.73,19.5,39.5,1.27,748.2,93.33333333,4,36.33333333,0.3
60,0,20.79,37.33,17.5,40.86,21.76,35.76,20.66666667,34.56,19.6,47.4,0.5,55.29,20.29,30.89,22.4725,41.65,19.5,39.46666667,1.35,748.15,92.5,4,34.5,0.25
280,0,20.79,37.39,17.5,41.13333333,21.76,35.76,20.6,34.5,19.6,47.29,0.5,55.29,20.29,30.89,22.39,41.5,19.5,39.4,1.43,748.1,91.66666667,4,32.66666667,0.2
150,0,20.79,37.32666667,17.5,41.32666667,21.7,35.66333333,20.6,34.5,19.53333333,47.29,0.566666667,55.29,20.29,30.82333333,22.39,41.5,19.5,39.36333333,1.52,748.05,90.83333333,4,30.83333333,0.15
70,0,20.79,37.4,17.5,41.4,21.7,35.59,20.6,34.5,19.5,47.2,0.633333333,55.23,20.29,30.82333333,22.39,41.5,19.5,39.23,1.6,748,90,4,29,0.1
70,0,20.79,37.29,17.42666667,41.43333333,21.63333333,35.53,20.6,34.5,19.5,47.12666667,0.633333333,55.23,20.29,30.79,22.39,41.5225,19.5,39.2,1.62,747.9833333,90,4.166666667,29,0.117
100,0,20.79,37.36333333,17.42666667,41.5,21.63333333,35.53,20.6,34.5,19.5,47,0.7,55.36333333,20.29,30.79,22.39,41.53,19.5,39.2,1.63,747.9666667,90,4.333333333,29,0.133
60,10,20.79,37.3,17.5,41.5,21.6,35.59,20.5,34.65666667,19.5,47,0.833333333,55.29,20.29,30.79,22.29,41.36333333,19.5,39.2,1.65,747.95,90,4.5,29,0.15
70,0,20.79,37.43333333,17.5,41.63333333,21.6,35.59,20.5,34.93,19.5,46.9,1.033333333,55.29,20.29,30.79,22.29,41.23,19.5,39.06666667,1.67,747.9333333,90,4.666666667,29,0.167
50,0,20.79,37.59,17.5,41.63333333,21.6,35.5,20.5,35.06,19.5,46.82666667,1.166666667,55.29,20.29,30.79,22.26,40.93,19.5,38.83333333,1.68,747.9166667,90,4.833333333,29,0.183
40,0,20.7675,37.4475,17.5,41.5,21.6,35.5,20.5,34.93333333,19.5,46.79,1.323333333,55.29,20.29,30.79,22.2,40.65666667,19.5,38.62666667,1.7,747.9,90,5,29,0.2
40,0,20.76,37.32666667,17.6,41.36333333,21.66666667,35.5,20.5,34.76,19.5,46.79,1.53,55.23,20.26,30.76,22.2,40.46666667,19.5,38.46666667,1.83,747.9333333,89.5,5,30.83333333,0.25
40,0,20.7,37.2,17.6,41.23,21.6,35.5,20.5,34.7,19.5,46.7,1.963333333,55.2,20.2,30.63333333,22.2,40.32666667,19.5,38.26666667,1.97,747.9666667,89,5,32.66666667,0.3
60,0,20.7,37.12666667,17.7,41.06,21.6,35.46666667,20.39,34.59,19.5,46.7,2.163333333,55.2,20.2,30.6,22.2,40.145,19.5,38.02666667,2.1,748,88.5,5,34.5,0.35
380,0,20.7,37.06,17.76,40.93333333,21.6,35.4,20.39,34.59,19.5,46.56,2.395,55.29,20.2,30.6,22.1,39.96666667,19.5,37.82666667,2.23,748.0333333,88,5,36.33333333,0.4
220,0,20.7,37,17.96,40.9,21.6,35.46666667,20.39,34.59,19.5,46.5,3.066666667,55.23,20.26,30.66666667,22.1,39.82666667,19.5,37.63333333,2.37,748.0666667,87.5,5,38.16666667,0.45
50,0,20.7,37.09,18.25,40.525,21.625,35.4,20.39,34.59,19.5,46.46666667,3.4,55.23,20.2,30.6,22.1,39.7,19.5,37.36,2.5,748.1,87,5,40,0.5
50,0,20.7,37.09,18.9,40.06666667,21.76,35.26666667,20.39,34.73,19.5,46.4,4.133333333,55.06,20.2,30.6,22.03333333,39.56666667,19.6,37.02666667,2.75,748.0666667,85.5,5.333333333,40,0.483
50,0,20.7,37.09,19.89666667,38.82333333,21.89,35.16333333,20.4725,34.9475,19.445,46.19,4.593333333,55.06,20.2,30.5,22,39.4,19.6,36.7,3,748.0333333,84,5.666666667,40,0.467
50,0,20.7,37.09,20.43,37.76333333,21.89,35.09,20.56666667,35.06,19.5,46.16333333,5.033333333,55.26666667,20.2,30.5,22,39.32666667,19.66666667,36.5,3.25,748,82.5,6,40,0.45
50,0,20.73,37.09,20.56666667,37.09,21.89,35.09,20.6,35.06,19.5,46.09,5.433333333,55.73333333,20.2,30.5,22,39.26,19.7,36.36333333,3.5,747.9666667,81,6.333333333,40,0.433
40,0,20.79,37.09,20.69333333,37.16333333,21.89,35.09,20.66666667,35.06,19.39,45.9,5.53,57.15666667,20.2,30.42666667,22,39.12666667,19.7,36.23,3.75,747.9333333,79.5,6.666666667,40,0.417
60,0,20.79,37.09,21.26333333,36.42333333,21.89,35.09,20.73,35.06,19.46333333,45.9,5.99,57.43,20.2,30.39,21.92666667,39.06,19.7,36.06,4,747.9,78,7,40,0.4
60,0,20.79,37.09,21.32333333,35.96333333,21.89,35.09,20.79,35,19.39,45.76,6.366666667,58.33333333,20.2,30.39,22,39,19.7,35.93333333,4.25,747.9166667,77.5,7,40,0.567
60,0,20.82333333,37.03,21.3,36.02666667,21.89,35.09,20.79,35,19.39,45.62666667,6.3,58.93333333,20.2,30.39,21.89,38.86333333,19.7,35.79,4.5,747.9333333,77,7,40,0.733
60,0,20.89,37.09,21.56666667,35.69333333,21.89,35.09,20.79,35,19.5,45.66333333,6.66,58.9,20.2,30.32333333,21.89,38.79,19.7,35.79,4.75,747.95,76.5,7,40,0.9
50,0,20.89,37.09,21.43,35.53,21.85666667,35.09,20.89,35.06,19.42666667,45.46333333,6.933333333,58.96666667,20.2,30.29,21.89,38.7,19.7,35.7,5,747.9666667,76,7,40,1.07
50,0,20.89,37.09,21.29,35.72333333,21.85666667,35.09,20.89,35,19.39,45.36333333,6.866666667,57.63333333,20.26,30.35666667,21.89,38.7,19.7,35.62666667,5.25,747.9833333,75.5,7,40,1.23
50,0,20.79,36.96666667,21.26,35.66333333,21.85666667,35.09,20.89,35,19.39,45.23,7,54.22666667,20.26,30.35666667,21.82333333,38.59,19.7,35.59,5.5,748,75,7,40,1.4
40,0,20.865,36.975,21.06666667,35.59,21.79,35.09,20.89,34.93333333,19.39,45.16333333,6.663333333,51.46333333,20.26,30.29,21.82333333,38.53,19.7,35.53,5.57,748,75.08333333,7.166666667,39.08333333,1.48
50,0,20.89,37,20.89,35.86,21.79,35.09,20.85666667,34.86333333,19.39,45.09,6.063333333,49.33,20.2,30.29,21.79,38.5,19.7,35.46666667,5.63,748,75.16666667,7.333333333,38.16666667,1.57
30,0,20.89,36.96666667,20.82333333,36,21.79,35.09,20.85666667,34.86333333,19.39,45,6.345,50.6,20.2,30.29,21.79,38.43333333,19.7,35.4,5.7,748,75.25,7.5,37.25,1.65
40,0,20.89,36.9,20.76,36.03,21.79,35.09,20.79,34.79,19.39,44.93333333,6.433333333,46.99666667,20.2,30.29,21.79,38.4,19.66666667,35.36333333,5.77,748,75.33333333,7.666666667,36.33333333,1.73
30,0,20.89,36.9,20.7,36.16333333,21.79,35.03,20.79,34.79,19.39,44.86333333,6.893333333,47.25666667,20.23,30.23,21.79,38.3175,19.6,35.23,5.83,748,75.41666667,7.833333333,35.41666667,1.82
50,0,20.89,36.9,20.89,36.06,21.76,35,20.79,34.79,19.39,44.79,7.3,45.82666667,20.29,30.29,21.79,38.29,19.7,35.29,5.9,748,75.5,8,34.5,1.9
60,0,20.89,36.9,20.9175,35.875,21.76,35.06,20.85666667,34.79,19.39,44.7,7.433333333,46.3,20.29,30.2,21.73,38.26,19.7,35.29,5.97,748,75.58333333,8.166666667,33.58333333,1.98
40,0,20.89,36.96666667,21.13333333,35.7,21.79,35.045,20.89,34.9,19.39,44.62666667,8.033333333,38.39333333,20.29,30.2,21.79,38.26,19.7,35.29,6.03,748,75.66666667,8.333333333,32.66666667,2.07
50,0,20.92666667,37,21.29,35.43,21.79,35.09,20.89,34.8725,19.46333333,44.56,8.5,34.06,20.29,30.16666667,21.79,38.32666667,19.7,35.29,6.1,748,75.75,8.5,31.75,2.15
50,0,20.92666667,37,21.29,35.23,21.73,35.09,20.96333333,34.79,19.39,44.425,7.963333333,37.06,20.29,30.16666667,21.73,38.4,19.7,35.29,6.17,748,75.83333333,8.666666667,30.83333333,2.23
50,0,21,37,21.2,35.12666667,21.79,35.2,20.89,34.79,19.39,44.32666667,7.563333333,38.26666667,20.29,30.1,21.73,38.36333333,19.7,35.2,6.23,748,75.91666667,8.833333333,29.91666667,2.32
60,0,21,37,21.2,35.2,21.79,35.2,20.89,34.79,19.39,44.26,7.893333333,43.99666667,20.29,30.1,21.79,38.23,19.7,35.2,6.3,748,76,9,29,2.4
50,0,21,36.9,21.26,35.13333333,21.76,35.12666667,20.89,34.79,19.39,44.2,8.56,41.39,20.29,30.1,21.76,38.09,19.7,35.09,6.1,748,76.83333333,8.333333333,30.83333333,2.33
60,0,21,36.82666667,21.13333333,35.13333333,21.76,35.2,20.89,34.79,19.39,44.16333333,7.73,34.26666667,20.29,30.1,21.7,38.09,19.7,35.16333333,5.9,748,77.66666667,7.666666667,32.66666667,2.27
50,0,21,36.79,20.96333333,35.36,21.79,35.2,20.89,34.79,19.39,44.09,6.523333333,35.6,20.29,30.13333333,21.7,38.09,19.7,35.2,5.7,748,78.5,7,34.5,2.2
60,0,21,36.79,20.89,35.5,21.79,35.2,20.89,34.79,19.39,44.09,5.933333333,45.46,20.29,30.2,21.7,38.09,19.63333333,35.12666667,5.5,748,79.33333333,6.333333333,36.33333333,2.13
50,0,21,36.76,20.79,35.43333333,21.79,35.16333333,20.89,34.79,19.39,44.09,5.793333333,46.2,20.29,30.23,21.7,38.09,19.7,35.2,5.3,748,80.16666667,5.666666667,38.16666667,2.07
40,0,21,36.7,20.66333333,35.56,21.79,35.09,20.89,34.79,19.39,44.09,5.396666667,47.46666667,20.29,30.29,21.7,38.09,19.63333333,35.12666667,5.1,748,81,5,40,2
50,0,21,36.7,20.56666667,35.73,21.79,35.2,20.85666667,34.79,19.39,44.03,5.923333333,52,20.29,30.29,21.66666667,38.06,19.6,35.06,5.08,748.05,80.83333333,5,40,1.97
50,0,21,36.7,20.5,35.79,21.79,35.12666667,20.79,34.79,19.39,44,7.1,54.19,20.29,30.35666667,21.6,37.93333333,19.6,35.06,5.07,748.1,80.66666667,5,40,1.93
60,0,20.92666667,36.7,20.5,35.86333333,21.79,35.09,20.79,34.79,19.39,44,7.3,51.65666667,20.29,30.42666667,21.6,38,19.6,35.09,5.05,748.15,80.5,5,40,1.9
60,0,20.96333333,36.73,20.42666667,35.86333333,21.79,35.09,20.79,34.79,19.39,43.9,7.226666667,48.59666667,20.29,30.5,21.6,38,19.6,35.09,5.03,748.2,80.33333333,5,40,1.87
40,0,20.96333333,36.79,20.35666667,35.96333333,21.79,35.09,20.79,34.86333333,19.39,43.9,6.7,45.96,20.29,30.5,21.6,38,19.6,35.09,5.02,748.25,80.16666667,5,40,1.83
40,0,20.96333333,36.79,20.23,36.16333333,21.79,35.09,20.79,34.79,19.39,43.9,6.16,45.7,20.29,30.5,21.6,37.93333333,19.6,35.09,5,748.3,80,5,40,1.8
30,0,20.89,36.79,20.06666667,36.4,21.79,35.09,20.76,34.79,19.32333333,43.82666667,6.366666667,48.93333333,20.29,30.5,21.55,37.9,19.6,35.06,4.85,748.35,80.33333333,4.5,40,1.7
30,0,20.89,36.79,20,36.46666667,21.79,35.09,20.76,34.73,19.35666667,43.79,6.5,49.46666667,20.29,30.5,21.6,37.96666667,19.6,35,4.7,748.4,80.66666667,4,40,1.6
40,0,20.89,36.79,19.945,36.645,21.79,35.09,20.76,34.7,19.35666667,43.79,6.59,50.16666667,20.29,30.5,21.53333333,37.9,19.6,35.03,4.55,748.45,81,3.5,40,1.5
50,0,20.89,36.79,19.76,36.86,21.7,35.09,20.7,34.745,19.29,43.7,6.396666667,48.9,20.29,30.53333333,21.5,37.93333333,19.6,35.09,4.4,748.5,81.33333333,3,40,1.4
50,0,20.89,36.79,19.7,37.06,21.7,35.09,20.7,34.7,19.29,43.7,6.063333333,48.49,20.29,30.66666667,21.5,37.93333333,19.6,35.09,4.25,748.55,81.66666667,2.5,40,1.3
60,0,20.89,36.79,19.7,37.2,21.7,35.09,20.7,34.7,19.35666667,43.62666667,6.596666667,51.56333333,20.23,30.63333333,21.5,38,19.6,35.09,4.1,748.6,82,2,40,1.2
50,0,20.89,36.86333333,19.76,37.2,21.7,35.09,20.7,34.7,19.29,43.59,7.293333333,51.3,20.29,30.7,21.5,38,19.6,35.09,4.3,748.5666667,80.66666667,2.333333333,40,1.17
60,0,20.89,36.9,19.76,37.2,21.7,35.16333333,20.7,34.79,19.29,43.53,7.626666667,47.63333333,20.29,30.7,21.5,37.93333333,19.6,35.09,4.5,748.5333333,79.33333333,2.666666667,40,1.13
50,0,20.89,36.9,19.7,37.2,21.76,35.09,20.63333333,34.73,19.29,43.5,7.8,47.25666667,20.23,30.63333333,21.5,37.93333333,19.6,35.09,4.7,748.5,78,3,40,1.1
50,0,20.85666667,36.86333333,19.7,37.32666667,21.79,35.09,20.66666667,34.76,19.29,43.5,7.866666667,46.86333333,20.29,30.7,21.5,37.9,19.6,35.09,4.9,748.4666667,76.66666667,3.333333333,40,1.07
50,0,20.79,36.86333333,19.7,37.46666667,21.79,35.09,20.6,34.7,19.39,43.4,8.296666667,40.02666667,20.29,30.7,21.5,37.9,19.6,35.16333333,5.1,748.4333333,75.33333333,3.666666667,40,1.03
50,0,20.85666667,36.9,19.7,37.46666667,21.79,35.09,20.6,34.7,19.39,43.4,8.823333333,41.02666667,20.29,30.7,21.5,37.9,19.6,35.2,5.3,748.4,74,4,40,1
50,0,20.85666667,36.96666667,19.63333333,37.4,21.79,35.09,20.6,34.7,19.29,43.4,7.545,31.245,20.29,30.7,21.5,37.9,19.6,35.12666667,5.25,748.4333333,74.16666667,4.333333333,40,0.967
70,0,20.82333333,36.9,19.56666667,37.53,21.76,35,20.6,34.59,19.29,43.32666667,6.03,45.83333333,20.29,30.56666667,21.5,37.86333333,19.5,35.06,5.2,748.4666667,74.33333333,4.666666667,40,0.933
90,0,20.89,36.96666667,19.5,37.59,21.7,35,20.6,34.59,19.29,43.29,6.296666667,49.9,20.29,30.5,21.5,37.79,19.5,35,5.15,748.5,74.5,5,40,0.9
120,0,20.84,37.05,19.5,37.62666667,21.7,35,20.6,34.5,19.29,43.29,6.53,44.13,20.29,30.46333333,21.5,37.96333333,19.5,34.96666667,5.1,748.5333333,74.66666667,5.333333333,40,0.867
100,0,20.89,37.29,19.5,37.76,21.7,35,20.6,34.5,19.39,43.26,6.73,41.33,20.29,30.39,21.5,38.09,19.5,34.82666667,5.05,748.5666667,74.83333333,5.666666667,40,0.833
90,0,20.89,37.29,19.5,37.79,21.7,35,20.6,34.5,19.39,43.2,6.866666667,34.52666667,20.29,30.34,21.63333333,38.12666667,19.5,34.79,5,748.6,75,6,40,0.8
100,0,20.89,37.29,19.5,37.86333333,21.7,35,20.6,34.43333333,19.39,43.09,6.8,35.8,20.29,30.16666667,21.76,38.26,19.5,34.79,5.38,748.5833333,71.83333333,6,40,0.517
110,0,20.89,37.29,19.46333333,37.9,21.7,35,20.6,34.36333333,19.39,43.09,6.9,40.53,20.29,30.1,21.89,38.5,19.5,34.66333333,5.77,748.5666667,68.66666667,6,40,0.233
210,0,20.89,37.23,19.39,37.9,21.7,35,20.6,34.29,19.39,43.09,6.9,38.86333333,20.2,29.9,21.9725,38.475,19.5,34.59,6.15,748.55,65.5,6,40,-0.05
590,0,20.89,37.56333333,19.39,37.745,21.65,34.9,20.5,34.16333333,19.39,43.03,7.1,39.26,20.2,29.63333333,22.06666667,38.26666667,19.5,34.33333333,6.53,748.5333333,62.33333333,6,40,-0.333
460,0,21.03333333,41.12666667,19.42666667,38.59,21.7,35.03,20.5,34.0225,19.39,42.9,7.366666667,31.86666667,20.2,29.35666667,22.1,38.09,19.5,34.07,6.92,748.5166667,59.16666667,6,40,-0.617
100,0,21.16666667,46.4,19.56666667,40.79666667,21.7,35.42333333,20.5,33.93333333,19.4725,42.9975,7.5,31.32333333,20.2,29.16333333,22.16666667,37.89,19.5,33.82666667,7.3,748.5,56,6,40,-0.9
100,0,21.29,45,19.63333333,42.2,21.79,36.15666667,20.5,33.86333333,19.5,43.29666667,7.5,28.93,20.16666667,29.06666667,22.1,37.59,19.5,33.66333333,7.15,748.5666667,56.66666667,6.166666667,40,-0.9
100,0,21.29,43.92666667,19.7,41.79333333,21.79,36.29,20.5,33.73,19.5,43.69333333,7.2,26.43333333,20.1,28.92666667,22.16666667,37.59,19.42666667,33.46333333,7,748.6333333,57.33333333,6.333333333,40,-0.9
80,0,21.39,42.49333333,19.7,41.29666667,21.79,36.32666667,20.46333333,33.56,19.5,43.96666667,6.866666667,26.03333333,20.1,28.76,22.32333333,37.66333333,19.39,33.26,6.85,748.7,58,6.5,40,-0.9
70,0,21.46333333,41.36,19.76,40.83,21.79,36.32666667,20.39,33.5,19.5,44.09,6.466666667,23.69,20.1,28.56666667,22.39,37.59,19.39,33.12666667,6.7,748.7666667,58.66666667,6.666666667,40,-0.9
100,0,21.5,40.33333333,19.82333333,40.26666667,21.7,36.26,20.39,33.33333333,19.5,44.03,6.4,24.02333333,20.1,28.35666667,22.39,37.5,19.39,32.96666667,6.55,748.8333333,59.33333333,6.833333333,40,-0.9
140,0,21.56666667,39.72666667,19.96333333,39.8,21.7,36.2,20.39,33.2,19.66666667,51.09,6.3,26.65,20.03333333,28.16333333,22.39,37.5,19.39,32.9,6.4,748.9,60,7,40,-0.9
120,0,21.7,39.16,20.03333333,39.26,21.79,36.09,20.39,33.09,19.92666667,65.49666667,6.19,25.96666667,20.03333333,28,22.42666667,37.5,19.39,32.76,6.18,748.95,61.66666667,6.666666667,40,-0.75
130,0,21.76,38.82666667,20.16666667,39.06666667,21.85666667,36.09,20.39,33.03,19.85666667,65.63333333,6.063333333,25.9,20.03333333,27.92666667,22.5,37.43333333,19.39,32.62666667,5.97,749,63.33333333,6.333333333,40,-0.6
130,0,21.89,38.52666667,20.23,38.66333333,21.92666667,36.06,20.39,32.9,19.79,64.02666667,5.8,26.83333333,20,27.79,22.63333333,37.26,19.35666667,32.56,5.75,749.05,65,6,40,-0.45
100,0,21.89,38.19333333,20.29,38.59,22,35.93333333,20.32333333,32.9,19.7,62.36,5.66,28.7,20,27.73,22.7,37.12666667,19.35666667,32.5,5.53,749.1,66.66666667,5.666666667,40,-0.3
110,0,22.05,37.895,20.39,38.33333333,22,35.86333333,20.39,32.9,19.7,60.69333333,5.433333333,31.96666667,20,27.7,22.79,36.9,19.29,32.36333333,5.32,749.15,68.33333333,5.333333333,40,-0.15
100,0,22.13333333,37.52666667,20.39,38.06666667,22,35.73,20.32333333,32.9,19.66666667,58.59,5.16,33.1,20,27.7,22.79,36.82666667,19.29,32.29,5.1,749.2,70,5,40,0
100,0,22.2,37.19333333,20.39,37.83333333,22.06666667,35.66333333,20.29,32.86333333,19.6,56.72333333,5.09,30.96333333,19.945,27.7,22.79,36.7,19.29,32.29,4.7,749.2833333,72.83333333,5.166666667,37.66666667,0.117
100,0,22.2,36.86333333,20.39,37.62666667,22.06666667,35.53,20.29,32.79,19.6,55.02666667,5.03,31.22333333,19.89,27.66666667,22.79,36.62666667,19.29,32.29,4.3,749.3666667,75.66666667,5.333333333,35.33333333,0.233
100,0,22.2,36.65666667,20.29,37.46666667,22,35.4,20.29,32.86333333,19.6,54.1,4.626666667,34.19666667,19.89,27.6,22.73,36.56,19.29,32.2,3.9,749.45,78.5,5.5,33,0.35
100,0,22.2,36.43,20.29,37.4,22,35.32666667,20.29,32.79,19.56666667,53.03333333,4.293333333,36.46333333,19.89,27.63333333,22.79,36.5,19.23,32.12666667,3.5,749.5333333,81.33333333,5.666666667,30.66666667,0.467
90,10,22.2,36.29,20.2,37.45,22,35.145,20.29,32.79,19.5,52.36666667,3.9,38.29666667,19.89,27.82666667,22.79,36.495,19.2,32.09,3.1,749.6166667,84.16666667,5.833333333,28.33333333,0.583
80,0,22.2,36.26,20.16666667,37.2,22,35.2,20.245,32.8175,19.5,52.16333333,3.566666667,39.83,19.89,28.13333333,22.79,36.86,19.2675,32.815,2.7,749.7,87,6,26,0.7
90,0,22.2,36.12666667,20.03333333,37.2,22,35.26,20.23,32.9,19.5,51.97,3.133333333,41.4,19.89,28.26,22.85666667,37.19333333,19.29,33.86333333,2.38,749.7,88.16666667,5.5,28.33333333,0.583
80,0,22.1,36.12666667,20,37.23,22,35.4,20.2,32.9,19.5,51.65666667,2.933333333,43,19.89,28.42666667,22.89,37.53,19.32333333,34.66666667,2.07,749.7,89.33333333,5,30.66666667,0.467
80,0,22.03333333,36.12666667,19.92666667,37.29,22,35.4,20.2,32.96666667,19.39,51.29666667,2.76,44.26666667,19.89,28.56666667,22.89,37.72333333,19.39,35.13333333,1.75,749.7,90.5,4.5,33,0.35
70,0,22,36.2,19.79,37.32666667,22,35.5,20.2,33,19.39,50.96333333,2.626666667,45.39333333,19.89,28.73,22.92666667,37.96333333,19.39,35.46333333,1.43,749.7,91.66666667,4,35.33333333,0.233
50,0,22,36.26,19.79,37.4,22,35.56,20.2,33.06,19.39,50.66333333,2.45,46.35,19.89,28.85666667,23,38.09,19.32333333,35.66333333,1.12,749.7,92.83333333,3.5,37.66666667,0.117
40,0,21.96333333,36.29,19.66666667,37.53,22,35.59,20.2,33.09,19.39,50.46333333,2.4,47.69333333,19.89,28.92666667,23,38.39,19.39,35.82666667,0.8,749.7,94,3,40,0
30,0,21.89,36.36333333,19.6,37.59,22,35.59,20.2,33.16333333,19.39,50.16333333,2.266666667,48.1,19.89,29,23.06666667,38.79666667,19.39,35.96666667,1.17,749.6833333,92.66666667,3.166666667,40,0.133
30,0,21.89,36.4,19.56666667,37.73,22,35.7,20.2,33.12666667,19.39,50.03,2.2,48.83,19.89,29.1,23,39.06666667,19.39,36.12666667,1.53,749.6666667,91.33333333,3.333333333,40,0.267
40,0,21.82333333,36.32666667,19.42666667,37.79,22,35.7,20.13333333,33.2,19.39,49.76,2.2,49.22333333,19.89,29.16666667,23,39.26,19.39,36.26,1.9,749.65,90,3.5,40,0.4
60,0,21.79,36.26,19.35666667,37.76,22,35.73,20.1,33.2,19.39,49.56666667,2.23,49.32666667,19.89,29.2,23,39.56666667,19.39,36.43333333,2.27,749.6333333,88.66666667,3.666666667,40,0.533
60,0,21.73,36.2,19.29,37.7,22,35.79,20.1,33.26,19.35666667,49.36333333,2.23,49.32666667,19.89,29.26,22.92666667,39.83333333,19.39,36.63333333,2.63,749.6166667,87.33333333,3.833333333,40,0.667
50,0,21.7,36.09,19.2,37.59,22,35.79,20.1,33.29,19.29,49.23,2.26,49.03333333,19.89,29.29,22.89,40.23,19.39,36.82666667,3,749.6,86,4,40,0.8
50,0,21.7,36.09,19.13333333,37.72333333,22,35.79,20.1,33.29,19.29,49.06,2.126666667,48.76,19.89,29.29,22.89,40.43,19.39,36.96666667,3,749.6166667,85.16666667,4.333333333,40,0.683
40,0,21.63333333,36.03,19.06666667,37.7,22,35.79,20.1,33.29,19.29,48.93333333,2.06,49,19.89,29.39,22.79,40.65666667,19.39,37.12666667,3,749.6333333,84.33333333,4.666666667,40,0.567
50,0,21.6,36,19,37.62666667,22,35.86333333,20.03333333,33.29,19.29,48.76,1.933333333,49.33333333,19.89,29.39,22.79,40.86333333,19.39,37.26,3,749.65,83.5,5,40,0.45
60,0,21.53333333,36,18.89,37.62666667,22,35.82666667,20.1,33.4,19.29,48.62666667,1.933333333,50.19333333,19.89,29.39,22.79,41.03,19.39,37.43333333,3,749.6666667,82.66666667,5.333333333,40,0.333
50,0,21.5,36,18.82333333,37.62666667,22,35.9,20.1,33.4,19.29,48.46666667,2.06,50.6,19.89,29.5,22.79,41.16333333,19.39,37.63333333,3,749.6833333,81.83333333,5.666666667,40,0.217
60,0,21.5,36,18.76,37.65666667,22.05,35.95,20,33.29,19.29,48.32666667,2.09,50.66,19.89,29.5,22.79,41.23,19.39,37.93333333,3,749.7,81,6,40,0.1
60,0,21.5,36,18.7,37.8175,22.1,35.9,20,33.29,19.29,48.26,2.09,50.46666667,19.89,29.5,22.73,41.23,19.39,38.095,2.95,749.7,81.83333333,5.833333333,40,0.183
60,0,21.42666667,35.86,18.63333333,37.9,22.1,35.9,20,33.29,19.2675,48.095,2.2,50.42333333,19.89,29.5,22.7,41.045,19.39,38.26,2.9,749.7,82.66666667,5.666666667,40,0.267
50,0,21.39,35.79,18.6,37.93333333,22.1,35.96666667,20,33.29,19.26,48,2.2,49.9975,19.89,29.6,22.6,40.86333333,19.39,38.43333333,2.85,749.7,83.5,5.5,40,0.35
50,0,21.32333333,35.79,18.53333333,38,22.1,35.9,20,33.36333333,19.2,47.76,2.2,50.1,19.89,29.6,22.6,40.73,19.39,38.5,2.8,749.7,84.33333333,5.333333333,40,0.433
50,0,21.29,35.76,18.46333333,38.06,22.1,35.9,19.96333333,33.29,19.2,47.7,2.133333333,49.73333333,19.79,29.5,22.5,40.79,19.39,38.62666667,2.75,749.7,85.16666667,5.166666667,40,0.517
40,0,21.29,35.7,18.39,38,22.1,35.9,19.89,33.29,19.2,47.59,2,49.66,19.79,29.5,22.5,40.79,19.39,38.7,2.7,749.7,86,5,40,0.6
50,0,21.29,35.7,18.35666667,38.09,22.1,35.93333333,19.96333333,33.29,19.2,47.53,1.863333333,49.62666667,19.79,29.5,22.5,40.93333333,19.39,38.79,2.67,749.7,86,5,40,0.567
60,0,21.29,35.7,18.29,38.16333333,22.1,35.93333333,19.89,33.29,19.2,47.4,1.79,49.83333333,19.79,29.5,22.5,41,19.39,38.86333333,2.63,749.7,86,5,40,0.533
30,0,21.2,35.56,18.29,38.2,22.1,35.93333333,19.89,33.4,19.2,47.32666667,1.7,50.16666667,19.79,29.5,22.39,41.2,19.39,38.93333333,2.6,749.7,86,5,40,0.5
40,0,21.2,35.5,18.23,38.12666667,22.1,35.93333333,19.89,33.4,19.2,47.26,1.7,50.76666667,19.79,29.5,22.39,41.2,19.39,39.06,2.57,749.7,86,5,40,0.467
40,0,21.2,35.5,18.16666667,38.2,22.1,35.9,19.89,33.4,19.2,47.12666667,1.76,51.06,19.79,29.6,22.39,41.23,19.39,39.09,2.53,749.7,86,5,40,0.433
30,0,21.13333333,35.5,18.1,38.2,22.1,35.9,19.89,33.4,19.16666667,47.06,1.7,50.93333333,19.79,29.6,22.32333333,41.36333333,19.39,39.09,2.5,749.7,86,5,40,0.4
50,0,21.1,35.5,18.1,38.29,22.06666667,35.9,19.89,33.4,19.1,47,1.53,50.6,19.79,29.53333333,22.35666667,41.4,19.39,39.09,2.53,749.7166667,85.66666667,5,40,0.383
50,0,21.1,35.5,18.1,38.36333333,22,35.9,19.89,33.4,19.1,46.9,1.463333333,50.93333333,19.79,29.6,22.29,41.32666667,19.39,39.09,2.57,749.7333333,85.33333333,5,40,0.367
50,0,21.1,35.5,18,38.2,22,35.96666667,19.85666667,33.36333333,19.1,46.82666667,1.663333333,51.95666667,19.79,29.6,22.29,41.26,19.39,39.23,2.6,749.75,85,5,40,0.35
50,0,21,35.4,18,38.26,22,35.9,19.79,33.29,19.1,46.76,1.99,52.62333333,19.79,29.6,22.29,41.2,19.39,39.36333333,2.63,749.7666667,84.66666667,5,40,0.333
50,0,21,35.4,17.96333333,38.32666667,22,35.93333333,19.79,33.29,19.1,46.7,2.23,52.76,19.79,29.6,22.29,41.06,19.39,39.43333333,2.67,749.7833333,84.33333333,5,40,0.317
50,0,21,35.4,17.89,38.4,22,35.93333333,19.79,33.29,19.1,46.59,2.29,52.56666667,19.79,29.6,22.29,41,19.39,39.5,2.7,749.8,84,5,40,0.3
60,0,21,35.4,17.89,38.45,22,35.9,19.79,33.4,19.1,46.59,2.45,52.545,19.79,29.6,22.23,40.82666667,19.39,39.59,2.63,749.8166667,85.16666667,4.833333333,37.5,0.417
40,0,20.89,35.4,17.79,38.43333333,22,35.9,19.79,33.4,19.1,46.5,2.59,52.5,19.79,29.63333333,22.23,40.76666667,19.39,39.6175,2.57,749.8333333,86.33333333,4.666666667,35,0.533
70,0,20.89,35.4,17.79,38.5,22,35.9,19.79,33.4,19.1,46.43333333,2.59,52.56,19.73,29.7,22.2,40.66333333,19.39,39.7,2.5,749.85,87.5,4.5,32.5,0.65
50,0,20.89,35.4,17.79,38.59,22,35.93333333,19.73,33.4,19.1,46.4,2.626666667,52.76666667,19.7,29.7,22.2,40.5675,19.39,39.7,2.43,749.8666667,88.66666667,4.333333333,30,0.767
40,0,20.89,35.4,17.79,38.59,22,36,19.73,33.4,19.1,46.36333333,2.7,52.9,19.7,29.7,22.2,40.5,19.39,39.7,2.37,749.8833333,89.83333333,4.166666667,27.5,0.883
60,0,20.85666667,35.4,17.76,38.7,22,36,19.7,33.5,19.1,46.29,2.73,52.93333333,19.7,29.73,22.2,40.53,19.39,39.73,2.3,749.9,91,4,25,1
40,0,20.79,35.4,17.7,38.7,22,36,19.7,33.5,19.03333333,46.2,2.79,53.06,19.7,29.79,22.2,40.53,19.39,39.79,2.42,749.9333333,90.5,4.333333333,25.5,1.03
60,0,20.79,35.4,17.7,38.79,22,36,19.7,33.5,19.03333333,46.12666667,2.76,53.06666667,19.7,29.79,22.2,40.5,19.39,39.79,2.53,749.9666667,90,4.666666667,26,1.07
50,0,20.79,35.4,17.7,38.79,22,36,19.7,33.56,19.06666667,46.06,2.7,53.2,19.7,29.79,22.13333333,40.5,19.39,39.86333333,2.65,750,89.5,5,26.5,1.1
50,0,20.76,35.4,17.63333333,38.82666667,22.1,36.06,19.7,33.59,19.06666667,46.06,2.7,53.56666667,19.7,29.79,22.1,40.5,19.39,39.9,2.77,750.0333333,89,5.333333333,27,1.13
60,0,20.7,35.4,17.63333333,38.9,22.1,36,19.7,33.59,19,45.96666667,2.7,53.76,19.7,29.79,22.1,40.5,19.39,39.96666667,2.88,750.0666667,88.5,5.666666667,27.5,1.17
80,0,20.7,35.5,17.6,38.9,22.1,36,19.6,33.59,19,45.9,2.7,53.86333333,19.7,29.89,22.1,40.5,19.39,40.03,3,750.1,88,6,28,1.2
20,0,20.7,35.69333333,17.6,38.96666667,22.1,35.93333333,19.66666667,33.66333333,19,45.9,2.626666667,53.79,19.7,29.89,22.1,40.5,19.39,40.09,2.93,750.1166667,88.83333333,5.833333333,33.83333333,1.27
30,0,20.7,36.12666667,17.6,39.46333333,21.96333333,35.33333333,19.6,33.59,19,45.9,2.466666667,53.76,19.7,29.89,22,40.4,19.39,40.09,2.87,750.1333333,89.66666667,5.666666667,39.66666667,1.33
30,10,20.7,36.26,17.6,39.72333333,21.82333333,35.06666667,19.6,33.59,19,45.93333333,2.326666667,53.9,19.63333333,29.89,22,40.4,19.39,40.03,2.8,750.15,90.5,5.5,45.5,1.4
40,0,20.7,36.4,17.5,39.96333333,21.7,34.96666667,19.6,33.7,19,46,2.29,54.19333333,19.65,29.945,22,40.4,19.39,40,2.73,750.1666667,91.33333333,5.333333333,51.33333333,1.47
60,0,20.7,36.4,17.5,40.16333333,21.7,34.9,19.6,33.7,19,46,2.3725,54.57,19.66666667,29.96333333,22,40.4,19.39,40,2.67,750.1833333,92.16666667,5.166666667,57.16666667,1.53
80,0,20.7,36.46666667,17.5,40.29,21.6,34.79,19.6,33.7,19,46,2.466666667,54.9,19.66666667,29.96333333,21.96333333,40.4,19.39,39.96666667,2.6,750.2,93,5,63,1.6
70,0,20.7,36.46666667,17.5,40.36333333,21.6,34.79,19.6,33.9,19,46,2.626666667,55.26666667,19.6,30,21.89,40.46666667,19.39,39.9,2.52,750.25,93.5,4.666666667,62.66666667,1.58
70,10,20.7,36.4,17.5,40.4,21.6,34.76666667,19.6,34.545,19,45.93333333,2.76,55.46666667,19.6,30,21.89,40.46666667,19.39,39.76,2.43,750.3,94,4.333333333,62.33333333,1.57
60,0,20.6,36.36,17.5,40.5,21.6,34.925,19.6,34.7,19,45.9,3.03,55.76666667,19.66666667,30.06666667,21.89,40.4,19.39,39.595,2.35,750.35,94.5,4,62,1.55
50,0,20.6,36.5,17.5,40.5,21.6,35,19.6,34.76,19,45.9,3.09,55.96666667,19.6,30.06666667,21.85666667,40.22333333,19.39,39.43333333,2.27,750.4,95,3.666666667,61.66666667,1.53
60,10,20.63333333,36.62666667,17.5,40.53,21.6,35,19.6,34.93333333,18.89,45.79,3.266666667,56.15666667,19.6,30.1,21.79,40.03,19.29,39.16333333,2.18,750.45,95.5,3.333333333,61.33333333,1.52
60,20,20.63333333,36.76,17.5,40.59,21.6,35,19.6,35.06,18.89,45.76,3.466666667,56.36333333,19.6,30.16666667,21.79,39.9,19.29,39.09,2.1,750.5,96,3,61,1.5
60,10,20.6,36.9,17.5,40.59,21.6,35.06,19.76333333,35.39,18.89,45.7,3.626666667,56.53,19.6,30.2,21.73,39.7,19.29,39.02666667,2.25,750.5166667,95.83333333,3,61.66666667,1.62
80,30,20.6,36.96666667,17.5,40.66333333,21.6,35,20.03,35.72333333,18.89,45.7,3.76,56.53,19.6,30.2,21.73,39.56666667,19.29,38.82666667,2.4,750.5333333,95.66666667,3,62.33333333,1.73
60,20,20.63333333,37.06666667,17.5,40.82666667,21.6,35,20.23,35.73,18.89,45.62666667,3.79,56.5,19.6,30.29,21.7,39.22333333,19.29,38.66333333,2.55,750.55,95.5,3,63,1.85
70,30,20.63333333,37.06666667,17.56666667,40.82666667,21.6,35,20.29,35.73,19.06666667,45.56666667,3.863333333,56.56,19.6,30.29,21.7,39.03,19.29,38.53,2.7,750.5666667,95.33333333,3,63.66666667,1.97
70,20,20.6,36.96666667,17.5,40.76,21.6,35,20.39,35.59,19.26,48.9,3.196666667,55.76666667,19.5,30.22666667,21.6,38.76,19.26,38.22333333,2.85,750.5833333,95.16666667,3,64.33333333,2.08
50,30,20.6,36.9,17.5,40.56666667,21.6,34.93333333,20.39,35.53,19.29,49.26666667,2.39,55.96666667,19.5,30.03333333,21.6,38.62666667,19.2,37.96333333,3,750.6,95,3,65,2.2
70,30,20.6,36.83333333,17.5,40.22333333,21.6,34.86333333,20.39,35.36333333,19.29,47.99333333,2.326666667,55.42333333,19.5,30.2,21.56666667,38.46666667,19.2,37.63333333,3.03,750.6666667,94.66666667,3.166666667,60.83333333,2.2
40,20,20.6,36.7,17.5,40.03,21.53333333,34.73,20.39,35.23,19.29,47.2,2.526666667,55.03,19.56666667,31.59333333,21.5,38.19333333,19.2,37.36,3.07,750.7333333,94.33333333,3.333333333,56.66666667,2.2
40,30,20.6,36.56,17.5,39.76,21.5,34.7,20.42666667,35.2,19.23,47,2.826666667,54.76,19.63333333,32.69333333,21.5,38.06666667,19.2,37.06,3.1,750.8,94,3.5,52.5,2.2
90,30,20.6,36.43333333,17.5,39.62666667,21.5,34.62666667,20.42666667,35.12666667,19.2,46.6,3.12,54.6725,19.63333333,32.69333333,21.5,38.12666667,19.13333333,36.6,3.13,750.8666667,93.66666667,3.666666667,48.33333333,2.2
70,20,20.5,36.345,17.53333333,39.56,21.39,34.5,20.42666667,35.12666667,19.13333333,46.06666667,3.526666667,54.53,19.55,32.3,21.46333333,37.6,18.96333333,35.86333333,3.17,750.9333333,93.33333333,3.833333333,44.16666667,2.2
110,20,20.5,36.2,17.6,39.5,21.39,34.5,20.5,35.2,19.1,45.29666667,4.196666667,54.22333333,19.5,32.06,21.39,37.6,18.89,35.93,3.2,751,93,4,40,2.2
80,20,20.5,36.2,17.86,39.46666667,21.32333333,34.62666667,20.5,35.29,19.1,44.89,4.923333333,54.09,19.5,31.92666667,21.39,37.76,19.03333333,37.19333333,3.42,751.0666667,92.66666667,4,37.33333333,2.37
80,10,20.5,36.46333333,18.19333333,39.26666667,21.39,34.7,20.5,35.36333333,19.1,44.73,5.79,54,19.5,31.85666667,21.32333333,37.7,19.16666667,38.93333333,3.63,751.1333333,92.33333333,4,34.66666667,2.53
60,20,20.5,36.66333333,18.55,39.045,21.39,34.73,20.55,35.545,19.1,44.86333333,6.396666667,54.13333333,19.5,31.79,21.35666667,37.7,19.2,38.9,3.85,751.2,92,4,32,2.7
60,10,20.6,36.89,18.79,39.5,21.39,34.8975,20.6,35.62666667,19.03333333,44.7,6.69,54.63,19.5,31.76,21.29,37.7,19.2,38.425,4.07,751.2666667,91.66666667,4,29.33333333,2.87
90,10,20.6,37.16333333,18.73,39.9,21.39,35,20.6,35.7,19.1,44.7,6.623333333,55.29666667,19.5,31.7,21.29,37.7,19.2,38.06666667,4.28,751.3333333,91.33333333,4,26.66666667,3.03
90,20,20.53333333,37.32666667,18.7,40.23333333,21.32333333,35.03,20.6,35.7,19.1,44.45,6.5,55.62666667,19.5,31.56666667,21.29,37.645,19.2,37.72333333,4.5,751.4,91,4,24,3.2
100,10,20.6,37.6,18.63333333,40.62666667,21.39,35.09,20.6,35.7,19,44.16333333,6.56,55.9,19.5,31.5,21.254,37.554,19.2,37.53,4.97,751.4333333,89,4.333333333,26.66666667,3.3
80,10,20.6,38.29333333,18.89333333,40.62666667,21.39,35.12666667,20.6,35.7,19.06666667,44.03,7.226666667,56.36,19.5,31.39,21.2,37.4,19.2,37.19333333,5.43,751.4666667,87,4.666666667,29.33333333,3.4
70,20,20.66666667,38.96,19.22666667,40.29333333,21.39,35.26,20.66666667,35.83333333,19.1,43.96666667,7.833333333,56.89333333,19.5,31.39,21.2,37.29,19.2,36.93333333,5.9,751.5,85,5,32,3.5
110,0,20.63333333,38.9,19.39,39.46666667,21.46333333,35.4,20.7,36.03,19.1,43.82666667,7.833333333,58.95666667,19.5,31.29,21.2,37.29,19.2,36.66333333,6.37,751.5333333,83,5.333333333,34.66666667,3.6
50,0,20.63333333,38.9,19.32333333,39.4,21.39,35.46666667,20.7,36.22333333,19.03333333,43.7,7.293333333,59.15666667,19.42666667,31.16333333,21.2,37.2,19.2,36.53,6.83,751.5666667,81,5.666666667,37.33333333,3.7
40,10,20.6,38.83333333,19.36,39.52666667,21.39,35.73,20.7,36.4,19.1,43.62666667,7.366666667,59.2,19.5,31.2,21.2,37.2,19.2,36.26,7.3,751.6,79,6,40,3.8
40,0,20.6,38.56666667,19.56666667,39.13333333,21.39,35.79,20.77,37.33888889,19.1,43.5,7.433333333,59.06666667,19.5,31.11818182,21.175,37.09,19.2,36.12666667,7.15,751.6666667,78.66666667,6.333333333,38.16666667,3.6
20,0,20.6,38.36333333,19.53333333,38.72333333,21.39,36.03,20.79,37.85571429,19.03333333,43.36,7.25,59.04,19.5,31.06363636,21.15,37.09,19.2,36,7,751.7333333,78.33333333,6.666666667,36.33333333,3.4
50,10,20.6,38.23,19.6,38.46333333,21.39,36.49,20.73,37.69333333,19,43.06,7.201,59.065,19.5,31.06666667,21.2,37.09,19.2,35.86,6.85,751.8,78,7,34.5,3.2
70,0,20.6,38.15666667,19.63333333,38.13333333,21.39,36.66333333,20.7,37.19428571,19,42.93333333,7.355714286,59.17142857,19.5,31,21.12857143,37.09,19.2,35.76,6.7,751.8666667,77.66666667,7.333333333,32.66666667,3
70,0,20.6,38.15666667,19.76,37.93333333,21.39,36.59,20.7,36.80277778,19,42.72333333,7.97,54.02916667,19.5,30.96333333,21.1,37.06,19.2,35.62666667,6.55,751.9333333,77.33333333,7.666666667,30.83333333,2.8
70,0,20.6,37.69,19.82333333,37.52666667,21.39,36.46666667,20.7,36.515,19.06666667,42.59,8.74,44.94444444,19.54375,30.750625,21.12222222,36.98333333,19.2,35.56,6.4,752,77,8,29,2.6
70,0,20.6,37.36333333,19.89,37.26666667,21.39,36.32666667,20.7,36.47222222,19.1,42.46666667,8.894444444,35.51,19.6,30.56111111,21.1,36.94944444,19.2,35.43333333,6.58,752.05,76.33333333,8.166666667,28.33333333,2.67
60,0,20.6,37.23,20,36.96666667,21.5,36.36333333,20.7,36.38166667,19.1,42.26666667,9.017,31.995,19.6,30.36923077,21.13888889,36.80222222,19.2,35.22333333,6.77,752.1,75.66666667,8.333333333,27.66666667,2.73
60,0,20.63333333,37.09,20.06666667,36.82666667,21.5,36.29,20.735,36.21444444,19.1,42.06,9.353333333,32.67388889,19.68125,30.208125,21.17222222,36.55166667,19.2,35.03,6.95,752.15,75,8.5,27,2.8
60,0,20.7,37.09,20.15,36.495,21.39,36.06,20.76545455,36.02454545,19.1,41.93333333,9.605454545,32.41636364,19.7,30.05384615,21.1,36.4,19.2,34.9,7.13,752.2,74.33333333,8.666666667,26.33333333,2.87
70,0,20.7,36.96666667,20.2,36.22333333,21.445,35.9475,20.7,35.93333333,19.1,41.86333333,9.498,30.6,19.79,29.79,21.1,36.26,19.2,34.795,7.32,752.25,73.66666667,8.833333333,25.66666667,2.93
70,0,20.7,36.76666667,20.2,36.03,21.39,35.73,20.7,35.9,19.1,41.73,9.463333333,30.26666667,19.736,29.772,21.1,36.05111111,19.2,34.56666667,7.5,752.3,73,9,25,3
90,0,20.7,36.66333333,20.2,35.76,21.42666667,35.7,20.76,35.9,19.05,41.59,9.8,20.83333333,19.79,29.46333333,21.2,35.86333333,19.2,34.5,7.55,752.3666667,72.16666667,8.5,27.5,2.88
150,0,20.7,36.46333333,20.2,35.62666667,21.5,35.62666667,20.79,35.76,19.1,41.46666667,9.86,19.7,19.89,29.32666667,21.2,35.65666667,19.2,34.5,7.6,752.4333333,71.33333333,8,30,2.77
90,0,20.79,36.62666667,20.23,35.5,21.5,35.5,20.79,35.56666667,19.1,41.4,9.296666667,17.26333333,19.89,29.06666667,21.2,35.73,19.23,34.5,7.65,752.5,70.5,7.5,32.5,2.65
80,0,20.85666667,36.7,20.23,35.36,21.5,35.5,20.79,35.1,19.1,41.36333333,8.556666667,26.72333333,19.89,28.93,21.26,35.93,19.29,34.36,7.7,752.5666667,69.66666667,7,35,2.53
100,0,20.82333333,36.43,20.29,35.36333333,21.46333333,35.46666667,20.79,34.86333333,19.1,41.29,8.7,21.55666667,19.89,28.73,21.32333333,36,19.29,34.16333333,7.75,752.6333333,68.83333333,6.5,37.5,2.42
60,0,20.89,36.23,20.29,35.09666667,21.46333333,35.4,20.79,34.86333333,19.1,41.16333333,9.626666667,17.89,19.92666667,28.63333333,21.39,36,19.29,34.03,7.8,752.7,68,6,40,2.3
60,0,20.89,36.02666667,20.29,34.76,21.39,35.16333333,20.79,34.9,19.1,41.03,9.823333333,15.06666667,20,28.42666667,21.5,36.09,19.29,33.9,7.8,752.7666667,67.83333333,6,40,2.25
70,0,20.89,35.82666667,20.29,34.7,21.39,35.09,20.73,34.82666667,19.03333333,40.79,10.02333333,16,20,28.29,21.56666667,36.16333333,19.29,33.82666667,7.8,752.8333333,67.66666667,6,40,2.2
70,0,20.89,35.79,20.26,34.5,21.35666667,34.96666667,20.76,34.79,19.1,40.79,10.06,16.09666667,20,28.23,21.6,36.2,19.29,33.7,7.8,752.9,67.5,6,40,2.15
90,0,20.89,35.65666667,20.2,34.5,21.29,34.76666667,20.7,34.73,19.1,40.7,9.666666667,17.35666667,20,28.1,21.7,36.32666667,19.29,33.62666667,7.8,752.9666667,67.33333333,6,40,2.1
90,0,20.96333333,35.46666667,20.1,34.56,21.29,34.76,20.7,34.7,19.03333333,40.56666667,9.733333333,18.19666667,20,28.1,21.7,36.4,19.29,33.59,7.8,753.0333333,67.16666667,6,40,2.05
80,0,20.96333333,35.4,20.16666667,34.5,21.29,34.7,20.7,34.62666667,19.1,40.46666667,10.12666667,16.72333333,20,28.2,21.73,36.43333333,19.29,33.53,7.8,753.1,67,6,40,2
90,0,21,35.29,20.2,34.46666667,21.29,34.56,20.7,34.5,19.1,40.4,10.1,14.72333333,20,28.13333333,21.79,36.5,19.23,33.43333333,8.12,753.1,66.16666667,6,40,2.12
100,0,21,35.2675,20.13333333,34.4,21.29,34.5,20.7,34.5,19.1,40.26,10.12,14.965,20,27.96333333,21.82333333,36.53,19.29,33.43333333,8.43,753.1,65.33333333,6,40,2.23
100,0,21,35.12666667,20.06666667,34.33333333,21.29,34.5,20.66666667,34.26,19.1,40.2,9.793333333,10.15666667,20,27.89,21.89,36.53,19.23,33.29,8.75,753.1,64.5,6,40,2.35
100,0,21,34.96666667,20,34.2,21.29,34.43333333,20.6,34.12666667,19.1,40.16333333,9.366666667,12.39,20,27.79,22.03333333,36.4,19.23,33.15666667,9.07,753.1,63.66666667,6,40,2.47
100,0,21,34.82666667,19.85666667,34.2,21.29,34.46666667,20.6,34.06,19.1,40.09,8.7,21.05666667,20,27.79,22.16666667,36.4,19.26,33.06,9.38,753.1,62.83333333,6,40,2.58
110,0,21,34.79,19.7675,34.295,21.29,34.3725,20.6,34,19.06666667,40,7.863333333,24.62666667,19.89,27.92666667,22.23,36.43333333,19.2,32.8975,9.7,753.1,62,6,40,2.7
100,0,21,34.73,19.7,34.52666667,21.29,34.23,20.5,34,19,39.93333333,7.59,26.76666667,19.89,28.025,22.29,36.5,19.2,32.79,9.3,753.1666667,62.83333333,6.166666667,40,2.5
100,0,20.89,34.7,19.7,34.59,21.29,34.23,20.53636364,33.90454545,19,39.9,7.338,25.996,19.89,28.1,22.42,36.58727273,19.2,32.7,8.9,753.2333333,63.66666667,6.333333333,40,2.3
90,0,20.89,34.7,19.63333333,34.59,21.29,34.23,20.5,33.70888889,19,39.9,6.774,36.096,19.89,28.16875,22.52777778,36.745,19.2,32.62666667,8.5,753.3,64.5,6.5,40,2.1
100,0,20.92666667,34.7,19.63333333,34.76666667,21.2,34.02666667,20.5,33.65111111,19.06666667,39.96666667,6.718823529,38.25764706,19.89,28.245,22.60555556,36.90333333,19.2,32.59,8.1,753.3666667,65.33333333,6.666666667,40,1.9
70,0,20.92666667,34.76,19.7,34.9,21.13333333,33.9,20.5,33.59,19.06666667,39.9,6.498181818,37.08727273,19.87571429,28.23714286,22.64545455,37.04090909,19.2,32.59,7.7,753.4333333,66.16666667,6.833333333,40,1.7
60,0,21,34.82666667,19.56666667,34.86,21.16666667,34,20.4175,33.50583333,19,39.9,6.31,37.519,19.84555556,28.22777778,22.7,37.06,19.2,32.56666667,7.3,753.5,67,7,40,1.5
70,0,21,34.9,19.5,35,21.1,33.93333333,20.39,33.48333333,19,39.93333333,6.3,38.6,19.79625,28.205625,22.7,37,19.2,32.7,7.25,753.55,66.33333333,6.333333333,40,1.3
90,0,20.89,35,19.46333333,35.09,21.1,33.93333333,20.39,33.46666667,19,39.93333333,6.4,40.45666667,19.79,28.26,22.675,37,19.2,32.7,7.2,753.6,65.66666667,5.666666667,40,1.1
120,0,20.96333333,35,19.39,35.09,21.1,34.06,20.39,33.5,19,39.9,6.428571429,40.61428571,19.78357143,28.35428571,22.65,37.06857143,19.13333333,32.7,7.15,753.65,65,5,40,0.9
110,0,21,35.09,19.39,35.2,21.1,34.09,20.39,33.5,19,39.9,6.3,40.14166667,19.745,28.39,22.7,37.275,19.2,32.7,7.1,753.7,64.33333333,4.333333333,40,0.7
160,0,21,35.03,19.39,35.2,21.16666667,34.09,20.34,33.545,19,39.9,6.3,40.45090909,19.70818182,28.39,22.7,37.7,19.2,32.7,7.05,753.75,63.66666667,3.666666667,40,0.5
360,0,21.13333333,34.96666667,19.5,35.32666667,21.23,34,20.29,33.678,19,39.9,6.3,40.75,19.7,28.39,22.7,38.64,19.1,32.7,7,753.8,63,3,40,0.3
180,0,21.26,37.43333333,19.56666667,35.4,21.29,34.06,20.29,33.76,19,39.9,6.16,39.19333333,19.7,28.39,22.7,39.13333333,19.1,32.7,7.22,753.8666667,62.66666667,3,40,0.45
100,0,21.42666667,41.72666667,19.7,35.83,21.32333333,34.5,20.29,34.09666667,19,40.02666667,6.09,39.99333333,19.7,28.39,22.7,39.5,19.1,32.7,7.43,753.9333333,62.33333333,3,40,0.6
100,10,21.575,39.795,19.76,36.22333333,21.39,34.9,20.29,34.49,19,40.23,6.09,40.6,19.66666667,28.39,22.745,39.5,19.1,32.7,7.65,754,62,3,40,0.75
100,0,21.66666667,37.52666667,19.89,36.5,21.5,35.06,20.29,34.73,19,40.36333333,6.09,41.16666667,19.6,28.39,22.76,39.56,19.1,32.7,7.87,754.0666667,61.66666667,3,40,0.9
140,0,21.73,36.56333333,19.89,36.43333333,21.5,35,20.29,34.79,19.16666667,47.69666667,5.9475,41.55,19.7,28.5,22.79,39.46666667,19.1,33.03333333,8.08,754.1333333,61.33333333,3,40,1.05
100,0,21.85666667,36.15666667,19.92666667,36.4,21.53333333,34.86333333,20.29,34.93333333,19.5,62.76333333,5.76,41.9,19.63333333,28.5,22.73,39.32666667,19.1,33.43333333,8.3,754.2,61,3,40,1.2
100,0,21.92666667,35.93,20.025,36.4,21.625,34.7225,20.29,35.06,19.39,61.73,5.56,42.63,19.6,28.53333333,22.76,39.06,19.1,33.5,7.77,754.2,64,2.833333333,40,1.28
120,0,22,35.65666667,20.16666667,36.32666667,21.7,34.62666667,20.29,35.12666667,19.32333333,60.32333333,5.433333333,43.22333333,19.6,28.6,22.7,38.93333333,19.1,33.5,7.23,754.2,67,2.666666667,40,1.37
100,0,22.1,35.56,20.2,36.32666667,21.7,34.59,20.29,35.2,19.29,58.8,5.093333333,43.26,19.6,28.79,22.76,38.56333333,19.1,33.5,6.7,754.2,70,2.5,40,1.45
90,0,22.16666667,35.43333333,20.13333333,36.4,21.7,34.53,20.29,35.32666667,21.32333333,87.46,4.693333333,43.26,19.6,28.85666667,22.7,38.09666667,19.1,33.5,6.17,754.2,73,2.333333333,40,1.53
110,0,22.2,35.26,20.2,36.29,21.79,34.5,20.29,35.4,21.05666667,86.46,4.2,43.46333333,19.6,28.85666667,22.7,38.46333333,19.03333333,33.43333333,5.63,754.2,76,2.166666667,40,1.62
100,0,22.2,35.06666667,20.2,36.29,21.79,34.43333333,20.29,35.5,20.43,88.09,3.8,43.86333333,19.6,28.79,22.7,38.66333333,19.1,33.43333333,5.1,754.2,79,2,40,1.7
100,0,22.23,34.9,20.13333333,36.16333333,21.79,34.36333333,20.29,35.5,20.23,87.63,3.4,44.59666667,19.6,28.79,22.76,38.56,19,33.29,4.87,754.2333333,80.16666667,1.833333333,40,1.68
110,0,22.29,34.76666667,20.13333333,36.09,21.79,34.29,20.29,35.4,19.96333333,86.7,3.126666667,45.32333333,19.575,28.7225,22.76,38.5,19,33.23,4.63,754.2666667,81.33333333,1.666666667,40,1.67
100,0,22.23,34.59,20.1,36.06,21.79,34.2,20.29,35.32666667,19.82333333,85.43333333,2.723333333,46.13,19.5,28.7,22.79,38.4,19,33.2,4.4,754.3,82.5,1.5,40,1.65
110,0,22.23,34.53,20.03333333,35.93333333,21.79,34.2,20.29,35.29,19.76,82.56,2.463333333,46.25666667,19.5,28.7,22.79,38.32666667,19,33.12666667,4.17,754.3333333,83.66666667,1.333333333,40,1.63
130,0,22.2,34.46666667,19.96333333,35.9,21.79,34.16333333,20.29,35.2,19.96666667,86.36666667,2.133333333,46.09,19.5,28.7,22.79,38.29,19,33.09,3.93,754.3666667,84.83333333,1.166666667,40,1.62
80,20,22.2,34.4,19.89,35.96666667,21.79,34.09,20.23,35.12666667,20.79333333,90.26666667,1.933333333,46.49666667,19.5,28.7,22.79,38.29,19,33.09,3.7,754.4,86,1,40,1.6
70,10,22.2,34.53,19.85666667,36.42666667,21.7,34.12666667,20.2,35.15666667,20.46,85.46,1.726666667,47.09,19.5,28.82666667,22.79,38.4,19,33.12666667,3.63,754.45,85.83333333,1,40,1.5
60,20,22.2,34.66333333,19.79,36.83333333,21.63333333,34.26,20.26,35.43,20.26,82.56333333,1.6,47.49666667,19.5,28.92666667,22.85666667,38.52666667,19,33.26,3.57,754.5,85.66666667,1,40,1.4
50,10,22.16666667,34.82666667,19.7,36.93333333,21.56666667,34.43333333,20.29,35.62666667,20.13333333,81.69666667,1.5,48.35,19.5,29.06666667,22.82333333,38.65666667,19,33.53,3.5,754.55,85.5,1,40,1.3
60,10,22.1,34.96666667,19.7,37,21.5,34.5,20.29,35.83333333,20.1,80.53333333,1.39,48.75666667,19.53333333,29.13333333,22.82333333,38.79,18.92666667,33.66333333,3.43,754.6,85.33333333,1,40,1.2
70,20,22.1,35.09,19.6,37,21.39,34.43333333,20.32333333,36.12666667,20.03333333,79.39333333,1.39,49.36333333,19.53333333,29.26,22.79,39.1,19,33.82666667,3.37,754.65,85.16666667,1,40,1.1
80,10,22,35.12666667,19.53333333,37.06,21.39,34.5,20.39,36.2,19.96333333,78,1.29,49.5,19.53333333,29.29,22.79,39.43333333,19,33.9,3.3,754.7,85,1,40,1
70,10,22,35.2,19.46333333,37.16333333,21.39,34.5,20.39,36.2,19.82333333,76.73333333,1.23,49.5,19.53333333,29.35666667,22.79,39.56,19,34.03,3.17,754.7666667,85.5,1,40,0.95
70,20,21.89,35.2,19.315,37.195,21.39,34.5675,20.39,36.2,19.79,75.16666667,1.066666667,49.56666667,19.56666667,29.39,22.73,39.86,18.9175,34.195,3.03,754.8333333,86,1,40,0.9
80,10,21.89,35.26,19.23,37.29,21.39,34.59,20.39,36.23,19.73,73.96,1,49.96,19.5,29.46333333,22.73,40.19333333,18.89,34.36333333,2.9,754.9,86.5,1,40,0.85
70,20,21.89,35.29,19.16666667,37.4,21.35666667,34.62666667,20.46333333,36.36333333,19.7,72.495,1,50.26666667,19.5,29.5,22.66666667,40.4,18.92666667,34.53,2.77,754.9666667,87,1,40,0.8
60,10,21.82333333,35.23,19.1,37.46666667,21.29,34.7,20.5,36.4,19.66666667,71.19666667,0.933333333,50.4,19.5,29.56666667,22.6,40.52666667,18.92666667,34.66333333,2.63,755.0333333,87.5,1,40,0.75
70,10,21.79,35.23,19,37.5,21.29,34.7,20.56666667,36.4,19.66666667,70.19666667,0.8,50.32666667,19.5,29.6,22.5,40.76666667,18.89,34.79,2.5,755.1,88,1,40,0.7
70,20,21.73,35.29,19,37.43333333,21.29,34.76,20.56666667,36.29,19.6,68.89333333,0.733333333,50.26666667,19.5,29.6,22.5,41.1,18.89,34.86333333,2.28,755.1,88.83333333,1,37.83333333,0.617
70,10,21.7,35.53,18.89,37.5,21.32333333,34.79,20.56666667,36.23,19.6,68.03333333,0.6,50.23,19.5,29.63333333,22.46333333,41.46333333,18.89,35,2.07,755.1,89.66666667,1,35.66666667,0.533
70,20,21.7,35.53,18.82333333,37.43333333,21.39,34.86333333,20.56666667,36.16333333,19.56666667,67.13333333,0.6,50.36333333,19.5,29.7,22.39,41.72333333,18.89,35.06,1.85,755.1,90.5,1,33.5,0.45
60,10,21.6,35.4,18.76,37.4,21.39,34.93333333,20.56666667,36.03,19.5,66.46666667,0.6,50.76,19.5,29.7,22.39,42.06666667,18.89,35.2,1.63,755.1,91.33333333,1,31.33333333,0.367
60,10,21.6,35.4,18.7,37.46666667,21.39,34.93333333,20.6,36,19.5,65.63333333,0.533333333,50.76,19.5,29.7,22.39,42.46,18.89,35.26,1.42,755.1,92.16666667,1,29.16666667,0.283
60,20,21.5,35.5,18.66666667,37.5,21.39,34.9,20.6,35.9,19.5,65.03333333,0.4,50.59,19.5,29.7,22.39,42.82666667,18.89,35.4,1.2,755.1,93,1,27,0.2
40,10,21.5,35.5,18.6,37.5,21.39,34.9,20.6,35.82666667,19.39,64.1,0.325,50.595,19.5,29.7,22.39,42.9,18.89,35.46666667,1.05,755.1166667,93.16666667,1.166666667,25.83333333,0.0833
40,10,21.5,35.53,18.5,37.59,21.39,34.9,20.6,35.9,19.39,63.42666667,0.3,50.73,19.5,29.7,22.29,42.9,18.89,35.5,0.9,755.1333333,93.33333333,1.333333333,24.66666667,-0.0333
50,10,21.42666667,35.53,18.42666667,37.59,21.46333333,34.96666667,20.6,35.9,19.39,62.62333333,0.2,50.59666667,19.5,29.7,22.29,42.96666667,18.89,35.56,0.75,755.15,93.5,1.5,23.5,-0.15
40,0,21.39,35.53,18.39,37.62666667,21.39,34.9,20.6,35.86333333,19.39,61.95666667,0.2,50.86333333,19.5,29.7,22.29,43.03,18.89,35.59,0.6,755.1666667,93.66666667,1.666666667,22.33333333,-0.267
50,0,21.39,35.72333333,18.32333333,37.7,21.39,34.82666667,20.6,35.73,19.29,61.23333333,0.1,51.03,19.5,29.7,22.23,43.03,18.89,35.66333333,0.45,755.1833333,93.83333333,1.833333333,21.16666667,-0.383
60,0,21.29,35.79,18.29,37.79,21.29,34.79,20.6,35.52666667,19.29,60.63333333,0.1,51.29666667,19.5,29.7,22.2,42.96666667,18.89,35.73,0.3,755.2,94,2,20,-0.5
40,0,21.29,35.79,18.23,37.86333333,21.29,34.79,20.53333333,35.32666667,19.29,59.99,0.066666667,51.16,19.5,29.7,22.2,42.95,18.89,35.86333333,0.317,755.2166667,94.33333333,2,20.16666667,-0.45
50,10,21.23,35.73,18.16666667,37.9,21.32333333,34.93333333,20.5,35.2,19.29,59.59666667,-0.066666667,51.23333333,19.5,29.7,22.2,42.82666667,18.89,36.03,0.333,755.2333333,94.66666667,2,20.33333333,-0.4
50,0,21.2,35.7,18.1,37.975,21.39,35,20.5,35.2,19.26,59.1,0,51.59,19.42666667,29.63333333,22.16666667,42.66333333,18.89,36.1175,0.35,755.25,95,2,20.5,-0.35
60,0,21.2,35.7,18.03333333,38.06,21.39,35,20.5,35.2,19.2,58.76666667,-0.066666667,51.46333333,19.5,29.7,22.16666667,42.53,18.89,36.2,0.367,755.2666667,95.33333333,2,20.66666667,-0.3
50,0,21.16666667,35.66333333,18,38.12666667,21.39,35,20.42666667,35.12666667,19.2,58.4,-0.2,51.03,19.39,29.6,22.1,42.36333333,18.89,36.29,0.383,755.2833333,95.66666667,2,20.83333333,-0.25
60,0,21.1,35.59,17.92666667,38.2,21.46333333,35.06,20.39,35,19.2,57.9975,-0.2,51.29666667,19.39,29.6,22.1,42.15666667,18.89,36.36333333,0.4,755.3,96,2,21,-0.2
60,0,21.1,35.59,17.89,38.23,21.5,35.09,20.39,35,19.2,57.65666667,-0.2,51.53,19.39,29.6,22.1,41.96666667,18.89,36.43333333,0.35,755.3166667,95.83333333,2,21.16666667,-0.267
50,0,21.1,35.59,17.89,38.29,21.5,35.03,20.35666667,34.9,19.2,57.36333333,-0.2,51.92333333,19.39,29.6,22.1,41.82666667,18.89,36.56,0.3,755.3333333,95.66666667,2,21.33333333,-0.333
50,0,21.06666667,35.5,17.79,38.29,21.5,35.09,20.29,34.82666667,19.2,57.15666667,-0.133333333,52.43,19.39,29.6,22.03333333,41.65666667,18.89,36.7,0.25,755.35,95.5,2,21.5,-0.4
50,0,21,35.5,17.79,38.29,21.5,35.09,20.29,34.79,19.1,56.86333333,-0.2,52.49,19.39,29.6,22.1,41.73,18.89,36.76,0.2,755.3666667,95.33333333,2,21.66666667,-0.467
50,10,21,35.46666667,17.79,38.32666667,21.56666667,35.12666667,20.245,34.7225,19.1,56.65666667,-0.2,52.895,19.39,29.6,22,41.46666667,18.89,36.82666667,0.15,755.3833333,95.16666667,2,21.83333333,-0.533
50,0,21,35.4,17.73,38.4,21.56666667,35.2,20.23,34.62666667,19.1,56.43,-0.166666667,53.03,19.39,29.53333333,22,41.4,18.89,36.96666667,0.1,755.4,95,2,22,-0.6
50,0,20.89,35.4,17.7,38.5,21.5,35.2,20.2,34.59,19.1,56.23,-0.1,53.16333333,19.39,29.6,22,41.4,18.89,37.09,0.0333,755.4,95.33333333,2.166666667,29.16666667,-0.617
30,0,20.89,35.4,17.63333333,38.43333333,21.5,35.2,20.2,34.59,19.1,55.96666667,-0.233333333,52.62333333,19.39,29.6,22,41.32666667,18.89,37.16333333,-0.0333,755.4,95.66666667,2.333333333,36.33333333,-0.633
40,0,20.89,35.4,17.6,38.5,21.5,35.2,20.16666667,34.5,19.1,55.82666667,-0.366666667,51.95666667,19.39,29.6,21.96333333,41.2,18.89,37.32666667,-0.1,755.4,96,2.5,43.5,-0.65
40,0,20.89,35.4,17.53333333,38.5,21.5,35.2,20.1,34.5,19.1,55.63333333,-0.366666667,51.96333333,19.39,29.6,21.89,41.2,18.89,37.46666667,-0.167,755.4,96.33333333,2.666666667,50.66666667,-0.667
30,0,20.82333333,35.29,17.5,38.59,21.5,35.2,20.1,34.4,19.1,55.43333333,-0.366666667,52.09,19.39,29.6,21.89,41.09,18.89,37.53,-0.233,755.4,96.66666667,2.833333333,57.83333333,-0.683
60,0,20.82333333,35.29,17.5,38.59,21.5,35.2,20.1,34.4,19,55.16333333,-0.433333333,52.2,19.35666667,29.53333333,21.89,41.09,18.89,37.59,-0.3,755.4,97,3,65,-0.7
40,0,20.79,35.2,17.46333333,38.59,21.5,35.23,20.1,34.29,19,55.03,-0.5,52.06666667,19.29,29.53333333,21.82333333,40.93333333,18.89,37.7,-0.233,755.4,96.66666667,2.833333333,57.66666667,-0.683
50,0,20.79,35.2,17.39,38.59,21.5,35.29,20.03333333,34.23,19,54.76,-0.633333333,51.72333333,19.29,29.5,21.89,41,18.89,37.76,-0.167,755.4,96.33333333,2.666666667,50.33333333,-0.667
50,0,20.79,35.2,17.35666667,38.7,21.5,35.4,20,34.2,19,54.62666667,-0.7,51.66333333,19.29,29.5,21.84,40.895,18.89,37.82666667,-0.1,755.4,96,2.5,43,-0.65
50,0,20.7,35.16333333,17.34,38.7225,21.5,35.4,20,34.12666667,18.96333333,54.46666667,-0.7,51.82666667,19.29,29.5,21.79,40.76,18.89,37.975,-0.0333,755.4,95.66666667,2.333333333,35.66666667,-0.633
60,0,20.7,35.16333333,17.29,38.79,21.5,35.45,19.96333333,34.16333333,18.96333333,54.32666667,-0.7,51.69333333,19.29,29.5,21.79,40.7,18.89,38,0.0333,755.4,95.33333333,2.166666667,28.33333333,-0.617
60,10,20.7,35.16333333,17.29,38.79,21.5,35.5,19.96333333,34.09,18.89,54.16333333,-0.8,51.46666667,19.29,29.5,21.79,40.7,18.89,38.09,0.1,755.4,95,2,21,-0.6
80,0,20.7,35.22333333,17.23,38.79,21.5,35.5,19.89,34.09,18.89,53.9975,-0.866666667,51.32666667,19.29,29.5,21.79,40.62666667,18.89,38.16333333,1.39E-17,755.4,95.16666667,1.833333333,28.16666667,-0.683
60,0,20.7,35.62666667,17.2,39.19333333,21.46333333,35.19333333,19.89,34.03,18.89,53.82666667,-0.933333333,51,19.29,29.42666667,21.76,40.56,18.89,38.23,-0.1,755.4,95.33333333,1.666666667,35.33333333,-0.767
50,0,20.7,35.7,17.13333333,39.6,21.39,34.93333333,19.89,34,18.89,53.59,-1,51.2,19.29,29.42666667,21.7,40.5,18.89,38.23,-0.2,755.4,95.5,1.5,42.5,-0.85
270,0,20.7,35.86333333,17.1,39.93333333,21.29,34.86333333,19.89,34,18.89,53.53,-0.933333333,51.52666667,19.29,29.39,21.7,40.46333333,18.89,38.2,-0.3,755.4,95.66666667,1.333333333,49.66666667,-0.933
160,10,20.7,35.79,17.1,40.06,21.29,34.79,19.85666667,33.96666667,18.89,53.36333333,-0.9,51.56666667,19.29,29.39,21.7,40.66333333,18.89,38.2,-0.4,755.4,95.83333333,1.166666667,56.83333333,-1.02
80,0,20.7,35.79,17.1,40.2,21.26,34.76,19.79,33.8725,18.89,53.29,-0.9,51.9,19.23,29.32333333,21.7,40.79,18.89,38.2,-0.5,755.4,96,1,64,-1.1
70,0,20.63333333,36.19666667,17.1,40.2,21.26,34.7,19.79,33.86333333,18.79,53.06,-0.766666667,52.15666667,19.29,29.39,21.7,40.93,18.89,38.2,-0.483,755.4166667,96.16666667,1.166666667,63.83333333,-1.05
60,0,20.6,35.93,17.1,40.26,21.2,34.56,19.79,34.03,18.85666667,52.8,-0.7,52.36333333,19.23,29.32333333,21.66666667,40.93,18.89,38.06,-0.467,755.4333333,96.33333333,1.333333333,63.66666667,-1
70,0,20.6,35.73,17.1,40.2,21.2,34.5,19.79,34.09,18.85666667,52.63333333,-0.566666667,52.69333333,19.26,29.35666667,21.66666667,40.73,18.89,37.93333333,-0.45,755.45,96.5,1.5,63.5,-0.95
60,0,20.6,35.59,17.1,40.2,21.16666667,34.36333333,19.79,34.36,18.79,52.43333333,-0.433333333,52.9,19.2,29.29,21.6,40.36333333,18.89,37.66333333,-0.433,755.4666667,96.66666667,1.666666667,63.33333333,-0.9
70,0,20.6,35.59,17.1,40.12666667,21.1,34.29,19.79,34.56,18.79,52.29,-0.233333333,53.26666667,19.2,29.29,21.6,40.03,18.89,37.53,-0.417,755.4833333,96.83333333,1.833333333,63.16666667,-0.85
80,0,20.6,35.59,17.13333333,40.23,21.1,34.29,19.79,34.62666667,18.79,52.23,-0.033333333,53.46666667,19.26,29.35666667,21.56666667,39.52666667,18.85666667,37.33333333,-0.4,755.5,97,2,63,-0.8
70,0,20.6,35.66333333,17.2,40.29,21.1,34.29,19.79,34.7,18.79,52.16333333,0.166666667,53.8,19.2,29.29,21.5,39.26666667,18.79,37.06666667,-5.55E-17,755.55,96.33333333,2,56.16666667,-0.517
70,0,20.56666667,35.7,17.29,40.4,21.03333333,34.32666667,19.79,34.79,18.79,52.09,0.366666667,54,19.2,29.29,21.5,39.02666667,18.82333333,36.9,0.4,755.6,95.66666667,2,49.33333333,-0.233
90,0,20.575,35.75,17.29,40.4,21.03333333,34.32666667,19.79,34.79,18.79,52,0.8,54.5,19.2,29.39,21.42666667,38.76666667,18.82333333,36.76666667,0.8,755.65,95,2,42.5,0.05
310,0,20.6,35.9,17.395,40.45,21,34.43333333,19.79,34.79,18.79,51.93333333,1.26,54.96,19.2,29.39,21.39,38.66333333,18.79,36.545,1.2,755.7,94.33333333,2,35.66666667,0.333
350,0,20.56666667,35.93333333,17.69666667,40.16333333,21.06666667,34.56,19.79,34.79,18.76,51.86333333,2.233333333,55.69666667,19.2,29.5,21.39,38.5225,18.92666667,36.33333333,1.6,755.75,93.66666667,2,28.83333333,0.617
80,0,20.56666667,36.19333333,18.09666667,39.75666667,21.15,34.545,19.79,34.89,18.76,51.73,3.093333333,56.36333333,19.2,29.5,21.39,38.5,19,36.12666667,2,755.8,93,2,22,0.9
70,0,20.6,36.43333333,18.8,39.05666667,21.32333333,34.46666667,19.85666667,35.22333333,18.79,51.63333333,4.2,56.895,19.2,29.56666667,21.29,38.26,19,35.83333333,2.48,755.85,91.33333333,2,23.16666667,1.13
80,0,20.6,36.5,19.53333333,38.13,21.46333333,34.46666667,20,35.43333333,18.79,51.095,5.226666667,57.39,19.2,29.5,21.23,38.06666667,19.06666667,35.7,2.97,755.9,89.66666667,2,24.33333333,1.37
70,0,20.6,36.43,19.86,37.1,21.42666667,34.43333333,20.06666667,35.56,18.73,50.42666667,5.493333333,57.66333333,19.13333333,29.5,21.2,37.83333333,19.1,35.46666667,3.45,755.95,88,2,25.5,1.6
70,0,20.6,36.23,20.19333333,36.76666667,21.56666667,34.5,20.2,35.76666667,18.79,49.86333333,6.5,58.06666667,19.13333333,29.56666667,21.2,37.62666667,19.1,35.32666667,3.93,756,86.33333333,2,26.66666667,1.83
80,0,20.6,36.16333333,20.86666667,36.09333333,21.53333333,34.4,20.26,36.02666667,18.73,49.39,7.166666667,58.53333333,19.1,29.5,21.16666667,37.5,19.1,35.06,4.42,756.05,84.66666667,2,27.83333333,2.07
80,0,20.66666667,36.16333333,21.46666667,35.16666667,21.6,34.46666667,20.39,36.23,18.76,48.9,7.566666667,58.92666667,19.1,29.5,21.1,37.43333333,19.1,35,4.9,756.1,83,2,29,2.3
60,0,20.7,36.09,21.96,34.12333333,21.6,34.53,20.4725,36.3725,18.7,48.5,8.226666667,58.73333333,19.1,29.5,21.1,37.29,19.1,34.86333333,5.08,756.15,82.16666667,2,30.83333333,2.33
60,20,20.7,36.09,21.96,33.65666667,21.53333333,34.59,20.56666667,36.4,18.76,48.13333333,8.83,53.56,19.1,29.5,21.1,37.23,19.1,34.79,5.27,756.2,81.33333333,2,32.66666667,2.37
60,10,20.7,36.06,21.66666667,33.76,21.5,34.7,20.63333333,36.4,18.7,47.93333333,8.89,48.5,19.1,29.42666667,21.06666667,37.13333333,19.1,34.56,5.45,756.25,80.5,2,34.5,2.4
60,10,20.7,36,21.53333333,33.83333333,21.5,34.7,20.7,36.4,18.7,47.49,9.063333333,41.1,19.1,29.39,21,37,19.1,34.43333333,5.63,756.3,79.66666667,2,36.33333333,2.43
80,10,20.7,35.9,21.86666667,33.62333333,21.46333333,34.7,20.79,36.36333333,18.7,47.15666667,9.596666667,35.3,19.1,29.32333333,21,36.86333333,19.1,34.29,5.82,756.35,78.83333333,2,38.16666667,2.47
90,10,20.7,35.82666667,22.26,32.95666667,21.39,34.7,20.85666667,36.36333333,18.7,46.83333333,10.32666667,31.59666667,19.1,29.29,21,36.79,19.1,34.29,6,756.4,78,2,40,2.5
70,10,20.79,35.82666667,22.23,32.66333333,21.42666667,34.76666667,21,36.26,18.7,46.62666667,10.79333333,27.59666667,19.1,29.23,21,36.76,19.1,34.2,6.14,756.3833333,76.91666667,2.166666667,40,2.42
70,10,20.79,36.02666667,22.23,32.39,21.42666667,34.82666667,21.06666667,36.2,18.7,46.22333333,10.79333333,25.12333333,19.1,29.16666667,20.92666667,36.7,19.1,34.12666667,6.28,756.3666667,75.83333333,2.333333333,40,2.33
90,10,20.73,36.02666667,22.03333333,32.46666667,21.39,34.79,21.13333333,36.2,18.7,46.03,10.79333333,23.45666667,19.1,29.1,20.89,36.63333333,19.1,33.86333333,6.42,756.35,74.75,2.5,40,2.25
80,20,20.79,35.8725,22.03333333,32.26666667,21.39,34.79,21.2,36.12666667,18.7,45.76,10.96333333,21.56666667,19.1,28.96333333,20.89,36.5,19.1,33.79,6.57,756.3333333,73.66666667,2.666666667,40,2.17
70,10,20.79,35.73,22.06666667,32.36333333,21.5,35,21.23,35.86333333,18.76,45.56666667,11.09666667,20.49333333,19.1,28.89,20.89,36.4,19.05,33.545,6.71,756.3166667,72.58333333,2.833333333,40,2.08
70,10,20.79,35.56,22.2675,31.9425,21.5,35,21.23,35.59666667,18.7,45.29666667,11.95,14.7,19.1,28.76,20.84,36.2725,19.1,33.5,6.85,756.3,71.5,3,40,2
60,10,20.79,35.5,22.23,31.63333333,21.5,35,21.26,35.43,18.7,45.09,10.85666667,12.46333333,19.1,28.63333333,20.82333333,36.15666667,19.1,33.36,6.99,756.2833333,70.41666667,3.166666667,40,1.92
70,10,20.79,35.36333333,21.96333333,31.63333333,21.5,35,21.2,35.29,18.7,44.86333333,9.263333333,15.19666667,19.1,28.63333333,20.79,36.09,19,33.09,7.13,756.2666667,69.33333333,3.333333333,40,1.83
40,0,20.79,35.23,21.76333333,31.76,21.5,35,21.2,35.13333333,18.7,44.695,7.23,31.43,19.1,28.7,20.79,36.09,19,33.09,7.28,756.25,68.25,3.5,40,1.75
50,0,20.79,35.2,21.66666667,32.03,21.5,35,21.2,34.86,18.7,44.53,6.623333333,42.16333333,19.1,28.82333333,20.73,36.09,19,33.09,7.42,756.2333333,67.16666667,3.666666667,40,1.67
50,0,20.79,35.12666667,21.6,32.09,21.5,35,21.16666667,34.7,18.7,44.26,7.356666667,48.5,19.1,28.96333333,20.73,36.09,19,33.09,7.56,756.2166667,66.08333333,3.833333333,40,1.58
60,0,20.79,35.09,21.46333333,32.16333333,21.5,35,21.1,34.62666667,18.7,44.12666667,7.83,47.02666667,19.1,29.245,20.7,36.2,19,33.2,7.7,756.2,65,4,40,1.5
50,0,20.73,35.09,21.32333333,32.22333333,21.5,35,21.06666667,34.56,18.7,44.06,7.2,42.49333333,19.1,29.39,20.7,36.26,19,33.26,7.23,756.25,66.83333333,4,40,1.4
30,0,20.7,35.09,21.2,32.36,21.5,34.9,21,34.425,18.7,43.93333333,7.266666667,45.36,19.1,29.46333333,20.7,36.32666667,19,33.29,6.77,756.3,68.66666667,4,40,1.3
30,0,20.7,35.09,21.2,32.5,21.5,34.9,21,34.4,18.7,43.86333333,8.423333333,49.05666667,19.13333333,29.6,20.7,36.4,19,33.36333333,6.3,756.35,70.5,4,40,1.2
40,0,20.7,35,21.2,32.5,21.5,34.9,21,34.43333333,18.7,43.65666667,9.09,46.72333333,19.2,29.66666667,20.7,36.43333333,19,33.4,5.83,756.4,72.33333333,4,40,1.1
30,0,20.7,35,21.2,32.56,21.5,34.9,21,34.5,18.7,43.5,9.556666667,44.06666667,19.29,29.79,20.63333333,36.43333333,19,33.46666667,5.37,756.45,74.16666667,4,40,1
60,0,20.79,35,21.16666667,32.76666667,21.39,34.79,20.96333333,34.5,18.7,43.43333333,9.963333333,40.4,19.29,29.79,20.66666667,36.56,19,33.59,4.9,756.5,76,4,40,0.9
50,0,20.79,35,21.1,32.9,21.39,34.79,20.89,34.5,18.7,43.4,9.963333333,36.69666667,19.29,29.89,20.6,36.5,19,33.66333333,5.21,756.475,75.58333333,3.916666667,40,1.12
50,0,20.79,35,21,33.03,21.39,34.9,20.89,34.46666667,18.7,43.32666667,9.43,32.95666667,19.29,29.89,20.6,36.56,18.92666667,33.59,5.52,756.45,75.16666667,3.833333333,40,1.33
60,0,20.79,35,21,33.09,21.39,34.9,20.89,34.4,18.7,43.29,9.16,38.03,19.29,29.92666667,20.6,36.56,19,33.66333333,5.83,756.425,74.75,3.75,40,1.55
60,0,20.79,35,20.85666667,33.2,21.42666667,34.93333333,20.89,34.43333333,18.7,43.23,9.033333333,39.36333333,19.29,30.13333333,20.6,36.59,19,33.73,6.13,756.4,74.33333333,3.666666667,40,1.77
50,0,20.79,35.0225,20.85666667,33.33333333,21.5,35,20.89,34.5,18.7,43.16333333,9.166666667,39.43333333,19.32333333,30.29,20.6,36.66333333,19,33.86333333,6.44,756.375,73.91666667,3.583333333,40,1.98
40,0,20.79,35.09,20.79,33.4,21.5,34.9,20.79,34.5,18.7,43.09,9.625,38.27,19.39,30.35666667,20.5,36.79,18.945,34,6.75,756.35,73.5,3.5,40,2.2
50,0,20.79,35.09,20.73,33.46666667,21.5,34.96666667,20.79,34.5,18.7,43.06,10.12666667,35.46666667,19.39,30.35666667,20.56666667,36.79,18.92666667,34,7.06,756.325,73.08333333,3.416666667,40,2.42
50,0,20.79,35.09,20.7,33.5,21.5,35,20.79,34.46666667,18.7,43,10.56666667,30.36,19.39,30.29,20.5,36.79,18.92666667,34,7.37,756.3,72.66666667,3.333333333,40,2.63
50,0,20.79,35.09,20.56666667,33.4,21.5,35,20.79,34.32666667,18.66666667,42.93,10.09333333,20.69333333,19.39,30.16666667,20.5,36.66333333,18.89,33.86333333,7.67,756.275,72.25,3.25,40,2.85
50,0,20.79,35.03,20.42666667,33.4,21.5,35,20.76,34.26,18.675,42.845,8.896666667,18.66666667,19.32333333,30.03333333,20.5,36.59,18.89,33.73,7.98,756.25,71.83333333,3.166666667,40,3.07
60,0,20.79,35.13333333,20.29,33.56666667,21.5,35,20.7,34.2,18.7,42.73,8.963333333,20.33333333,19.39,29.85666667,20.5,36.56,18.89,33.56,8.29,756.225,71.41666667,3.083333333,40,3.28
80,0,20.79,35.46666667,20.35666667,33.7,21.5,35,20.7,34.06,18.7,42.66333333,9.63,17.46666667,19.39,29.73,20.5,36.43333333,18.89,33.43333333,8.6,756.2,71,3,40,3.5
80,0,20.89,35.66333333,20.35666667,33.79,21.5,35,20.7,34,18.7,42.59,9.63,14.8,19.445,29.7,20.53333333,36.53,18.89,33.36333333,8.43,756.2333333,71,3.5,38,3.35
70,0,20.89,35.59,20.29,33.79,21.5,34.93333333,20.7,34,18.7,42.5,9.8,11.06,19.6,29.43,20.6,36.59,18.89,33.23,8.27,756.2666667,71,4,36,3.2
50,0,20.89,35.56,20.26,33.76,21.5,34.9,20.7,33.925,18.7,42.43333333,10.06,11.06,19.6,29.16333333,20.63333333,36.73,18.89,33.06,8.1,756.3,71,4.5,34,3.05
50,0,20.89,35.43333333,20.2,33.62666667,21.5,34.9,20.7,33.9,18.7,42.4,10.75666667,7.966666667,19.7,28.96333333,20.7,36.79,18.89,32.93333333,7.93,756.3333333,71,5,32,2.9
50,0,20.92666667,35.26,20.23,33.46666667,21.5,34.79,20.7,33.76,18.7,42.32666667,11.03,6.1,19.7,28.76333333,20.79,36.7,18.89,32.66333333,7.77,756.3666667,71,5.5,30,2.75
120,0,21,35.2,20.23,33.32666667,21.5,34.79,20.7,33.76,18.73,42.16333333,11.49,4.93,19.79,28.43,20.85666667,36.76,18.89,32.46333333,7.6,756.4,71,6,28,2.6
400,0,21,35.16333333,20.16666667,33.26,21.46333333,34.76,20.7,33.76,18.79,42.03,11.69,1.93,19.79,28.16333333,20.92666667,36.76,18.89,32.26,7.93,756.35,68.33333333,5.5,30,2.33
240,0,21,34.89,20.16666667,33.06666667,21.39,34.7,20.7,33.62666667,18.79,41.86333333,11.92666667,1,19.79,27.93,21,36.56666667,18.89,32.12666667,8.27,756.3,65.66666667,5,32,2.07
120,0,21,34.66333333,20.2,32.79,21.5,34.86333333,20.7,33.56,18.79,41.73,11.79333333,1,19.79,27.59666667,21.03333333,36.29,18.89,31.85666667,8.6,756.25,63,4.5,34,1.8
120,0,21,34.59,20.2,32.73,21.5,34.79,20.63333333,33.36,18.79,41.56,11.72666667,1,19.89,27.32666667,21.1,36.15666667,18.89,31.66333333,8.93,756.2,60.33333333,4,36,1.53
120,0,21.03333333,34.46666667,20.1,32.59,21.5,34.86333333,20.6,33.16333333,18.85666667,41.5,11.86,1,19.89,26.99333333,21.23,35.96666667,18.85666667,31.29333333,9.27,756.15,57.66666667,3.5,38,1.27
130,0,21.1,34.32666667,20.1,32.53,21.5,34.79,20.6,32.96333333,18.89,41.26,11.745,1,19.89,26.49666667,21.29,35.69333333,18.85666667,31.03333333,9.6,756.1,55,3,40,1
120,0,21.1,34.4,20.1,32.22333333,21.5,34.79,20.6,32.76666667,18.89,41.12666667,11.6,1,19.89,26.16333333,21.42666667,35.36333333,18.79,30.65,9.68,756.1,53.5,3.166666667,40,0.667
140,0,21.1,33.69333333,20.03333333,31.69666667,21.5,34.59666667,20.6,32.22666667,19,40.93,11.6,1,19.89,25.85666667,21.56666667,35.23,18.79,30.32666667,9.77,756.1,52,3.333333333,40,0.333
230,0,21.1,33.3,20,31.39,21.5,34.145,20.6,32.09,19.06666667,40.73,11.46333333,1,19.89,25.73,21.63333333,35,18.79,30.13333333,9.85,756.1,50.5,3.5,40,0
580,0,21.13333333,33.43,20,31.39,21.5,34.09,20.6,32.09,19.13333333,40.46666667,11.46333333,1,19.89,25.46333333,21.772,34.814,18.79,30,9.93,756.1,49,3.666666667,40,-0.333
410,0,21.13333333,33.23,20,31.39,21.56666667,34.42333333,20.5,32.2,19.2225,40.25,11.36,1,19.89,25.32333333,21.79,34.7,18.79,29.92666667,10,756.1,47.5,3.833333333,40,-0.667
350,0,21.1,33.5,20,31.53333333,21.89333333,35.93333333,20.5,32.2,19.29,40.06666667,11.16666667,1,19.89,25.16666667,21.79,34.43,18.79,29.79,10.1,756.1,46,4,40,-1
560,0,21.16666667,33.83333333,19.92666667,31.53333333,22.29333333,36.8,20.56666667,32.09,19.29,39.9,11.03,1,19.89,25.05,21.79,34.29,18.79,29.73,10.1,756.1166667,45.16666667,4.166666667,40,-1.33
550,0,21.1,33.76,19.89,31.73,22.66333333,37.56666667,20.5,32.09,19.29,39.82666667,10.83,1,19.84,24.795,21.79,34.29,18.79,29.56666667,10,756.1333333,44.33333333,4.333333333,40,-1.67
300,0,21.1,33.62666667,19.89,31.79,22.99666667,38.02666667,20.5,31.945,19.2,39.59,10.66,1,19.79,24.56666667,21.79,34.29,18.79,29.42666667,9.95,756.15,43.5,4.5,40,-2
300,0,21.2,33.29,19.89,31.79,23.26333333,38.15666667,20.5,31.79,19.2,39.53,10.46,1,19.79,24.42666667,21.82333333,34.26666667,18.79,29.35666667,9.9,756.1666667,42.66666667,4.666666667,40,-2.33
290,0,21.2,33.29,19.82333333,31.79,23.46333333,38.23,20.5,31.73,19.2,39.36333333,10.26333333,1,19.79,24.29,21.89,34.46666667,18.79,29.23,9.85,756.1833333,41.83333333,4.833333333,40,-2.67
200,0,21.2,33.5,19.79,31.92666667,23.7,38.06,20.5,31.66666667,19.2,39.23,9.99,1,19.79,24.23,21.89,34.5,18.79,29.16666667,9.8,756.2,41,5,40,-3
150,0,21.2,33.7,19.73,32,23.82666667,37.93333333,20.42666667,31.53333333,19.2,39.09,9.626666667,1,19.76,24.16666667,21.89,34.43333333,18.79,29.16666667,9.68,756.2,41.33333333,4.666666667,40,-2.98
120,0,21.13333333,33.66666667,19.7,32.06,23.85666667,37.39333333,20.42666667,31.53333333,19.2,39.09,9.426666667,1,19.7,24.1,21.89,34.36333333,18.79,29.2,9.57,756.2,41.66666667,4.333333333,40,-2.97
90,0,21.13333333,33.86,19.7,32.46666667,23.73,36.8,20.42666667,31.46,19.2,39.06,10.26666667,1,19.7,24.1,21.96333333,34.29,18.79,29.2,9.45,756.2,42,4,40,-2.95
90,0,21.1,33.5,19.66666667,32.73,23.66666667,36.33333333,20.39,31.39,19.2,38.93333333,11.13333333,1,19.7,24.1,22,34.09,18.79,29.29,9.33,756.2,42.33333333,3.666666667,40,-2.93
70,0,21.1,33.36,19.6,32.79,23.53333333,36.12666667,20.39,31.32333333,19.2,38.86333333,9.845,1,19.66666667,24.06666667,22,34.09,18.79,29.29,9.22,756.2,42.66666667,3.333333333,40,-2.92
90,0,21.1,33.16333333,19.5,32.82666667,23.39,35.86333333,20.39,31.29,19.13333333,38.73,8.033333333,1,19.6,24.06666667,22,34.09,18.76,29.29,9.1,756.2,43,3,40,-2.9
90,0,21.1,33.09,19.42666667,32.9,23.32333333,35.73,20.39,31.29,19.1,38.66333333,7.1,1,19.6,24.26333333,22,34.09,18.7,29.35666667,8.55,756.2,46.66666667,2.833333333,40,-2.48
110,0,21.1,33,19.39,32.93333333,23.16666667,35.4,20.35666667,31.39,19.1,38.59,6.133333333,2.526666667,19.53333333,24.53,22.03333333,34.12666667,18.7,29.445,8,756.2,50.33333333,2.666666667,40,-2.07
130,0,21.1,33,19.32333333,33.13333333,23.03333333,35.26666667,20.29,31.46333333,19.1,38.5,5.533333333,4.333333333,19.5,24.76333333,22.16666667,34.2,18.7,29.53333333,7.45,756.2,54,2.5,40,-1.65
110,0,21.03333333,32.93333333,19.29,33.29,22.945,35.145,20.29,31.53333333,19.1,38.5,4.993333333,6.466666667,19.5,25.03,22.2,34.2,18.7,29.6,6.9,756.2,57.66666667,2.333333333,40,-1.23
100,0,21,32.9,19.2,33.43333333,22.89,35,20.29,31.6,19.1,38.5,4.66,7.866666667,19.5,25.23,22.26,34.26,18.7,29.7,6.35,756.2,61.33333333,2.166666667,40,-0.817
80,10,21,32.96666667,19.13333333,33.56,22.82333333,34.93333333,20.29,31.7,19.1,38.5,4.33,9.23,19.5,25.35666667,22.29,34.29,18.7,29.76,5.8,756.2,65,2,40,-0.4
50,0,21,33.26666667,19.1,33.65666667,22.79,34.86333333,20.29,31.76,19.1,38.56,4.063333333,9.896666667,19.39,25.46,22.32333333,34.56666667,18.7,29.92666667,5.55,756.2,66.5,2,40,-0.317
50,0,21,33.52666667,19.03333333,33.79,22.73,34.86333333,20.2,31.6,19,38.62666667,3.9,10.52666667,19.39,25.72666667,22.32333333,34.9,18.7,30.06666667,5.3,756.2,68,2,40,-0.233
50,0,21,33.5,18.96333333,33.93333333,22.7,34.9,20.2,31.53333333,19,38.76,3.826666667,11.33333333,19.5,26.05,22.39,35.5,18.7,30.49333333,5.05,756.2,69.5,2,40,-0.15
40,0,21,33.5,18.89,34.06,22.7,34.96666667,20.2,31.6,19,39,3.663333333,13.16,19.39,26.23,22.32333333,35.83333333,18.7,30.9,4.8,756.2,71,2,40,-0.0667
60,0,20.96333333,33.53,18.79,34.12666667,22.66666667,35,20.2,31.6,19,39.06,3.53,14.82666667,19.39,26.35666667,22.35666667,36.26666667,18.7,31.39333333,4.55,756.2,72.5,2,40,0.0167
60,0,20.89,33.53,18.73,34.26,22.6,35,20.2,31.66666667,19,39.23,3.333333333,15.89,19.39,26.53333333,22.29,36.6,18.7,31.72666667,4.3,756.2,74,2,40,0.1
50,0,20.89,33.59,18.7,34.46333333,22.6,35,20.2,31.7,19,39.36333333,3.126666667,16.69,19.39,26.66666667,22.29,36.96333333,18.63333333,32.09666667,4.08,756.1833333,74.83333333,2.166666667,40,0.0333
60,0,20.89,33.59,18.63333333,34.59,22.6,35.06,20.13333333,31.7,18.96333333,39.5,2.966666667,18.43333333,19.39,26.79,22.23,37.16333333,18.7,32.43,3.87,756.1666667,75.66666667,2.333333333,40,-0.0333
50,0,20.82333333,33.53,18.56666667,34.76666667,22.6,35.03,20.1,31.79,18.89,39.56,2.826666667,19.89333333,19.39,26.85666667,22.2,37.53,18.7,32.76666667,3.65,756.15,76.5,2.5,40,-0.1
40,0,20.82333333,33.53,18.5,35.02666667,22.6,35.09,20.1,31.85666667,18.89,39.7,2.645,22.445,19.39,27.03333333,22.13333333,37.66333333,18.7,33.02666667,3.43,756.1333333,77.33333333,2.666666667,40,-0.167
50,0,20.79,33.59,18.39,35.12666667,22.6,35.09,20.1,31.92666667,18.89,39.76,2.73,25.82333333,19.39,27.1,22.06666667,37.79,18.7,33.46333333,3.22,756.1166667,78.16666667,2.833333333,40,-0.233
50,0,20.79,33.59,18.39,35.2,22.6,35.09,20.03333333,32,18.89,39.93333333,2.93,27.82333333,19.39,27.29,22,37.86333333,18.7,33.72333333,3,756.1,79,3,40,-0.3
60,0,20.79,33.62666667,18.29,35.43333333,22.56666667,35.09,20,32.03,18.89,40,3.36,28.83333333,19.39,27.35666667,22,38.15666667,18.7,34.06666667,3.04,756.0555556,79.11111111,3.055555556,40,-0.244
60,0,20.79,33.7,18.23,35.5,22.5,35.09,20,32.16333333,18.89,40.12666667,3.56,29.22666667,19.39,27.42666667,22,38.49,18.7,34.33333333,3.08,756.0111111,79.22222222,3.111111111,40,-0.189
50,0,20.7,33.7,18.2,35.62666667,22.5,35.2,20,32.2,18.89,40.2,3.7,29.63333333,19.39,27.56666667,21.89,38.86,18.7,34.69,3.12,755.9666667,79.33333333,3.166666667,40,-0.133
50,0,20.7,33.79,18.13333333,35.76,22.5,35.2,20,32.26,18.89,40.29,3.566666667,29.16666667,19.29,27.7,21.89,39,18.7,34.96333333,3.16,755.9222222,79.44444444,3.222222222,40,-0.0778
40,0,20.7,33.79,18.1,35.95,22.5,35.2,20,32.29,18.89,40.36333333,3.433333333,30.3,19.29,27.76,21.89,39.15666667,18.7,35.22333333,3.19,755.8777778,79.55555556,3.277777778,40,-0.0222
30,0,20.66666667,33.79,18.06666667,36.06,22.5,35.2,20,32.29,18.89,40.4,3.56,30.56666667,19.29,27.82333333,21.82333333,39.36333333,18.7,35.53,3.23,755.8333333,79.66666667,3.333333333,40,0.0333
20,0,20.6,33.79,18,36.06,22.5,35.2,19.96333333,32.36333333,18.865,40.45,3.626666667,30.5,19.29,27.89,21.79,39.62666667,18.7,35.66333333,3.27,755.7888889,79.77777778,3.388888889,40,0.0889
40,0,20.6,33.9,18,36.2,22.39,35.12666667,19.96333333,32.36333333,18.85666667,40.52666667,3.7,30.76,19.29,27.92666667,21.79,39.925,18.7,35.93333333,3.31,755.7444444,79.88888889,3.444444444,40,0.144
50,0,20.6,33.9,17.92666667,36.33333333,22.39,35.12666667,19.89,32.4,18.79,40.5,3.76,30.96333333,19.29,28,21.79,40.26,18.76,36.13333333,3.35,755.7,80,3.5,40,0.2
50,0,20.56666667,33.93333333,17.89,36.4,22.32333333,35.2,19.89,32.4,18.79,40.5,3.626666667,30.82333333,19.29,28.05,21.76,40.36,18.79,36.32666667,3.39,755.6555556,80.11111111,3.555555556,40,0.256
60,0,20.5,34,17.89,36.46666667,22.32333333,35.2,19.89,32.5,18.79,40.59,3.363333333,30.39333333,19.29,28.13333333,21.76,40.5,18.73,36.46666667,3.43,755.6111111,80.22222222,3.611111111,40,0.311
50,0,20.5,34.03,17.89,36.53,22.29,35.2,19.89,32.5,18.79,40.66333333,3.156666667,30.79333333,19.29,28.2,21.73,40.59,18.79,36.62666667,3.47,755.5666667,80.33333333,3.666666667,40,0.367
70,0,20.5,34.09,17.82333333,36.53,22.35666667,35.2,19.89,32.5,18.79,40.7,2.863333333,31.36333333,19.29,28.2,21.73,40.53,18.79,36.76,3.51,755.5222222,80.44444444,3.722222222,40,0.422
50,0,20.46333333,34.09,17.76,36.59,22.32333333,35.2,19.89,32.5,18.79,40.76,2.695,32.315,19.29,28.2,21.7,40.7,18.79,36.93333333,3.54,755.4777778,80.55555556,3.777777778,40,0.478
50,0,20.46333333,34.16333333,17.76,36.66333333,22.32333333,35.2,19.82333333,32.43333333,18.79,40.79,2.53,33.32333333,19.29,28.29,21.7,40.62666667,18.79,37.06,3.58,755.4333333,80.66666667,3.833333333,40,0.533
50,0,20.39,34.09,17.7,36.73,22.35666667,35.2,19.79,32.5,18.79,40.86333333,2.53,34.06666667,19.29,28.29,21.66666667,40.46666667,18.79,37.12666667,3.62,755.3888889,80.77777778,3.888888889,40,0.589
50,0,20.39,34.09,17.7,36.79,22.35666667,35.2,19.79,32.5,18.76,40.9,2.59,34.2,19.26,28.29,21.66666667,40.46666667,18.79,37.26,3.66,755.3444444,80.88888889,3.944444444,40,0.644
50,0,20.39,34.09,17.6,36.79,22.29,35.2,19.79,32.5,18.76,40.9,2.5,34.46333333,19.2,28.29,21.6,40.26,18.79,37.32666667,3.7,755.3,81,4,40,0.7
50,0,20.39,34.09,17.6,36.79,22.29,35.2,19.79,32.56,18.79,41,2.5,34.99666667,19.26,28.29,21.6,40.12666667,18.79,37.46666667,3.83,755.2333333,79.5,4.166666667,40,0.567
50,0,20.35666667,34.2,17.6,36.9,22.29,35.2,19.79,32.59,18.79,41,2.5,35.09666667,19.2,28.29,21.56666667,40.06,18.79,37.59,3.97,755.1666667,78,4.333333333,40,0.433
60,0,20.29,34.2,17.6,36.96666667,22.29,35.2,19.79,32.59,18.79,41.03,2.633333333,35.89666667,19.2,28.29,21.56666667,40.06,18.79,37.66333333,4.1,755.1,76.5,4.5,40,0.3
50,0,20.35666667,34.2,17.5,37.03,22.29,35.2,19.79,32.59,18.73,41.09,2.9,36.1,19.2,28.35666667,21.5,40.09,18.79,37.845,4.23,755.0333333,75,4.666666667,40,0.167
60,0,20.29,34.2,17.5,37.09,22.29,35.2,19.73,32.59,18.79,41.09,2.966666667,36.02666667,19.2,28.39,21.5,40.09,18.79,37.93333333,4.37,754.9666667,73.5,4.833333333,40,0.0333
50,0,20.29,34.2,17.5,37.145,22.29,35.2,19.76,32.7,18.73,41.09,3.2,35.86333333,19.2,28.39,21.46333333,40.06,18.79,38.06,4.5,754.9,72,5,40,-0.1
50,0,20.29,34.29,17.5,37.2,22.29,35.2,19.7,32.7,18.7,41.2,3.26,35.53,19.2,28.39,21.46333333,40.13333333,18.79,38.23,4.55,754.85,72.33333333,5,40,-1.39E-17
50,0,20.29,34.29,17.42666667,37.2,22.29,35.2,19.7,32.7,18.7,41.2,3.326666667,35.53,19.2,28.46333333,21.5,40.29,18.79,38.36333333,4.6,754.8,72.66666667,5,40,0.1
40,0,20.29,34.29,17.39,37.29,22.29,35.2,19.7,32.76,18.7,41.26,3.4,35.72333333,19.2,28.5,21.5,40.23,18.79,38.5,4.65,754.75,73,5,40,0.2
40,0,20.23,34.29,17.39,37.29,22.29,35.2,19.7,32.79,18.7,41.29,3.4,35.62666667,19.2,28.5,21.445,40.2,18.79,38.56,4.7,754.7,73.33333333,5,40,0.3
30,0,20.26,34.29,17.29,37.32666667,22.2,35.09,19.7,32.79,18.7,41.29,3.466666667,35.96,19.2,28.5,21.46333333,40.2,18.79,38.62666667,4.75,754.65,73.66666667,5,40,0.4
40,0,20.2,34.29,17.35666667,37.4,22.2,35.09,19.7,32.79,18.7,41.32666667,3.59,36.045,19.2,28.6,21.39,40.2,18.79,38.7,4.8,754.6,74,5,40,0.5
40,0,20.2,34.29,17.29,37.4,22.2,35.03,19.6,32.79,18.7,41.4,3.7,36.22333333,19.13333333,28.6,21.39,40.2,18.79,38.73,4.81,754.575,74.08333333,5.083333333,40,0.525
50,0,20.2,34.29,17.29,37.46666667,22.2,35.09,19.6,32.79,18.7,41.4,3.7,36.22333333,19.16666667,28.7,21.39,40.12666667,18.79,38.86333333,4.82,754.55,74.16666667,5.166666667,40,0.55
50,0,20.2,34.4,17.29,37.5,22.2,35.09,19.6,32.86333333,18.7,41.4,3.76,36.26666667,19.1,28.7,21.39,40.09,18.79,38.9,4.83,754.525,74.25,5.25,40,0.575
50,0,20.13333333,34.4,17.29,37.56,22.2,35.09,19.6,32.86333333,18.7,41.4,3.7,36.4,19.2,28.7,21.39,40.09,18.79,38.9,4.83,754.5,74.33333333,5.333333333,40,0.6
50,0,20.2,34.4,17.29,37.59,22.1,35.12666667,19.6,32.9,18.7,41.4,3.79,36.22333333,19.13333333,28.7,21.32333333,40,18.79,38.9,4.84,754.475,74.41666667,5.416666667,40,0.625
50,0,20.13333333,34.4,17.23,37.59,22.1,35.2,19.6,32.9,18.63333333,41.43333333,3.79,36.09,19.1,28.7,21.32333333,40,18.79,38.9,4.85,754.45,74.5,5.5,40,0.65
50,0,20.1,34.43333333,17.23,37.62666667,22.1,35.2,19.6,33,18.63333333,41.43333333,3.933333333,36.53,19.1,28.76,21.29,40.03,18.79,38.9,4.86,754.425,74.58333333,5.583333333,40,0.675
50,0,20.1,34.5,17.23,37.7,22.1,35.2,19.6,33,18.6,41.4,4.06,36.79,19.1,28.79,21.29,40.09,18.79,38.9,4.87,754.4,74.66666667,5.666666667,40,0.7
60,0,20.1,34.5,17.2,37.7,22.1,35.2,19.53333333,33,18.6,41.4,4.123333333,36.93333333,19.1,28.79,21.29,40.2,18.79,38.9,4.88,754.375,74.75,5.75,40,0.725
50,0,20.1,34.5,17.2,37.7,22.1,35.2,19.53333333,33,18.6,41.43333333,4.263333333,37,19.1,28.89,21.29,40.12666667,18.79,38.9,4.88,754.35,74.83333333,5.833333333,40,0.75
60,0,20.06666667,34.46666667,17.2,37.79,22.06666667,35.16333333,19.5,33.09,18.6,41.43333333,4.563333333,36.6,19.1,28.89,21.2,40.06,18.79,38.9,4.89,754.325,74.91666667,5.916666667,40,0.775
60,0,20,34.4975,17.2,37.79,22,35.09,19.5,33.09,18.6,41.43333333,4.896666667,36.19333333,19.1,29,21.2,40.06,18.79,39.03,4.9,754.3,75,6,40,0.8
70,0,20,34.99666667,17.2,37.99,21.96333333,34.89333333,19.5,33.09,18.6,41.5,5.26,35.6,19.1,28.92666667,21.2,40.2,18.79,39.16333333,5.07,754.2833333,74.83333333,6,40,0.933
100,0,20.1,35.32666667,17.2,38.36,21.815,34.225,19.5,33.1725,18.6,41.43,5.55,34.93571429,19.06666667,28.85666667,21.2,40.05,18.79,39.02666667,5.23,754.2666667,74.66666667,6,40,1.07
60,0,20.1,35.66,17.2,38.63333333,21.73,34.13333333,19.5,33.46333333,18.6,41.195,5.763333333,34.59,19,28.85666667,21.2,39.63333333,18.79,38.9,5.4,754.25,74.5,6,40,1.2
60,0,20.1,35.79,17.23,38.82666667,21.7,34.4,19.5,33.72333333,18.6,41.03,5.996666667,34.56666667,19,28.92666667,21.13333333,39.36,18.79,38.63333333,5.57,754.2333333,74.33333333,6,40,1.33
130,0,20.1,35.79,17.29,38.9,21.7,34.4,19.5,33.79,18.6,40.72333333,6.395,34.195,19,29,21.1,39.02666667,18.79,38.3,5.73,754.2166667,74.16666667,6,40,1.47
470,10,20.1,36.03,17.29,39.03,21.7,34.33333333,19.5,33.8175,18.66666667,40.53,6.73,33.22666667,19,29.05,21.1,38.7225,18.79,38.02666667,5.9,754.2,74,6,40,1.6
290,0,20.1,36.09,17.35666667,39.03,21.76,34.59333333,19.5,33.9,18.7,40.5,7.03,31.89333333,19,29.2,21.03333333,38.46333333,18.79,37.69333333,6.05,754.2166667,74.33333333,6.166666667,40,1.8
250,0,20.1,36.06,17.42666667,39,21.99333333,36.39333333,19.5,34,18.63333333,40.5,7.35,31.18444444,19,29.23,21,38.17888889,18.76,37.46666667,6.2,754.2333333,74.66666667,6.333333333,40,2
250,0,20.1,36,17.5,38.93333333,22.32666667,37.46666667,19.5,34,18.6,40.4,7.6,30.36666667,19,29.29,21,38.09,18.7,37.26666667,6.35,754.25,75,6.5,40,2.2
400,0,20.1,36.16666667,17.6,38.72333333,22.76333333,38.39,19.5,34.23,18.6,40.4,7.866666667,29.23333333,18.92666667,29.35666667,20.89,38,18.7,37.06,6.5,754.2666667,75.33333333,6.666666667,40,2.4
510,0,20.16666667,36.22666667,17.6,38.92333333,22.96333333,38.25666667,19.5,34.4475,18.6,40.4,8.025,28.8175,18.945,29.445,20.89,37.925,18.7,36.93333333,6.65,754.2833333,75.66666667,6.833333333,40,2.6
260,0,20.1,36.09,17.6,38.86333333,23.23,38.09,19.5,34.56,18.6,40.4,8.233333333,28.33333333,19,29.5,20.85666667,37.76,18.7,36.76,6.8,754.3,76,7,40,2.8
80,0,20.1,36.09,17.6,38.79,23.35666667,37.96333333,19.57777778,34.46666667,18.6,40.36333333,8.445,27.195,19,29.65555556,20.85,37.7,18.7,36.62666667,6.88,754.35,76,7,40,2.88
100,0,20.1,36.39333333,17.7,38.86333333,23.5,37.66,19.525,34.475,18.6,40.29,8.445,26.695,19,29.7,20.85666667,37.63333333,18.7,36.46666667,6.97,754.4,76,7,40,2.97
70,0,20.16666667,37.6,17.7,39.39666667,23.36,36.86,19.53333333,34.46666667,18.6,40.32666667,8.426666667,27.65666667,19,29.79,20.79,37.5,18.7,36.4,7.05,754.45,76,7,40,3.05
90,0,20.23,38.72333333,17.7,40.46333333,23.16666667,35.76666667,19.53333333,34.62666667,18.6,40.46666667,8.5,28.59666667,18.92666667,29.85666667,20.79,37.5,18.63333333,36.23,7.13,754.5,76,7,40,3.13
60,0,20.23,38.25666667,17.7,40.53,23.03333333,35.22666667,19.53333333,34.7,18.6,40.7,8.36,28.26666667,18.89,30.03333333,20.79,37.5,18.63333333,36.15666667,7.22,754.55,76,7,40,3.22
70,0,20.2,37.76,17.7,40.33333333,22.89,34.83333333,19.5,34.7,18.6,40.7,8.36,28.93333333,18.89,30.1,20.7,37.4,18.7,36.2,7.3,754.6,76,7,40,3.3
50,0,20.2,37.525,17.7675,40.095,22.82333333,34.56666667,19.5,34.62666667,18.6,40.73,8.533333333,28.5,18.89,30.2,20.7,37.4,18.63333333,36.03,7.27,754.6166667,76.66666667,6.833333333,40,3.4
40,0,20.2,37.32666667,17.79,39.93333333,22.76,34.4,19.5,34.59,18.66666667,40.79,8.66,28.02666667,18.96333333,30.2,20.7,37.4,18.63333333,36.03,7.23,754.6333333,77.33333333,6.666666667,40,3.5
50,0,20.2,37.16333333,17.89,39.72333333,22.63333333,34.26666667,19.5,34.59,18.6,40.7,8.96,28.23333333,18.89,30.32333333,20.76,37.4,18.6,35.9,7.2,754.65,78,6.5,40,3.6
60,0,20.2,37.03,17.96333333,39.53,22.55,34.145,19.5,34.62666667,18.625,40.7,9.16,28.56666667,18.89,30.39,20.7,37.4,18.66666667,35.96666667,7.17,754.6666667,78.66666667,6.333333333,40,3.7
60,0,20.2,36.96666667,18,39.4,22.5,34.09,19.5,34.7,18.63333333,40.62666667,9.3,29.09,18.92666667,30.53333333,20.7,37.4,18.6,35.79,7.13,754.6833333,79.33333333,6.166666667,40,3.8
60,0,20.2,36.9,18.06666667,39.4,22.42666667,34.03,19.5,34.7,18.6,40.5,9.2,30.3,18.92666667,30.66666667,20.7,37.43333333,18.6,35.79,7.1,754.7,80,6,40,3.9
50,0,20.2,36.9,18,39.29,22.35666667,34,19.5,34.7675,18.6,40.43333333,8.926666667,31.3,19,30.82333333,20.63333333,37.43333333,18.6,35.79,7.17,754.7666667,80.5,5.833333333,36.66666667,4.03
50,0,20.2,36.9,18,39.36333333,22.29,34,19.5,34.86333333,18.6,40.4,8.83,32.66,18.9175,30.9975,20.6,37.45,18.6,35.86333333,7.23,754.8333333,81,5.666666667,33.33333333,4.17
20,0,20.2,36.9,18.03333333,39.43333333,22.26,34.06,19.5,34.9,18.6,40.4,8.89,33.86,18.89,31.16666667,20.6,37.53,18.6,35.93333333,7.3,754.9,81.5,5.5,30,4.3
30,0,20.2,36.9,18.03333333,39.43333333,22.2,34,19.5,34.96666667,18.6,40.4,9.066666667,34.93333333,18.89,31.32333333,20.6,37.59,18.6,36,7.37,754.9666667,82,5.333333333,26.66666667,4.43
20,0,20.2,36.93333333,18,39.43333333,22.16666667,34.09,19.5,35.12666667,18.6,40.4,9,35.93333333,18.89,31.53,20.6,37.7,18.6,36.09,7.43,755.0333333,82.5,5.166666667,23.33333333,4.57
40,0,20.2,37,18.06666667,39.56,22.1,34.09,19.5,35.26,18.6,40.4,9.13,36.89,18.92666667,31.76333333,20.6,37.76,18.6,36.16333333,7.5,755.1,83,5,20,4.7
70,0,20.2,37.09,18.1,39.59,22,34.09,19.5,35.32666667,18.6,40.4,9.323333333,37.16333333,18.92666667,31.96333333,20.5,37.93333333,18.6,36.23,7.43,755.1333333,84.5,4.833333333,21.5,4.9
60,0,20.13333333,37.16333333,18.1,39.59,21.92666667,34.16333333,19.5,35.4,18.6,40.4,9.6,36.5,18.89,32.03,20.5,38,18.6,36.29,7.37,755.1666667,86,4.666666667,23,5.1
300,0,20.13333333,37.2,18.2,39.59,21.89,34.2,19.5,35.53,18.66666667,40.46666667,10,36.22666667,18.96333333,32.16333333,20.5,38.09,18.6,36.4,7.3,755.2,87.5,4.5,24.5,5.3
780,0,20.13333333,37.33333333,18.26,39.59,21.89,34.26,19.5,35.66333333,18.6,40.4,10.63,35.42666667,19,32.32666667,20.5,38.09,18.6,36.46666667,7.23,755.2333333,89,4.333333333,26,5.5
470,0,20.1,37.56666667,18.32333333,39.5,21.99333333,35.1,19.5,35.79,18.66666667,40.52666667,10.96333333,33.16666667,19,32.46666667,20.5,38.2,18.6,36.53,7.17,755.2666667,90.5,4.166666667,27.5,5.7
270,0,20.16666667,37.76,18.39,39.5,22.32666667,36.49333333,19.5,35.79,18.66666667,40.56,10.89666667,29.72666667,19,32.5,20.5,38.2,18.6,36.6725,7.1,755.3,92,4,29,5.9
240,0,20.2,37.86333333,18.5,39.62666667,22.8,37.63333333,19.5,35.9,18.66666667,40.63333333,10.23,29.86666667,19,32.5,20.5,38.29,18.6,36.7,7.35,755.2666667,91,4,30.83333333,5.97
260,0,20.15,37.7225,18.5,39.6725,23.13333333,38.1,19.5,35.9,18.7,40.7,8.866666667,34.53,19,32.5,20.5,38.23,18.6,36.66333333,7.6,755.2333333,90,4,32.66666667,6.03
220,0,20.2,37.7,18.63333333,39.59,23.46,38.36333333,19.5,36,18.7,40.7,8.6,38.39,19,32.5,20.5,38.2,18.6,36.59,7.85,755.2,89,4,34.5,6.1
110,0,20.46,39.22333333,18.76333333,39.4,23.6,37.82333333,19.5,36,18.7,40.79,8.9,42.86333333,19,32.53,20.5,38.2,18.6,36.62666667,8.1,755.1666667,88,4,36.33333333,6.17
80,0,20.6,38.63,18.96333333,39.4,23.55,36.595,19.5,36.19333333,18.7,40.8975,9.525,44.5425,19,32.59,20.42666667,38.23,18.6,36.7,8.35,755.1333333,87,4,38.16666667,6.23
50,0,20.63333333,38.2,19.23,39.36333333,23.56666667,36.02666667,19.5,36.52666667,18.7,41.06,10.12666667,44.66666667,19,32.73,20.5,38.36333333,18.6,36.73,8.6,755.1,86,4,40,6.3
60,0,20.7,38.12666667,19.35666667,39.23,23.42666667,35.82666667,19.5,36.86,18.7,41.12666667,10.36666667,44.29666667,19,32.86333333,20.39,38.29,18.6,36.79,8.42,755.15,86.33333333,3.833333333,40,6.18
50,0,20.82333333,38,19.53333333,39.02666667,23.39,35.7,19.5,37.1725,18.7,41.26,10.76,44.16333333,19,32.93333333,20.39,38.36333333,18.6,36.82666667,8.23,755.2,86.66666667,3.666666667,40,6.07
280,0,20.89,38,19.72666667,38.76666667,23.32333333,35.7,19.5,37.43,18.73,41.32666667,11,40.82333333,19,33.095,20.39,38.4,18.6,36.9,8.05,755.25,87,3.5,40,5.95
380,0,21,38.53,19.79,38.46666667,23.29,35.8,19.6,37.53,18.79,41.4,10.66666667,38.36333333,19,33.2,20.39,38.5,18.6,37,7.87,755.3,87.33333333,3.333333333,40,5.83
280,0,21.06666667,38.79,19.85666667,38.4,23.35666667,36.33333333,19.6,37.72333333,18.79,41.5,10.16333333,34.05666667,19,33.06,20.39,38.5,18.6,37,7.68,755.35,87.66666667,3.166666667,40,5.72
260,0,21.23,38.82666667,19.92666667,38.22333333,23.66333333,37.03,19.6,37.86,18.79,41.56,9.696666667,34.33,19,32.93333333,20.39,38.5,18.6,36.96666667,7.5,755.4,88,3,40,5.6
250,0,21.29,39.02666667,20,38.03,23.93,37.16333333,19.6,38.13333333,18.79,41.59,9.126666667,35.25666667,19,32.9,20.39,38.43333333,18.6,36.9,7.58,755.4666667,85.66666667,3.5,40,5.27
220,0,21.42666667,39.06,20.03333333,38,24.16333333,37.36333333,19.7,38.13333333,18.79,41.59,8.926666667,37.79666667,19,32.82666667,20.35666667,38.4,18.6,36.79,7.67,755.5333333,83.33333333,4,40,4.93
220,0,21.56666667,39.13333333,20.1,38,24.29,37.23,19.63333333,37.93333333,18.79,41.62666667,9.1,40.53333333,19,32.79,20.35666667,38.4,18.6,36.79,7.75,755.6,81,4.5,40,4.6
190,0,21.7,39.13333333,20.23,37.9,24.42666667,37,19.63333333,37.76,18.79,41.7,9.5,41.79333333,19.06666667,32.86333333,20.39,38.29,18.6,36.79,7.83,755.6666667,78.66666667,5,40,4.27
70,0,21.76,38.93333333,20.35666667,37.82666667,24.56666667,36.86,19.63333333,37.62666667,18.79,41.7,9.866666667,41.23,19.1,32.93333333,20.39,38.36333333,18.6,36.79,7.92,755.7333333,76.33333333,5.5,40,3.93
50,0,21.82333333,38.79,20.42666667,37.7,24.6,36.52666667,19.6,37.46666667,18.79,41.76,10,41.03,19.1,33.06,20.39,38.4,18.6,36.79,8,755.8,74,6,40,3.6
50,0,21.89,38.65666667,20.5,37.62666667,24.53333333,36.13333333,19.6,37.4,18.79,41.79,10.1,40.06666667,19.1,33.12666667,20.32333333,38.46666667,18.6,36.79,7.93,755.8166667,76,5.5,38.16666667,3.9
60,0,21.92666667,38.29666667,20.6,37.5,24.35666667,35.52666667,19.6,37.36333333,18.85666667,41.86333333,10.29333333,40.46666667,19.1,33.2,20.39,38.5,18.6,36.79,7.87,755.8333333,78,5,36.33333333,4.2
60,0,22,37.9975,20.6975,37.3975,24.23,35.26666667,19.6,37.29,18.89,41.9,10.96,40.46333333,19.1,33.32666667,20.32333333,38.5,18.6,36.9,7.8,755.85,80,4.5,34.5,4.5
50,0,22.06666667,37.9,20.79,37.23,24.06666667,35.06,19.6,37.29,18.89,41.96666667,10.9975,38.7925,19.1,33.46666667,20.32333333,38.62666667,18.6,36.96666667,7.73,755.8666667,82,4,32.66666667,4.8
60,0,22.1,37.76,20.79,37.16333333,24,34.93333333,19.6,37.29,18.89,41.93333333,11.09,38.66666667,19.1,33.62666667,20.32333333,38.7,18.6,37.03,7.67,755.8833333,84,3.5,30.83333333,5.1
60,0,22.1,37.83333333,20.79,37.09,23.85666667,34.9,19.6,37.32666667,18.89,42,11.6,36.22666667,19.1,33.76,20.29,38.82666667,18.6,37.09,7.6,755.9,86,3,29,5.4
70,0,22.2,37.86333333,20.89,37.09,23.6975,34.95,19.6,37.6,18.89,42,11.72666667,33.16666667,19.13333333,33.79,20.29,39.16,18.7,37.29,7.73,755.8666667,86.16666667,3.166666667,30.83333333,5.55
80,0,22.2,37.79,20.89,37.09,23.53333333,34.96666667,19.63333333,38.09666667,19,42,11.83,31.32333333,19.2,33.86333333,20.42666667,39.76666667,18.63333333,37.29,7.87,755.8333333,86.33333333,3.333333333,32.66666667,5.7
90,0,22.2,37.66333333,21,37.09,23.46333333,34.96666667,19.7,38.42,19,42,11.96333333,29.72333333,19.2,33.9,20.56666667,40.02666667,18.66666667,37.36333333,8,755.8,86.5,3.5,34.5,5.85
70,0,22.2,37.53,21,37.09,23.39,34.9,19.7,38.59,19,42.09,12.1,28,19.2,33.9,20.63333333,40.32666667,18.66666667,37.36333333,8.13,755.7666667,86.66666667,3.666666667,36.33333333,6
100,0,22.23,37.5,21.1,37.09,23.35666667,35,19.7,38.7,19,42.09,12.16,26.66666667,19.2,33.9,20.7675,40.475,18.7,37.43333333,8.27,755.7333333,86.83333333,3.833333333,38.16666667,6.15
140,0,22.29,37.5,21.1,37.03,23.29,34.93333333,19.76,38.76,19,42.12666667,12.33,25.23333333,19.2,33.9,20.85666667,40.56,18.7,37.56,8.4,755.7,87,4,40,6.3
90,0,22.32333333,37.59666667,21.1,36.96666667,23.29,35.03,19.79,38.82666667,19,42.2,12.39,23.23333333,19.2,33.9,21,40.66333333,18.7,37.59,8.55,755.6666667,85.5,4,40,6.18
80,0,22.39,37.53,21.16666667,36.82666667,23.29,35.09,19.79,38.96666667,19.1,42.32666667,12.53333333,21.96666667,19.2,33.79,21.06666667,40.66333333,18.7,37.59,8.7,755.6333333,84,4,40,6.07
80,0,22.42666667,37.16333333,21.2,36.79,23.29,35.2,19.79,39,19.1,42.4,12.46,21.36666667,19.2,33.79,21.13333333,40.7,18.7,37.59,8.85,755.6,82.5,4,40,5.95
330,0,22.5,37.09,21.2,36.79,23.23,35.2,19.79,39,19.1,42.5,12.23333333,21.36666667,19.2,33.82666667,21.2,40.7,18.76,37.59,9,755.5666667,81,4,40,5.83
410,20,22.53333333,37,21.2,36.79,23.2,35.23,19.82333333,39.06666667,19.03333333,42.5,11.96,22.16,19.2,33.9,21.29,40.79,18.73,37.59,9.15,755.5333333,79.5,4,40,5.72
330,0,22.6,37.13333333,21.2,36.79,23.2,35.29,19.89,39.46,19.1,42.59,11.4,24.66333333,19.2,33.93333333,21.29,40.86333333,18.79,37.59,9.3,755.5,78,4,40,5.6
100,10,22.63333333,39.69333333,21.2,37.19666667,23.16666667,35.32666667,19.92666667,39.83333333,19.1,42.59,10.79333333,28.06333333,19.2,34.06,21.34,40.795,18.79,37.59,9.32,755.5,78.16666667,4,40,5.65
120,10,22.76,39.49333333,21.2,37.79666667,23.1,35.46666667,20,39.62666667,19.1,42.86,10.53,30.66666667,19.2,34.24,21.29,40.56666667,18.79,37.6725,9.33,755.5,78.33333333,4,40,5.7
130,0,22.89,39,21.2,38.12666667,23.1,35.62666667,20,39.53,19.1,43.13333333,10.19666667,31.72666667,19.2,34.36333333,21.32333333,40.62666667,18.79,37.7,9.35,755.5,78.5,4,40,5.75
130,0,22.96333333,38.66666667,21.2,38.2,23.1,35.76,20,40.13,19.1,43.43333333,9.756,32.874,19.2,34.4,21.46333333,40.83333333,18.79,37.7,9.37,755.5,78.66666667,4,40,5.8
120,0,23.05,37.895,21.29,38.09,23.1,35.79,20.1,40.73,19.1,43.5,9.396666667,32.99,19.2,34.32666667,21.6,40.79,18.79,37.7,9.38,755.5,78.83333333,4,40,5.85
110,10,23.13333333,37.6,21.29,37.96666667,23.03333333,35.79,20.16666667,40.73,19.1,43.59,9.063333333,33.06333333,19.2,34.29,21.66666667,40.79,18.79,37.86333333,9.4,755.5,79,4,40,5.9
100,0,23.2,37.32666667,21.35666667,37.82666667,23,35.79,20.2,40.46666667,19.1,43.59,8.86,34.16666667,19.2,34.29,21.79,40.76,18.79,37.79,9.15,755.5,79.83333333,4,40,5.82
150,0,23.23,37.06,21.39,37.7,23,35.79,20.2,40.26666667,19.1,43.59,8.666666667,35.29333333,19.2,34.29,21.79,40.76,18.79,37.7,8.9,755.5,80.66666667,4,40,5.73
130,0,23.29,36.93333333,21.46333333,37.62666667,22.945,35.79,20.29,40.2,19.1,43.56,8.4975,36.1725,19.2,34.29,21.79,40.82666667,18.79,37.7,8.65,755.5,81.5,4,40,5.65
100,0,23.29,36.73,21.5,37.53,22.89,35.9,20.26,39.99,19.1,43.5,8.256666667,37.09333333,19.2,34.29,21.79,40.9,18.79,37.7,8.4,755.5,82.33333333,4,40,5.57
100,0,23.29,36.79,21.5,37.66333333,22.89,35.9,20.26,39.79,19.1,43.56,8.033333333,38.06666667,19.2,34.29,21.89,41,18.79,37.7,8.15,755.5,83.16666667,4,40,5.48
120,0,23.39,36.79,21.5,37.73,22.85666667,35.9,20.2,39.52666667,19.1,43.5,7.833333333,38.66,19.2,34.29,21.96333333,41,18.79,37.7,7.9,755.5,84,4,40,5.4
100,0,23.39,36.73,21.5,37.79,22.79,35.96666667,20.2,39.32666667,19.1,43.59,7.626666667,39.36666667,19.2,34.29,22,40.95,18.79,37.7,7.77,755.55,84.66666667,3.833333333,40,5.37
120,0,23.39,36.66333333,21.5,37.79,22.79,36,20.1,39.16333333,19.16666667,43.59,7.433333333,40.03333333,19.2,34.29,22,41,18.79,37.7,7.63,755.6,85.33333333,3.666666667,40,5.33
100,0,23.39,36.59,21.5,37.86333333,22.79,36,20.1,39.03,19.16666667,43.59,7.366666667,40.56666667,19.2,34.2,22.06666667,41.13333333,18.79,37.62666667,7.5,755.65,86,3.5,40,5.3
110,0,23.39,36.59,21.42666667,37.82666667,22.79,36.03,20.1,38.86333333,19.16666667,43.59,7.3,41.16,19.2,34.2,22.1,41.09,18.79,37.59,7.37,755.7,86.66666667,3.333333333,40,5.27
100,0,23.39,36.53,21.42666667,37.82666667,22.73,36.09,20.03333333,38.73,19.2,43.56,7.19,41.63333333,19.2,34.2,22.1,41.09,18.79,37.59,7.23,755.75,87.33333333,3.166666667,40,5.23
80,0,23.39,36.46666667,21.35666667,37.9,22.7,36.12666667,20.03333333,38.59,19.2,43.5,7.19,42.16,19.2,34.2,22.13333333,41.12666667,18.79,37.59,7.1,755.8,88,3,40,5.2
80,0,23.39,36.4,21.29,37.9,22.7,36.2,20.03333333,38.53,19.2,43.5,7.263333333,42.86,19.2,34.2,22.2,41.26,18.79,37.59,7.05,755.8833333,88.33333333,3,40,5.2
60,10,23.39,36.4,21.26,38,22.6,36.12666667,20,38.46666667,19.2,43.5,7.19,43.46666667,19.2,34.26,22.2,41.59666667,18.79,37.59,7,755.9666667,88.66666667,3,40,5.2
60,0,23.32333333,36.4,21.13333333,38.13333333,22.6,36.2,20,38.4,19.2,43.46666667,7.156666667,44.79333333,19.2,34.29,22.2,41.99,18.79,37.6675,6.95,756.05,89,3,40,5.2
60,10,23.29,36.5,21.1,38,22.6,36.23,19.89,38.29,19.2,43.4,7.09,45.6225,19.2,34.23,22.2,42.42666667,18.79,38.1,6.9,756.1333333,89.33333333,3,40,5.2
60,0,23.29,36.5,20.96,38,22.6,36.29,19.89,38.29,19.2,43.5,7.09,46.56333333,19.2,34.2,22.2,42.83333333,18.89,38.43333333,6.85,756.2166667,89.66666667,3,40,5.2
60,0,23.2,36.4,20.84,38.09,22.6,36.29,19.89,38.29,19.2,43.43333333,7.09,47.25666667,19.2,34.2,22.1,43.12666667,18.89,38.56,6.8,756.3,90,3,40,5.2
50,0,23.175,36.4,20.79,38.2,22.6,36.29,19.89,38.36333333,19.2,43.46666667,7.03,47.72333333,19.2,34.12666667,22.1,43.26,18.89,38.62666667,6.82,756.3,90.5,3,40,5.3
50,0,23.1,36.4,20.73,38.26,22.6,36.29,19.89,38.4,19.2,43.475,7.03,48.16666667,19.2,34.12666667,22,43.36,18.89,38.7,6.83,756.3,91,3,40,5.4
50,0,23.1,36.4,20.66666667,38.4,22.6,36.29,19.89,38.4,19.2,43.43333333,7.09,48.76666667,19.2,34.16333333,22,43.56,18.89,38.82666667,6.85,756.3,91.5,3,40,5.5
40,0,23.03333333,36.4,20.53333333,38.46666667,22.6,36.29,19.79,38.29,19.2,43.46666667,7.09,49.5,19.2,34.16333333,21.89,43.86,18.89,38.9,6.87,756.3,92,3,40,5.6
50,0,23,36.43333333,20.5,38.53,22.6,36.29,19.79,38.2,19.2,43.4,7.09,49.9,19.2,34.2,21.89,44.19333333,18.89,38.9,6.88,756.3,92.5,3,40,5.7
60,0,23,36.5,20.42666667,38.59,22.6,36.29,19.79,38.26,19.2,43.4,7.123333333,50.15666667,19.2,34.12666667,21.89,44.86,18.89,38.9,6.9,756.3,93,3,40,5.8
60,0,22.89,36.59,20.35666667,38.73,22.6,36.29,19.79,38.29,19.2,43.4,7.123333333,50.49,19.2,34.2,21.82333333,45.19333333,18.89,38.96333333,6.92,756.3166667,93.33333333,2.833333333,37.16666667,5.88
50,0,22.82333333,36.59,20.29,38.86333333,22.6,36.29,19.79,38.29,19.2,43.4,7.123333333,51,19.2,34.2,21.79,45.8,18.96333333,39.09,6.93,756.3333333,93.66666667,2.666666667,34.33333333,5.97
60,0,22.79,36.59,20.26,38.9,22.6,36.29,19.79,38.29,19.2,43.4,7.123333333,51.26,19.2,34.2,21.79,46.2,18.92666667,39.23,6.95,756.35,94,2.5,31.5,6.05
40,0,22.79,36.59,20.2,38.96666667,22.66666667,36.36333333,19.79,38.29,19.2,43.4,7.09,51.46333333,19.2,34.2,21.79,46.52666667,18.92666667,39.36333333,6.97,756.3666667,94.33333333,2.333333333,28.66666667,6.13
60,0,22.7,36.59,20.16666667,39.03,22.7,36.4,19.7,38.29,19.2,43.4,7.03,51.66333333,19.2,34.26,21.79,46.82666667,19,39.5,6.98,756.3833333,94.66666667,2.166666667,25.83333333,6.22
50,0,22.7,36.59,20.1,39.09,22.7,36.46666667,19.7,38.29,19.13333333,43.4,6.966666667,51.62666667,19.2,34.29,21.73,47.02666667,18.92666667,39.5,7,756.4,95,2,23,6.3
50,0,22.6,36.53,20,39.12666667,22.79,36.5,19.7,38.29,19.2,43.4,6.9,51.7,19.2,34.29,21.7,47.29,19,39.62666667,6.93,756.4333333,95.16666667,2,23.33333333,6.25
40,0,22.6,36.59,20,39.2,22.79,36.56,19.7,38.29,19.2,43.4,6.8,51.76666667,19.2,34.29,21.7,47.36333333,19,39.7,6.87,756.4666667,95.33333333,2,23.66666667,6.2
60,0,22.5,36.7,19.89,39.29,22.85666667,36.66333333,19.7,38.29,19.2,43.4,6.8,51.975,19.2,34.23,21.7,47.4,19,39.73,6.8,756.5,95.5,2,24,6.15
50,0,22.5,36.76,19.89,39.36333333,22.79,36.59,19.7,38.29,19.13333333,43.4,6.8,52.06,19.2,34.29,21.7,47.46666667,19,39.8175,6.73,756.5333333,95.66666667,2,24.33333333,6.1
60,0,22.46333333,36.86333333,19.79,39.4,22.89,36.7,19.66666667,38.26,19.13333333,43.4,6.763333333,52.2,19.2,34.23,21.7,47.4,19,39.96666667,6.67,756.5666667,95.83333333,2,24.66666667,6.05
50,0,22.39,36.79,19.79,39.4,22.89,36.76,19.6,38.2,19.1,43.4,6.623333333,52.12666667,19.2,34.2,21.7,47.32666667,19,40.03,6.6,756.6,96,2,25,6
50,0,22.35666667,36.9,19.7,39.45,22.92666667,36.79,19.6,38.2,19.1,43.4,6.5,52.02666667,19.2,34.2,21.7,47.26,19,40.09,6.57,756.65,95.83333333,2,27.5,5.95
40,0,22.29,36.9,19.7,39.53,23,36.79,19.6,38.2,19.13333333,43.4,6.433333333,51.76666667,19.2,34.2,21.7,47.2,19,40.12666667,6.53,756.7,95.66666667,2,30,5.9
50,0,22.29,36.9,19.7,39.59,23,36.79,19.6,38.16333333,19.175,43.4,6.366666667,51.79,19.2,34.2,21.63333333,47,19,40.26,6.5,756.75,95.5,2,32.5,5.85
40,0,22.2,36.9,19.6,39.5,23,36.86333333,19.6,38.16333333,19.1,43.4,6.226666667,51.53,19.2,34.16333333,21.63333333,46.86,19,40.4,6.47,756.8,95.33333333,2,35,5.8
30,0,22.2,36.9,19.6,39.56,23,36.9,19.6,38.09,19.1,43.4,6.156666667,51.59,19.2,34.09,21.6,46.86333333,19,40.46666667,6.43,756.85,95.16666667,2,37.5,5.75
40,0,22.1,37,19.56666667,39.59,22.9725,36.9,19.6,38.09,19.1,43.4,6.09,51.66333333,19.2,34.09,21.6,46.79,19.1,40.59,6.4,756.9,95,2,40,5.7
30,0,22.1,37,19.5,39.59,22.89,36.9,19.6,38.09,19.1,43.4,5.966666667,51.86,19.2,34.06,21.6,46.66333333,19.1,40.66333333,6.28,756.9,95.16666667,2,37.16666667,5.6
40,0,22.06666667,36.96666667,19.46333333,39.66333333,22.89,37,19.5,38.09,19.1,43.4,5.9,52.06,19.2,34,21.6,46.53,19.03333333,40.62666667,6.17,756.9,95.33333333,2,34.33333333,5.5
60,0,22,36.96666667,19.39,39.66333333,22.89,37,19.56666667,38.03,19.1,43.4,5.866666667,52.06666667,19.2,34,21.6,46.36333333,19.1,40.7,6.05,756.9,95.5,2,31.5,5.4
50,0,21.96333333,37,19.39,39.73,22.89,37,19.5,38,19.1,43.4,5.8,52.26,19.2,33.93333333,21.6,46.29,19.1,40.73,5.93,756.9,95.66666667,2,28.66666667,5.3
50,0,21.89,37,19.32333333,39.79,22.89,37,19.5,38,19.1,43.36333333,5.69,52.26,19.2,33.96666667,21.6,46.09,19.1,40.79,5.82,756.9,95.83333333,2,25.83333333,5.2
40,0,21.89,37.09,19.29,39.82666667,22.89,37.09,19.5,38,19.1,43.36333333,5.69,52.2,19.2,33.9,21.53333333,46,19.1,40.79,5.7,756.9,96,2,23,5.1
50,0,21.89,37.09,19.23,39.82666667,22.89,37.09,19.5,38,19.1,43.4,5.59,52.2,19.2,33.9,21.53333333,45.93333333,19.1,40.79,5.6,756.9166667,96.16666667,2,24,5.02
40,0,21.85666667,37.09,19.2,39.9,22.89,37.09,19.5,38,19.1,43.32666667,5.5,52.29,19.2,33.9,21.56666667,45.79,19.1,40.79,5.5,756.9333333,96.33333333,2,25,4.93
60,0,21.79,37.09,19.2,39.9,22.89,37.09,19.5,37.93333333,19.1,43.29,5.5,52.29,19.2,33.9,21.5,45.73,19.1,40.86333333,5.4,756.95,96.5,2,26,4.85
60,0,21.79,37.12666667,19.16666667,39.93333333,22.89,37.09,19.5,37.9,19.1,43.29,5.4,52.43333333,19.2,33.9,21.5,45.59,19.1,40.93333333,5.3,756.9666667,96.66666667,2,27,4.77
60,0,21.73,37.2,19.1,40,22.89,37.09,19.42666667,37.82666667,19.1,43.29,5.4,52.5,19.2,33.79,21.5,45.53,19.1,41,5.2,756.9833333,96.83333333,2,28,4.68
60,0,21.7,37.2,19.06666667,40.06,22.89,37.09,19.39,37.79,19.1,43.29,5.263333333,52.26,19.2,33.79,21.5,45.46666667,19.1,41,5.1,757,97,2,29,4.6
60,0,21.7,37.2,19,40,22.89,37.09,19.39,37.73,19.1,43.29,5.19,52.26,19.2,33.79,21.5,45.32666667,19.1,41,5.08,757.0333333,96.66666667,1.833333333,30.83333333,4.55
40,0,21.7,37.2,19,40.09,22.89,37.12666667,19.39,37.76,19.1,43.29,5.19,52.43333333,19.2,33.73,21.46333333,45.22333333,19.1,41,5.07,757.0666667,96.33333333,1.666666667,32.66666667,4.5
50,0,21.63333333,37.12666667,18.96333333,40.09,22.89,37.2,19.39,37.7,19.03333333,43.23,5.123333333,52.5,19.2,33.7,21.39,45.09,19.1,41,5.05,757.1,96,1.5,34.5,4.45
50,0,21.65,37.145,18.89,40.09,22.89,37.2,19.39,37.7,19.075,43.2225,5,52.43333333,19.2,33.7,21.5,45.09,19.1,41.06,5.03,757.1333333,95.66666667,1.333333333,36.33333333,4.4
50,0,21.6,37.09,18.89,40.2,22.89,37.2,19.39,37.7,19.06666667,43.2,5,52.5,19.2,33.7,21.42666667,44.96333333,19.1,41.09,5.02,757.1666667,95.33333333,1.166666667,38.16666667,4.35
60,0,21.6,37.09,18.82333333,40.2,22.89,37.2,19.39,37.7,19.1,43.2,4.933333333,52.62666667,19.2,33.7,21.39,44.9,19.1,41.09,5,757.2,95,1,40,4.3
50,0,21.6,37.09,18.79,40.2,22.89,37.2,19.39,37.7,19.1,43.2,5,52.76,19.2,33.59,21.39,44.9,19.1,41.12666667,4.97,757.2166667,95.16666667,1,40,4.28
60,0,21.53333333,37.09,18.79,40.2,22.89,37.2,19.39,37.62666667,19.1,43.2,4.966666667,52.9,19.16666667,33.59,21.39,44.79,19.1,41.2,4.93,757.2333333,95.33333333,1,40,4.27
50,0,21.5,37.16333333,18.7,40.32666667,22.89,37.2,19.39,37.7,19.1,43.2,4.966666667,52.96666667,19.16666667,33.59,21.39,44.73,19.1,41.12666667,4.9,757.25,95.5,1,40,4.25
60,0,21.5,37.09,18.7,40.4,22.89,37.2,19.32333333,37.62666667,19.1,43.2,4.9,52.9,19.13333333,33.59,21.35666667,44.7,19.1,41.2,4.87,757.2666667,95.66666667,1,40,4.23
50,0,21.5,37.09,18.7,40.4,22.89,37.2,19.35666667,37.59,19.1,43.2,4.9,53.02666667,19.2,33.59,21.29,44.62666667,19.1,41.12666667,4.83,757.2833333,95.83333333,1,40,4.22
50,0,21.5,37.09,18.7,40.46666667,22.89,37.2,19.29,37.59,19.06666667,43.16333333,5,53.145,19.1,33.59,21.29,44.59,19.1,41.2,4.8,757.3,96,1,40,4.2
40,0,21.5,37.16333333,18.66666667,40.46666667,22.85666667,37.16333333,19.29,37.59,19.06666667,43.16333333,5.123333333,53.56666667,19.1,33.59,21.29,44.59,19.1,41.2,4.8,757.35,96.16666667,1,40,4.22
20,0,21.5,37.16333333,18.66666667,40.52666667,22.85666667,37.16333333,19.29,37.59,19.1,43.2,5.263333333,53.83333333,19.1,33.59,21.29,44.59,19.1,41.26,4.8,757.4,96.33333333,1,40,4.23
30,0,21.46333333,37.16333333,18.6,40.5,22.85666667,37.16333333,19.29,37.59,19.1,43.2,5.463333333,54.12666667,19.1,33.59,21.29,44.59,19.2,41.2,4.8,757.45,96.5,1,40,4.25
40,0,21.39,37.09,18.6,40.5,22.79,37.09,19.29,37.59,19.1,43.2,5.73,54.33333333,19.13333333,33.59,21.29,44.59,19.13333333,41.2,4.8,757.5,96.66666667,1,40,4.27
60,0,21.39,37.09,18.6,40.56,22.79,37.2,19.29,37.59,19.1,43.2,5.963333333,54.56666667,19.13333333,33.59,21.29,44.59,19.2,41.29,4.8,757.55,96.83333333,1,40,4.28
50,0,21.39,37.09,18.66666667,40.56,22.79,37.2,19.29,37.59,19.03333333,43.12666667,6.23,54.83333333,19.13333333,33.59,21.29,44.59,19.2,41.29,4.8,757.6,97,1,40,4.3
50,0,21.39,37.09,18.7,40.59,22.79,37.2,19.29,37.59,19.1,43.2,6.463333333,54.96666667,19.13333333,33.59,21.29,44.59,19.2,41.29,4.9,757.6833333,96.66666667,1,40,4.35
60,0,21.39,37.09,18.7,40.53,22.79,37.2,19.29,37.59,19.03333333,43.12666667,6.59,54.69333333,19.1,33.59,21.29,44.59,19.2,41.32666667,5,757.7666667,96.33333333,1,40,4.4
80,0,21.29,37.26666667,18.79,40.4,22.79,37.2,19.29,37.59,19.1,43.2,6.76,54.82666667,19.1,33.59,21.29,44.66333333,19.2,41.52666667,5.1,757.85,96,1,40,4.45
80,0,21.35666667,37.66,18.89,40.59,22.73,36.92666667,19.23,37.72333333,19.03333333,43.12666667,7.026666667,55.02666667,19.1,33.62666667,21.29,44.59,19.2,41.46666667,5.2,757.9333333,95.66666667,1,40,4.5
50,0,21.39,37.95,18.96333333,40.53,22.6,36.43333333,19.29,38.56666667,19.1,43.0425,7.6,55.19333333,19.1,33.76,21.2,44.43,19.2,41.4,5.3,758.0166667,95.33333333,1,40,4.55
70,0,21.39,38,19,40.29,22.6,36.56,19.29,38.7,19.16666667,42.59666667,7.933333333,54.66666667,19.1,33.82666667,21.2,44.23,19.2,41.16333333,5.4,758.1,95,1,40,4.6
300,0,21.39,38.39333333,19,40.29,22.6,36.5,19.29,38.76,19.29,42.29,8.226666667,53.86,19.1,33.9,21.2,43.93,19.2,41.03,5.53,758.1666667,93.83333333,1,40,4.57
370,0,21.39,38.26,19.13333333,40.36333333,22.6,36.5,19.29,38.73,19.23,42.29,8.433333333,52.86,19.1,33.9,21.2,43.73,19.2,40.76,5.67,758.2333333,92.66666667,1,40,4.53
590,0,21.39,38.12666667,19.2,40.23,22.6,36.545,19.35666667,38.99,19.2,42.62666667,8.93,51.06666667,19.1,33.9,21.2,43.56,19.2,40.56666667,5.8,758.3,91.5,1,40,4.5
320,0,21.39,38.09,19.26333333,40.02666667,22.63333333,36.59,19.39,39.32666667,19.2,42.76,9.263333333,48.19333333,19.1,33.82666667,21.13333333,43.5,19.2,40.36333333,5.93,758.3666667,90.33333333,1,40,4.47
310,10,21.39,38.03,19.53,39.76666667,22.7,36.59,19.46333333,39.46666667,19.2,42.9,9.65,42.495,19.1,33.79,21.2,43.5,19.2,40.29,6.07,758.4333333,89.16666667,1,40,4.43
260,0,21.32333333,37.9,19.73,39.29666667,22.7,36.59,19.5,39.5,19.2,42.82666667,10.63,41.12666667,19.1,33.79,21.2,43.56,19.29,40.4,6.2,758.5,88,1,40,4.4
190,0,21.32333333,37.9,19.79,38.96333333,22.7,36.59,19.56666667,39.5,19.2,42.76,10.96333333,33.46666667,19.1,33.79,21.23,43.65666667,19.29,40.52666667,6.35,758.55,87.16666667,1,40,4.38
150,0,21.32333333,37.79,19.89,38.76,22.7,36.59,19.63333333,39.43333333,19.2,42.62666667,10.83,28.9,19.1,33.73,21.23,43.65666667,19.32333333,40.93333333,6.5,758.6,86.33333333,1,40,4.37
130,0,21.32333333,37.73,19.89,38.56666667,22.7,36.59,19.7,39.43333333,19.2,42.59,10.89,28.63333333,19.1,33.73,21.29,43.645,19.39,41.26666667,6.65,758.65,85.5,1,40,4.35
290,0,21.29,37.59,19.89,38.53,22.7,36.59,19.73,39.36333333,19.2,42.59,11.13,26.6,19.1,33.73,21.32333333,43.43,19.39,41.4,6.8,758.7,84.66666667,1,40,4.33
490,0,21.35666667,37.59,19.96333333,38.53,22.7,36.59,19.79,39.29,19.13333333,42.59,11.59,24.12666667,19.13333333,33.76,21.39,43.15666667,19.46333333,41.46666667,6.95,758.75,83.83333333,1,40,4.32
840,0,21.39,37.7,20.13333333,38.46666667,22.7,36.59,19.82333333,39.32666667,19.2,42.59,12.1,20.59666667,19.2,33.7,21.42666667,42.86333333,19.5,41.5,7.1,758.8,83,1,40,4.3
700,0,21.39,37.83333333,20.2,38.32666667,22.7,36.72333333,19.89,39.4,19.2,42.5,11.96,17.72333333,19.16666667,33.59,21.56666667,42.65666667,19.39,41.29,7.25,758.85,82.16666667,1,40,4.32
430,10,21.39,37.9,20.2,38.29,22.96,37.89333333,19.89,39.29,19.2,42.5,11.79333333,17.1,19.16666667,33.59,21.6,42.29666667,19.46333333,41.29,7.4,758.9,81.33333333,1,40,4.33
300,0,21.39,37.9,20.2,38.23,23.22666667,39.02666667,19.96333333,39.23,19.2,42.59,11.4,16.43333333,19.16666667,33.56,21.6,41.83,19.42666667,41.06,7.55,758.95,80.5,1,40,4.35
310,0,21.39,37.9,20.2,38.2,23.56666667,40.03,20,39.13333333,19.2,42.59,11.46,17.66,19.16666667,33.5,21.5,41.29666667,19.42666667,40.86,7.7,759,79.66666667,1,40,4.37
290,0,21.39,37.82666667,20.2,38.16333333,23.82666667,40.49,20,38.86,19.2,42.59,11.86666667,17.8,19.2,33.5,21.5,40.96333333,19.42666667,40.7,7.85,759.05,78.83333333,1,40,4.38
300,0,21.39,37.76,20.26,38.09,24.16333333,40.89,20,38.79,19.2,42.59,12.52666667,16.06333333,19.2,33.5,21.5,40.52666667,19.5,40.7,8,759.1,78,1,40,4.4
240,0,21.39,37.8,20.35666667,37.86333333,24.35666667,41.09,20.025,38.8175,19.2,42.53,12.86,14.93,19.2,33.5,21.5,40.26666667,19.5,40.66333333,8.12,759.1166667,77.33333333,1,37.83333333,4.38
160,0,21.39,37.62666667,20.29,37.79,24.56666667,40.69333333,20.1,38.76666667,19.2,42.46666667,13.06666667,14.13,19.2,33.5,21.5,39.96666667,19.5,40.59,8.23,759.1333333,76.66666667,1,35.66666667,4.37
90,0,21.5,37.56,20.29,37.79,24.76,40.3,20.1,38.66333333,19.2,42.4,13.06666667,12.99666667,19.2,33.5,21.56666667,39.82666667,19.46333333,40.46666667,8.35,759.15,76,1,33.5,4.35
70,10,21.5,37.5,20.35666667,37.73,24.84,39.595,20.1,38.59,19.2,42.36333333,13.33,11.26,19.2,33.46666667,21.53333333,39.56,19.46333333,40.4,8.47,759.1666667,75.33333333,1,31.33333333,4.33
80,0,21.5,37.36333333,20.42666667,37.36333333,24.72666667,38.76666667,20.1,38.46666667,19.2,42.29,13.39,7.926666667,19.26,33.4,21.6,39.36,19.39,40.16333333,8.58,759.1833333,74.66666667,1,29.16666667,4.32
80,0,21.5,37.23,20.5,37.15666667,24.6,38.36,20.1,38.32666667,19.29,42.26,13.495,3.995,19.29,33.16333333,21.6,39.13333333,19.46333333,40.16333333,8.7,759.2,74,1,27,4.3
80,0,21.5,37.06,20.39,36.96666667,24.46333333,37.9,20.06666667,38.13333333,19.29,42.92666667,13,2.2,19.29,32.96333333,21.6,38.8,19.42666667,40,8.83,759.2333333,73,1,29.16666667,4.22
570,0,21.5,36.93333333,20.39,36.82666667,24.39,37.56666667,20,37.93333333,20.89333333,80.1,13.06666667,3,19.29,32.66333333,21.6,38.46666667,19.5,39.86,8.97,759.2666667,72,1,31.33333333,4.13
610,0,21.5,38.26666667,20.5,36.82666667,24.39,37.53,20,37.76,21.76666667,82.89333333,12.93333333,2.156666667,19.29,32.53,21.6,38.86,19.46333333,39.76,9.1,759.3,71,1,33.5,4.05
330,0,21.5,37.86,20.56666667,36.82666667,24.53,38.26333333,20.06666667,37.62666667,21.09666667,85.06333333,13.13333333,1.096666667,19.29,32.33333333,21.7,39.8,19.39,39.56666667,9.23,759.3333333,70,1,35.66666667,3.97
350,0,21.53333333,37.92333333,20.7,36.76,24.86,38.83,20,37.36333333,20.69666667,84.66333333,13.39,1,19.29,32.06666667,21.8425,40.1225,19.39,39.22333333,9.37,759.3666667,69,1,37.83333333,3.88
260,0,21.6,38.05666667,20.7,36.83333333,25.13333333,39.16333333,20,37.23,20.43,83.99333333,13.39,1,19.39,31.82666667,21.96333333,40.03,19.46333333,39.29666667,9.5,759.4,68,1,40,3.8
270,10,21.63333333,37.36333333,20.79,36.63333333,25.32333333,39.26,20,37.4,20.23,83.46666667,13.23333333,1,19.39,31.7,22.03333333,39.9,19.445,39.4,9.67,759.4,67.16666667,1.333333333,37,3.78
210,0,21.7,37.15666667,20.79,36.43333333,25.46333333,39.2,20,37.52666667,20.16666667,82.03333333,12.9,1,19.39,31.5,22.16666667,39.82666667,19.42666667,39.26,9.83,759.4,66.33333333,1.666666667,34,3.77
100,0,21.7,36.83333333,20.79,36.2,25.63333333,38.9,20.06666667,37.76,20.1,80.3,12.63,1.193333333,19.39,31.42666667,22.23,39.66333333,19.42666667,39.12666667,10,759.4,65.5,2,31,3.75
100,0,21.7,36.56666667,20.85666667,36.12666667,25.7,38.56666667,20,37.7,20.06666667,77.39333333,12.89666667,1,19.39,31.22666667,22.29,39.46333333,19.46333333,38.99,10.2,759.4,64.66666667,2.333333333,28,3.73
90,0,21.73,36.33333333,20.92666667,35.83333333,25.56666667,38.06333333,20,37.7,20,74.2,12.96333333,1,19.39,31.1,22.39,39.22333333,19.39,38.73,10.3,759.4,63.83333333,2.666666667,25,3.72
100,0,21.79,36.12666667,21.025,35.6175,25.42666667,37.53,20,37.62666667,19.89,70.62333333,12.89,1,19.39,30.96333333,22.46333333,39.09,19.46333333,38.66333333,10.5,759.4,63,3,22,3.7
110,0,21.79,35.9,21.03333333,35.39,25.2,37.19333333,20.1,37.645,19.89,68.49666667,12.72666667,1,19.46333333,30.96333333,22.53333333,38.93,19.46333333,38.59,10.5,759.4333333,62.33333333,3.333333333,25,3.55
100,0,21.79,35.7225,21.1,35.26,25.13333333,36.86,20.1,37.59,19.84,65.745,13,1,19.5,30.85666667,22.6,38.73,19.46333333,38.46666667,10.5,759.4666667,61.66666667,3.666666667,28,3.4
80,0,21.85666667,35.59,21.16666667,35.12666667,25,36.63333333,20.1,37.53,19.79,64.5,13.19,1,19.5,30.73,22.63333333,38.46666667,19.46333333,38.46666667,10.5,759.5,61,4,31,3.25
90,10,21.89,35.56,21.2,34.93,24.92666667,36.43333333,20.1,37.46666667,19.79,62.22666667,13.26333333,1,19.5,30.55,22.7,38.32666667,19.5,38.43333333,10.5,759.5333333,60.33333333,4.333333333,34,3.1
90,0,21.89,35.43333333,21.2,34.79,24.85666667,36.22333333,20.1,37.4,19.7,59.59666667,13.12666667,1,19.5,30.35666667,22.7,38.26,19.5,38.5,10.5,759.5666667,59.66666667,4.666666667,37,2.95
80,0,21.89,35.36,21.2,34.66333333,24.7675,36.0225,20.1,37.26,19.7,58.12333333,13,1,19.5,30.29,22.7,38.2,19.46333333,38.36333333,10.5,759.6,59,5,40,2.8
90,0,21.89,35.63333333,21.2,34.25666667,24.49333333,35.39333333,20.1,37.06666667,19.7,56.69666667,13.06666667,1,19.53333333,30.2,22.7,38.09,19.39,38.36333333,10.5,759.65,59.5,5.166666667,40,2.93
90,0,21.89,35.09,21.1,34,24.29,34.93,20.1,36.79,19.7,55.63,13.1,1,19.6,30.13333333,22.7,38.03,19.39,38.36333333,10.6,759.7,60,5.333333333,40,3.07
250,0,21.89,35.09,21.1,34.06,24.23,34.59666667,20.1,36.86333333,19.7,54.26333333,13.1,1,19.6,30.06666667,22.7,37.96666667,19.39,38.29,10.6,759.75,60.5,5.5,40,3.2
390,0,21.89,35.23,21.1,34.26666667,24.16666667,34.32666667,20.1,36.96333333,19.63333333,53.26333333,12.86,1,19.6,30,22.7,37.9,19.5,38.36333333,10.6,759.8,61,5.666666667,40,3.33
190,10,21.89,35.43,21.1,34.66,24.1,34.4,20.16666667,37.03,19.7,52.33333333,12.86,1,19.6,30.03333333,22.79,37.9,19.42666667,38.29,10.7,759.85,61.5,5.833333333,40,3.47
100,0,21.89,35.76666667,21.1,35.19333333,24,34.36333333,20.16666667,36.96666667,19.7,51.72666667,12.62666667,1.166666667,19.6,30.1,22.79,37.9,19.5,38.26,10.7,759.9,62,6,40,3.6
280,0,21.89,36.02666667,21.03333333,35.52666667,23.92666667,34.36333333,20.1,36.96666667,19.7,51.19333333,12.42666667,1.893333333,19.7,30.2,22.79,37.9,19.42666667,38.12666667,10.7,759.9166667,62.33333333,6,40,3.67
560,0,21.89,37.05666667,21.1,36.13333333,23.85666667,34.4,20.2,37.69333333,19.7,50.8,12.39,2.966666667,19.63333333,30.2,22.79,37.9,19.5,38,10.6,759.9333333,62.66666667,6,40,3.73
600,0,21.89,38.99666667,21.03333333,36.93333333,23.73,34.52666667,20.2,37.9,19.7,50.36333333,12.19666667,3.433333333,19.66666667,30.35666667,22.79,37.9,19.42666667,38,10.6,759.95,63,6,40,3.8
290,10,21.92666667,42.76666667,21,39.46,23.76,34.8,20.2,37.96666667,19.7,50.23,11.93333333,4.06,19.6,30.35666667,22.79,37.93333333,19.5,38,10.6,759.9666667,63.33333333,6,40,3.87
90,0,22,44.69333333,21,41.66666667,23.63333333,35.39333333,20.2,37.76666667,19.7,50.43333333,11.72666667,4.666666667,19.66666667,30.46333333,22.79,38,19.39,37.93,10.5,759.9833333,63.66666667,6,40,3.93
370,0,22.03333333,43.36,20.89,42.12666667,23.6,35.82666667,20.2,38.3675,19.7,50.63333333,11.66,5.126666667,19.6375,30.52375,22.79,38,19.46333333,37.86333333,10.5,760,64,6,40,4
670,0,22.1,42.76666667,20.89,42.02,23.6,35.9,20.26,39.73333333,19.7,50.79,11.6,4.793333333,19.7,30.6,22.79,38,19.39,37.76666667,10.4,760.1,64.5,6,40,3.95
230,0,22.03333333,41.93,20.89,41.5,23.76333333,36.89333333,20.29,40.19,19.7,50.79,11.66,3.363333333,19.7,30.66666667,22.79,38.09,19.46333333,37.9,10.2,760.2,65,6,40,3.9
160,0,22.03333333,41.45666667,20.79,40.99,24.03,37.89333333,20.29,39.79666667,19.7,50.79,11.53333333,3.223333333,19.7,30.73,22.79,38.03,19.5,37.9,10.1,760.3,65.5,6,40,3.85
90,0,22,41.145,20.79,40.73,24.32333333,38.19333333,20.23,39.39,19.7,50.9,11.46333333,2.363333333,19.7,30.79,22.79,37.96666667,19.5,37.9,9.97,760.4,66,6,40,3.8
70,0,22,40.86333333,20.7,40.59,24.32333333,37.86,20.26,38.99,19.7,50.9,11.39,2.956666667,19.7,30.79,22.79,37.82666667,19.39,37.79,9.83,760.5,66.5,6,40,3.75
70,10,22,40.65666667,20.7,40.53,24.26,37.52666667,20.2,38.65666667,19.76,50.9,11.245,2.595,19.7,30.82333333,22.79,37.66333333,19.39,37.73,9.7,760.6,67,6,40,3.7
70,0,22,40.46666667,20.6,40.4,24.2,37.32666667,20.2,38.33333333,19.7,50.9,11.19,2.766666667,19.7,30.89,22.79,37.53,19.42666667,37.73,9.68,760.6666667,67,6,40,3.7
70,0,21.92666667,40.4,20.6,40.32666667,24.2,37.2,20.2,38.12666667,19.79,50.79,11.19,2.36,19.7,30.89,22.79,37.5,19.42666667,37.73,9.67,760.7333333,67,6,40,3.7
70,0,21.89,40.26,20.5,40.29,24.2,37.06,20.2,37.93,19.79,50.79,11.16,3.29,19.7,30.96333333,22.79,37.43333333,19.39,37.7,9.65,760.8,67,6,40,3.7
70,0,21.89,40.12666667,20.42666667,40.23,24.13333333,37,20.2,37.73,19.79,50.7,11.1,3.49,19.7,31,22.7,37.36333333,19.46333333,37.7,9.63,760.8666667,67,6,40,3.7
70,0,21.89,39.96666667,20.39,40.23,24.06666667,36.86333333,20.2,37.5,19.79,50.62666667,10.93333333,4.46,19.7,31,22.7,37.29,19.46333333,37.66333333,9.62,760.9333333,67,6,40,3.7
70,0,21.89,39.82666667,20.32333333,40.29,24,36.73,20.13333333,37.43333333,19.79,50.46666667,10.6,5.46,19.7,31.03333333,22.7,37.29,19.39,37.66333333,9.6,761,67,6,40,3.7
80,0,21.89,39.7,20.26,40.26,23.89,36.59,20.16666667,37.4,19.79,50.4,10.3,6.966666667,19.7,31.1,22.7,37.29,19.39,37.59,9.55,761.0833333,67,6,40,3.67
60,0,21.89,39.62666667,20.2,40.2,23.89,36.53,20.1,37.4,19.79,50.29,10.43333333,6.893333333,19.7,31.1,22.66666667,37.26,19.39,37.59,9.5,761.1666667,67,6,40,3.63
50,10,21.79,39.4,20.16666667,40.32666667,23.79,36.4,20.1,37.29,19.79,50.23,11.13,4.823333333,19.7,31.16666667,22.65,37.2,19.39,37.59,9.45,761.25,67,6,40,3.6
60,0,21.79,39.32666667,20.1,40.32666667,23.79,36.32666667,20.1,37.23,19.79,50.13333333,11.46333333,3.363333333,19.7,31.13333333,22.6,37.12666667,19.39,37.56,9.4,761.3333333,67,6,40,3.57
40,0,21.79,39.2,19.96333333,40.29,23.66666667,36.26,20.1,37.32666667,19.79,50,10.35666667,4.826666667,19.7,31.2,22.6,37.09,19.39,37.5,9.35,761.4166667,67,6,40,3.53
70,0,21.73,39.2,19.89,40.36333333,23.6,36.2,20.03333333,37.32666667,19.76,49.86333333,9.356666667,7.3,19.7,31.2,22.6,37.09,19.35666667,37.4,9.3,761.5,67,6,40,3.5
70,0,21.7,39.09,19.79,40.32666667,23.5,36.2,20,37.32666667,19.7,49.79,8.59,9.433333333,19.63333333,31.13333333,22.6,37,19.35666667,37.4,9.05,761.6,67.33333333,5.833333333,40,3.32
60,0,21.7,39.03,19.73,40.4,23.5,36.12666667,20,37.46666667,19.7,49.66333333,8.196666667,11.16666667,19.6,31.2,22.6,37,19.29,37.29,8.8,761.7,67.66666667,5.666666667,40,3.13
80,0,21.7,38.86333333,19.65,40.29,23.39,36.09,20,37.69,19.7,49.59,7.7,12.75666667,19.6,31.2,22.56666667,37,19.29,37.29,8.55,761.8,68,5.5,40,2.95
70,0,21.63333333,38.73,19.56666667,40.29,23.39,36.09,20,37.93333333,19.7,49.545,7.366666667,14.63,19.6,31.23,22.5,37,19.29,37.26,8.3,761.9,68.33333333,5.333333333,40,2.77
80,0,21.6,38.645,19.5,40.36333333,23.39,36.06,20,38.06,19.7,49.46666667,7.026666667,17.03333333,19.6,31.29,22.5,36.9,19.29,37.2,8.05,762,68.66666667,5.166666667,40,2.58
70,0,21.6,38.59,19.39,40.32666667,23.39,36,20,38.2,19.7,49.4,6.7425,19.3725,19.6,31.29,22.5,36.9,19.29,37.2,7.8,762.1,69,5,40,2.4
70,0,21.53333333,38.59,19.32333333,40.4,23.29,36,19.92666667,38.26,19.66666667,49.26,6.563333333,21.32333333,19.6,31.29,22.5,36.9,19.29,37.2,7.6,762.1833333,70,4.833333333,40,2.42
70,0,21.5,38.5,19.26,40.46666667,23.29,36,19.89,38.29,19.6,49.12666667,6.23,23.26666667,19.6,31.29,22.5,36.9,19.23,37.12666667,7.4,762.2666667,71,4.666666667,40,2.43
70,0,21.5,38.43333333,19.2,40.46666667,23.29,36,19.89,38.36333333,19.63333333,49.09,5.963333333,24.6,19.6,31.29,22.5,36.9,19.23,37.12666667,7.2,762.35,72,4.5,40,2.45
70,0,21.5,38.4,19.1,40.5,23.2225,35.95,19.89,38.4,19.63333333,49.03,5.8,26.89333333,19.6,31.35666667,22.5,36.9,19.2,37.09,7,762.4333333,73,4.333333333,40,2.47
70,0,21.42666667,38.32666667,19.03333333,40.5,23.2,36,19.89,38.4,19.6,48.9,5.726666667,28.89333333,19.6,31.39,22.39,36.79,19.2,37.09,6.8,762.5166667,74,4.166666667,40,2.48
60,0,21.39,38.2,19,40.53,23.2,35.96666667,19.89,38.4,19.6,48.9,5.59,30.19,19.6,31.39,22.39,36.79,19.2,37.09,6.6,762.6,75,4,40,2.5
70,0,21.39,38.12666667,18.92666667,40.59,23.2,35.9,19.89,38.4,19.6,48.79,5.53,31.45666667,19.56666667,31.39,22.39,36.79,19.2,37.03,6.4,762.7166667,76.16666667,3.833333333,40,2.5
80,0,21.39,38.09,18.85666667,40.7,23.2,35.9,19.89,38.4,19.6,48.73,5.366666667,32.36333333,19.56666667,31.39,22.39,36.79,19.2,37.06,6.2,762.8333333,77.33333333,3.666666667,40,2.5
110,10,21.32333333,38.09,18.79,40.76,23.2,35.96666667,19.89,38.4,19.6,48.7,5.3,33.49666667,19.56666667,31.42666667,22.39,36.79,19.2,37,6,762.95,78.5,3.5,40,2.5
70,0,21.29,38.23,18.76,40.86,23.29,36.09,19.89,38.5,19.6,48.62666667,5.23,34.33333333,19.56666667,31.5,22.39,36.79,19.15,37,5.8,763.0666667,79.66666667,3.333333333,40,2.5
50,0,21.29,38.36333333,18.7,41.13333333,23.29,36.16333333,19.82333333,38.43333333,19.6,47.76666667,5.09,34.86666667,19.56666667,31.5,22.39,37.15,19.13333333,37.09666667,5.6,763.1833333,80.83333333,3.166666667,40,2.5
50,0,21.29,38.5,18.7,41.29,23.29,36.29,19.79,38.26,19.6,47.43333333,5.06,35.56666667,19.5,31.5,22.39,37.89,19.2,37.56333333,5.4,763.3,82,3,40,2.5
40,0,21.29,38.5,18.63333333,41.29,23.29,36.29,19.79,38.2,19.5,47.46666667,5,35.76,19.5,31.5,22.39,38.36333333,19.2,37.79,5.22,763.3666667,82.66666667,2.833333333,40,2.45
20,0,21.26,38.43,18.6,41.32666667,23.2,36.29,19.79,38.06,19.5,47.4,4.83,36.25666667,19.5,31.5,22.39,39,19.2,37.86333333,5.03,763.4333333,83.33333333,2.666666667,40,2.4
40,0,21.2,38.29,18.53333333,41.4,23.2,36.29,19.79,38,19.5,47.4,4.69,37.19666667,19.5,31.5,22.39,39.4,19.2,38.03,4.85,763.5,84,2.5,40,2.35
30,0,21.2,38.26,18.5,41.45,23.2,36.29,19.79,37.845,19.5,47.4,4.69,38.395,19.5,31.5,22.29,39.65666667,19.2,38.09,4.67,763.5666667,84.66666667,2.333333333,40,2.3
70,0,21.2,38.2,18.46333333,41.46666667,23.2,36.36333333,19.79,37.79,19.5,47.345,4.726666667,39.6,19.5,31.53333333,22.23,39.73,19.16666667,38.12666667,4.48,763.6333333,85.33333333,2.166666667,40,2.25
50,0,21.2,38.2,18.39,41.4,23.2,36.4,19.73,37.73,19.5,47.29,4.8,40.06,19.5,31.6,22.2,40,19.16666667,38.2,4.3,763.7,86,2,40,2.2
60,0,21.15,38.1725,18.39,41.5,23.13333333,36.46666667,19.7,37.66333333,19.5,47.29,4.8,40.09,19.5,31.6,22.2,40.4,19.13333333,38.29,4.28,763.7166667,86.33333333,2.166666667,38.16666667,2.22
50,0,21.13333333,38.09,18.32333333,41.5,23.2,36.5,19.7,37.59,19.5,47.26,4.66,40.03,19.5,31.6,22.2,41,19.13333333,38.36333333,4.27,763.7333333,86.66666667,2.333333333,36.33333333,2.23
50,0,21.1,38.09,18.29,41.5,23.2,36.5,19.7,37.5,19.5,47.26,4.53,41.3,19.5,31.6,22.2,41.33333333,19.16666667,38.5,4.25,763.75,87,2.5,34.5,2.25
60,0,21.1,38.03,18.29,41.56,23.2,36.5,19.7,37.5,19.5,47.2,4.59,41.83333333,19.5,31.6,22.2,41.62666667,19.16666667,38.63333333,4.23,763.7666667,87.33333333,2.666666667,32.66666667,2.27
40,0,21.06666667,38,18.2,41.53,23.2,36.5,19.66666667,37.4,19.5,47.2,4.656666667,41.8,19.5,31.66666667,22.13333333,41.76,19.1,38.82666667,4.22,763.7833333,87.66666667,2.833333333,30.83333333,2.28
60,0,21,38,18.2,41.59,23.2,36.56,19.6,37.32666667,19.46333333,47.06,4.53,41.8,19.39,31.5,22.1,41.93333333,19.1,38.96666667,4.2,763.8,88,3,29,2.3
50,0,21,37.9,18.16666667,41.59,23.2,36.5,19.6,37.29,19.39,47,4.366666667,42.26666667,19.46333333,31.56666667,22.1,42.06,19.1,39,4.12,763.85,88.33333333,3,28.5,2.28
60,0,21,37.9,18.1,41.59,23.2,36.5,19.6,37.29,19.46333333,47.02666667,4.16,42.8,19.46333333,31.56666667,22.1,42.23,19.1,39.13333333,4.03,763.9,88.66666667,3,28,2.27
50,0,20.96333333,37.9,18.1,41.59,23.2,36.59,19.6,37.26,19.39,46.9,3.833333333,42.59666667,19.39,31.56666667,22.1,42.36333333,19.1,39.43333333,3.95,763.95,89,3,27.5,2.25
60,0,20.89,37.9,18.1,41.59,23.2,36.59,19.6,37.2,19.39,46.9,3.566666667,43.19666667,19.46333333,31.56666667,22.1,42.53,19.1,39.56,3.87,764,89.33333333,3,27,2.23
50,0,20.89,37.9,18.06666667,41.56,23.2,36.56,19.56666667,37.16333333,19.39,46.9,3.363333333,44.33333333,19.39,31.56666667,22.1,42.66333333,19.1,39.79,3.78,764.05,89.66666667,3,26.5,2.22
40,0,20.89,37.9,18,41.5,23.2,36.56,19.5,37.09,19.39,46.79,3.156666667,44.73333333,19.39,31.5,22,42.53,19.1,39.93333333,3.7,764.1,90,3,26,2.2
50,0,20.85666667,37.83333333,18,41.5,23.2,36.59,19.5,37.09,19.39,46.79,3.06,45.82666667,19.39,31.5,22,42.53,19.1,40,3.67,764.0833333,90.33333333,3,25.66666667,2.22
40,0,20.79,37.76,18,41.5,23.2,36.59,19.5,37.09,19.39,46.76,3.06,46.69333333,19.39,31.5,22,42.5,19.1,40.12666667,3.63,764.0666667,90.66666667,3,25.33333333,2.23
50,0,20.79,37.76,17.92666667,41.5,23.2,36.59,19.5,37,19.39,46.7,3.09,47.895,19.39,31.5,22,42.46666667,19.1,40.2,3.6,764.05,91,3,25,2.25
50,0,20.79,37.76,17.92666667,41.56,23.2,36.59,19.5,37,19.39,46.66333333,3,48.16,19.39,31.5,22,42.32666667,19.1,40.32666667,3.57,764.0333333,91.33333333,3,24.66666667,2.27
60,0,20.79,37.7,17.89,41.59,23.2,36.62666667,19.5,37,19.39,46.59,3.06,49.56666667,19.39,31.5,22,42.29,19.1,40.46666667,3.53,764.0166667,91.66666667,3,24.33333333,2.28
50,0,20.73,37.7,17.79,41.5,23.13333333,36.7,19.46333333,36.96666667,19.35666667,46.59,3.06,49.3,19.39,31.5,22,42.29,19.1,40.62666667,3.5,764,92,3,24,2.3
60,0,20.7,37.7,17.79,41.56,23.2,36.7,19.39,36.82666667,19.34,46.5225,2.726666667,47.69333333,19.39,31.5,21.89,42.29,19.1,40.7,3.42,764.05,92.16666667,2.833333333,23.5,2.25
40,0,20.7,37.7225,17.79,41.59,23.2,36.62666667,19.39,36.79,19.29,46.5,2.626666667,48.93333333,19.39,31.5,21.89,42.23,19.1,40.82666667,3.33,764.1,92.33333333,2.666666667,23,2.2
20,0,20.7,37.73,17.73,41.59,23.2,36.62666667,19.39,36.79,19.35666667,46.36333333,2.626666667,49.4,19.39,31.5,21.89,42.2,19.1,40.9,3.25,764.15,92.5,2.5,22.5,2.15
40,0,20.7,37.7,17.7,41.7,23.13333333,36.62666667,19.39,36.79,19.29,46.29,2.5,49.03,19.39,31.5,21.82333333,42.06666667,19.1,41,3.17,764.2,92.66666667,2.333333333,22,2.1
40,0,20.7,37.7,17.7,41.7,23.1,36.62666667,19.39,36.79,19.29,46.26,2.433333333,49.43,19.35666667,31.5,21.85666667,42.09,19.1,41,3.08,764.25,92.83333333,2.166666667,21.5,2.05
50,0,20.7,37.7,17.6,41.56,23.03333333,36.62666667,19.39,36.79,19.29,46.2,2.4,49.93,19.35666667,31.5,21.79,41.96333333,19.1,41.09,3,764.3,93,2,21,2
50,0,20.63333333,37.62666667,17.6,41.56,23,36.59,19.39,36.73,19.29,46.09,2.4,50.32333333,19.35666667,31.5,21.79,41.86333333,19.1,41.09,2.87,764.3333333,93.5,2,28,1.93
60,0,20.6,37.59,17.6,41.59,23,36.59,19.35666667,36.7,19.29,46.03,2.363333333,50.26666667,19.29,31.5,21.79,41.79,19.1,41.23,2.73,764.3666667,94,2,35,1.87
50,0,20.6,37.59,17.6,41.59,23,36.59,19.35666667,36.7,19.29,46,2.363333333,50.86,19.29,31.5,21.76,41.9,19.1,41.29,2.6,764.4,94.5,2,42,1.8
60,0,20.6,37.59,17.6,41.7,23,36.59,19.29,36.7,19.29,46,2.626666667,51.93,19.29,31.5,21.7,41.9,19.1,41.29,2.47,764.4333333,95,2,49,1.73
50,0,20.6,37.59,17.53333333,41.7,23,36.59,19.29,36.62666667,19.29,45.96666667,2.7,51.93,19.29,31.5,21.79,41.93333333,19.1,41.29,2.33,764.4666667,95.5,2,56,1.67
50,0,20.6,37.59,17.5,41.73,23,36.62666667,19.29,36.66333333,19.29,45.9,2.7,52.2,19.29,31.5,21.73,41.93333333,19.1,41.4,2.2,764.5,96,2,63,1.6
50,0,20.53333333,37.59,17.42666667,41.73,23,36.7,19.29,36.66333333,19.29,45.79,2.6725,52.075,19.29,31.53333333,21.7,42,19.1,41.4,2.17,764.55,95.83333333,2,63,1.53
50,0,20.5,37.59,17.5,41.79,23,36.62666667,19.29,36.66333333,19.29,45.79,2.463333333,51.42666667,19.29,31.53333333,21.7,42.13333333,19.1,41.4,2.13,764.6,95.66666667,2,63,1.47
50,0,20.5,37.59,17.42666667,41.79,23,36.7,19.29,36.59,19.29,45.7,2.326666667,51.26333333,19.29,31.6,21.7,42.23,19.1,41.4,2.1,764.65,95.5,2,63,1.4
60,0,20.5,37.59,17.39,41.76,23,36.59,19.26,36.59,19.23,45.56666667,2.466666667,52.06333333,19.29,31.53333333,21.7,42.2225,19.1,41.4,2.07,764.7,95.33333333,2,63,1.33
50,0,20.5,37.59,17.39,41.76,23,36.66333333,19.2675,36.59,19.2,45.5,2.626666667,52.72666667,19.29,31.6,21.7,42.2,19.1,41.43333333,2.03,764.75,95.16666667,2,63,1.27
60,0,20.5,37.59,17.39,41.745,23,36.59,19.23,36.53,19.2,45.43333333,2.76,53.06,19.29,31.6,21.6,42.09,19.1,41.56,2,764.8,95,2,63,1.2
60,0,20.5,37.59,17.39,41.7,23,36.59,19.2,36.5,19.2,45.4,2.73,52.89666667,19.29,31.56666667,21.6,42.09,19.1,41.59,2.03,764.8833333,95.33333333,2,62.66666667,1.28
50,0,20.46333333,37.56,17.39,41.7,23,36.59,19.2,36.5,19.2,45.3725,2.93,53.62333333,19.29,31.56666667,21.6,42.29,19.1,41.66333333,2.07,764.9666667,95.66666667,2,62.33333333,1.37
50,0,20.46333333,37.56,17.39,41.62666667,23,36.59,19.2,36.5,19.2,45.29,3.09,53.66333333,19.29,31.6,21.6,42.29,19.1,41.59,2.1,765.05,96,2,62,1.45
50,0,20.39,37.5,17.39,41.62666667,23,36.59,19.2,36.5,19.2,45.26,3.163333333,53.92333333,19.29,31.6,21.6,42.29,19.16666667,41.59,2.13,765.1333333,96.33333333,2,61.66666667,1.53
50,0,20.39,37.5,17.39,41.59,23,36.53,19.2,36.5,19.2,45.2,3.566666667,54.53,19.29,31.6,21.6,42.29,19.1,41.59,2.17,765.2166667,96.66666667,2,61.33333333,1.62
50,0,20.39,37.5,17.46333333,41.66333333,22.92666667,36.59,19.2,36.56,19.2,45.09,3.76,54.66333333,19.29,31.63333333,21.6,42.29,19.1,41.59,2.2,765.3,97,2,61,1.7
60,0,20.39,37.5,17.5,41.76666667,22.92666667,36.53,19.2,36.59,19.2,45.09,4.123333333,54.96666667,19.29,31.7,21.53333333,42.36333333,19.13333333,41.59,2.55,765.35,96.5,2,61.33333333,1.98
60,0,20.39,37.5,17.5,42.02666667,22.89,36.4,19.2,36.79666667,19.23,44.33333333,4.33,54.96666667,19.2,31.6,21.53333333,42.29,19.13333333,41.53,2.9,765.4,96,2,61.66666667,2.27
80,0,20.39,37.66666667,17.5,42.32666667,22.79,36.06,19.2,37.23,19.29,43.8,4.823333333,55.26,19.2,31.6,21.6,42.29,19.2,41.5,3.25,765.45,95.5,2,62,2.55
50,0,20.39,38.19333333,17.56666667,42.46666667,22.73,35.86,19.26,37.43,19.29,43.4,5.363333333,55.06666667,19.2,31.63333333,21.5,42.26,19.13333333,41.43333333,3.6,765.5,95,2,62.33333333,2.83
50,0,20.46333333,38.53,17.86666667,42.36333333,22.73,35.76,19.23,37.46333333,19.29,43,6.2,52.045,19.2,31.7,21.5,42.06666667,19.2,41.06333333,3.95,765.55,94.5,2,62.66666667,3.12
60,0,20.46333333,38.59,18.66,41.55666667,22.79,35.62666667,19.29,37.59,19.32333333,42.63333333,6.93,44.65666667,19.16666667,31.7,21.5,41.83333333,19.26,40.59666667,4.3,765.6,94,2,63,3.4
60,10,20.5,38.72333333,19.45666667,40.05666667,22.92666667,35.56,19.29,37.76666667,19.32333333,42.3,7.456666667,37.45666667,19.16666667,31.7,21.42666667,41.56666667,19.39,40.05,4.7,765.65,92.5,2.333333333,57.33333333,3.57
60,0,20.5,38.53,20.06333333,39.33,23,35.43333333,19.35666667,37.96666667,19.39,41.93,8.1,33.23,19.13333333,31.7,21.39,41.36333333,19.39,39.63333333,5.1,765.7,91,2.666666667,51.66666667,3.73
60,0,20.53333333,38.76,20.95666667,38.16666667,23,35.36333333,19.5,38.06,19.39,41.65666667,8.56,29.15666667,19.13333333,31.7,21.39,41.23,19.46333333,39.5,5.5,765.75,89.5,3,46,3.9
70,0,20.6,38.62666667,21.56333333,37.29333333,23,35.29,19.56666667,38.06,19.42666667,41.53,8.793333333,26.6,19.1,31.66666667,21.46333333,41.16333333,19.42666667,39.32666667,5.9,765.8,88,3.333333333,40.33333333,4.07
200,0,20.6,38.66333333,21.96,36.43,23,35.26,19.65,38.09,19.42666667,41.66333333,9.26,24.12666667,19.1,31.6,21.39,41.09,19.5,39.26666667,6.3,765.85,86.5,3.666666667,34.66666667,4.23
160,0,20.6,38.59,22.16666667,35.89666667,23,35.2,19.79,37.83333333,19.35666667,41.93333333,9.3,20.82333333,19.1,31.6,21.39,41.045,19.5,39.46333333,6.7,765.9,85,4,29,4.4
50,0,20.6,38.46666667,22.34,35.44,22.89,35.16333333,19.85666667,37.62666667,19.29,42.06,9.226666667,19.36333333,19.1,31.53333333,21.35666667,40.96333333,19.5,39.92333333,6.88,765.9166667,82.83333333,4.333333333,29,4.18
160,0,20.66666667,38.52666667,22.92666667,35.29333333,22.82333333,35.09,19.92666667,37.43,19.29,42.2,9.6,17.8,19.1,31.46333333,21.35666667,41.16333333,19.56666667,40.73,7.07,765.9333333,80.66666667,4.666666667,29,3.97
60,0,20.7,38.7,23.26,36.16666667,22.66666667,34.9,20.06666667,37.23,19.29,42.2675,9.8,14.33333333,19.1,31.32333333,21.39,41.29,19.56666667,40.73,7.25,765.95,78.5,5,29,3.75
60,0,20.7,38.7,23.42666667,36.36333333,22.6,34.82666667,20.13333333,37.06,19.29,42.36333333,10.06333333,11.09666667,19.1,31.2,21.39,41.15666667,19.53333333,40.73,7.43,765.9666667,76.33333333,5.333333333,29,3.53
50,0,20.79,38.545,23.56666667,36.23,22.6,34.76,20.2,36.86,19.29,42.46666667,10.26333333,8.23,19.1,30.96333333,21.39,40.86333333,19.6,40.73,7.62,765.9833333,74.16666667,5.666666667,29,3.32
40,0,20.82333333,38.36333333,23.73,35.96,22.53333333,34.62666667,20.29,36.66333333,19.29,42.4,10.5,5.833333333,19.1,30.82333333,21.39,40.73,19.6,40.59,7.8,766,72,6,29,3.1
60,0,20.89,38.23,23.79,35.36666667,22.5,34.46666667,20.35666667,36.53,19.29,42.4,10.56666667,5.56,19.1,30.76,21.39,40.59,19.6,40.59,8.02,766,70.83333333,5.833333333,30.83333333,3.07
60,0,20.82333333,38.23,23.92666667,34.86333333,22.5,34.4,20.39,36.4,19.29,42.4,10.63,4.53,19.1,30.63333333,21.39,40.53,19.6,40.5,8.23,766,69.66666667,5.666666667,32.66666667,3.03
60,0,20.89,38.36333333,24,34.59,22.46333333,34.46666667,20.46333333,36.4,19.29,42.4,10.76333333,3.596666667,19.1,30.56666667,21.46333333,40.43,19.6,40.43333333,8.45,766,68.5,5.5,34.5,3
70,0,20.89,38.4,24,34.46666667,22.39,34.425,20.53333333,36.26,19.29,42.46666667,10.86666667,2.53,19.1,30.42666667,21.46333333,40.15666667,19.6,40.36333333,8.67,766,67.33333333,5.333333333,36.33333333,2.97
90,0,20.96333333,39.73333333,23.92666667,34.4,22.39,34.5,20.6,36.2,19.29,42.5,11.025,3.04,19.1,30.35666667,21.5,39.96666667,19.6,40.23,8.88,766,66.16666667,5.166666667,38.16666667,2.93
80,0,21.03333333,42.23333333,23.89,34.06,22.39,34.59,20.63333333,36.03,19.29,42.5,11.23333333,3.79,19.1,30.29,21.56666667,39.82666667,19.6,40.16333333,9.1,766,65,5,40,2.9
80,0,21.1,41.56666667,23.89,33.93333333,22.39,34.66333333,20.7,36.16333333,19.29,42.59,11.3,2.56,19.06666667,30.22666667,21.6,39.66333333,19.6,40.09,9.27,766,66.16666667,5,40,3.28
90,0,21.1,41.1,23.79,33.82666667,22.39,34.82666667,20.7,36.09,19.29,42.66333333,11.22666667,1.566666667,19.06666667,30.16666667,21.66666667,39.53,19.6,40,9.43,766,67.33333333,5,40,3.67
100,0,21.1,40.56666667,23.79,33.9,22.39,34.96666667,20.7,36.09,19.29,42.7,11.33,1.466666667,19.1,30.1,21.73,39.29666667,19.6,39.86333333,9.6,766,68.5,5,40,4.05
100,0,21.1,40.49,23.73,33.79,22.39,35,20.79,36.06,19.29,42.7,11.39,1,19.03333333,29.96,21.79,38.96333333,19.6,39.79,9.77,766,69.66666667,5,40,4.43
100,0,21.16666667,40.15666667,23.79,33.59666667,22.39,35.06,20.79,36,19.29,42.7,11.66666667,1.356666667,19.03333333,29.82333333,21.82333333,38.66333333,19.6,39.72333333,9.93,766,70.83333333,5,40,4.82
90,0,21.2,39.66333333,23.76,33.4,22.39,35.12666667,20.89,35.95,19.29,42.7,11.86,1.096666667,19.03333333,29.82333333,21.96333333,38.53,19.6,39.59,10.1,766,72,5,40,5.2
100,0,21.2,39.33,23.63333333,33.32666667,22.39,35.2,20.89,35.8725,19.29,42.7,11.92666667,1,19.1,29.85666667,22.03333333,38.36333333,19.6,39.46666667,10.3,765.9666667,69.16666667,5.166666667,40,4.72
90,0,21.23,39.16333333,23.56666667,33.32666667,22.39,35.2,20.89,35.745,19.35666667,42.76,12,1,19.1,29.79,22.1,38.19333333,19.6,39.4,10.4,765.9333333,66.33333333,5.333333333,40,4.23
100,0,21.29,38.89,23.4725,33.295,22.39,35.2,20.89,35.59,19.29,42.79,12.11777778,1,19.1,29.615,22.2,37.9475,19.6,39.2,10.6,765.9,63.5,5.5,40,3.75
90,0,21.32333333,38.96666667,23.32333333,33.12666667,22.39,35.2,20.89,35.53,19.34,42.7225,12.36,1,19.1,29.39,22.254,37.736,19.6,39.2,10.8,765.8666667,60.66666667,5.666666667,40,3.27
110,0,21.39,38.82666667,23.2,33,22.39,35.2,20.89,35.3725,19.35666667,42.7,12.5,1,19.1,29.254,22.315,37.525,19.53333333,39.06,10.9,765.8333333,57.83333333,5.833333333,40,2.78
90,0,21.39,38.45,23.13333333,33,22.39,35.16333333,20.89,35.23,19.39,42.7,12.5,1,19.1,29.075,22.39,37.32666667,19.6,38.93333333,11.1,765.8,55,6,40,2.3
100,0,21.5,38.26,23,32.9,22.39,35.16333333,20.89,35.094,19.39,42.62666667,12.6925,1,19.1,28.92666667,22.4725,37.195,19.6,38.9,11.2,765.75,54.66666667,5.833333333,40,2.3
90,0,21.5,38.12666667,22.92666667,32.96666667,22.42666667,35.12666667,20.89,34.93333333,19.42666667,42.69666667,12.89,1,19.1,28.89,22.5,37.16333333,19.6,38.82666667,11.3,765.7,54.33333333,5.666666667,40,2.3
70,0,21.53333333,37.9,22.85666667,33,22.5,35.2,20.89,34.96333333,19.56666667,43.03,13.03333333,1,19.16666667,28.82333333,22.39,37.06666667,19.6,38.63333333,11.4,765.65,54,5.5,40,2.3
60,0,21.6,37.42666667,22.73,33.13333333,22.39,35.16333333,20.89,35.09,19.5,42.96666667,13.1,1,19.2,28.89,22.39,37.2,19.6,38.5,11.5,765.6,53.66666667,5.333333333,40,2.3
60,0,21.63333333,36.66,22.56666667,33.23,22.39,35.09,20.89,35,19.5,42.82666667,13.13,1,19.2,28.82333333,22.5,37.2,19.6,38.4,11.6,765.55,53.33333333,5.166666667,40,2.3
80,0,21.7,36.19333333,22.5,32.95666667,22.39,35.03,20.89,34.8,19.5,42.52666667,13.295,1,19.2,28.79,22.5,37.2,19.6,38.32666667,11.7,765.5,53,5,40,2.3
80,0,21.7,35.69333333,22.35666667,32.73,22.29,34.9,20.89,34.59,19.5,42.26666667,13.46333333,1,19.2,28.73,22.5,37.16333333,19.6,38.2,11.8,765.4666667,51.33333333,4.833333333,40,1.92
120,0,21.7,35.56,22.29,32.79,22.29,34.82666667,20.89,34.53,19.5,41.93,13.53333333,1,19.2,28.66666667,22.56666667,37.03,19.6,38.12666667,11.9,765.4333333,49.66666667,4.666666667,40,1.53
120,0,21.79,35.86333333,22.26,32.63333333,22.29,34.66333333,20.92666667,34.86,19.5,41.65666667,13.6,1,19.26,28.53333333,22.6,36.86333333,19.6,38.045,12.1,765.4,48,4.5,40,1.15
110,0,21.79,35.73,22.2,32.43333333,22.29,34.46333333,21,35,19.42666667,41.29,13.63,1,19.2,28.26,22.6,36.73,19.6,37.96666667,12.2,765.3666667,46.33333333,4.333333333,40,0.767
140,0,21.82333333,35.29666667,22.13333333,32.36333333,22.29,34.22333333,21.03333333,35.12666667,19.5,41.15666667,13.69,1,19.26,28.2,22.7,36.59,19.6,37.9,12.3,765.3333333,44.66666667,4.166666667,40,0.383
110,0,21.89,35.03,22.13333333,32.23,22.29,34.03,21.1,35.2,19.5,40.86333333,13.83,1,19.29,28.06666667,22.7,36.53,19.6,37.79,12.4,765.3,43,4,40,0
110,0,21.89,34.9,22.1,32.12666667,22.39,33.9,21.1,35.045,19.5,40.73,13.89,1,19.29,28,22.79,36.4,19.6,37.73,12.5,765.3,43.16666667,4.166666667,40,0.15
110,0,21.89,34.9,22.1,32.26,22.39,33.9,21.1,34.93333333,19.5,40.59,14,1,19.29,27.96333333,22.79,36.32666667,19.6,37.59,12.6,765.3,43.33333333,4.333333333,40,0.3
120,0,22,34.9,22,32.09,22.39,34,21.1,35,19.5,40.53,14,1,19.29,27.89,22.79,36.2,19.6,37.59,12.8,765.3,43.5,4.5,40,0.45
100,0,22,34.9,22,32.09,22.39,34.06,21.15,34.925,19.5,40.5,14.03333333,1,19.29,27.76,22.815,36.1175,19.6,37.56,12.9,765.3,43.66666667,4.666666667,40,0.6
80,0,22.1,34.96666667,22,32.09,22.39,34.09,21.16666667,34.9,19.5,40.5,14.16,1,19.35666667,27.63333333,22.89,36.09,19.6,37.5,13,765.3,43.83333333,4.833333333,40,0.75
100,0,22.1,34.76666667,21.89,31.96333333,22.39,34.09,21.2,34.63333333,19.5,40.5,14.19,1,19.39,27.55,22.89,36,19.6,37.5,13.1,765.3,44,5,40,0.9
270,0,22.13333333,34.56,21.89,31.82333333,22.39,34.2,21.26,34.5,19.5,40.36333333,14.26333333,1,19.39,27.35666667,22.89,36,19.6,37.43333333,13.2,765.3166667,43.33333333,4.833333333,40,0.817
250,0,22.2,34.8,21.79,31.56666667,22.46333333,34.26,21.23,34.59,19.5,40.23,14.36,1,19.39,27.15333333,22.9175,35.9475,19.6,37.4,13.3,765.3333333,42.66666667,4.666666667,40,0.733
110,0,22.2,37.36666667,21.73,31.5,22.5,34.29,21.29,34.612,19.6,40.2,14.345,1,19.39,27,23,35.7225,19.6,37.32666667,13.4,765.35,42,4.5,40,0.65
130,0,22.29,38.86,21.7,31.76333333,22.5,34.29,21.29,34.83333333,19.6,40.2,14.42666667,1,19.39,27,23,35.62666667,19.6,37.36333333,13.6,765.3666667,41.33333333,4.333333333,40,0.567
430,0,22.35666667,39.39333333,21.7,32.02333333,22.5,34.43333333,21.29,35.15666667,19.7,40.43333333,14.56666667,1,19.39,27,23,35.7,19.6,37.29,13.7,765.3833333,40.66666667,4.166666667,40,0.483
300,0,22.39,38.02666667,21.7,32.26666667,22.56666667,34.56,21.35666667,35.36333333,19.7,40.56,14.55,1,19.39,27,23,35.79,19.6,37.29,13.8,765.4,40,4,40,0.4
270,0,22.39,37.3,21.7,32.46666667,22.6,34.845,21.32333333,35.4,19.79,40.59,14.46333333,1,19.39,27,23,35.79,19.66666667,37.36333333,13.8,765.4166667,39.66666667,4,40,0.283
240,0,22.39,36.76,21.6,32.53,22.6,34.82666667,21.39,35.4,19.85666667,40.66333333,14.46333333,1,19.46333333,27.06666667,23,36.63,19.66666667,37.2,13.8,765.4333333,39.33333333,4,40,0.167
220,0,22.46333333,36.7,21.6,32.59,22.6,34.82666667,21.39,35.425,19.89,40.5,14.42666667,1,19.46333333,27.06666667,23.06666667,37.49666667,19.66666667,37.2,13.8,765.45,39,4,40,0.05
360,0,22.5,36.59,21.5,32.7,22.6,34.73,21.39,35.56,19.89,40.43333333,14.5,1,19.46333333,27.06666667,23.13333333,37.49,19.6,37.2,13.7,765.4666667,38.66666667,4,40,-0.0667
430,0,22.5,36.66333333,21.5,32.83333333,22.66666667,34.79,21.39,35.59,20.03333333,40.4,14.5,1,19.46333333,27.06666667,23.13333333,37.15666667,19.6,37.09,13.7,765.4833333,38.33333333,4,40,-0.183
450,0,22.6,36.99333333,21.5,33.33,22.7,34.82666667,21.39,35.59,20.1,40.4,14.42666667,1,19.5,27.03333333,23.2,36.76,19.6,37.09,13.7,765.5,38,4,40,-0.3
440,0,22.79333333,37.6,21.5,34.33,22.7,34.9,21.39,35.69333333,20.1,40.4,14.39,1,19.5,27.1,23.2,36.5,19.6,37,13.6,765.5,38.33333333,4,40,-0.25
410,0,23.3,36.96,21.53333333,35.32666667,22.73,35.03,21.4975,36.4,20.1,40.46666667,14.39,1,19.5,27.06666667,23.2,36.2,19.6,36.93333333,13.6,765.5,38.66666667,4,40,-0.2
100,0,23.63333333,36.42666667,21.6,35.4,22.79,35.09,21.6,36.7,20.1,40.59,14.26333333,1,19.5,27,23.2,36.26,19.6,36.86333333,13.5,765.5,39,4,40,-0.15
120,0,23.63333333,35.99,21.6,35.4,22.79,35.09,21.6,36.49,20.1,40.66333333,14.13,1,19.5,26.96333333,23.2,36.46333333,19.6,36.79,13.4,765.5,39.33333333,4,40,-0.1
110,0,23.42666667,35.65666667,21.53333333,35.32666667,22.79,35.09,21.6,36.23,20.1,40.59,14.03,1,19.5,26.89,23.26,36.72333333,19.6,36.7,13.4,765.5,39.66666667,4,40,-0.05
120,0,23.35666667,35.46666667,21.5,35.2,22.79,35.09,21.6,35.93,20.16666667,40.53,13.75666667,1,19.5,26.85666667,23.29,37.245,19.6,36.62666667,13.3,765.5,40,4,40,0
120,10,23.29,35.32666667,21.5,35.06,22.79,35.03,21.53333333,35.65666667,20.1,40.45,13.6,1,19.5,26.79,23.29,37.73,19.63333333,36.36,13.2,765.5166667,40.83333333,3.833333333,40,0.15
100,0,23.26,35.06,21.42666667,34.8,22.79,35,21.5,35.36333333,20.1,40.43333333,13.66,1,19.5,26.865,23.29,37.79,19.63333333,36.43333333,13,765.5333333,41.66666667,3.666666667,40,0.3
170,0,23.175,34.82,21.35666667,34.52666667,22.79,35,21.5,35.15666667,21.16666667,69.62666667,14.29333333,1,19.5,26.82333333,23.29,37.4,19.6,36.33333333,12.9,765.55,42.5,3.5,40,0.45
100,0,23.1,34.7,21.29,34.46666667,22.79,35,21.5,34.96666667,22.19,81,14.56666667,1,19.5,26.82333333,23.29,37.46,19.66666667,36.12666667,12.8,765.5666667,43.33333333,3.333333333,40,0.6
90,0,23.1,34.7,21.26,35,22.79,35,21.42666667,34.76666667,21.59666667,81.26,14.02666667,1,19.5,26.89,23.32333333,37.9,19.63333333,36.12666667,12.6,765.5833333,44.16666667,3.166666667,40,0.75
90,0,23.1,34.76,21.2,35.26,22.76,34.9,21.39,34.66333333,21.22666667,81.26,12.69333333,1,19.5,26.82333333,23.39,37.82666667,19.63333333,36.12666667,12.5,765.6,45,3,40,0.9
90,0,23.06666667,34.76,21.1,35.46666667,22.7,34.9,21.39,34.59,20.96,81.59333333,11.495,1,19.5,26.82333333,23.39,37.7,19.6,35.96666667,12.1,765.65,46.83333333,3,40,1.02
120,0,23,34.76,21.03333333,35.32666667,22.6,34.9,21.35666667,34.59,20.79,80.69333333,10.19333333,1,19.5,27.03,23.39,37.7,19.6,35.69333333,11.7,765.7,48.66666667,3,40,1.13
120,0,23,34.79,20.96333333,35.29,22.56666667,35,21.29,34.66333333,20.73,79.3,9.466666667,1,19.5,27.23,23.5,37.79,19.6,35.1,11.3,765.75,50.5,3,40,1.25
110,0,22.92666667,34.79,20.89,35.29,22.5,35,21.29,34.7,20.66666667,76.32333333,8.723333333,1,19.5,27.35666667,23.5,37.73,19.6,34.69333333,10.9,765.8,52.33333333,3,40,1.37
110,0,22.89,34.79,20.79,35.2,22.5,35.03,21.29,34.7,20.6,73.25666667,8.196666667,1.526666667,19.5,27.46,23.5,37.59,19.55,34.19,10.5,765.85,54.16666667,3,40,1.48
100,0,22.89,34.86333333,20.73,35.26,22.5,35.09,21.26,34.66333333,20.5,69.75666667,7.7,2.96,19.5,27.6,23.5,37.59,19.5,33.96666667,10.1,765.9,56,3,40,1.6
100,10,22.79,34.73,20.7,35.29,22.5,35.2,21.2,34.66333333,20.42666667,66.63,7.366666667,4.233333333,19.42666667,27.73,23.5,37.59,19.5,33.76666667,9.82,765.9166667,57,2.833333333,40,1.57
70,0,22.79,34.79,20.63333333,35.23,22.42666667,35.2,21.2,34.83333333,20.39,64.99333333,6.896666667,5.066666667,19.5,27.93,23.5,37.66333333,19.5,34.23333333,9.53,765.9333333,58,2.666666667,40,1.53
80,0,22.76,34.93333333,20.56666667,35.36,22.39,35.32666667,21.2,34.595,20.32333333,63.73333333,6.563333333,5.526666667,19.5,28.13333333,23.6,37.86,19.5,35.23333333,9.25,765.95,59,2.5,40,1.5
80,0,22.7,35,20.5,35.56,22.39,35.46666667,21.2,34.43333333,20.29,61.2,6.23,6.393333333,19.5,28.26,23.6,38,19.5,36.22666667,8.97,765.9666667,60,2.333333333,40,1.47
80,0,22.7,35.26,20.35666667,35.76666667,22.39,35.5,21.16666667,34.4,20.29,59.59333333,6.09,7.533333333,19.5,28.42666667,23.6,38,19.5,36.63333333,8.68,765.9833333,61,2.166666667,40,1.43
80,0,22.63333333,35.12666667,20.29,35.96666667,22.39,35.5,21.1,34.4,20.2,58.26333333,5.866666667,8.596666667,19.5,28.5,23.53333333,38.06,19.5,37.06666667,8.4,766,62,2,40,1.4
90,0,22.6,35.23,20.26,36.09,22.39,35.53,21.1,34.46666667,20.2,57.39666667,5.726666667,9.063333333,19.5,28.63333333,23.5,38.36,19.56666667,37.26,8.18,766,63,2,40,1.43
80,0,22.53333333,35.23,20.125,36.1725,22.39,35.53,21.1,34.32666667,20.2,56.45,5.433333333,9.226666667,19.5,28.7225,23.5,38.56,19.53333333,37.5,7.97,766,64,2,40,1.47
70,0,22.5,35.29,20.03333333,36.2,22.39,35.59,21.06666667,34.26,20.16666667,55.53333333,5.226666667,9.56,19.5,28.79,23.6,38.895,19.53333333,37.56,7.75,766,65,2,40,1.5
60,0,22.5,35.23,19.96333333,36.29,22.32333333,35.66333333,21,34.2,20.1,54.92666667,5.19,10.39333333,19.5,28.89,23.6,39.26666667,19.6,37.73,7.53,766,66,2,40,1.53
40,0,22.445,35.1,19.89,36.36333333,22.29,35.66333333,21,34.09,20.1,54.29666667,5.123333333,10.8,19.5,28.96333333,23.6,39.46666667,19.6,37.86333333,7.32,766,67,2,40,1.57
40,0,22.39,35.06,19.85666667,36.5,22.29,35.66333333,21,34.09,20.1,53.83,5.045,11.995,19.5,29.03333333,23.63333333,39.8,19.6,37.93333333,7.1,766,68,2,40,1.6
30,0,22.39,35.06,19.79,36.5,22.29,35.7,20.96333333,34.09,20.1,53.29666667,4.966666667,12.79333333,19.5,29.1,23.7,40.19333333,19.6,38,6.97,766,68.16666667,1.833333333,40,1.48
50,0,22.29,35.09,19.7,36.62666667,22.23,35.62666667,20.89,34.03,20.1,52.89,4.833333333,13.66666667,19.5,29.1,23.66666667,40.46666667,19.6,38.12666667,6.83,766,68.33333333,1.666666667,40,1.37
60,0,22.29,35.09,19.63333333,36.76,22.26,35.72333333,20.89,34.09,20.06666667,52.36333333,4.8,14.59,19.5,29.16666667,23.6,40.46666667,19.6,38.2,6.7,766,68.5,1.5,40,1.25
60,0,22.2,35.09,19.56666667,36.82666667,22.2,35.6725,20.89,34.09,20.06666667,51.96333333,4.726666667,15.19666667,19.5,29.29,23.56666667,40.65666667,19.6,38.29,6.57,766,68.66666667,1.333333333,40,1.13
50,0,22.2,35.09,19.5,36.96666667,22.2,35.7,20.89,34.09,20,51.52666667,4.59,16.1,19.5,29.29,23.5,40.79,19.6,38.36333333,6.43,766,68.83333333,1.166666667,40,1.02
50,0,22.2,35.16333333,19.39,37,22.2,35.7,20.89,34.09,20,51.26666667,4.53,17.3,19.46333333,29.26,23.39,40.7,19.6,38.45,6.3,766,69,1,40,0.9
50,0,22.13333333,35.16333333,19.39,37.06,22.2,35.7,20.85666667,34.06,20,51.06,4.56,17.2,19.46333333,29.32666667,23.32333333,40.7,19.6,38.5,6.17,766,69.66666667,1,40,0.917
60,0,22.1,35.2,19.29,37.12666667,22.2,35.7,20.79,34,20,50.93333333,4.5,17.46666667,19.42666667,29.32333333,23.26,41,19.6,38.56,6.03,766,70.33333333,1,40,0.933
50,0,22.1,35.2,19.23,37.2,22.2,35.7,20.79,33.9,20,50.76,4.5,17.23,19.5,29.39,23.2,41.4,19.6,38.62666667,5.9,766,71,1,40,0.95
60,0,22,35.23,19.2,37.23,22.2,35.7,20.79,33.9,20,50.56666667,4.56,17.02333333,19.42666667,29.32333333,23.2,41.76666667,19.6,38.7,5.77,766,71.66666667,1,40,0.967
60,0,22,35.36333333,19.13333333,37.29,22.2,35.7,20.73,33.9,19.89,50.43,4.56,17.62333333,19.5,29.39,23.13333333,41.96666667,19.6,38.79,5.63,766,72.33333333,1,40,0.983
60,0,21.96333333,35.43333333,19.1,37.4,22.2,35.76,20.7,34,19.89,50.23,4.5,17.69,19.42666667,29.32333333,23.1,42.3,19.6,38.86333333,5.5,766,73,1,40,1
50,0,21.89,35.56,19.1,37.4,22.2,35.7,20.7,34,19.89,50.06,4.366666667,17.93,19.42666667,29.32333333,23.1,42.69333333,19.6,38.9,5.2,765.9333333,75.33333333,1,40,1.12
50,0,21.89,35.59,19,37.43333333,22.2,35.73,20.7,34.09,19.89,49.86,4.16,18.59666667,19.39,29.29,23.1,42.96333333,19.6,38.96666667,4.9,765.8666667,77.66666667,1,40,1.23
50,0,21.82333333,35.53,18.9175,37.5225,22.2,35.73,20.7,34.09,19.89,49.66333333,3.76,18.9,19.4725,29.365,23.1,43.16333333,19.6,39.03,4.6,765.8,80,1,40,1.35
50,0,21.79,35.53,18.82333333,37.53,22.2,35.79,20.7,34.2,19.89,49.4975,3.595,20.2425,19.42666667,29.39,23,43.03,19.6,39.16333333,4.3,765.7333333,82.33333333,1,40,1.47
50,0,21.73,35.59,18.79,37.59,22.2,35.73,20.7,34.2,19.89,49.26666667,3.433333333,21.76333333,19.39,29.39,23,43.1175,19.6,39.2,4,765.6666667,84.66666667,1,40,1.58
20,0,21.7,35.59,18.79,37.66333333,22.2,35.7,20.66666667,34.2,19.79,48.96666667,3.133333333,23.02333333,19.39,29.39,23,43.12666667,19.6,39.2,3.7,765.6,87,1,40,1.7
40,0,21.7,35.59,18.7,37.73,22.2,35.7,20.6,34.2,19.79,48.82666667,2.933333333,23.83,19.39,29.39,22.89,42.93,19.6,39.2,3.65,765.5833333,87,1,40,1.65
30,0,21.7,35.59,18.7,37.86333333,22.23,35.59,20.6,34.2,19.79,48.66333333,2.7,24.8,19.39,29.39,22.89,42.73,19.6,39.2,3.6,765.5666667,87,1,40,1.6
50,0,21.6,35.5,18.6,37.9,22.23,35.53,20.6,34.2,19.79,48.53,2.7,25.59333333,19.39,29.46333333,22.89,42.46666667,19.6,39.2,3.55,765.55,87,1,40,1.55
60,0,21.6,35.5,18.6,37.9,22.2,35.5,20.6,34.29,19.79,48.36333333,2.73,27.19333333,19.39,29.46333333,22.89,42.4,19.6,39.2,3.5,765.5333333,87,1,40,1.5
40,0,21.5,35.59,18.56666667,38,22.2675,35.595,20.6,34.29,19.79,48.29,2.79,28.73333333,19.39,29.42666667,22.79,42.23,19.66666667,39.36333333,3.45,765.5166667,87,1,40,1.45
50,0,21.5,35.59,18.5,38,22.29,35.7,20.5,34.32666667,19.76,48.16333333,2.76,30.1,19.39,29.5,22.79,42.29,19.6,39.29,3.4,765.5,87,1,40,1.4
50,0,21.5,35.7,18.5,38.09,22.29,35.73,20.5,34.4,19.76,47.96333333,2.566666667,30.36666667,19.39,29.5,22.76,42.29,19.6,39.4,3.17,765.4833333,88,1,40,1.32
50,0,21.5,35.7,18.42666667,38.09,22.29,35.79,20.5,34.4,19.7,47.86333333,2.363333333,31.36333333,19.39,29.5,22.7,42.29,19.6,39.4,2.93,765.4666667,89,1,40,1.23
60,0,21.39,35.62666667,18.39,38.09,22.32333333,35.79,20.5,34.4,19.7,47.73,2.23,32.43,19.39,29.5,22.7,42.4,19.6,39.46666667,2.7,765.45,90,1,40,1.15
60,0,21.39,35.7,18.39,38.09,22.39,35.86333333,20.5,34.4,19.7,47.56,2.163333333,33.59333333,19.39,29.5,22.7,42.4,19.6,39.5,2.47,765.4333333,91,1,40,1.07
50,0,21.39,35.7,18.32333333,38.2,22.39,35.93333333,20.5,34.4,19.7,47.5,2.09,34.06666667,19.39,29.5,22.66666667,42.22333333,19.6,39.56,2.23,765.4166667,92,1,40,0.983
50,0,21.32333333,35.7,18.32333333,38.2,22.39,35.93333333,20.5,34.4,19.7,47.36333333,1.966666667,33.76333333,19.39,29.5,22.6,42.03,19.6,39.59,2,765.4,93,1,40,0.9
50,0,21.29,35.79,18.29,38.29,22.42666667,36.03,20.39,34.29,19.7,47.23,1.9,34.56333333,19.39,29.5,22.6,42.03,19.6,39.59,2.03,765.35,92.33333333,1,38,0.85
50,0,21.29,35.79,18.29,38.29,22.5,36.09,20.39,34.29,19.7,47.09,1.9,35.745,19.39,29.5,22.6,42.03,19.66666667,39.7,2.07,765.3,91.66666667,1,36,0.8
50,0,21.29,35.79,18.2,38.29,22.5,36.2,20.39,34.29,19.7,47.03,1.726666667,35.79,19.39,29.6,22.56666667,41.9,19.6,39.7,2.1,765.25,91,1,34,0.75
60,0,21.23,35.79,18.2,38.29,22.5,36.26,20.39,34.29,19.6,46.86333333,1.533333333,35.79,19.39,29.6,22.5,41.82666667,19.63333333,39.73,2.13,765.2,90.33333333,1,32,0.7
50,0,21.2,35.9,18.13333333,38.36333333,22.5,36.23,20.39,34.29,19.6,46.7675,1.39,36.23333333,19.39,29.6,22.5,41.82666667,19.63333333,39.73,2.17,765.15,89.66666667,1,30,0.65
70,0,21.2,35.9,18.1,38.46666667,22.5,36.29,20.39,34.29,19.66666667,46.7,1.323333333,37.02666667,19.39,29.6,22.5,41.82666667,19.6,39.79,2.2,765.1,89,1,28,0.6
70,0,21.2,35.89,18.1,38.52666667,22.46333333,36.22333333,20.35666667,34.29,19.66666667,46.56,1.29,37.66666667,19.39,29.66666667,22.445,41.745,19.6,39.79,2.13,765.0666667,89.33333333,1,28,0.583
40,10,21.2,36.195,18.1,39.22666667,22.39,35.89,20.29,34.23,19.6,46.5,1.34,38.1,19.39,29.63333333,22.39,41.7,19.6,39.79,2.07,765.0333333,89.66666667,1,28,0.567
40,0,21.2,36.29,18.03333333,39.63333333,22.29,35.72333333,20.29,34.29,19.6,46.5,1.356666667,38.43333333,19.39,29.7,22.39,41.7,19.6,39.79,2,765,90,1,28,0.55
230,0,21.2,36.26,18,39.93333333,22.23,35.46333333,20.29,34.29,19.6,46.5,1.29,38.76666667,19.32333333,29.7,22.39,41.7,19.6,39.76,1.93,764.9666667,90.33333333,1,28,0.533
170,0,21.2,36.2,18,40,22.2,35.26,20.29,34.23,19.6,46.5,1.39,39.26666667,19.39,29.7,22.32333333,41.7,19.6,39.76,1.87,764.9333333,90.66666667,1,28,0.517
60,0,21.2,36.15666667,18,40.09,22.125,35.145,20.29,34.23,19.6,46.5,1.463333333,39.6,19.32333333,29.7,22.29,41.7,19.6,39.7,1.8,764.9,91,1,28,0.5
70,0,21.2,36.29,18,40.16333333,22.1,35.2,20.29,34.29,19.6,46.4,1.533333333,39.79,19.39,29.7,22.29,41.7,19.6,39.7,1.78,764.8333333,91.5,1,27.83333333,0.55
90,0,21.2,36.43333333,18,40.2,22.1,35.16333333,20.29,34.29,19.6,46.26666667,1.6,39.93,19.29,29.7,22.29,41.76,19.6,39.59,1.77,764.7666667,92,1,27.66666667,0.6
80,0,21.2,36.43333333,18,40.2,22.1,35.09,20.26,34.36333333,19.6,46.29,1.73,40.19333333,19.29,29.7,22.29,41.56666667,19.6,39.48,1.75,764.7,92.5,1,27.5,0.65
80,0,21.2,36.4,18,40.29,22.1,35.06,20.2,34.36333333,19.6,46.23,1.93,40.66,19.29,29.7,22.29,41.33333333,19.57142857,39.36857143,1.73,764.6333333,93,1,27.33333333,0.7
80,0,21.2,36.32666667,18.06666667,40.36333333,22.1,35,20.2,34.53,19.6,46.16333333,2.156666667,40.93333333,19.29,29.7,22.23,41,19.56,39.2,1.72,764.5666667,93.5,1,27.16666667,0.75
80,0,21.2,36.43333333,18.1,40.4,22.2,35,20.32,34.8425,19.6,46.09,2.4975,41,19.33,29.7,22.16666667,40.76,19.5,39.12428571,1.7,764.5,94,1,27,0.8
80,0,21.2,36.5,18.1,40.4,22.2,34.93333333,20.56666667,35.26,19.56666667,45.96666667,2.9,41.06,19.34714286,29.73857143,22.16666667,40.56666667,19.5,38.918,2.27,764.5,92.33333333,1,29.16666667,1.1
70,0,21.2,36.73,18.13333333,40.29,22.2,34.9,20.76333333,35.56666667,19.5,45.9,3.426666667,41.73333333,19.29,29.736,22.1,40.33333333,19.5,38.76428571,2.83,764.5,90.66666667,1,31.33333333,1.4
80,0,21.2,36.79,18.2,40.29,22.2,34.9,20.96333333,35.7,19.5,45.86333333,4.1,43,19.36142857,29.76428571,22.1,40.12666667,19.5,38.554,3.4,764.5,89,1,33.5,1.7
340,0,21.2,36.79,18.32333333,40.29,22.2,34.82666667,21.13333333,35.79,19.5,45.79,5.456666667,45.8,19.33,29.79,22,39.9,19.5,38.36714286,3.97,764.5,87.33333333,1,35.66666667,2
370,0,21.2,36.73,18.6725,40.2475,22.2,34.9,21.2,35.65666667,19.5,45.7,6.856666667,45.06666667,19.39,29.79,22.06666667,39.82666667,19.56,38.038,4.53,764.5,85.66666667,1,37.83333333,2.3
80,0,21.2,36.73,19.5,39.36,22.29,34.86333333,21.29,35.73,19.575,45.595,8.46,37.03,19.39,29.79,22,39.66333333,19.67142857,37.76428571,5.1,764.5,84,1,40,2.6
50,0,21.26,36.93,20.3,38.23333333,22.35666667,34.73,21.29,35.86333333,19.53333333,45.43333333,9.533333333,29.76333333,19.39,29.79,22,39.53,19.7,37.7,5.67,764.4833333,82,1,38.16666667,2.77
50,0,21.29,37,20.83333333,37.56666667,22.53333333,34.66333333,21.35666667,35.86333333,19.56666667,45.33333333,10.7,19.2,19.39,29.7675,22,39.4,19.7,37.84,6.23,764.4666667,80,1,36.33333333,2.93
40,0,21.29,37.06,21.66666667,36.55666667,22.6,34.53,21.35666667,35.79,19.5,45.2,11.43333333,9.6,19.39,29.7,22,39.295,19.754,37.9,6.8,764.45,78,1,34.5,3.1
50,0,21.29,37.145,22.33333333,35.69666667,22.6,34.5,21.39,35.79,19.53333333,45.06,12.35666667,4.36,19.39,29.7,21.92666667,39.12666667,19.79,37.9,7.37,764.4333333,76,1,32.66666667,3.27
50,0,21.39,37.09,22.92666667,34.62333333,22.6,34.5,21.39,35.79,19.6,44.93333333,13.02333333,2.233333333,19.39,29.7,21.89,39,19.79,37.9,7.93,764.4166667,74,1,30.83333333,3.43
50,0,21.39,36.96333333,23.32666667,33.62333333,22.56666667,34.53,21.53333333,35.9,19.53333333,44.86333333,13.66666667,1,19.39,29.7,21.89,38.93333333,19.81857143,37.92857143,8.5,764.4,72,1,29,3.6
60,0,21.42666667,36.79,23.76333333,32.92333333,22.5,34.59,21.6,35.62666667,19.53333333,44.73,14,1,19.39,29.6,21.89,38.76,19.79,37.96,8.93,764.35,69.66666667,1.166666667,29,3.52
50,0,21.5,36.73,24.03,32.39,22.5,34.7,21.7,35.56,19.5,44.59,14.43,1,19.39,29.54285714,21.89,38.7,19.79,38,9.37,764.3,67.33333333,1.333333333,29,3.43
70,0,21.5,36.66333333,24.42666667,31.82666667,22.5,34.79,21.76,35.43333333,19.56666667,44.53,14.89666667,1,19.39,29.54,21.82333333,38.56666667,19.79,38.2,9.8,764.25,65,1.5,29,3.35
50,0,21.5,36.59,24.63333333,31.56666667,22.5,34.79,21.92666667,35.46666667,19.5,44.4,15.25666667,1,19.39,29.5,21.82333333,38.56666667,19.79,38.25142857,10.2,764.2,62.66666667,1.666666667,29,3.27
50,0,21.6,36.5,24.82333333,31.26,22.53333333,34.93333333,22,35.4,19.56666667,44.32666667,15.59,1,19.434,29.6,21.79,38.5,19.79,38.356,10.7,764.15,60.33333333,1.833333333,29,3.18
60,0,21.6,36.5,24.89,31.06666667,22.6,34.93333333,22.1,35.36333333,19.6,44.29,16.045,1,19.46857143,29.65714286,21.79,38.5,19.83285714,38.47142857,11.1,764.1,58,2,29,3.1
50,0,21.63333333,36.5,25.1,30.76,22.6,35.03,22.125,35.29,19.6,44.23,16.32333333,1,19.456,29.66,21.79,38.5,19.79,38.5,11.4,764.0583333,56.33333333,2.083333333,29.91666667,2.88
50,0,21.63333333,36.43333333,25.1,30.63333333,22.6,35.09,22.2,35.23,19.6,44.16333333,16.53,1,19.5,29.7,21.79,38.43333333,19.79,38.5,11.7,764.0166667,54.66666667,2.166666667,30.83333333,2.67
50,0,21.7,36.46666667,25.1,30.5,22.6,35.09,22.29,35.16333333,19.6,44.09,16.82333333,1,19.5,29.7,21.79,38.4,19.79,38.46,12,763.975,53,2.25,31.75,2.45
50,0,21.7,36.4,25.1,30.5,22.6,35.09,22.29,35.09,19.6,44,16.96333333,1,19.5,29.7,21.79,38.32666667,19.8025,38.4375,12.3,763.9333333,51.33333333,2.333333333,32.66666667,2.23
60,0,21.7,36.36333333,25.1,30.46333333,22.6,35.12666667,22.32333333,34.96666667,19.6,44,17.03333333,1,19.5,29.64,21.76,38.26,19.81857143,38.42857143,12.6,763.8916667,49.66666667,2.416666667,33.58333333,2.02
50,0,21.76,36.36333333,25.1,30.39,22.6,35.2,22.39,34.9,19.6,43.96666667,17.22666667,1,19.5,29.6,21.76,38.12666667,19.79,38.356,12.9,763.85,48,2.5,34.5,1.8
60,0,21.79,36.4,25,30.39,22.6,35.2,22.42666667,34.79,19.6,43.9,17.22666667,1,19.54,29.56,21.76,38.09,19.81857143,38.32142857,13.3,763.8083333,46.33333333,2.583333333,35.41666667,1.58
50,0,21.79,36.4,25,30.35666667,22.6,35.2,22.5,34.73,19.6,43.9,17.29333333,1,19.57142857,29.5,21.7,38.03,19.79,38.272,13.6,763.7666667,44.66666667,2.666666667,36.33333333,1.37
50,0,21.89,36.36333333,24.92666667,30.29,22.6,35.2,22.5,34.59,19.6,43.86333333,17.5,1,19.6,29.5,21.7,37.9,19.79,38.2,13.9,763.725,43,2.75,37.25,1.15
50,0,21.89,36.29,24.89,30.29,22.6,35.2,22.5,34.53,19.6,43.79,17.56666667,1,19.6,29.45285714,21.7,37.82666667,19.79,38.09,14.2,763.6833333,41.33333333,2.833333333,38.16666667,0.933
50,0,21.89,36.4,24.82333333,30.23,22.6,35.2,22.53333333,34.5,19.6,43.76,17.69666667,1,19.6,29.39,21.7,37.79,19.80428571,38.05142857,14.5,763.6416667,39.66666667,2.916666667,39.08333333,0.717
60,0,21.92666667,36.33333333,24.76,30.23,22.6,35.2,22.6,34.43333333,19.6,43.7,17.82333333,1,19.65714286,29.45285714,21.7,37.7,19.83,38.016,14.8,763.6,38,3,40,0.5
70,0,22,36.2,24.7,30.29,22.6,35.2,22.6,34.29,19.63333333,43.73,17.96,1,19.7,29.5,21.76,37.76,19.81857143,37.9,14.9,763.5166667,37.75,3,38.91666667,0.508
80,0,22.03333333,36.09,24.7,30.29,22.6,35.2,22.6,34.23,19.63333333,43.73,18.03333333,1,19.7,29.42142857,21.92666667,37.9,19.83,37.834,15,763.4333333,37.5,3,37.83333333,0.517
100,0,22.1,36.03,24.63333333,30.23,22.6,35.2,22.6,34.16333333,19.66666667,43.72333333,18.23,1,19.79,29.29,22.06666667,38.02666667,19.80428571,37.75428571,15.1,763.35,37.25,3,36.75,0.525
90,0,22.13333333,35.9,24.5,30.29,22.53333333,35.29,22.6,34.03,19.6,43.59,18.43,1,19.83,29.33,22.23,38.23,19.79,37.7,15.2,763.2666667,37,3,35.66666667,0.533
90,0,22.2,35.82666667,24.42666667,30.29,22.6,35.29,22.6,34,19.6,43.59,18.56666667,1,19.89,29.33285714,22.29,38.29,19.79,37.62142857,15.3,763.1833333,36.75,3,34.58333333,0.542
70,0,22.2,35.79,24.35666667,30.42666667,22.6,35.32666667,22.6,34,19.66666667,43.66333333,18.63333333,1,19.956,29.236,22.42666667,38.43333333,19.79,37.59,15.4,763.1,36.5,3,33.5,0.55
80,0,22.26,35.79,24.23,30.5,22.6,35.32666667,22.6,33.9,19.7,43.66333333,18.89,1,20,29.1,22.5,38.56,19.79,37.51285714,15.6,763.0166667,36.25,3,32.41666667,0.558
70,0,22.29,35.7,24.1,30.53333333,22.63333333,35.36,22.6,33.795,19.7,43.59,19.095,1,20.1,28.956,22.6,38.56,19.79,37.5,15.7,762.9333333,36,3,31.33333333,0.567
90,0,22.35666667,35.7,24.1,30.66666667,22.7,35.5,22.53333333,33.62666667,20.92666667,76.36666667,19.43,1,20.1,28.82,22.6,38.3,19.79,37.42857143,15.8,762.85,35.75,3,30.25,0.575
80,0,22.39,35.66333333,24,30.7,22.73,35.4,22.6,33.59,21.99333333,83.96666667,19.7,1,20.16,28.62,22.6,38.33,19.79,37.4,15.9,762.7666667,35.5,3,29.16666667,0.583
100,0,22.39,35.59,24,30.76,22.79,35.4,22.53333333,33.59,21.43,85.46333333,19.82666667,1,20.2,28.46857143,22.66666667,38.86333333,19.79,37.30571429,16,762.6833333,35.25,3,28.08333333,0.592
90,0,22.46333333,35.66333333,24,30.79,22.79,35.4,22.6,33.56,21.16333333,85.39666667,19.92666667,1,20.29,28.456,22.79,39.12666667,19.79,37.272,16.1,762.6,35,3,27,0.6
80,0,22.46333333,35.59,23.92666667,30.79,22.79,35.4,22.6,33.5,20.96333333,85.12333333,20.19333333,1,20.34714286,28.33285714,22.79,39.2,19.79,37.2,16.2,762.5166667,34.5,3,29.16666667,0.483
80,0,22.5,35.59,23.89,30.82333333,22.89,35.5,22.6,33.5,20.89,85.19,20.29,1,20.39,28.29,22.92666667,39.29,19.79,37.09,16.3,762.4333333,34,3,31.33333333,0.367
80,0,22.5,35.59,23.82333333,30.89,22.89,35.43333333,22.53333333,33.5,20.745,85.09,20.43,1,20.42142857,28.31857143,23,39.29,19.79,37.07714286,16.4,762.35,33.5,3,33.5,0.25
70,0,22.5,35.66333333,23.84,30.945,22.89,35.5,22.6,33.59,20.7,84.63333333,20.35666667,1,20.5,28.29,23.1,39.29,19.79,37,16.4,762.2666667,33,3,35.66666667,0.133
80,0,22.56666667,35.59,23.76,30.92666667,22.89,35.5,22.6,33.59,20.7,83.76666667,20.29,1,20.58571429,28.21285714,23.16666667,39.23,19.79,37,16.5,762.1833333,32.5,3,37.83333333,0.0167
90,0,22.6,35.59,23.7,31.06666667,22.89,35.43333333,22.6,33.62666667,20.7,82.83,20.29,1,20.6,28.218,23.2,39.2,19.79,36.97142857,16.6,762.1,32,3,40,-0.1
90,0,22.6,35.59,23.7,31.16333333,22.89,35.5,22.6,33.7,20.7,82.56333333,20.35666667,1,20.67142857,28.36142857,23.26,39.26,19.79,36.9,16.6,762.05,32.5,3.166666667,38.16666667,0.1
80,0,22.6,35.59,23.7,31.29,22.89,35.5,22.6,33.82666667,20.6,82.02666667,20.35666667,1,20.7,28.434,23.29,39.29,19.79,36.9,16.6,762,33,3.333333333,36.33333333,0.3
80,0,22.7,35.7,23.66666667,31.39,22.96333333,35.5,22.6,33.9,20.6,81.56666667,20.29,1,20.73857143,28.57142857,23.39,39.36,19.79,36.9,16.6,761.95,33.5,3.5,34.5,0.5
70,0,22.7,35.76,23.6,31.46333333,23,35.5,22.53333333,34,20.5,80.29333333,20.2,1,20.79,28.718,23.46333333,39.63333333,19.79,36.97142857,16.7,761.9,34,3.666666667,32.66666667,0.7
80,0,22.7,35.79,23.5,31.63333333,23,35.5,22.6,34.06,20.5,78.5,20.2,1,20.79,28.86142857,23.5,39.93333333,19.79,37,16.7,761.85,34.5,3.833333333,30.83333333,0.9
60,0,22.7,35.86333333,23.5,31.76,23,35.5,22.56666667,34.2,20.39,75.79333333,20.2,1,20.79,29.04,23.5,40,19.79,37,16.7,761.8,35,4,29,1.1
40,0,22.63333333,35.93333333,23.5,32.03,23,35.5,22.5,34.26,20.39,74.12666667,20.32666667,1,20.79,29.25142857,23.5,40,19.79,37.04,16.7,761.7,37.16666667,3.833333333,30.83333333,1.8
50,0,22.7,36,23.5,32.09,23,35.5,22.5,34.4,20.39,71.89666667,20.6,1,20.79,29.432,23.5,40,19.79,37.2,16.6,761.6,39.33333333,3.666666667,32.66666667,2.5
70,0,22.7,36.09,23.46333333,32.23,22.89,35.53,22.5,34.46666667,20.32333333,70.03,20.26666667,1,20.79,29.62857143,23.53333333,40.09,19.79,37.29,16.6,761.5,41.5,3.5,34.5,3.2
90,0,22.7,36.16333333,23.39,32.36333333,22.89,35.66333333,22.5,34.645,20.35666667,66.73,19.545,1,20.79,30.18125,23.53333333,40.16333333,19.79,37.29,16.6,761.4,43.66666667,3.333333333,36.33333333,3.9
320,0,22.7,36.43333333,23.26,32.62666667,22.89,35.76,22.5,34.82666667,20.29,64.25666667,19.16666667,1,20.736,30.64,23.6,40.12666667,19.79,37.312,16.5,761.3,45.83333333,3.166666667,38.16666667,4.6
330,0,22.63333333,36.36,23.2,32.76,22.89,35.76,22.5,34.96666667,20.29,61.22333333,18.89333333,1,20.71285714,30.91142857,23.6,40.06666667,19.79,37.4,16.5,761.2,48,3,40,5.3
270,10,22.63333333,36.83333333,23.16666667,33,22.89,35.79,22.5,35.3,20.29,59.29666667,18.73,1,20.7,31.24,23.6,40,19.79,37.44,16.4,761.15,49.16666667,3.166666667,40,5.55
260,10,22.7,37.43333333,23.1,33.33333333,22.89,35.86333333,22.5,35.63333333,20.23,57.52666667,18.79,1,20.7,31.79571429,23.6,40.06,19.79,37.5,16.3,761.1,50.33333333,3.333333333,40,5.8
240,10,22.73,37.2,23.06666667,33.62666667,22.92666667,35.82666667,22.5,36.06666667,20.23,56.39333333,18.29333333,1.233333333,20.7,32.58,23.6,40.23,19.79,37.518,16.3,761.05,51.5,3.5,40,6.05
210,0,22.79,37.12666667,23,33.76,23,35.9,22.5,36.33333333,20.2,55.3,18.03333333,2.033333333,20.7,33.12428571,23.6,40.36333333,19.79,37.59,16.2,761,52.66666667,3.666666667,40,6.3
280,0,22.89,37.23,23,34.06666667,23,35.9,22.5,36.5,20.2,54.37,17.76,3.123333333,20.736,33.698,23.6,40.62666667,19.79,37.7,16.1,760.95,53.83333333,3.833333333,40,6.55
170,0,22.96333333,37.43,23,34.3975,23,35.96666667,22.5,36.5,20.2,53.72666667,17.16666667,4.796666667,20.76428571,34.22571429,23.6,40.745,19.79,37.79285714,16,760.9,55,4,40,6.8
120,0,23.06666667,37.83,22.92666667,34.86333333,23,36.03,22.5,36.59,20.2,53.19333333,16.72666667,6.46,20.736,34.634,23.675,40.845,19.79,37.92,15.8,760.85,57,4,40,7.12
100,0,23.2,38.42333333,22.96333333,35.5,23.06666667,36.16333333,22.5,36.79,20.2,52.93333333,16.53333333,6.933333333,20.71285714,34.75142857,23.63333333,40.65666667,19.79,38.02571429,15.6,760.8,59,4,40,7.43
120,0,23.2,38.745,22.89,35.9,23.1,36.29,22.5,36.9,20.2,52.72333333,16.35666667,7.03,20.7,34.856,23.6,40.96333333,19.79,38.134,15.4,760.75,61,4,40,7.75
120,10,23.2,38.99,22.85666667,36.32666667,23.1,36.36333333,22.5,36.96666667,20.2,52.53,16.195,7.34,20.7,35.02857143,23.675,41.24,19.79,38.25142857,15.2,760.7,63,4,40,8.07
130,0,23.13333333,38.79,22.79,36.4,23.1,36.53,22.5,37.15666667,20.23,51.89,16,7.66,20.79,36.036,23.7,41.29,19.79,38.29,15,760.65,65,4,40,8.38
130,0,23.1,38.7,22.7,36.43333333,23.1,36.6175,22.5,37.36333333,20.29,50.36333333,15.92666667,8.06,20.76428571,36.36857143,23.7,41.29,19.79,38.4475,14.8,760.6,67,4,40,8.7
120,0,23.1,38.62666667,22.63333333,36.5,23.1,36.76,22.5,37.56666667,20.39,49.16333333,15.66,8.49,20.79,36.63,23.745,41.29,19.79,38.5,14.7,760.5666667,67.33333333,3.833333333,40,8.67
120,0,23.1,38.59,22.5,36.62666667,23.1,36.79,22.5,37.7,20.32333333,49.36333333,15.53333333,8.963333333,20.79,36.82142857,23.79,41.29,19.79,38.59,14.6,760.5333333,67.66666667,3.666666667,40,8.63
140,10,23.1,38.59,22.5,36.7,23.1,36.79,22.5,37.79,20.29,49.8,15.26333333,9.526666667,20.89,37.236,23.79,41.29,19.80428571,38.61857143,14.4,760.5,68,3.5,40,8.6
150,0,23.06666667,38.56,22.35666667,36.82666667,23.1,36.86333333,22.5,37.79,20.23,50,15.13,10.39333333,20.89,37.36714286,23.79,41.29,19.83,38.736,14.3,760.4666667,68.33333333,3.333333333,40,8.57
150,30,23,38.5,22.29,36.96666667,23.03333333,36.79,22.5,37.95,20.2,50.09,14.595,14,20.89,37.54,23.79,41.29,19.79,38.76428571,14.2,760.4333333,68.66666667,3.166666667,40,8.53
150,20,23,38.5,22.2,37.12666667,23.1,36.9,22.53333333,38.12666667,20.2,50.09,14.16,15.25666667,20.89,37.76428571,23.89,41.5,19.79,38.9,14.1,760.4,69,3,40,8.5
140,20,23,38.56,22.13333333,37.26,23.03333333,36.82666667,22.6,38.26,20.13333333,50.06,14.03333333,15.59,20.934,37.94,23.96333333,41.5,19.79,38.91428571,14,760.4333333,70.16666667,3,40,8.6
130,0,22.92666667,38.59,22.06666667,37.43333333,23,36.79,22.6,38.5,20.2,50,13.76333333,16.19666667,20.96857143,38.14,24.03333333,41.5,19.79,39,13.8,760.4666667,71.33333333,3,40,8.7
100,0,22.92666667,38.59,22,37.63333333,23,36.79,22.6,38.5,20.1,49.96666667,13.63,16.53,21,38.296,24.1,41.5,19.83285714,39.11142857,13.7,760.5,72.5,3,40,8.8
80,0,22.89,38.62666667,21.89,37.96333333,23.06666667,36.9,22.6,38.4,20.1,49.9,13.5,17.39666667,21,38.56428571,24.1,41.65666667,19.79,39.2,13.6,760.5333333,73.66666667,3,40,8.9
60,10,22.89,38.76,21.89,38.16333333,23,36.9,22.6,38.4,20.1,49.79,13.42666667,17.99666667,21,38.634,24.03333333,41.93,19.79,39.25142857,13.4,760.5666667,74.83333333,3,40,9
30,20,22.89,38.82666667,21.79,38.32666667,23,36.93333333,22.6,38.29,20.1,49.79,13.26333333,18.9,21.025,38.7225,24,42.23,19.79,39.29,13.3,760.6,76,3,40,9.1
40,20,22.89,38.9,21.7225,38.4975,23,37,22.6,38.36333333,20.1,49.86333333,13.13,20.09333333,21,38.88428571,24,42.49,19.83285714,39.33714286,13.1,760.6,77.16666667,2.833333333,40,9.17
40,20,22.79,38.79,21.7,38.66333333,23,37.03,22.6,38.53,20.1,50.03,13.06666667,20.73333333,21,38.9,24,42.82666667,19.79,39.29,13,760.6,78.33333333,2.666666667,40,9.23
80,30,22.79,38.79,21.56666667,38.7,23,37.16333333,22.6,38.66333333,20.1,50.16333333,12.92666667,21.52666667,21,38.9,23.92666667,43.1,19.79,39.29,12.8,760.6,79.5,2.5,40,9.3
70,20,22.79,38.79,21.5,38.76,23,37.23,22.63333333,38.76666667,20.1,50.23,12.76333333,23.03333333,21,38.96,23.89,43.43333333,19.79,39.29,12.6,760.6,80.66666667,2.333333333,40,9.37
60,20,22.7225,38.79,21.46333333,38.86333333,23,37.29,22.7,38.9,20.1,50.29,12.69,24.36666667,21,39.1,23.89,43.63333333,19.79,39.29,12.5,760.6,81.83333333,2.166666667,40,9.43
70,20,22.7,38.79,21.39,38.86333333,23.1,37.29,22.7,39.03,20.1,50.4,12.56666667,25.76666667,21,39.276,23.79,43.645,19.79,39.29,12.3,760.6,83,2,40,9.5
60,20,22.7,38.79,21.29,39.03,23.1,37.3725,22.7,39.09,20.1,50.4,12.42666667,26.22666667,21,39.4,23.79,43.86,19.79,39.30571429,12.3,760.55,83.16666667,2.166666667,40,9.48
70,20,22.7,38.79,21.23,39.03,23.1,37.4,22.73,39.09,20.03333333,50.32666667,12.32333333,27.72333333,21,39.5,23.73,44.19333333,19.79,39.42,12.2,760.5,83.33333333,2.333333333,40,9.47
50,30,22.66666667,38.86333333,21.2,39.2,23.1,37.43333333,22.79,39.16333333,20.03333333,50.32666667,11.99,28.72333333,21,39.44285714,23.7,44.63333333,19.79,39.5,12.2,760.45,83.5,2.5,40,9.45
80,20,22.6,38.79,21.13333333,39.26,23.1,37.5,22.79,39.2,20,50.29,11.53,30.42666667,21,39.334,23.63333333,45.02666667,19.79,39.59,12.1,760.4,83.66666667,2.666666667,40,9.43
60,20,22.6,38.9,21.1,39.43333333,23.1,37.5,22.79,39.2,20,50.29,11.1925,32.82,21,39.32142857,23.6,45.32666667,19.79,39.68428571,12.1,760.35,83.83333333,2.833333333,40,9.42
60,0,22.6,38.9,21.03333333,39.5,23.16666667,37.5,22.84,39.245,20,50.29,10.92666667,35,21,39.59,23.53333333,45.46666667,19.79,39.718,12,760.3,84,3,40,9.4
70,0,22.5,39,20.96333333,39.62666667,23.2,37.5,22.79,39.09,20,50.29,10.96,36.83333333,20.96857143,39.63714286,23.56666667,45.7,19.79,39.82142857,11.8,760.25,84.66666667,3,40,9.3
50,0,22.5,39,20.89,39.76,23.2,37.5,22.79,39.03,20,50.2,11.16,37.96666667,20.956,39.612,23.5,45.96,19.79,39.9625,11.6,760.2,85.33333333,3,40,9.2
50,0,22.5,39.09,20.89,39.86,23.2,37.5,22.79,39,20,50.2,11.33,38.72666667,21,39.7,23.5,46.29,19.79,40,11.4,760.15,86,3,40,9.1
50,0,22.5,39.09,20.82333333,40,23.2,37.5,22.73,38.93333333,20,50.2,11.39,39.19333333,21,39.79,23.5,46.36333333,19.79,40.05142857,11.2,760.1,86.66666667,3,40,9
50,0,22.5,39.09,20.76,40.12666667,23.2,37.59,22.7,38.9,20,50.12666667,11.42666667,39.86666667,21,39.92285714,23.46333333,46.46666667,19.79,40.156,11,760.05,87.33333333,3,40,8.9
40,0,22.5,39.16333333,20.7,40.26,23.2,37.59,22.7,38.9,20,50.09,11.42666667,41.2,21,40.174,23.39,46.46666667,19.79,40.26428571,10.8,760,88,3,40,8.8
60,0,22.39,39.12666667,20.66666667,40.4,23.2,37.62666667,22.66666667,38.96666667,20,50.09,11.46333333,43.76666667,21,40.36857143,23.39,46.5,19.79,40.44,10.9,760,88,3.166666667,38,8.95
60,0,22.39,39.2,20.6,40.46666667,23.2,37.7,22.6,38.9,20,50,11.39,44.76666667,21,40.5,23.39,46.43333333,19.83285714,40.59285714,11.1,760,88,3.333333333,36,9.1
60,0,22.39,39.23,20.6,40.645,23.2,37.7,22.6,38.93333333,20,50,11.39,45.49666667,21,40.58,23.35666667,46.4,19.83,40.656,11.2,760,88,3.5,34,9.25
60,0,22.39,39.29,20.56666667,40.82666667,23.2,37.7,22.6,39,20,49.93333333,11.46333333,47.03,21,40.832,23.29,46.4,19.79,40.76428571,11.3,760,88,3.666666667,32,9.4
50,0,22.35666667,39.4,20.5,40.96666667,23.29,37.73,22.56666667,39,20,49.9,11.56666667,49.96,21,41,23.29,46.4,19.83,40.976,11.5,760,88,3.833333333,30,9.55
40,0,22.29,39.4,20.5,41.12666667,23.23,37.73,22.5,39.06,19.92666667,49.9,11.5,51.42666667,21,40.9,23.29,46.46666667,19.80428571,41.02571429,11.6,760,88,4,28,9.7
20,0,22.29,39.46666667,20.42666667,41.26,23.26,37.76,22.5,39.09,20,49.79,11.36,52.62666667,21,40.98571429,23.26,46.5,19.83,41.156,11.5,760,89.16666667,4.333333333,32.16666667,9.8
30,0,22.29,39.59,20.39,41.29,23.26,37.76,22.5,39.09,19.92666667,49.79,11.22666667,51.96,21,40.895,23.2,46.5,19.81857143,41.29571429,11.4,760,90.33333333,4.666666667,36.33333333,9.9
30,0,22.29,39.59,20.39,41.43,23.2,37.745,22.46333333,39.06,19.89,49.76,10.96333333,49.83,21,40.812,23.2,46.5,19.89,41.536,11.4,760,91.5,5,40.5,10
50,0,22.2,39.59,20.29,41.5,23.2,37.79,22.39,38.93333333,19.89,49.7,10.83,48.29666667,21,40.82142857,23.13333333,46.4,19.89,41.65285714,11.3,760,92.66666667,5.333333333,44.66666667,10.1
60,0,22.2,39.59,20.29,41.5,23.13333333,37.86333333,22.39,38.9,19.89,49.7,10.595,46.545,21,40.7,23.2,46.4,19.89,41.718,11.2,760,93.83333333,5.666666667,48.83333333,10.2
60,0,22.2,39.59,20.29,41.53,23.1,37.93333333,22.39,38.82666667,19.89,49.7,10.09,45.06333333,21,40.65285714,23.16666667,46.5,19.89,41.79,11.1,760,95,6,53,10.3
60,0,22.2,39.59,20.29,41.59,23.16666667,38,22.35666667,38.7,19.89,49.59,9.696666667,45.39666667,21,40.634,23.1,46.5,19.89,41.94,10.9,760,93.5,6.166666667,50.83333333,9.88
60,0,22.2,39.59,20.26,41.56,23.2,37.9,22.29,38.6175,19.89,49.59,9.293333333,46.4,21,40.62142857,23.1,46.4,19.89,42.01285714,10.8,760,92,6.333333333,48.66666667,9.47
50,0,22.2,39.59,20.2,41.5,23.2,37.9,22.29,38.53,19.89,49.56,8.9,46.46,21,40.656,23.1,46.32666667,19.89,42.09,10.6,760,90.5,6.5,46.5,9.05
50,0,22.1,39.59,20.2,41.5,23.2,37.9,22.29,38.46666667,19.89,49.5,8.53,46.93333333,21,40.45571429,23.1,46.26,19.89,42.12142857,10.4,760,89,6.666666667,44.33333333,8.63
40,0,22.1,39.59,20.13333333,41.5,23.2,37.9,22.29,38.4,19.89,49.5,8.33,47.86,21,40.378,23.1,46.2,19.89,42.2,10.3,760,87.5,6.833333333,42.16666667,8.22
50,0,22.06666667,39.56,20.1,41.5,23.2,37.9,22.26,38.26,19.89,49.5,8.263333333,49.03,21,40.29,23.03333333,46.03,19.89,42.2,10.1,760,86,7,40,7.8
50,0,22,39.43333333,20.03333333,41.43333333,23.2,37.9,22.2,38.2,19.89,49.4,8.19,49.23,21,40.29,23.03333333,45.96333333,19.89,42.218,9.88,760.0666667,86.5,6.333333333,38.16666667,7.67
50,0,22,39.4,20,41.43333333,23.2,37.93333333,22.2,38.16333333,19.89,49.4,8.226666667,49.69666667,21,40.16571429,23,45.9,19.89,42.29,9.67,760.1333333,87,5.666666667,36.33333333,7.53
60,0,22,39.4,20,41.5,23.2,38,22.2,38.09,19.89,49.345,8.226666667,49.63,21,40.254,23,45.82666667,19.89,42.3175,9.45,760.2,87.5,5,34.5,7.4
50,0,21.96333333,39.4,19.89,41.5,23.2,38,22.13333333,38.09,19.85666667,49.16333333,8,49.86333333,20.96857143,40.22571429,23,45.7,19.89,42.4,9.23,760.2666667,88,4.333333333,32.66666667,7.27
60,0,21.89,39.32666667,19.85666667,41.5,23.2,37.93333333,22.13333333,38.03,19.85666667,49.16333333,8.066666667,50.99666667,21,39.96,23,45.62666667,19.89,42.4,9.02,760.3333333,88.5,3.666666667,30.83333333,7.13
40,0,21.89,39.29,19.85666667,41.56,23.2,38,22.1,38,19.89,49.16333333,8.19,50.96666667,20.96857143,39.9,22.89,45.46666667,19.89,42.4,8.8,760.4,89,3,29,7
50,0,21.89,39.29,19.79,41.59,23.2,37.93333333,22.1,38,19.89,49.09,8.13,50.43333333,21,39.834,22.89,45.4,19.92142857,42.35285714,8.65,760.45,89.5,3,28.5,6.95
50,0,21.89,39.29,19.73,41.59,23.16666667,37.9,22.1,38,19.89,49.06,7.796666667,49.6,21,39.72571429,22.89,45.46333333,19.89,42.356,8.5,760.5,90,3,28,6.9
50,0,21.85666667,39.29,19.7,41.62666667,23.1,37.9,22.1,38,19.89,49,7.463333333,49.6,20.89,39.59,22.89,45.66333333,19.93714286,42.29,8.35,760.55,90.5,3,27.5,6.85
50,0,21.79,39.29,19.7,41.7,23,37.79,22,37.79,19.89,48.96666667,7.245,50.09,20.89,39.59,22.89,45.66333333,19.89,42.29,8.2,760.6,91,3,27,6.8
60,0,21.79,39.26,19.66666667,41.66333333,22.9725,37.7675,22,37.79,19.89,48.9,6.966666667,50.09666667,20.89,39.59,22.815,45.5225,19.89,42.29,8.05,760.65,91.5,3,26.5,6.75
70,0,21.79,39.2,19.6,41.66333333,22.89,37.7,22,37.79,19.82333333,48.73,6.833333333,50.49,20.89,39.59,22.79,45.43333333,19.89,42.29,7.9,760.7,92,3,26,6.7
70,0,21.79,39.26666667,19.6,41.7,22.89,37.76,22,37.73,19.89,48.79,6.656666667,51.13333333,20.89,39.59,22.79,45.4,19.93714286,42.39571429,7.77,760.75,92.16666667,2.833333333,25.66666667,6.58
30,0,21.79,39.4,19.6,41.83333333,22.89,37.62666667,22,37.7,19.89,48.79,6.59,51.73333333,20.89,39.60857143,22.79,45.32666667,19.934,42.378,7.63,760.8,92.33333333,2.666666667,25.33333333,6.47
40,10,21.79,39.46333333,19.5,42.06666667,22.85666667,37.56,21.9725,37.7,19.89,48.79,6.466666667,51.62333333,20.89,39.5,22.79,45.36333333,19.89,42.29,7.5,760.85,92.5,2.5,25,6.35
50,0,21.79,39.59,19.5,42.26,22.79,37.5,21.89,37.7,19.89,48.73,6.4,51.62333333,20.89,39.518,22.79,45.29,19.89,42.2,7.37,760.9,92.66666667,2.333333333,24.66666667,6.23
50,0,21.79,39.56,19.5,42.29,22.7,37.5,21.89,37.79,19.82333333,48.65666667,6.433333333,52.89333333,20.89,39.55142857,22.76,45.29,19.98428571,42.42571429,7.23,760.95,92.83333333,2.166666667,24.33333333,6.12
60,0,21.79,39.5,19.5,42.29,22.7,37.5,21.89,37.79,19.79,48.59,6.7,54.16666667,20.89,39.736,22.76,45.29,20,42.376,7.1,761,93,2,24,6
110,0,21.79,39.4,19.5,42.2,22.7,37.5,21.89,37.79,19.85666667,48.66333333,7.16,54.96333333,20.95285714,40.06857143,22.76,45.29,20,42.76714286,7.02,761.0833333,93.33333333,2,24.16666667,5.97
70,10,21.79,39.46666667,19.5,42.2,22.7,37.56,21.89,37.79,19.89,48.7,7.366666667,55.03,21,40.152,22.76,45.29,20,42.656,6.93,761.1666667,93.66666667,2,24.33333333,5.93
50,0,21.79,39.76666667,19.46333333,42.36,22.7,37.5,21.89,37.79,19.89,48.7,7.5,54.73333333,21,39.89714286,22.7,45.13333333,20,42.45571429,6.85,761.25,94,2,24.5,5.9
60,0,21.79,40.16,19.39,42.63333333,22.76,37.56,21.89,37.86333333,19.85666667,48.63333333,7.5,54.32666667,21,39.554,22.7,44.86,19.956,42.334,6.77,761.3333333,94.33333333,2,24.66666667,5.87
60,0,21.79,40.09,19.445,43,22.79,37.59,21.85666667,38,19.865,48.545,7.66,54.43333333,20.96857143,39.28428571,22.66666667,44.63333333,20,42.22571429,6.68,761.4166667,94.66666667,2,24.83333333,5.83
60,0,21.79,40.09,19.53333333,42.76,22.85666667,37.66333333,21.85666667,38.13333333,19.82333333,48.43333333,7.866666667,54.22666667,20.934,39.016,22.6,44.36,20,42.156,6.6,761.5,95,2,25,5.8
50,0,21.79,40,19.6,42.62666667,22.89,37.79,21.79,38.12666667,19.82333333,48.32666667,8.063333333,52.62666667,20.89,38.79571429,22.6,44.16333333,19.95285714,42.09,6.88,761.6,94.16666667,2.166666667,25.16666667,5.95
50,0,21.79,39.93333333,19.6,42.5,22.89,37.79,21.79,38.2,19.82333333,48.26666667,8.263333333,50.83333333,20.89,38.554,22.53333333,43.96333333,20,42.036,7.17,761.7,93.33333333,2.333333333,25.33333333,6.1
50,0,21.79,39.845,19.6,42.43333333,22.89,37.79,21.79,38.29,19.89,48.2,8.65,47.9,20.89,38.36714286,22.56666667,43.76,20,41.92857143,7.45,761.8,92.5,2.5,25.5,6.25
50,0,21.79,39.76,19.73,42.36333333,22.89,37.79,21.79,38.29,19.82333333,48.06666667,9.326666667,41.75666667,20.89,38.178,22.5,43.62666667,20,41.79,7.73,761.9,91.66666667,2.666666667,25.66666667,6.4
40,10,21.79,39.7,19.99666667,42.15666667,22.92666667,37.79,21.79,38.29,19.89,48,9.793333333,37.36333333,20.89,37.99714286,22.5,43.46666667,20.1,41.79,8.02,762,90.83333333,2.833333333,25.83333333,6.55
70,0,21.79,39.7,20.95666667,41.1,23.025,37.7225,21.79,38.29,19.82333333,47.86,10.16666667,33.86333333,20.89,37.79,22.5,43.4,20.1,41.69714286,8.3,762.1,90,3,26,6.7
50,0,21.79,39.7,21.43,39.96666667,23.1,37.7,21.79,38.4,19.89,47.76,10.43333333,32.79666667,20.89,37.63714286,22.5,43.245,20.16,41.536,8.47,762.1833333,88.66666667,3.333333333,28.33333333,6.63
60,0,21.79,39.59,21.95666667,39.19333333,23.23,37.59,21.79,38.46666667,19.82333333,47.62666667,10.79333333,30.56333333,20.87,37.458,22.39,42.96666667,20.2,41.5,8.63,762.2666667,87.33333333,3.666666667,30.66666667,6.57
50,0,21.79,39.59,22.56333333,38.52666667,23.29,37.59,21.82333333,38.53,19.89,46.82333333,11.12666667,28.43,20.86142857,37.29,22.39,42.82666667,20.2,41.46,8.8,762.35,86,4,33,6.5
50,0,21.79,39.59,23.33333333,37.46666667,23.39,37.56,21.9175,38.59,19.96333333,45.95666667,11.46,25.33333333,20.85,37.156,22.39,42.7,20.25142857,41.45714286,8.97,762.4333333,84.66666667,4.333333333,35.33333333,6.43
50,0,21.79,39.59,23.79333333,36.8,23.39,37.5,22,38.53,20.1,45.49,11.6,21.26,20.84714286,37.01285714,22.39,42.62666667,20.29,41.44,9.13,762.5166667,83.33333333,4.666666667,37.66666667,6.37
30,0,21.85666667,39.66333333,24.19666667,35.99,23.39,37.5,22.1,38.59,20.1,45.09666667,11.66666667,19.39,20.87,36.918,22.39,42.5,20.29,41.42857143,9.3,762.6,82,5,40,6.3
30,0,21.85666667,39.66333333,24.59666667,35.45666667,23.32333333,37.5,22.16666667,38.53,20.13333333,44.72333333,11.93333333,16.99,20.86142857,36.79,22.32333333,42.5,20.29,41.5,9.47,762.7,80.33333333,5,40,6.15
20,0,21.89,39.7,25.06666667,34.62333333,23.29,37.53,22.23,38.5,20.2,44.53,12.19,13.86333333,20.83,36.59,22.35666667,42.29,20.29,41.5,9.63,762.8,78.66666667,5,40,6
40,10,21.89,39.7,25.26,34.09666667,23.29,37.59,22.29,38.43333333,20.2,44.33333333,12.13,12.33,20.87571429,36.44,22.29,42.29,20.29,41.48,9.8,762.9,77,5,40,5.85
60,0,22,39.66333333,25.42666667,33.63333333,23.2,37.53,22.39,38.29,20.26,44.2,12.3,9.256666667,20.79,36.236,22.29,42.09,20.29,41.4,9.97,763,75.33333333,5,40,5.7
60,0,22,39.59,25.63333333,33.36,23.2,37.59,22.39,38.23,20.29,44.06,12.36,8.256666667,20.8025,36.08375,22.29,42.03,20.29,41.4,10.1,763.1,73.66666667,5,40,5.55
50,0,22,39.56,25.73,32.9,23.13333333,37.59,22.5,38.2,20.29,43.82,12.39,5.2,20.84714286,35.92857143,22.29,41.86333333,20.29,41.33714286,10.3,763.2,72,5,40,5.4
60,0,22.06666667,39.56,25.865,32.62,23.2,37.59,22.5,38.12666667,20.35666667,43.62666667,12.53,3.133333333,20.85,35.754,22.29,41.73,20.29,41.272,10.4,763.2666667,70.16666667,5.166666667,40,5.07
50,0,22.1,39.5,25.89,32.26666667,23.2,37.66333333,22.6,38.06,20.39,43.4,12.96,2.926666667,20.87571429,35.63714286,22.2,41.43,20.29,41.2,10.4,763.3333333,68.33333333,5.333333333,40,4.73
40,0,22.1,39.43333333,25.89,32.16333333,23.2,37.59,22.66666667,38,20.39,43.26666667,13.1675,2.195,20.85,35.476,22.2,41.23,20.29,41.09,10.5,763.4,66.5,5.5,40,4.4
60,0,22.13333333,39.29,25.89,32.09,23.2,37.62666667,22.7,38,20.42666667,43.12666667,13.26333333,1.733333333,20.89,35.32142857,22.26,41.16333333,20.29,41.03857143,10.6,763.4666667,64.66666667,5.666666667,40,4.07
50,0,22.2,39.2225,25.85666667,32.06,23.2,37.62666667,22.76,37.93333333,20.5,43.06666667,13.26333333,1,20.89,35.254,22.2,40.96333333,20.29,40.98,10.6,763.5333333,62.83333333,5.833333333,40,3.73
50,10,22.2,39.12666667,25.79,32.06,23.13333333,37.7,22.79,37.86333333,20.5,42.96666667,13.26333333,1,20.89,35.04,22.2,40.83333333,20.29,40.86857143,10.7,763.6,61,6,40,3.4
60,0,22.2,39.09,25.7,32,23.13333333,37.7,22.79,37.79,20.5,42.76666667,13.22666667,1,20.89,34.86,22.2,40.62666667,20.29,40.79,10.8,763.65,60.16666667,5.833333333,40,3.28
60,0,22.26,39.09,25.7,31.92666667,23.2,37.7,22.79,37.7,20.6,42.56,13.22666667,1,20.89,34.66857143,22.2,40.46666667,20.29,40.69714286,10.9,763.7,59.33333333,5.666666667,40,3.17
50,0,22.29,38.96666667,25.7,31.89,23.2,37.7,22.85666667,37.7,20.6,42.43333333,13.3,1,20.89,34.46,22.2,40.3175,20.29,40.572,11,763.75,58.5,5.5,40,3.05
50,0,22.35666667,38.9,25.63333333,31.76333333,23.2,37.7,22.89,37.66333333,20.6,42.26,13.36,1,20.89,34.33714286,22.2,40.15666667,20.31857143,40.5,11.1,763.8,57.66666667,5.333333333,40,2.93
50,0,22.39,38.76,25.6,31.66666667,23.2,37.59,22.89,37.59,20.6,42.12666667,13.66666667,1,20.89,34.272,22.2,40.06,20.29,40.4,11.2,763.85,56.83333333,5.166666667,40,2.82
50,0,22.39,38.62666667,25.53333333,31.6,23.2,37.59,22.89,37.59,20.6,42,13.8,1,20.89,34.2,22.2,39.93333333,20.29,40.28125,11.3,763.9,56,5,40,2.7
60,0,22.5,38.56,25.35666667,31.82333333,23.2,37.59,22.89,37.5,20.6,41.93333333,13.96,1,20.934,34.09,22.2,39.9,20.29,40.18428571,11.5,763.9333333,55.33333333,4.833333333,40,2.73
40,0,22.5,38.43333333,25.23,31.96333333,23.2,37.59,22.89,37.5,20.7,41.79,14.1,1,21,33.95571429,22.2,39.82666667,20.29,40.072,11.7,763.9666667,54.66666667,4.666666667,40,2.77
60,0,22.53333333,38.4,25.1,32.03,23.2,37.59,22.89,37.36333333,20.7,41.73,14.16,1,21,33.878,22.2,39.76,20.33285714,40,11.9,764,54,4.5,40,2.8
60,0,22.6,38.32666667,25.03333333,32.16333333,23.2,37.59,22.89,37.23,20.7,41.59,14.1,1,21,33.75142857,22.2,39.7,20.39,40,12.1,764.0333333,53.33333333,4.333333333,40,2.83
50,0,22.6,38.16333333,24.85666667,32.29,23.2,37.59,22.89,37.09,20.76,41.53,14.26333333,1,21.06,33.71,22.23,39.59,20.33285714,39.94285714,12.3,764.0666667,52.66666667,4.166666667,40,2.87
60,0,22.6,38.09,24.73,32.36333333,23.2,37.59,22.96333333,37.09,20.79,41.4,13.99,1,21.08571429,33.62142857,22.29,39.59,20.29,39.878,12.5,764.1,52,4,40,2.9
40,0,22.7,38.06,24.66666667,32.5,23.29,37.7,22.92666667,37.06,20.79,41.32666667,14.06666667,1,21.12,33.552,22.29,39.46666667,20.29,39.76428571,12.5,764.1333333,51,4.166666667,40,2.63
30,0,22.7,37.93333333,24.53333333,32.56,23.29,37.7,23,37,20.79,41.245,14,1,21.2,33.36857143,22.35666667,39.26666667,20.29,39.554,12.6,764.1666667,50,4.333333333,40,2.37
30,0,22.73,37.76,24.39,32.62666667,23.26,37.56,22.92666667,37,20.79,41.06,14.25666667,1,21.236,33.09,22.42666667,39.06,20.33285714,39.5,12.6,764.2,49,4.5,40,2.1
20,0,22.79,37.7,24.365,32.7675,23.2,37.5,23,37,20.79,40.93333333,14.445,1,21.34714286,32.89285714,22.5,38.93333333,20.37,39.5,12.6,764.2333333,48,4.666666667,40,1.83
60,0,22.89,37.66333333,24.29,32.86333333,23.2,37.5,23,36.93333333,20.89,40.96666667,14.19,1,21.39,32.696,22.53333333,38.72333333,20.36142857,39.5,12.7,764.2666667,47,4.833333333,40,1.57
50,0,22.89,37.59,24.16666667,32.93333333,23.13333333,37.5,23,37,20.89,40.82666667,14.36666667,1,21.39,32.47142857,22.6,38.53,20.29,39.5,12.7,764.3,46,5,40,1.3
70,0,22.945,37.45,24.16666667,32.93333333,23.1,37.59,23,36.9,20.89,40.76,14.5,1,21.5,32.33125,22.7,38.46666667,20.37571429,39.41428571,12.8,764.3166667,45.33333333,4.833333333,38.16666667,1.22
60,0,23,37.36333333,24.1,33,23.1,37.59,23,36.9,20.96333333,40.7,14.42666667,1,21.6,32.2,22.76,38.32666667,20.39,39.334,13,764.3333333,44.66666667,4.666666667,36.33333333,1.13
60,0,23,37.29,24.03333333,33,23.2,37.545,23,36.86333333,21,40.56,14.5,1,21.65714286,32.15285714,22.79,38.16333333,20.39,39.25142857,13.1,764.35,44,4.5,34.5,1.05
50,0,23.03333333,37.29,23.96333333,33.12666667,23.2,37.59,23,36.79,21,40.5,14.53333333,1,21.718,32.036,22.85666667,38.03,20.39,39.2,13.2,764.3666667,43.33333333,4.333333333,32.66666667,0.967
50,0,23.1,37.29,23.89,33.2,23.2,37.59,23.03333333,36.82666667,21.03333333,40.43333333,14.6,1,21.79,31.92142857,22.89,37.86333333,20.39,39.13714286,13.4,764.3833333,42.66666667,4.166666667,30.83333333,0.883
40,0,23.13333333,37.26,23.85666667,33.32666667,23.23,37.53,23.03333333,36.76666667,21.1,40.43333333,14.59,1,21.83,31.79,22.9725,37.695,20.39,39.09,13.5,764.4,42,4,29,0.8
50,0,23.2,37.2,23.73,33.46666667,23.23,37.53,23.05,36.745,21.1,40.36333333,14.39,1,21.89,31.73857143,23,37.59,20.39,39.09,13.6,764.4,41.83333333,4,30.83333333,0.817
50,0,23.2,37.09,23.66666667,33.56,23.2,37.5,23.1,36.79,21.16666667,40.23,14.56666667,1,21.956,31.64,23.1,37.5,20.39,39.09,13.7,764.4,41.66666667,4,32.66666667,0.833
50,0,23.2,37.09,23.6,33.63333333,23.2,37.5,23.1,36.79,21.1,40.2,14.42666667,1,22,31.52857143,23.1,37.43333333,20.39,39.01285714,13.9,764.4,41.5,4,34.5,0.85
60,0,23.2,37.09,23.56666667,33.73,23.29,37.59,23.1,36.7,21.16666667,40.12666667,14.56333333,1,22,31.456,23.13333333,37.26,20.39,39,14,764.4,41.33333333,4,36.33333333,0.867
50,0,23.2,37.03,23.42666667,33.79,23.29,37.59,23.1,36.62666667,21.2,40,14.76333333,1,22.08571429,31.42142857,23.26,37.2,20.39,38.92857143,14.1,764.4,41.16666667,4,38.16666667,0.883
60,0,23.29,37.09,23.39,33.79,23.29,37.59,23.1,36.56,21.2,40,14.8,1,22.1,31.37,23.23,37.03,20.39,38.9,14.2,764.4,41,4,40,0.9
60,0,23.29,37.09,23.32333333,33.86333333,23.29,37.59,23.1,36.5,21.29,40,14.8,1,22.1,31.29,23.29,37.03,20.39,38.83125,14.2,764.4166667,40.66666667,4.166666667,40,0.783
60,0,23.29,37.09,23.29,33.93333333,23.29,37.59,23.1,36.5,21.29,39.93333333,14.72666667,1,22.14,31.2,23.29,36.96666667,20.39,38.79,14.1,764.4333333,40.33333333,4.333333333,40,0.667
60,0,23.29,37.09,23.23,33.93333333,23.29,37.53,23.1,36.5,21.29,39.86333333,14.8,1,22.2,31.18571429,23.29,36.9,20.39,38.714,14.1,764.45,40,4.5,40,0.55
80,0,23.29,36.9,23.1,33.96666667,23.29,37.5,23.1,36.33333333,21.365,39.6725,14.8,1,22.2,30.896,23.39,36.82666667,20.43714286,38.56428571,14.1,764.4666667,39.66666667,4.666666667,40,0.433
70,0,23.35666667,36.62666667,23.1,33.76666667,23.29,37.5,23.1,36.12666667,21.39,39.1,14.89,1,22.2,30.32428571,23.32333333,36.96666667,20.456,38.32,14,764.4833333,39.33333333,4.833333333,40,0.317
90,0,23.29,35.73333333,23,33.05,23.29,37.46666667,23.1,35.72333333,21.42666667,38.12333333,14.89,1,22.2,29.814,23.39,36.96666667,20.48428571,38.12428571,14,764.5,39,5,40,0.2
150,0,23.29,34.73333333,22.89,32.43,23.29,37.32666667,23.1,35.53,21.5,37.45666667,14.86,1,22.2,29.48,23.46333333,36.96666667,20.456,37.918,14.1,764.5,38.83333333,4.833333333,38.16666667,0.15
460,0,23.29,34.39666667,22.82333333,32.15666667,23.29,37.22333333,23.03333333,35.33333333,21.5,37.13333333,14.8,1,22.2,29.252,23.63333333,36.86333333,20.45285714,37.72571429,14.1,764.5,38.66666667,4.666666667,36.33333333,0.1
340,0,23.315,35.8425,22.76,32.03,23.29,36.96333333,23.03333333,35.06666667,21.56666667,36.86,14.69,1,22.17142857,28.99714286,23.7,36.79,20.434,37.5,14.2,764.5,38.5,4.5,34.5,0.05
310,0,23.39,38.66,22.7,32.03,23.29,36.49,23,34.86333333,21.63333333,37.36333333,14.63,1,22.1,28.66,23.79,36.66333333,20.48428571,37.36714286,14.2,764.5,38.33333333,4.333333333,32.66666667,0
120,0,23.35666667,38.06333333,22.6,31.89,23.29,36.02,23,34.39,21.7,37.15666667,14.5,1,22.1,28.43714286,23.79,36.53,20.456,37.254,14.3,764.5,38.16666667,4.166666667,30.83333333,-0.05
140,0,23.29,35.73,22.6,31.82333333,23.29,35.73,23,33.8,21.7,36.62333333,14.42666667,1,22.04,28.216,23.89,36.46666667,20.46857143,37.26428571,14.3,764.5,38,4,29,-0.1
150,0,23.35666667,36.16666667,22.5,31.43,23.26,35.52666667,22.92666667,33.06666667,21.7,36.09666667,14.3,1,22,28.1,23.89,36.32666667,20.456,37.254,14.2,764.5666667,38.33333333,4.166666667,30.83333333,-0.0667
120,0,23.35666667,35.5,22.5,31.43,23.26,35.46666667,22.89,32.56,21.7,36.23,14.22666667,1,22,27.956,23.89,36.1,20.43714286,37.18428571,14.1,764.6333333,38.66666667,4.333333333,32.66666667,-0.0333
130,0,23.39,35.73333333,22.46333333,31.86,23.29,35.59,22.865,32.7,21.7,36.36333333,14.06666667,1,21.93125,27.78,23.89,35.76,20.456,37.134,13.9,764.7,39,4.5,34.5,0
130,0,23.39,35.13333333,22.39,32.06,23.29,35.66333333,22.85666667,33.16,21.7,36.36333333,14,1,21.89,27.6,23.89,35.62666667,20.46857143,37.06428571,13.8,764.7666667,39.33333333,4.666666667,36.33333333,0.0333
130,0,23.39,34.76,22.39,32.09,23.29,35.7,22.89,33.56666667,21.7,36.29,13.82333333,1,21.87,27.458,24,35.5,20.39,36.9,13.7,764.8333333,39.66666667,4.833333333,38.16666667,0.0667
130,0,23.39,34.7,22.32333333,32.09,23.35666667,35.7,22.89,33.7,21.7,36.06,13.63,1,21.79,27.26428571,24,35.43333333,20.48428571,36.67142857,13.6,764.9,40,5,40,0.1
170,0,23.29,34.43,22.26,31.96333333,23.32333333,35.82666667,22.85666667,33.76,21.82666667,48.86,13.39,1,21.79,27.2,24.1,35.46666667,20.5,36.518,13.4,764.95,40.83333333,4.833333333,40,0.167
210,0,23.29,34.23,22.2,31.96333333,23.39,35.82666667,22.79,33.7,22.06666667,58.36666667,13.59,1,21.79,27.11428571,24.16666667,35.4,20.5,36.52571429,13.2,765,41.66666667,4.666666667,40,0.233
110,0,23.29,34.15666667,22.16666667,32.12666667,23.39,35.79,22.82333333,33.66333333,21.92666667,59.03333333,13.52333333,1,21.736,27.14,24.2,35.29,20.5,36.7,12.9,765.05,42.5,4.5,40,0.3
100,0,23.29,34.15666667,22.03333333,32.2,23.39,35.79,22.82333333,33.53,21.79,59.16333333,12.99,1,21.7,27.1,24.26,35.29,20.43714286,36.49714286,12.7,765.1,43.33333333,4.333333333,40,0.367
110,0,23.29,34.03,22,32.29,23.35666667,35.7,22.79,33.4,21.73,58.83,12.095,1,21.6,27,24.29,35.2,20.39,36.298,12.5,765.15,44.16666667,4.166666667,40,0.433
90,0,23.29,34.09,21.92666667,32.36333333,23.29,35.76,22.79,33.4,21.995,70.6,10.99333333,1,21.6,27.35571429,24.29,35.2,20.39,36.26428571,12.3,765.2,45,4,40,0.5
120,20,23.2,33.9,21.84,32.69,23.26,35.79,22.79,33.4,22.53,77.45666667,10.2,1,21.6,27.994,24.29,35.36,20.39,35.674,11.9,765.2333333,47.5,3.666666667,40,0.85
130,0,23.2,33.96666667,21.79,33.06666667,23.2,35.79,22.79,33.46666667,22.32333333,75.45666667,9.366666667,1,21.64285714,28.56857143,24.29,35.63333333,20.39,34.95375,11.5,765.2666667,50,3.333333333,40,1.2
130,0,23.2,34.09,21.73,33.4,23.16666667,35.9,22.79,33.59,22.06666667,71.85666667,8.9,1.066666667,21.6,28.89,24.29,35.86,20.39,34.36428571,11.2,765.3,52.5,3,40,1.55
120,0,23.2,34.09,21.6,33.46333333,23.1,35.96666667,22.79,33.59,21.92666667,68.19,8.293333333,2.026666667,21.6,29.11142857,24.29,36.19333333,20.33,34.016,10.8,765.3333333,55,2.666666667,40,1.9
120,0,23.1,34.2,21.6,33.66333333,23.1,36,22.76,33.56,21.85666667,63.66666667,7.826666667,2.966666667,21.6,29.332,24.29,36.65666667,20.29,33.76428571,10.4,765.3666667,57.5,2.333333333,40,2.25
60,10,23.1,34.29,21.5,33.86,23.1,36.0225,22.7,33.5,21.73,60.46666667,7.396666667,4.226666667,21.6,29.52857143,24.35666667,36.93,20.2,33.356,10,765.4,60,2,40,2.6
60,0,23.1,34.43,21.5,34.06,23.1,36.09,22.7,33.53,21.66666667,57.62666667,7.063333333,5.626666667,21.6,29.934,24.29,37.19333333,20.2,33.45142857,9.72,765.4833333,61,1.833333333,40,2.53
50,0,23.1,34.53,21.35666667,34.15666667,23.1,36.09,22.7,33.66333333,21.6,56.16666667,6.83,7.533333333,21.6,30.42571429,24.29,37.73333333,20.218,34.272,9.43,765.5666667,62,1.666666667,40,2.47
60,10,23.1,34.59,21.23,34.36333333,23.03333333,36.09,22.7,33.79,21.56666667,55.03333333,6.563333333,8.466666667,21.6,30.698,24.29,38.65,20.29,35.52857143,9.15,765.65,63,1.5,40,2.4
60,0,23.1,34.79,21.2,34.59666667,23,36.09,22.7,33.9,21.5,54.42666667,6.366666667,9.733333333,21.6,30.96857143,24.26,39,20.29,36.58,8.87,765.7333333,64,1.333333333,40,2.33
50,0,23.03333333,34.79,21.13333333,34.86333333,23,36.09,22.7,33.96666667,21.46333333,53.96,6.16,9.866666667,21.6,31.1,24.2,39.13333333,20.29,36.91,8.58,765.8166667,65,1.166666667,40,2.27
60,0,23,34.79,21.06666667,35.09,23,36.09,22.63333333,33.93333333,21.39,53.56666667,5.933333333,10.79333333,21.58571429,31.18428571,24.1,39.29,20.29,37.112,8.3,765.9,66,1,40,2.2
60,0,23,34.86333333,21,35.22333333,23,36.09,22.63333333,33.93333333,21.39,53.26,5.66,10.6,21.5,31.496,24.1,39.36333333,20.31857143,37.2,8,765.95,68.16666667,1,40,2.33
60,0,22.96333333,35,20.85666667,35.4,23,36.2,22.6,33.86333333,21.32333333,53.06666667,5.433333333,11.1,21.5,31.76428571,24,39.43333333,20.29,37.29,7.7,766,70.33333333,1,40,2.47
50,0,22.89,35,20.79,35.46666667,23,36.12666667,22.6,33.79,21.29,52.76,5.4,12.85,21.5,31.89,24,39.69333333,20.29,37.41,7.4,766.05,72.5,1,40,2.6
40,0,22.89,35,20.76,35.62666667,22.96333333,36.09,22.6,33.7,21.29,52.56666667,5.56,14.83333333,21.5,32.26428571,24,40.26666667,20.29,37.616,7.1,766.1,74.66666667,1,40,2.73
60,0,22.82333333,35,20.7,35.76,22.89,36.09,22.6,33.7,21.29,52.26,5.466666667,15.02666667,21.5,32.61285714,24,40.46666667,20.29,37.99714286,6.8,766.15,76.83333333,1,40,2.87
50,0,22.79,35,20.66666667,35.9,22.89,36.09,22.5,33.7,21.23,51.92666667,5.26,15.69333333,21.5,32.894,24,40.59,20.29,38.29,6.5,766.2,79,1,40,3
50,0,22.79,35,20.53333333,36.02666667,22.89,36.09,22.56666667,33.7,21.2,51.44,4.933333333,16.59333333,21.5,33.12142857,23.92666667,40.59,20.29,38.44142857,6.47,766.2166667,78.66666667,1,40,2.93
40,0,22.79,35,20.445,36.245,22.92666667,36.2,22.5,33.7,21.2,51.02666667,4.8,18.13333333,21.5,33.334,23.89,40.7,20.31,38.576,6.43,766.2333333,78.33333333,1,40,2.87
30,0,22.79,35.06,20.39,36.43333333,23,36.2,22.5,33.7,21.2,50.76666667,4.656666667,20.03,21.5,33.48571429,23.82333333,40.7,20.31857143,38.7,6.4,766.25,78,1,40,2.8
40,0,22.7,35.09,20.32333333,36.56,23,36.23,22.5,33.62666667,21.1,50.33333333,4.59,23.36333333,21.5,33.754,23.76,40.8,20.39,38.834,6.37,766.2666667,77.66666667,1,40,2.73
40,0,22.7,35.1725,20.26,36.7,23,36.36333333,22.5,33.7,21.1,50.12666667,4.466666667,24.5,21.5,33.82142857,23.7,41.13333333,20.39,38.9,6.33,766.2833333,77.33333333,1,40,2.67
40,0,22.7,35.2,20.2,36.76,23.1,36.53,22.46333333,33.66333333,21.1,49.93,4.333333333,25.42666667,21.5,34.036,23.7,41.56666667,20.39,38.96,6.3,766.3,77,1,40,2.6
50,0,22.6,35.2,20.16666667,36.93333333,23.1,36.6175,22.39,33.59,21.03333333,49.59666667,4.156666667,25.73333333,21.5,34.20428571,23.63333333,41.76,20.39,39.02571429,5.97,766.35,78.33333333,1,40,2.5
60,0,22.6,35.26,20.1,37.06,23.1,36.7,22.39,33.59,21,49.46666667,4.03,26.4,21.5,34.332,23.66666667,42.09666667,20.39,39.09,5.63,766.4,79.66666667,1,40,2.4
50,0,22.6,35.29,20,37.12666667,23.1,36.79,22.39,33.59,21,49.26666667,4.06,28.69666667,21.5,34.66857143,23.6,42.36333333,20.36142857,39.16857143,5.3,766.45,81,1,40,2.3
50,0,22.53333333,35.29,20,37.2,23.1,36.86333333,22.39,33.59,21,49.16333333,3.933333333,29.22333333,21.5,34.94,23.6,42.43333333,20.34714286,39.25142857,4.97,766.5,82.33333333,1,40,2.2
60,0,22.5,35.4,19.89,37.29,23.1,36.9,22.35666667,33.59,21,48.89,3.76,29.16666667,21.5,35.02285714,23.6,42.5,20.39,39.356,4.63,766.55,83.66666667,1,40,2.1
60,0,22.5,35.4,19.89,37.36333333,23.1,36.96666667,22.29,33.59,20.89,48.66333333,3.626666667,29.83333333,21.5,35.09,23.55,42.5,20.39,39.47142857,4.3,766.6,85,1,40,2
50,0,22.5,35.4,19.79,37.4,23.2,37,22.29,33.59,20.89,48.53,3.5,31.1,21.5,35.09,23.5,42.53,20.39,39.5,4.25,766.6,85.66666667,1,40,2.07
60,0,22.5,35.46666667,19.79,37.46666667,23.2,37,22.29,33.59,20.89,48.36333333,3.5,32.19,21.5,34.96,23.5,42.59,20.39,39.5,4.2,766.6,86.33333333,1,40,2.13
50,0,22.39,35.4,19.76,37.53,23.2,37.03,22.29,33.56,20.89,48.23,3.433333333,32.79,21.5,34.83714286,23.46333333,42.73,20.39,39.5,4.15,766.6,87,1,40,2.2
50,0,22.39,35.46666667,19.7,37.66333333,23.26,37.09,22.29,33.56,20.89,48.06,3.333333333,32.9,21.456,34.79,23.39,42.86333333,20.39,39.5,4.1,766.6,87.66666667,1,40,2.27
50,0,22.39,35.5,19.66666667,37.7,23.23,37.06666667,22.29,33.56,20.82333333,47.93333333,3.126666667,32.76666667,21.5,34.79,23.39,43.06,20.39,39.5,4.05,766.6,88.33333333,1,40,2.33
50,0,22.39,35.5,19.6,37.76,23.23,37.12666667,22.23,33.5,20.85666667,47.86333333,3.163333333,33.79666667,21.456,34.71,23.39,43,20.39,39.55142857,4,766.6,89,1,40,2.4
40,0,22.35666667,35.5,19.56666667,37.9,23.26,37.16333333,22.26,33.56,20.79,47.73,3.03,33.79666667,21.42142857,34.62142857,23.39,42.86333333,20.35,39.612,3.92,766.6,89,1,40,2.32
60,0,22.29,35.5,19.5,37.9,23.26,37.16333333,22.2,33.5,20.79,47.645,2.863333333,33.66333333,21.39,34.572,23.32333333,42.79,20.39,39.7,3.83,766.6,89,1,40,2.23
60,0,22.29,35.53,19.5,37.95,23.23,37.12666667,22.2,33.5,20.79,47.5,2.73,33.92333333,21.39,34.59571429,23.29,42.59,20.39,39.7,3.75,766.6,89,1,40,2.15
60,0,22.29,35.59,19.46333333,37.96666667,23.29,37.2,22.2,33.5,20.79,47.43333333,2.663333333,34.73,21.39,34.834,23.29,42.59,20.39,39.75142857,3.67,766.6,89,1,40,2.07
60,0,22.2,35.53,19.39,37.96666667,23.29,37.26,22.2,33.53,20.79,47.29,2.53,35.06333333,21.4175,34.90875,23.26,42.63333333,20.39,39.812,3.58,766.6,89,1,40,1.98
50,0,22.2,35.59,19.29,38.03,23.29,37.2,22.13333333,33.59,20.73,47.29,2.4,35.83,21.42142857,35.02571429,23.2,42.56,20.39,39.85285714,3.5,766.6,89,1,40,1.9
50,0,22.2,35.59,19.29,38.09,23.29,37.2,22.1,33.59,20.7,47.2,2.4,36.55666667,21.412,35.076,23.2,42.82666667,20.39,39.9,3.33,766.6166667,89.5,1,38.16666667,1.8
50,0,22.2,35.7,19.29,38.12666667,23.29,37.2,22.1,33.59,20.7,47.12666667,2.29,37,21.45285714,35.25714286,23.2,42.9,20.36142857,39.95714286,3.17,766.6333333,90,1,36.33333333,1.7
20,0,22.13333333,35.7,19.29,38.2,23.29,37.2,22.1,33.59,20.7,47.09,2.23,37.2,21.434,35.29,23.2,42.79,20.39,40,3,766.65,90.5,1,34.5,1.6
30,0,22.1,35.7,19.2,38.2,23.29,37.2,22.1,33.59,20.7,47.09,2.09,37.73333333,21.43714286,35.38428571,23.2,42.73,20.39,40.02571429,2.83,766.6666667,91,1,32.66666667,1.5
30,0,22.1,35.76,19.2,38.2,23.23,37.2,22.1,33.59,20.7,47,2.0225,38.4225,21.456,35.46,23.16666667,42.66333333,20.39,40.09,2.67,766.6833333,91.5,1,30.83333333,1.4
30,0,22.06666667,35.76,19.16666667,38.29,23.2,37.2,22.075,33.5675,20.7,46.93333333,2,39.29666667,21.42142857,35.45714286,23.16666667,42.53,20.39,40.09,2.5,766.7,92,1,29,1.3
60,0,22,35.7,19.1,38.29,23.2,37.2,22,33.56,20.6,46.79,1.863333333,38.86333333,21.434,35.4,23.13333333,42.36333333,20.39,40.09,2.45,766.6833333,92.16666667,1,30.83333333,1.27
50,0,22,35.73,19.1,38.32666667,23.13333333,37.2,22.1,33.59,20.6,46.79,1.73,39.06333333,21.45285714,35.42714286,23.125,42.195,20.34714286,40.12142857,2.4,766.6666667,92.33333333,1,32.66666667,1.23
60,0,22,35.79,19.1,38.4,23.2,37.2,22.03333333,33.53,20.6,46.7,1.73,39.99666667,21.39,35.29,23.1,42.03,20.39,40.156,2.35,766.65,92.5,1,34.5,1.2
40,0,22,35.79,19,38.29,23.2,37.2,22,33.5,20.6,46.62666667,1.79,40.59,21.39,35.29,23.1,42,20.39,40.15875,2.3,766.6333333,92.66666667,1,36.33333333,1.17
60,0,21.92666667,35.79,19,38.36333333,23.2,37.2,22,33.5,20.6,46.59,1.633333333,40.2,21.39,35.4,23.1,41.93333333,20.39,40.2,2.25,766.6166667,92.83333333,1,38.16666667,1.13
70,0,21.89,35.79,19,38.4,23.2,37.2,22,33.53,20.6,46.53,1.5,40.53333333,21.39,35.33714286,23,41.79,20.39,40.2,2.2,766.6,93,1,40,1.1
70,10,21.89,35.93,18.92666667,38.4,23.2,37.2,22,33.59,20.6,46.5,1.5,40.93333333,21.39,35.312,23,41.73,20.39,40.26428571,2.12,766.6,93.16666667,1,40,1.07
70,0,21.89,36.43333333,18.89,39.1,23.06666667,36.73333333,21.96333333,33.59,20.6,46.5,1.426666667,41.19333333,21.39,35.47142857,23,41.66333333,20.39,40.356,2.03,766.6,93.33333333,1,40,1.03
70,0,21.89,36.56,18.89,39.69333333,23,36.32666667,21.89,33.66333333,20.56666667,46.5,1.533333333,42.06,21.39,35.5,22.92666667,41.53,20.39,40.29,1.95,766.6,93.5,1,40,1
70,10,21.89,36.79,18.79,40.1,23,36.26,21.96333333,33.73,20.55,46.5,1.533333333,42.13333333,21.39,35.5,22.92666667,41.46666667,20.37,40.236,1.87,766.6,93.66666667,1,40,0.967
50,0,21.89,36.79,18.79,40.22333333,23,36.2,21.89,33.86333333,20.5,46.43333333,1.663333333,43.13333333,21.39,35.378,22.92666667,41.32666667,20.31857143,40.12142857,1.78,766.6,93.83333333,1,40,0.933
70,0,21.89,36.8,18.79,40.09,23,36.2,21.89,33.79,20.56666667,46.13333333,1.863333333,43.6,21.31857143,34.99714286,22.89,41.02666667,20.29,39.856,1.7,766.6,94,1,40,0.9
280,0,21.89,36.8,18.79,39.83333333,23,36.12666667,21.89,33.73,20.5,45.93333333,2.066666667,44.76333333,21.29,34.656,22.82333333,40.63333333,20.29,39.55285714,1.78,766.6166667,94,1,37.83333333,0.967
150,0,21.89,36.46666667,18.79,39.62666667,22.96333333,36.15666667,21.89,33.59,20.5,45.63333333,2.26,45.62333333,21.29,34.52428571,22.79,40.19333333,20.29,39.22,1.87,766.6333333,94,1,35.66666667,1.03
60,0,21.89,36.295,18.79,39.46666667,22.89,36.23,21.89,33.53,20.5,45.43333333,2.545,46.1,21.272,34.294,22.79,39.93333333,20.26428571,38.76428571,1.95,766.65,94,1,33.5,1.1
70,0,21.89,36.12666667,18.79,39.26666667,22.89,36.29,21.85666667,33.46666667,20.5,45.16333333,2.826666667,46.59666667,21.2,34.02571429,22.79,39.76,20.29,38.356,2.03,766.6666667,94,1,31.33333333,1.17
60,0,21.89,35.96666667,18.79,39.09,22.79,36.09,21.85666667,33.4,20.5,45.03,3.1,47.26333333,21.2,33.9,22.79,39.62666667,20.25142857,38.03714286,2.12,766.6833333,94,1,29.16666667,1.23
70,0,21.89,35.82666667,18.79,39.03,22.79,36.09,21.85666667,33.36333333,20.5,44.76,3.566666667,47.93,21.2,33.79285714,22.7,39.56,20.2,37.714,2.2,766.7,94,1,27,1.3
50,0,21.89,35.79,18.79,38.96666667,22.79,35.96666667,21.79,33.3175,20.5,44.62666667,3.833333333,47.86333333,21.2,33.8225,22.7,39.5,20.2,37.49714286,2.85,766.7,92.16666667,1,27.33333333,1.65
60,0,21.89,35.79,18.85666667,38.96666667,22.79,35.9,21.79,33.4,20.42666667,44.4,4.226666667,48.52666667,21.2,33.92,22.7,39.4,20.2,37.29,3.5,766.7,90.33333333,1,27.66666667,2
50,0,21.79,35.73,18.89,38.93333333,22.79,35.83333333,21.79,33.43333333,20.5,44.13333333,4.833333333,50,21.2,34,22.7,39.4,20.2,37.15,4.15,766.7,88.5,1,28,2.35
50,0,21.79,35.73,18.89,39.06,22.73,35.56666667,21.79,33.5,20.53333333,45.36,6.233333333,52.92666667,21.2,34,22.7,39.29,20.218,37.016,4.8,766.7,86.66666667,1,28.33333333,2.7
80,0,21.79,35.7,19.3,39.1,22.79,35.46666667,21.79,33.56666667,20.6,46.56,7.566666667,52.12666667,21.15714286,34.08,22.66666667,39.26,20.25142857,36.75714286,5.45,766.7,84.83333333,1,28.66666667,3.05
60,10,21.79,35.7,20.16,38.36,22.85666667,35.4,21.79,33.76,20.6,44.92666667,9.156666667,42.53333333,21.2,34.394,22.6,39.12666667,20.33,36.59,6.1,766.7,83,1,29,3.4
370,0,21.82333333,35.79,21.05666667,37.09333333,23,35.16333333,21.79,33.79,20.6,44,10.23,32.32666667,21.2,34.75428571,22.6,39.09,20.39,36.45571429,6.6,766.7333333,80.5,1,30.83333333,3.42
400,0,21.82333333,35.79,21.65666667,36.36666667,23.06666667,35.09,21.85666667,33.86333333,20.56666667,43.82666667,11.29666667,21.63333333,21.236,35,22.6,39.03,20.39,36.378,7.1,766.7666667,78,1,32.66666667,3.43
70,0,21.89,36.13333333,22.45666667,35.49666667,23.1,35,21.92666667,33.9,20.5,44.16,12.02333333,14.9,21.29,34.94285714,22.6,38.96666667,20.39,36.29,7.6,766.8,75.5,1,34.5,3.45
70,0,21.89,36.6,23.12333333,34.69666667,23.16666667,34.86,22.075,33.975,20.5,44.22333333,12.93,7.893333333,21.236,34.794,22.6,38.9,20.5,36.4,8.1,766.8333333,73,1,36.33333333,3.47
80,0,22,36.76666667,23.9,33.85,23.2,34.79,22.13333333,34,20.5,43.89,13.26333333,2.966666667,21.2,34.45428571,22.6,38.76,20.5,36.59375,8.6,766.8666667,70.5,1,38.16666667,3.48
90,0,22,36.96666667,24.55666667,33.52666667,23.2,34.79,22.26,34,20.5,43.745,13.5475,1.075,21.2,34.156,22.53333333,38.56666667,20.5,36.84142857,9.1,766.9,68,1,40,3.5
70,10,22.1,37.3,25.03,33.66,23.1,34.93333333,22.39,34.06666667,20.5,44.3,13.89666667,1,21.2,33.79714286,22.5,38.5,20.5,37.094,9.43,766.8833333,67.16666667,1.166666667,40,3.62
80,0,22.1,37.63333333,25.49333333,32.43,23.1,35.06,22.46333333,34.33333333,20.42666667,44.36,14.19666667,1,21.2,33.476,22.5,38.56,20.5,37.44,9.77,766.8666667,66.33333333,1.333333333,40,3.73
60,10,22.2,38,25.82666667,31.43,23.1,35.26666667,22.5,34.43333333,20.46333333,44.19333333,14.4425,1,21.2,33.09571429,22.5,38.7,20.6,37.7,10.1,766.85,65.5,1.5,40,3.85
50,10,22.2675,38.1725,26.13333333,30.96666667,23.1,35.4,22.56666667,34.5,20.39,43.93333333,14.79333333,1,21.1,32.9,22.5,38.7,20.52857143,37.65285714,10.4,766.8333333,64.66666667,1.666666667,40,3.97
80,0,22.29,38.89,26.32666667,30.49333333,23.1,35.62666667,22.63333333,34.59666667,20.73333333,58.73,15.25666667,1,21.12857143,32.66857143,22.5,38.7,20.6,37.718,10.8,766.8166667,63.83333333,1.833333333,40,4.08
80,0,22.42666667,40.42666667,26.42666667,30.03,23.1,35.875,22.7,34.79,21,63.59,15.59,1,21.1,32.458,22.5,38.62666667,20.57142857,37.79,11.1,766.8,63,2,40,4.2
80,0,22.5,40.29333333,26.56666667,29.76333333,23.1,36,22.73,34.9,20.89,61.39666667,15.96,1,21.1,31.86428571,22.5,38.46666667,20.5,37.79,11.4,766.8166667,61,2.166666667,40,4.02
80,0,22.5,40.03,26.63333333,29.53,23.2,36.12666667,22.79,34.9475,20.82333333,59.99,16.22666667,1,21.1,31.254,22.56666667,38.32666667,20.51428571,37.73857143,11.8,766.8333333,59,2.333333333,40,3.83
120,0,22.5,39.42333333,26.65,29.34,23.2,36.4,22.85666667,35.42333333,20.79,58.45666667,16.26333333,1,21.08571429,30.96714286,22.63333333,38.2,20.54,37.678,12.1,766.85,57,2.5,40,3.65
90,10,22.6,37.9,26.5225,28.565,23.13333333,35.92666667,22.89,35.09333333,20.73,57.12333333,16.39,1,21.02,30.836,22.7,38.2,20.5,37.59,12.4,766.8666667,55,2.666666667,40,3.47
50,10,22.53333333,35.82666667,26.16333333,26.65666667,22.92666667,34.33333333,22.89,34.36666667,20.7,55.69666667,16.42666667,1,21.1,31.2,22.73,38.06,20.56,37.5,12.8,766.8833333,53,2.833333333,40,3.28
70,0,22.5,34.75666667,25.82666667,25.26,22.66666667,33.8,23,33.96666667,20.7,54.49666667,16.69333333,1,21.1,30.956,22.79,37.8975,20.5,37.48571429,13.1,766.9,51,3,40,3.1
60,0,22.5,33.36333333,25.63333333,24.73333333,22.53333333,32.39333333,23.06666667,33.82666667,20.6,52.72666667,16.82333333,1,21.1,30.62285714,22.79,37.73,20.5,37.378,13.3,766.8666667,50,3,40,3.02
90,10,22.5,32.5,25.5,24.29,22.46333333,31.95666667,23.06666667,32.55666667,20.66666667,51.39333333,17.09666667,1,21.1,30.37,22.89,37.49,20.5,37.22571429,13.5,766.8333333,49,3,40,2.93
80,0,22.5,32.22666667,25.5,24.62333333,22.46333333,32.23,23,31.95666667,20.6,50.4,17.23,1,21.1125,30.365,22.89,37.23,20.54,37.29,13.8,766.8,48,3,40,2.85
80,0,22.5,32.19333333,25.5,25.39333333,22.53333333,32.32666667,23.03333333,31.92666667,20.6,49.92666667,17.23,1,21.15714286,30.39,22.89,37.06,20.55714286,37.23857143,14,766.7666667,47,3,40,2.77
80,0,22.56666667,32.46666667,25.56666667,25.72666667,22.66666667,32.46666667,23.1,32.06,20.6,49.6,17.09333333,1,21.14,30.39,22.89,36.93333333,20.5,37.2,14.2,766.7333333,46,3,40,2.68
60,10,22.6,32.69333333,25.46333333,26.19666667,22.7,32.53,23.1,32.23,20.6,49.13333333,16.49333333,1,21.2,30.39,22.92666667,36.79,20.5,37.15285714,14.4,766.7,45,3,40,2.6
70,0,22.6,32.96666667,25.39,26.59666667,22.76,32.66333333,23.1,32.36333333,20.6,48.395,16.66333333,1,21.2,30.39,23,36.65666667,20.5,37.09,14.4,766.6833333,44.16666667,2.833333333,40,2.33
60,0,22.63333333,33.12666667,25.29,26.995,22.79,32.82666667,23.1,32.53,20.6,48.06,16.79,1,21.23857143,30.43714286,23,36.56,20.54285714,37.09,14.4,766.6666667,43.33333333,2.666666667,40,2.07
60,10,22.7,33.26,25.16666667,27.32333333,22.79,32.96666667,23.1,32.59,20.6,47.93333333,17.09666667,1,21.29,30.54,23.06666667,36.56,20.5,37.09,14.4,766.65,42.5,2.5,40,1.8
70,0,22.79,33.43333333,25.1,27.53,22.79,33.03,23.2,32.79,20.6,47.76,17.34,1,21.34714286,30.6,23.1,36.5,20.5,37.06428571,14.5,766.6333333,41.66666667,2.333333333,40,1.53
70,0,22.79,33.56,25,27.92666667,22.85666667,33.22333333,23.2,32.86333333,20.6,47.62666667,17.35666667,1,21.39,30.58,23.16666667,36.36,20.5,37,14.5,766.6166667,40.83333333,2.166666667,40,1.27
80,0,22.89,33.745,24.92666667,28.13333333,22.89,33.4,23.2,32.9,20.6,47.5,17.42666667,1,21.39,30.5,23.29,36.36333333,20.5,36.98571429,14.5,766.6,40,2,40,1
70,10,22.92666667,33.82666667,24.76,28.46,22.9175,33.475,23.2,32.9,20.6,47.43333333,17.36,1,21.5,30.29,23.35666667,36.23,20.5125,36.9,14.7,766.5333333,39.33333333,2.166666667,40,0.917
70,0,23,33.9,24.7,28.66666667,23,33.5,23.2,33,20.6,47.29,17.2,1,21.55714286,30.08285714,23.39,36.06,20.54,36.9,14.8,766.4666667,38.66666667,2.333333333,40,0.833
70,0,23.03333333,34.03,24.6,28.82333333,23,33.53,23.2,33,20.6,47.29,17.2,1,21.62,29.83,23.46333333,36,20.5,36.92857143,15,766.4,38,2.5,40,0.75
60,10,23.1,34.09,24.53333333,28.96333333,23.06666667,33.66333333,23.245,33.045,20.6,47.2,17.13333333,1,21.72571429,29.72571429,23.53333333,35.96666667,20.5,37,15.2,766.3333333,37.33333333,2.666666667,40,0.667
70,0,23.2,34.2,24.5,29.23,23.1,33.7,23.26,33.09,20.6,47.06666667,17.32666667,1,21.79,29.6,23.66666667,35.9,20.5,37,15.3,766.2666667,36.66666667,2.833333333,40,0.583
60,0,23.2,34.2,24.42666667,29.29,23.1,33.76,23.26,33.09,20.6,46.96666667,17.5,1,21.84714286,29.51428571,23.73,35.76,20.5,36.98,15.5,766.2,36,3,40,0.5
70,10,23.29,34.36333333,24.39,29.56666667,23.1,33.79,23.29,33.12666667,20.6,46.76666667,17.42666667,1,21.912,29.478,23.85666667,35.7,20.5,36.94285714,15.4,766.15,35.83333333,3,40,0.4
70,0,23.29,34.36333333,24.32333333,29.76,23.16666667,33.86333333,23.29,33.2,20.56666667,46.66333333,17.32333333,1,22,29.36142857,23.89,35.52666667,20.5,36.96,15.4,766.1,35.66666667,3,40,0.3
70,0,23.39,34.4,24.26,29.89,23.2,33.9,23.29,33.2,20.56666667,46.53,17.39,1,22.1,29.29,23.9975,35.4,20.5,36.88428571,15.4,766.05,35.5,3,40,0.2
80,0,23.39,34.4,24.2,30.03,23.2,33.9,23.29,33.26,20.6,46.36333333,17.53333333,1,22.18571429,29.22428571,24.1,35.26666667,20.5,36.79,15.3,766,35.33333333,3,40,0.1
70,10,23.5,34.53,24.2,30.23,23.26,33.96666667,23.32333333,33.32666667,20.6,46.29,17.53333333,1,22.218,29.12,24.2,35.16333333,20.5,36.79,15.3,765.95,35.16666667,3,40,0
80,0,23.5,34.59,24.13333333,30.43,23.26,33.96666667,23.39,33.4,20.6,46.2,17.42666667,1,22.29,29.12857143,24.26,35.09,20.5,36.79,15.2,765.9,35,3,40,-0.1
70,0,23.5,34.59,24.1,30.63333333,23.29,34.09,23.39,33.43333333,20.53333333,46.12666667,17.42666667,1,22.39,29.1,24.32333333,35.03,20.5,36.76428571,15.3,765.85,35,3.166666667,40,-0.0333
70,0,23.56666667,34.59,24.03333333,30.7,23.29,34.09,23.39,33.69333333,20.6,46.06,17.5,1,22.40571429,29.11428571,24.39,35.22333333,20.5,36.79,15.4,765.8,35,3.333333333,40,0.0333
50,0,23.6,34.76666667,24,30.82333333,23.29,34.12666667,23.42666667,34.19333333,20.6,45.975,17.56666667,1,22.5,29.2,24.42666667,35.72666667,20.5,36.79,15.4,765.75,35,3.5,40,0.1
60,0,23.6,34.96666667,23.945,31.0725,23.29,34.2,23.5,34.46666667,20.6,45.9,17.46333333,1,22.5,29.2,24.5,36.19333333,20.5,36.79,15.5,765.7,35,3.666666667,40,0.167
80,0,23.63333333,34.93333333,23.92666667,31.26,23.2,34.23,23.5,34.5,20.6,45.79,17.34,1,22.6,29.2,24.5,36.5,20.5,36.73857143,15.6,765.65,35,3.833333333,40,0.233
90,0,23.7,34.93333333,23.89,31.35666667,23.2,34.43,23.5,34.43333333,20.6,45.79,17.39,1,22.6,29.016,24.5,36.76666667,20.5,36.734,15.7,765.6,35,4,40,0.3
90,0,23.7,34.62333333,23.82333333,31.09666667,23.2,34.53,23.5,34.36333333,20.6,45.56333333,17.35666667,1,22.61428571,28.63857143,24.5,37.09,20.5,37.23285714,15.8,765.5333333,35,4,40,0.35
80,0,23.7,33.6675,23.79,30.65666667,23.2,34.59,23.5,34.15666667,20.66666667,45.15666667,17.29,1,22.7,28.376,24.56666667,37.03,20.54,37.334,15.8,765.4666667,35,4,40,0.4
80,0,23.7,32.73333333,23.73,29.99,23.245,34.745,23.5,33.96666667,20.7,44.46,17.26,1,22.65714286,27.95,24.53333333,36.86333333,20.6,37.4,15.9,765.4,35,4,40,0.45
70,0,23.7,31.92666667,23.7,29.33333333,23.29,34.79,23.5,33.76666667,20.7,43.86666667,17.26,1,22.66,27.714,24.6,36.73,20.6,37.44,16,765.3333333,35,4,40,0.5
80,0,23.7,31.26666667,23.63333333,28.73333333,23.29,34.79,23.5,33.495,20.79,43.16,17.26,1,22.68571429,27.52714286,24.6,36.56,20.6,37.4,16,765.2666667,35,4,40,0.55
90,0,23.7,30.85666667,23.56666667,28.22666667,23.29,34.76,23.5,33.26,20.79,42.63333333,17.32666667,1,22.68,27.352,24.6,36.5,20.6,37.236,16.1,765.2,35,4,40,0.6
90,0,23.7,30.66333333,23.5,27.96,23.29,34.76,23.5,33.06666667,20.89,42.1,17.5,1,22.6,27.12857143,24.63333333,36.5,20.6,37.22285714,16.1,765.1333333,34.83333333,3.833333333,40,0.55
130,0,23.7,31.42666667,23.39,27.73,23.29,34.66333333,23.39,32.76,20.96333333,41.63333333,17.5,1,22.6,27,24.7,36.43333333,20.6,36.735,16.1,765.0666667,34.66666667,3.666666667,40,0.5
120,0,23.7,31.49333333,23.39,27.93,23.29,34.59,23.39,32.62666667,21,41.22333333,17.39,1,22.6,27.07142857,24.7,36.4,20.6,36.154,16.1,765,34.5,3.5,40,0.45
130,0,23.7,31.32333333,23.39,28.46,23.29,34.56,23.39,32.5,21.06666667,41.09,17.32333333,1,22.6,27.218,24.7,36.52666667,20.6,35.76428571,16.1,764.9333333,34.33333333,3.333333333,40,0.4
120,0,23.7,31.53,23.32333333,28.72666667,23.29,34.5,23.39,32.5,21.13333333,40.96666667,17.29,1,22.6,27.36142857,24.7,36.59,20.6,35.554,16.1,764.8666667,34.16666667,3.166666667,40,0.35
130,0,23.76,31.96333333,23.29,29.03333333,23.39,34.59,23.39,32.4,21.2,40.82666667,17.29,1,22.6,27.5,24.76,36.56,20.6,35.35142857,16.1,764.8,34,3,40,0.3
120,0,23.76,31.96333333,23.29,29.16666667,23.39,34.59,23.39,32.4,21.23,40.7,17.26,1,22.6,27.58571429,24.76,36.43333333,20.56,35.196,16,764.75,35,3.166666667,40,0.567
200,0,23.79,32.22666667,23.29,29.26333333,23.39,34.59,23.35666667,32.4,21.23,40.62666667,17.2,1,22.6,27.62,24.79,36.4,20.55714286,34.92857143,15.9,764.7,36,3.333333333,40,0.833
120,0,23.79,33.36,23.23,29.46333333,23.39,34.59,23.29,32.4,21.26,40.56,17.22666667,1,22.6,27.7,24.79,36.312,20.56,34.856,15.9,764.65,37,3.5,40,1.1
110,0,23.79,33.66333333,23.2,29.99333333,23.39,34.7,23.29,32.36333333,21.2,40.5,17.03333333,1,22.56,27.7,24.81,36.236,20.5,34.72333333,15.8,764.6,38,3.666666667,40,1.37
120,0,23.79,33.59,23.2,30.32666667,23.39,34.7,23.29,32.29,21.245,40.5,16.76,1,22.52857143,27.76571429,24.84714286,36.12142857,20.5,34.53,15.7,764.55,39,3.833333333,40,1.63
130,0,23.79,33.46666667,23.1,30.445,23.39,34.76,23.29,32.29,21.29,40.46666667,16.5225,1,22.5,27.976,24.89,35.856,20.5,34.36333333,15.6,764.5,40,4,40,1.9
130,0,23.79,33.32666667,23.06666667,30.7,23.39,34.76,23.29,32.36333333,21.29,40.4,16.46333333,1,22.5,28.17142857,24.89,35.72285714,20.5,34.23,15.4,764.4666667,40.66666667,3.833333333,40,1.98
110,0,23.76,33.2,23,30.76,23.39,34.82666667,23.29,32.36333333,21.29,40.29,17.13,1,22.5,28.29,24.89,35.552,20.5,34.09,15.3,764.4333333,41.33333333,3.666666667,40,2.07
120,0,23.7,33.2,22.96333333,31,23.39,34.96666667,23.29,32.29,21.29,40.23,17.13,1,22.43714286,28.37571429,24.89,35.4,20.5,34.16333333,15.1,764.4,42,3.5,40,2.15
90,0,23.7,33.09,22.89,31.06666667,23.29,35,23.26,32.26,21.29,40.09,16.53333333,1,22.39,28.476,24.89,35.59,20.5,34.06,14.9,764.3666667,42.66666667,3.333333333,40,2.23
90,0,23.7,33.2,22.79,31.13333333,23.29,35.09,23.2,32.2,21.29,40.03,15.66,1,22.39,28.69714286,24.90571429,35.72,20.5,33.72666667,14.8,764.3333333,43.33333333,3.166666667,40,2.32
80,0,23.7,33.2,22.73,31.2,23.23,35.09,23.2,32.2,21.2,39.79,14.15666667,1,22.39,29.04,24.956,36,20.5,33.33333333,14.6,764.3,44,3,40,2.4
80,0,23.7,33.23,22.66666667,31.29,23.16666667,35.06,23.2,32.2,21.2,39.79,13.29666667,1,22.39,29.28125,24.96857143,36.2,20.42666667,33,14.2,764.2833333,45.66666667,3,40,2.52
100,0,23.7,33.23,22.6,31.43,23.1,35.06,23.2,32.26,21.2,39.76,12.33333333,1,22.39,29.61142857,24.956,36.29,20.39,32.76,13.8,764.2666667,47.33333333,3,40,2.63
110,0,23.6,33.2,22.5,31.63333333,23.1,35.09,23.16666667,32.32666667,21.2,39.62666667,11.66666667,1,22.39,29.93,24.89,36.45428571,20.39,32.7,13.4,764.25,49,3,40,2.75
110,0,23.6,33.26,22.42666667,31.82666667,23.1,35.16333333,23.1,32.4,21.16666667,39.73,11,1.166666667,22.39,30.62571429,24.89,36.63,20.39,32.59,13.1,764.2333333,50.66666667,3,40,2.87
120,0,23.6,33.32666667,22.35666667,32.15666667,23.1,35.23,23.1,32.53,21.1,39.79,10.6,2.026666667,22.39,31.374,24.89,36.82142857,20.39,32.6175,12.7,764.2166667,52.33333333,3,40,2.98
80,0,23.53333333,33.52666667,22.29,32.49,23.1,35.29,23.1,32.66333333,21.16666667,39.93333333,10.09,3.433333333,22.39,31.85571429,24.89,37.134,20.39,32.7,12.3,764.2,54,3,40,3.1
80,0,23.5,33.7,22.2,32.73,23.1,35.29,23.1,32.73,21.16666667,40.06,9.756666667,4.766666667,22.39,32.196,24.89,37.35428571,20.39,32.92666667,12,764.2166667,54.66666667,3,40,3.03
80,0,23.5,33.7,22.13333333,32.86333333,23.1,35.36333333,23.1,32.86333333,21.1,40.23,9.433333333,5.863333333,22.43714286,32.49714286,24.912,37.554,20.39,33.4,11.7,764.2333333,55.33333333,3,40,2.97
70,0,23.5,33.79,22.06666667,33.03,23.1,35.4,23.1,32.93333333,21.1,40.36333333,9.226666667,6.923333333,22.39,32.976,25,37.66857143,20.39,33.86,11.4,764.25,56,3,40,2.9
80,0,23.42666667,33.73,22,33.22333333,23.1,35.4,23.03333333,32.93333333,21.1,40.53,9.126666667,7.496666667,22.42142857,33.09,25,37.79,20.39,34.13333333,11.2,764.2666667,56.66666667,3,40,2.83
60,0,23.39,33.79,21.85666667,33.5,23.1,35.5,23,33,21.1,40.66333333,8.926666667,7.963333333,22.412,33.376,25,37.89857143,20.39,34.46333333,10.9,764.2833333,57.33333333,3,40,2.77
50,0,23.39,33.79,21.79,33.63333333,23.1,35.5,23,33,21.1,40.7,8.7,8.65,22.5,33.9,25,38.058,20.39,34.66333333,10.6,764.3,58,3,40,2.7
70,0,23.39,33.82666667,21.7,33.95,23.13333333,35.59,23,33,21.1,40.79,8.36,9.293333333,22.5,34.08,25,38.46571429,20.39,34.79,10.5,764.3166667,58.33333333,2.833333333,40,2.65
50,0,23.32333333,33.9,21.6,34.15666667,23.2,35.66333333,23,33.06,21.03333333,40.73,8.226666667,9.5,22.5,34.47714286,24.89,38.985,20.46333333,34.99,10.3,764.3333333,58.66666667,2.666666667,40,2.6
60,10,23.29,34.26666667,21.53333333,34.43,23.29,35.82666667,23,33.09,21.03333333,41.05666667,8.1,10.1,22.478,34.772,24.89,39.174,20.39,35.19333333,10.2,764.35,59,2.5,40,2.55
50,0,23.29,34.32666667,21.46333333,34.59,23.29,35.96666667,23,33.09,21.1,41.79666667,7.966666667,10.43333333,22.46857143,34.81142857,24.79142857,38.35571429,20.39,35.66,10.1,764.3666667,59.33333333,2.333333333,40,2.5
50,0,23.29,34.32666667,21.39,34.66333333,23.32333333,36,23,33.09,21.16666667,42.09,7.656666667,10.96666667,22.456,34.62,24.7,38.196,20.39,36.06666667,9.93,764.3833333,59.66666667,2.166666667,40,2.45
60,0,23.2225,34.345,21.29,34.93333333,23.34,36.0675,22.92666667,33.09,21.1,42.16333333,7.59,11.76666667,22.39,34.47142857,24.7,38.49714286,20.39,36.26,9.8,764.4,60,2,40,2.4
50,0,23.2,34.4,21.29,35.06,23.39,36.16333333,22.89,33.09,21.1,42.09,7.33,12.39333333,22.39,34.5,24.6,38.736,20.42666667,36.65666667,9.62,764.35,60.66666667,2,40,2.37
50,0,23.2,34.5,21.16666667,35.12666667,23.39,36.29,22.89,33.09,21.1,42.03,7.123333333,13.52666667,22.39,34.5,24.6,38.86714286,20.42666667,36.79,9.43,764.3,61.33333333,2,40,2.33
60,0,23.2,34.5,21.1,35.26,23.39,36.29,22.89,33.09,21,41.86333333,7.06,14.06666667,22.39,34.4,24.58,39.076,20.39,37.03,9.25,764.25,62,2,40,2.3
50,0,23.1,34.5,21.06666667,35.4,23.46333333,36.4,22.89,33.09,21,41.79,6.933333333,14.2,22.37571429,34.53714286,24.5,39.26428571,20.39,37.16333333,9.07,764.2,62.66666667,2,40,2.27
60,0,23.1,34.5,21,35.46666667,23.46333333,36.46666667,22.89,33.09,21,41.76,6.8,14.66666667,22.29,34.612,24.5,39.44,20.42666667,37.36,8.88,764.15,63.33333333,2,40,2.23
40,0,23.1,34.59,20.89,35.59,23.5,36.5,22.79,32.9,21,41.7,6.8,15.19333333,22.29,34.62142857,24.48428571,39.69142857,20.5,37.5225,8.7,764.1,64,2,40,2.2
40,0,23.1,34.59,20.89,35.66333333,23.5,36.56,22.79,32.9,21,41.62666667,6.656666667,15.52666667,22.29,34.634,24.39,39.876,20.5,37.66333333,8.58,764.0833333,64.16666667,2,40,2.12
20,0,23.1,34.59,20.79,35.7,23.5,36.53,22.79,32.9,21,41.7,6.59,16,22.29,34.68428571,24.39,40.05714286,20.5,37.73,8.47,764.0666667,64.33333333,2,40,2.03
40,0,23.03333333,34.53,20.73,35.76,23.5,36.59,22.79,32.9,21,41.59,6.466666667,16.56,22.29,34.62666667,24.29,40.334,20.42666667,37.79,8.35,764.05,64.5,2,40,1.95
50,0,23,34.53,20.7,35.9,23.46333333,36.59,22.79,32.9,21,41.59,6.4,17.29333333,22.29,34.71285714,24.29,40.65142857,20.5,37.93333333,8.23,764.0333333,64.66666667,2,40,1.87
50,0,23,34.59,20.7,35.96666667,23.39,36.59,22.79,32.9,21,41.59,6.295,17.945,22.29,34.79,24.29,40.812,20.5,38,8.12,764.0166667,64.83333333,2,40,1.78
50,0,23,34.59,20.6,35.9,23.39,36.7,22.76,32.9,21,41.59,6.09,18.53333333,22.29,34.79,24.29,40.99714286,20.5,38.09,8,764,65,2,40,1.7
60,0,23,34.59,20.53333333,35.96666667,23.39,36.7,22.76,32.9,20.89,41.7,6.09,19.73333333,22.29,34.56714286,24.2,41.4,20.5,38.16333333,7.8,763.95,66.33333333,2.166666667,40,1.78
60,0,22.89,34.59,20.46333333,36,23.5,36.79,22.7,32.9,20.89,41.645,6.16,20.85666667,22.29,34.44,24.2,41.48571429,20.5,38.23,7.6,763.9,67.66666667,2.333333333,40,1.87
60,0,22.89,34.59,20.39,36.0675,23.42666667,36.79,22.7,32.9,20.89,41.7,6.226666667,21.12333333,22.29,34.35285714,24.18,41.5,20.5,38.29,7.4,763.85,69,2.5,40,1.95
60,0,22.85666667,34.56,20.39,36.16333333,23.5,36.9,22.7,32.9,20.89,41.7,6.333333333,21.93,22.254,34.356,24.1,41.55714286,20.5,38.4,7.2,763.8,70.33333333,2.666666667,40,2.03
50,0,22.85666667,34.63333333,20.29,36.29,23.5,36.9,22.7,32.9,20.89,41.7,6.4,21.45666667,22.25142857,34.35285714,24.1,41.79,20.5,38.46666667,7,763.75,71.66666667,2.833333333,40,2.12
50,0,22.79,34.56,20.29,36.36333333,23.5,36.9,22.7,32.9,20.89,41.73,6.366666667,20.99333333,22.254,34.4,24.08571429,41.86857143,20.5,38.53,6.8,763.7,73,3,40,2.2
50,0,22.79,34.56,20.26,36.4,23.5,36.925,22.7,32.9,20.89,41.79,6.226666667,21.32666667,22.26428571,34.44285714,24,41.812,20.5,38.59,6.87,763.6833333,72.33333333,3.166666667,40,2.13
40,0,22.79,34.59,20.2,36.4,23.5,37,22.6,32.79,20.89,41.79,6.19,22.49,22.254,34.554,24,41.9,20.5,38.62666667,6.93,763.6666667,71.66666667,3.333333333,40,2.07
50,0,22.7,34.59,20.2,36.5,23.5,37,22.6,32.79,20.89,41.79,6.123333333,22.82333333,22.26428571,34.55,24,42.09,20.5,38.7,7,763.65,71,3.5,40,2
60,0,22.7,34.59,20.13333333,36.5,23.5,37,22.6,32.9,20.82333333,41.76666667,6,22.9,22.2,34.356,23.93714286,42.09,20.5,38.73,7.07,763.6333333,70.33333333,3.666666667,40,1.93
60,0,22.7,34.59,20.1,36.59,23.5,37,22.6,32.9,20.89,41.9,5.933333333,23.63333333,22.2,34.36857143,23.89,42.09,20.5,38.79,7.13,763.6166667,69.66666667,3.833333333,40,1.87
60,0,22.7,34.59,20.1,36.59,23.5,37,22.6,32.9,20.89,41.9,5.866666667,24.5,22.2,34.254,23.89,42.16857143,20.5,38.9,7.2,763.6,69,4,40,1.8
60,0,22.66666667,34.59,20.06666667,36.59,23.5,37,22.6,32.9,20.89,41.9,5.8,25.22666667,22.2,34.18428571,23.86142857,42.03571429,20.5,38.975,7.07,763.55,69.5,3.833333333,40,1.78
60,0,22.6,34.59,20,36.66333333,23.56666667,37,22.6,32.9,20.79,41.79,5.69,25.23333333,22.2,34.09,23.83,41.834,20.5,39,6.93,763.5,70,3.666666667,40,1.77
50,0,22.6,34.59,20,36.73,23.6,37.09,22.56666667,32.9,20.79,41.79,5.623333333,25.3,22.2,34.09,23.80428571,41.76714286,20.5,39.09,6.8,763.45,70.5,3.5,40,1.75
50,0,22.6,34.59,19.92666667,36.79,23.6,37.03,22.5,32.9,20.79,41.82666667,5.4,24.895,22.2,34.4,23.83,41.714,20.5,39.09,6.67,763.4,71,3.333333333,40,1.73
50,0,22.6,34.59,19.89,36.79,23.6,37,22.5,32.9,20.85666667,41.96666667,5.126666667,25.1,22.2,34.33714286,23.79,41.59,20.56666667,39.2,6.53,763.35,71.5,3.166666667,40,1.72
40,0,22.53333333,34.59,19.89,36.86333333,23.53333333,37.06,22.5,32.9,20.79,41.82666667,4.866666667,25.5,22.2,34.276,23.79,41.5,20.5,39.2,6.4,763.3,72,3,40,1.7
50,0,22.5,34.7,19.82333333,36.82666667,23.56666667,37.09,22.5,32.9,20.79,41.9,4.763333333,26.56666667,22.2,34.47142857,23.77714286,41.44285714,20.5,39.23,6.17,763.3,73.16666667,2.833333333,40,1.7
60,0,22.5,34.7,19.82333333,36.9,23.5,37.03,22.5,32.9,20.79,41.9,4.69,27.36666667,22.2,34.5,23.7,41.378,20.5,39.36333333,5.93,763.3,74.33333333,2.666666667,40,1.7
50,0,22.5,34.7,19.79,36.9,23.5,37.03,22.5,32.9,20.79,41.9,4.59,28.16666667,22.2,34.5,23.72571429,41.29,20.5,39.4,5.7,763.3,75.5,2.5,40,1.7
60,0,22.5,34.7,19.79,36.975,23.56666667,37.09,22.5,32.9,20.79,41.845,4.59,28.63333333,22.2,34.5,23.7,41.254,20.5,39.4,5.47,763.3,76.66666667,2.333333333,40,1.7
50,0,22.39,34.59,19.73,37,23.53333333,37.03,22.46333333,32.86333333,20.79,41.82666667,4.5,29.43,22.2,34.5,23.7,41.13714286,20.5,39.53,5.23,763.3,77.83333333,2.166666667,40,1.7
30,0,22.39,34.66333333,19.7,37.09,23.6,37.03,22.39,32.79,20.79,41.82666667,4.433333333,29.96333333,22.1375,34.475,23.68,41.052,20.5,39.59,5,763.3,79,2,40,1.7
20,0,22.39,34.7,19.7,37.09,23.6,37,22.39,32.79,20.79,41.82666667,4.366666667,30.62333333,22.1,34.536,23.6,40.97142857,20.5,39.59,4.87,763.3,79.5,2,40,1.63
30,0,22.39,34.7,19.6,37.06,23.53333333,37,22.39,32.79,20.79,41.82666667,4.3,31.35666667,22.14285714,34.59,23.6,40.856,20.5,39.59,4.73,763.3,80,2,40,1.57
30,0,22.29,34.7,19.6,37.06,23.5,37,22.39,32.82666667,20.76,41.79,4.19,31.92666667,22.12,34.612,23.6,40.73857143,20.5,39.59,4.6,763.3,80.5,2,40,1.5
50,0,22.29,34.7225,19.6,37.09,23.42666667,36.93333333,22.39,32.9,20.7,41.79,4.19,32.19333333,22.12857143,34.7,23.6,40.7,20.5,39.59,4.47,763.3,81,2,40,1.43
70,0,22.29,34.79,19.6,37.09,23.42666667,37,22.39,32.845,20.76,41.79,4.19,32.86,22.1,34.5,23.6,40.62142857,20.5,39.59,4.33,763.3,81.5,2,40,1.37
60,0,22.26,34.76,19.6,37.09,23.39,37,22.39,32.9,20.7,41.79,4.19,33.19333333,22.1,34.48428571,23.6,40.7,20.5,39.59,4.2,763.3,82,2,40,1.3
60,0,22.2,34.7,19.6,37.09,23.39,36.93333333,22.39,32.9,20.7,41.79,4.463333333,33.69333333,22.1,34.59,23.51428571,40.65285714,20.6,39.62666667,4.38,763.2833333,80.83333333,2.166666667,40,1.28
50,0,22.2,34.7,19.6,37.12666667,23.5,37,22.29,32.9,20.7,41.79,4.6925,33.1175,22.1,34.62142857,23.5,40.7,20.6,39.7675,4.57,763.2666667,79.66666667,2.333333333,40,1.27
60,0,22.2,34.7,19.6,37.12666667,23.5,37,22.29,32.9,20.7,41.79,4.866666667,33.06333333,22.1,34.754,23.5,40.62142857,20.6,39.79,4.75,763.25,78.5,2.5,40,1.25
50,0,22.2,34.73,19.6,37.09,23.5,37,22.29,32.86333333,20.7,41.86333333,5.26,32.3,22.1,34.54,23.5,40.634,20.6,39.73,4.93,763.2333333,77.33333333,2.666666667,40,1.23
70,0,22.2,34.86333333,19.53333333,37.49666667,23.42666667,36.8,22.29,32.79,20.7,41.9,5.526666667,30.9,22.08,34.36,23.45285714,40.59857143,20.6,39.86333333,5.12,763.2166667,76.16666667,2.833333333,40,1.22
170,0,22.23,35.45666667,19.6,37.93333333,23.35666667,36.33333333,22.29,32.92,20.7,41.82666667,6.1,28.66666667,22,34.06714286,23.478,40.436,20.6,39.79,5.3,763.2,75,3,40,1.2
400,0,22.29,35.86333333,19.6,37.93333333,23.29,36.06666667,22.29,33.09,20.7,41.76,6.493333333,25.73333333,22,33.554,23.39,39.87142857,20.6,39.65666667,5.75,763.1666667,73.5,2.833333333,40,1.33
150,0,22.23,36.03,19.6,37.7,23.29,35.9,22.29,33,20.7,41.42666667,7.066666667,21.42666667,21.93714286,33.17857143,23.39,39.416,20.6,39.52666667,6.2,763.1333333,72,2.666666667,40,1.47
70,0,22.29,36.09,19.66666667,37.7,23.29,35.82666667,22.29,32.86,20.79,40.69333333,7.866666667,16.36666667,21.89,32.794,23.3275,39.06125,20.6,39.19333333,6.65,763.1,70.5,2.5,40,1.6
110,10,22.29,36.02666667,19.7,37.46666667,23.29,35.86333333,22.29,32.79,20.85666667,40.36,9.096666667,11.2,21.89,32.49714286,23.29,38.67857143,20.6,38.73333333,7.1,763.0666667,69,2.333333333,40,1.73
100,0,22.29,35.9,20.2475,37.125,23.35666667,35.79,22.29,32.86333333,20.89,39.995,10.23,8.46,21.89,32.254,23.29,38.418,20.6,38.19333333,7.55,763.0333333,67.5,2.166666667,40,1.87
120,0,22.29,35.72333333,21.29666667,36.09333333,23.53333333,35.7,22.29,33.12666667,20.79,39.93333333,11.39333333,3.99,21.89,32.13714286,23.22571429,38.14714286,20.7,37.82666667,8,763,66,2,40,2
80,0,22.29,35.46333333,21.99333333,34.3,23.6,35.56666667,22.29,33.26,20.79,40.06,12.19333333,1.996666667,21.87,32.072,23.2,38,20.7,37.9,8.55,762.9666667,63.83333333,2.166666667,40,1.98
90,0,22.29,34.6,22.46666667,32.1,23.73,35.4,22.35666667,31.89333333,20.79,40.09,13.23,1,21.86142857,32,23.2,37.85142857,20.73,37.6,9.1,762.9333333,61.66666667,2.333333333,40,1.97
120,10,22.29,33.66666667,23.3,31.19,23.66333333,35,22.29,31.56666667,20.79,40.03,14.02333333,1,21.89,32.09,23.2,37.736,20.79,37.26666667,9.65,762.9,59.5,2.5,40,1.95
390,0,22.29,33.73333333,24.03333333,30.12333333,23.39,34.99,22.42666667,31.8,20.79,40.2,14.79333333,1,21.83285714,32.07,23.2,37.7,20.79,37.16333333,10.2,762.8666667,57.33333333,2.666666667,40,1.93
240,0,22.29,34.0725,24.66333333,28.79666667,23.39,34.42,22.5,31.86,20.79,40.12666667,15.12666667,1,21.79,31.856,23.16,37.59,20.79,37.09,10.8,762.8333333,55.16666667,2.833333333,40,1.92
120,0,22.29,33.63,24.99666667,28.05666667,23.46333333,34.09,22.6,31.745,20.79,39.83333333,15.32666667,1,21.79,31.52571429,23.14285714,37.53857143,20.82333333,37.43333333,11.3,762.8,53,3,40,1.9
70,0,22.32333333,32.9,25.49333333,27,23.5,34,22.73,32.06666667,20.79,39.5,15.73333333,1,21.79,31.54,23.14,37.44,20.89,37.56,11.6,762.7666667,52.16666667,3.333333333,40,1.98
90,0,22.39,32.76,25.9,26.46,23.5,34.06,22.85666667,32.33333333,20.73,39.1,16.1,1,21.79,31.51,23.1,37.29571429,20.79,37.59,12,762.7333333,51.33333333,3.666666667,40,2.07
80,0,22.39,32.4,26.26333333,25.6,23.46333333,33.86333333,22.89,32.03333333,20.73,38.76666667,16.32333333,1,21.79,31.33285714,23.1,37.2,20.79,37.59,12.3,762.7,50.5,4,40,2.15
70,0,22.39,32.2,26.46333333,25.6,23.39,33.79,22.89,31.56666667,20.73,38.56,16.46333333,1,21.79,31.29,23.1,37.26714286,20.79,37.59,12.6,762.6666667,49.66666667,4.333333333,40,2.23
80,10,22.39,32.29,26.76333333,25.66666667,23.39,33.82666667,22.79,31.5,20.73,38.36,16.92666667,1,21.79,31.23571429,23.1,37.378,20.79,37.46666667,13,762.6333333,48.83333333,4.666666667,40,2.32
110,0,22.39,32.36333333,26.89,25.53333333,23.39,33.96666667,22.79,31.5,21.43333333,66.12666667,17.26,1,21.79,30.754,23.1,37.29,20.79,37.4,13.3,762.6,48,5,40,2.4
90,0,22.5,32.53,27,26,23.39,34.09,22.82333333,31.56666667,22.22666667,78.2,17.66333333,1,21.79,30.52857143,23.1,37.236,20.79,37.5,13.6,762.55,46.5,5,40,2.2
100,0,22.5,32.66333333,27.06666667,25.92666667,23.39,34.09,22.89,31.7,21.96333333,71.26333333,17.93,1,21.79,30.08,23.15714286,37.09857143,20.79,37.5,13.9,762.5,45,5,40,2
100,10,22.5,32.86,27,25.89,23.46333333,34.26,22.89,31.7,21.76333333,68.59666667,18.19666667,1,21.79,28.82428571,23.16,36.9,20.79,37.4,14.2,762.45,43.5,5,40,1.8
100,0,22.5,33.26666667,26.92666667,24.82333333,23.39,34.12666667,22.89,31.56666667,21.66666667,61.5,18.39,1,21.79,28.7,23.23857143,36.64285714,20.79,36.99333333,14.4,762.4,42,5,40,1.6
80,0,22.6,31.73333333,26.76,23.36666667,23.29,33.29666667,22.85666667,30.96666667,21.53333333,59.63333333,18.66333333,1,21.79,28.28142857,23.29,36.156,20.85666667,36.86333333,14.7,762.35,40.5,5,40,1.4
80,0,22.6,30.59333333,26.63333333,22.23333333,23.29,32.96333333,22.79,30.3,21.46333333,57.29,18.85666667,1,21.79,27.654,23.34714286,35.89285714,20.85666667,36.73,15,762.3,39,5,40,1.2
90,0,22.63333333,29.46666667,26.445,21.04,23.29,32.86333333,22.79,29.56666667,21.365,54.9475,19.16333333,1,21.79,27.05142857,23.412,35.79,20.85666667,36.66333333,15.2,762.2166667,38.5,4.666666667,40,1.17
90,0,22.63333333,28.59333333,26.26,20.59666667,23.29,32.79,22.79,29.36,21.29,52.62666667,19.29,1,21.83,26.66,23.5,35.76428571,20.79,36.46333333,15.4,762.1333333,38,4.333333333,40,1.13
90,0,22.7,28.59333333,26.13333333,20.46333333,23.29,32.7,22.79,29.06666667,21.2,50.26666667,19.06666667,1,21.81857143,26.37714286,23.5,35.7,20.79,36.26,15.7,762.05,37.5,4,40,1.1
90,10,22.7,29,26,20.83333333,23.29,32.5,22.79,28.92666667,21.2,48.66,19,1,21.83,26.33,23.55714286,35.63714286,20.79,36.12666667,15.9,761.9666667,37,3.666666667,40,1.07
90,0,22.7,28.65666667,25.92666667,20.89333333,23.16666667,31.66666667,22.79,28.89333333,21.2,47.06666667,19.06666667,1,21.81857143,26.36142857,23.6,35.536,20.79,35.96666667,16.1,761.8833333,36.5,3.333333333,40,1.03
90,0,22.76,28.46333333,25.79,21.23,23.1,31.345,22.79,29.16666667,21.2,45.99333333,19,1,21.89,26.456,23.6,35.5,20.79,35.82666667,16.3,761.8,36,3,40,1
160,10,22.84,27.545,25.73,21.43,23.16666667,30.92666667,22.79,29.2,21.16666667,44.96666667,18.9,1,21.95285714,26.22428571,23.6625,35.4625,20.79,35.7,16.5,761.75,35.33333333,3.166666667,38,0.9
140,0,22.89,27.36,25.66666667,21.56666667,23.13333333,30.85666667,22.745,29.0475,21.1,44.16666667,18.76,1,22,25.998,23.7,35.4,20.79,35.62666667,16.6,761.7,34.66666667,3.333333333,36,0.8
80,0,22.96333333,27.23333333,25.53333333,21.76,23.2,30.66333333,22.79,28.79,21.1,43.39333333,18.89,1,22,25.79,23.73857143,35.27,20.85666667,35.49,16.8,761.65,34,3.5,34,0.7
70,10,23,27.02333333,25.43,22.23,23.16666667,30.89666667,22.7,28.79,21.1,42.72666667,18.99666667,1,22.1,25.89,23.7,34.734,20.79,35.29,17,761.6,33.33333333,3.666666667,32,0.6
80,0,23.06666667,27.43,25.23,22.35666667,23.03333333,31.62333333,22.7,28.85666667,21.1,42.06333333,18.85666667,1,22.1,25.80428571,23.7,34.09,20.79,35.29,17.1,761.55,32.66666667,3.833333333,30,0.5
30,0,23.1,27.96,25.06666667,22.46333333,22.96333333,32.19333333,22.7,29.03333333,21.03333333,41.53,19,1,22.12,25.772,23.66,34.356,20.79,34.99,17.3,761.5,32,4,28,0.4
30,0,23.1,28.29333333,25,22.72333333,22.96333333,32.19333333,22.7,29.1,21.06666667,40.99,19.06666667,1,22.2,25.7,23.62857143,34.29,20.85666667,34.86333333,17.3,761.4333333,31.33333333,4,30,0.1
40,0,23.2,28.73,25,23.45666667,23,32,22.7,29.29,21,40.73,19.2,1,22.29,25.79,23.6,34.214,20.85666667,35.12666667,17.4,761.3666667,30.66666667,4,32,-0.2
20,0,23.26,28.99666667,24.92666667,24.06333333,23,32.06,22.7,29.43,21,40.7,19.2,1,22.30428571,25.87571429,23.52857143,34.09,20.79,35.26,17.4,761.3,30,4,34,-0.5
70,0,23.32333333,29.42666667,24.89,24.59666667,23,32.12666667,22.7,29.63333333,21,40.76,19.1,1,22.40375,25.9575,23.5,34.09,20.79,35.32666667,17.4,761.2333333,29.33333333,4,36,-0.8
60,0,23.39,29.63333333,24.89,24.99666667,23,32.26,22.7,29.76,21,40.82666667,19.22666667,1,22.5,26.12,23.48428571,34.07714286,20.79,35.4,17.5,761.1666667,28.66666667,4,38,-1.1
60,0,23.5,30.06666667,24.79,25.36,23.03333333,32.43333333,22.79,30.03333333,21,40.9,19.56666667,1,22.57142857,26.2,23.39,34.018,20.79,35.5,17.5,761.1,28,4,40,-1.4
60,0,23.5,30.26,24.79,25.69333333,23.1,32.56,22.73,30.16666667,21,41,19.63333333,1,22.7,26.39,23.39,34.09,20.79,35.5,17.8,760.9833333,28.16666667,3.833333333,40,-1.03
60,0,23.6,30.4,24.76,26.06666667,23.1,32.7,22.73,30.26333333,21,41.06,19.53333333,1,22.75142857,26.39,23.39,34.2,20.79,35.53,18.1,760.8666667,28.33333333,3.666666667,40,-0.667
50,0,23.6,29.66,24.7,26.2,23.1,32.76,22.73,30.39,21,41.09,19.66666667,1,22.81,26.412,23.37571429,34.25142857,20.79,35.59,18.4,760.75,28.5,3.5,40,-0.3
50,0,23.6,28.66666667,24.6,25.15,23.13333333,32.9,22.73,30.5,21,40.96666667,19.82333333,1,22.89,26.52857143,23.29,34.29,20.85666667,35.59,18.8,760.6333333,28.66666667,3.333333333,40,0.0667
50,0,23.66666667,27.86,24.5,24.56666667,23.2,32.9,22.79,30.56666667,21,40.82666667,19.76333333,1,23,26.64,23.29,34.33714286,20.79,35.66333333,19.1,760.5166667,28.83333333,3.166666667,40,0.433
50,0,23.7,27.92666667,24.5,24.9,23.2,32.93333333,22.79,30.73,21,40.66333333,19.82333333,1,23,26.7,23.29,34.334,20.79,35.4,19.4,760.4,29,3,40,0.8
70,0,23.76,28.4,24.5,25.36,23.2,32.93333333,22.79,30.79,21,40.59,19.89,1,22.978,26.754,23.29,34.4,20.79,35.4,19.4,760.3333333,29.33333333,3.166666667,40,0.917
60,0,23.79,28.89333333,24.42666667,25.63333333,23.245,33.045,22.79,30.89,21,40.59,20.03333333,1,22.89,26.79,23.29,34.4,20.79,35.5,19.3,760.2666667,29.66666667,3.333333333,40,1.03
60,0,23.865,29.37,24.39,26.06666667,23.29,33.2,22.79,30.9725,21,40.59,20.03333333,1,22.89,26.79,23.29,34.44285714,20.79,35.5,19.3,760.2,30,3.5,40,1.15
60,0,23.89,29.72666667,24.39,26.32666667,23.29,33.26,22.79,31,21,40.59,20.03333333,1,22.84714286,26.75142857,23.29,34.5,20.79,35.59,19.2,760.1333333,30.33333333,3.666666667,40,1.27
50,0,23.92666667,30.06666667,24.39,26.76333333,23.39,33.32666667,22.79,31.13333333,21,40.59,20.2675,1,22.87,26.772,23.29,34.5,20.79,35.5225,19.1,760.0666667,30.66666667,3.833333333,40,1.38
50,0,24,30.26,24.39,26.96333333,23.39,33.4,22.79,31.2,21.03333333,40.62666667,20.39,1,22.83285714,26.73857143,23.272,34.48,20.79,35.5,19.1,760,31,4,40,1.5
50,0,24,30.53333333,24.32333333,27.26333333,23.39,33.53,22.79,31.2,21.03333333,40.62666667,20.46333333,1,22.79,26.7,23.23857143,34.44285714,20.79,35.5,19.1,759.8666667,30.83333333,4.166666667,40,1.47
60,0,24,30.66666667,24.32333333,27.46333333,23.39,33.59,22.79,31.26,21.1,40.82666667,20.46333333,1,22.79,26.73857143,23.2,34.4,20.79,35.5,19.2,759.7333333,30.66666667,4.333333333,40,1.43
40,0,24,30.92666667,24.29,27.73,23.42666667,33.65666667,22.79,31.29,21.1,40.9,20.5,1,22.79,26.754,23.2,34.475,20.79,35.44285714,19.3,759.6,30.5,4.5,40,1.4
60,0,24,31.06666667,24.29,27.85666667,23.5,33.79,22.79,31.35666667,21.13333333,40.93333333,20.5,1,22.76428571,26.79,23.2,34.5,20.79,35.44,19.3,759.4666667,30.33333333,4.666666667,40,1.37
50,0,24.1,31.23,24.29,28.13333333,23.5,33.82666667,22.79,31.39,21.2,41,20.46333333,1,22.736,26.89,23.2,34.5,20.79,35.4,19.4,759.3333333,30.16666667,4.833333333,40,1.33
60,0,24.1,31.35666667,24.29,28.32666667,23.5,33.9,22.79,31.46333333,21.23,41,20.46333333,1,22.71285714,26.95285714,23.2,34.5,20.79,35.4,19.4,759.2,30,5,40,1.3
50,0,24.1,31.5,24.26,28.5,23.5,33.93333333,22.79,31.5,21.35666667,41,20.6,1,22.7,27,23.2,34.59,20.86142857,35.47142857,19.4,759.1333333,30,5,40,1.27
60,0,24.1,31.56666667,24.2,28.56666667,23.56666667,34,22.79,31.5,21.39,41,20.66666667,1,22.7,27.02857143,23.2,34.59,20.79,35.4,19.3,759.0666667,30,5,40,1.23
210,0,24.1,31.73,24.16666667,28.73,23.6,34.03,22.79,31.56666667,21.46333333,41,20.6,1,22.7,27.1,23.2,34.59,20.79,35.4,19.3,759,30,5,40,1.2
320,0,24.1,31.73,24.1,28.79,23.6,34.09,22.79,31.42666667,21.6,40.79666667,20.6,1,22.61428571,26.99857143,23.2,34.46333333,20.79,35.4,19.2,758.9333333,30,5,40,1.17
520,0,24.1,35.69666667,24.06666667,28.26,23.6,33.93,22.79,31.39,21.675,40.37,20.66666667,1,22.6,26.912,23.1,34.33333333,20.83285714,35.35285714,19.1,758.8666667,30,5,40,1.13
490,0,24.1,36.43,24,28.2925,23.6,33.79,22.79,31.34,21.7,39.89,20.6,1,22.6,27.1,23.1,34.12666667,20.89,35.478,19.1,758.8,30,5,40,1.1
150,0,24.13333333,40.66666667,24,28.65666667,23.6,33.79,22.79,31.4725,21.7,39.66333333,20.73,1,22.6,27.61,23.1,34.06,20.89,35.62142857,19.1,758.7,30.66666667,4.833333333,40,1.37
90,0,24.2,40,24,29.76666667,23.6,33.86333333,22.79,31.72666667,21.7,39.59,20.73,1,22.6,28.236,23.1,34.06,20.89,36.036,19.1,758.6,31.33333333,4.666666667,40,1.63
90,0,24.2,36.63333333,24,30.16666667,23.6,34,22.85666667,32.03,21.7,39.7,20.76,1,22.6,28.43857143,23.06666667,33.96666667,20.89,36.23571429,19.1,758.5,32,4.5,40,1.9
80,0,24.2,35.36,23.89,30.2,23.6,34.03,22.85666667,32.22333333,21.7,39.62666667,20.49333333,1,22.6,28.58,23,33.9,20.89,36.29,19.1,758.4,32.66666667,4.333333333,40,2.17
70,10,24.2,34.395,23.89,30.26,23.66666667,34.16333333,22.89,32.345,21.7,39.56,20.26,1,22.6,28.79285714,23,34,20.89,36.29,19.1,758.3,33.33333333,4.166666667,40,2.43
80,0,24.2,33.96666667,23.79,30.32333333,23.66666667,34.16333333,22.92666667,32.43333333,21.7,39.5,20.13333333,1,22.6,29.14,23,34.06,21,36.156,19.1,758.2,34,4,40,2.7
120,0,24.2,33.82666667,23.79,30.39,23.6,34.22333333,22.92666667,32.43333333,21.96,57.06,19.84,1,22.6,29.27714286,23,34.23,20.93714286,36.10857143,18.9,758.15,35.83333333,3.833333333,40,3.15
110,0,24.2,33.56,23.7,30.56666667,23.6,34.32666667,22.96333333,32.4,22.1,58.06,20.09666667,1,22.6,29.332,23,34.43,20.934,35.9,18.6,758.1,37.66666667,3.666666667,40,3.6
90,0,24.13333333,33.43333333,23.7,30.7,23.6,34.4,22.96333333,32.46666667,22.89,79.2,20.09666667,1,22.6,29.6,23,34.62666667,20.89,35.7,18.4,758.05,39.5,3.5,40,4.05
100,0,24.1,33.4,23.66666667,31.06666667,23.6,34.5,23,32.53,22.76333333,74.86666667,20.03333333,1,22.6,29.934,22.92666667,34.76,20.89,35.7,18.2,758,41.33333333,3.333333333,40,4.5
90,0,24.1,33.46666667,23.6,31.26,23.6,34.56,23,32.59,22.43,67.93333333,19.56,1,22.6,30.1,22.89,34.96333333,20.89,35.7,17.9,757.95,43.16666667,3.166666667,40,4.95
100,0,24.1,33.59,23.56666667,31.56666667,23.6,34.62666667,23,32.7,22.23,61.8,18.02666667,1,22.6,30.274,22.89,35.1725,20.89,35.71125,17.7,757.9,45,3,40,5.4
100,0,24.1,33.59,23.5,31.7,23.6,34.7,23,32.76,22.06666667,55.76,17.09333333,1,22.6,30.46857143,22.89,35.26,20.89,35.79,17.4,757.8666667,45.83333333,3.166666667,40,5.38
90,0,24.1,33.73,23.39,31.82333333,23.6,34.79,23,32.79,22,52.36666667,16.12666667,1,22.6,30.54,22.89,35.29,20.89,35.79,17.1,757.8333333,46.66666667,3.333333333,40,5.37
90,0,24.1,33.79,23.32333333,32.02333333,23.6,34.79,23,32.79,21.89,49.59,15.39333333,1,22.6,30.72285714,22.89,35.36333333,20.89,35.79,16.8,757.8,47.5,3.5,40,5.35
110,0,24.1,33.9,23.29,32.23,23.6,34.9,23,32.79,21.82333333,47.66333333,14.7,1,22.6,30.976,22.85666667,35.4,20.89,35.80571429,16.5,757.7666667,48.33333333,3.666666667,40,5.33
100,0,24.03333333,33.96666667,23.23,32.29,23.6,34.9,23,32.79,21.7,48.33,14.29333333,1,22.6,31.17142857,22.79,35.4,20.89,35.94,16.2,757.7333333,49.16666667,3.833333333,40,5.32
90,0,24,33.93333333,23.16666667,32.62666667,23.6,34.93333333,23.06666667,32.9,22.7,73.86333333,13.93333333,1.566666667,22.6,31.434,22.79,35.73333333,20.89,35.97142857,15.9,757.7,50,4,40,5.3
100,10,24,34,23.1,32.83333333,23.6,35,23.06666667,32.96666667,22.8,80.045,13.6,2.633333333,22.61428571,31.62714286,22.85666667,36.73333333,20.89,36,15.6,757.7,51.66666667,3.666666667,40,5.42
70,10,24,34.03,23,32.995,23.6,34.93333333,23,32.93333333,21.85666667,72.63333333,13.23333333,3.493333333,22.64,31.81,22.92666667,37.5,20.89,36.09285714,15.2,757.7,53.33333333,3.333333333,40,5.53
50,0,24,34.22333333,22.89,33.23,23.6,35.06,23,33.06,21.79,64.9,12.96,4.166666667,22.62857143,32.12142857,22.92666667,37.96,20.89,36.2,14.9,757.7,55,3,40,5.65
50,0,23.92666667,34.32666667,22.82333333,33.29,23.6,35.09,23.06666667,33.16333333,21.7,58.59666667,12.53,5.06,22.7,32.976,23,38.56666667,20.96857143,36.22571429,14.5,757.7,56.66666667,2.666666667,40,5.77
70,0,23.92666667,34.4,22.76,33.43333333,23.6,35.1725,23.06666667,33.22333333,21.7,55.39666667,12.33,6.466666667,22.7,33.40714286,23,39.16,20.89,36.4,14.2,757.7,58.33333333,2.333333333,40,5.88
60,0,23.89,34.4,22.7,33.63333333,23.6,35.2,23,33.2,21.6,52.2,12.03,6.793333333,22.7,33.696,23.1,40.1,20.92142857,36.6,13.8,757.7,60,2,40,6
50,0,23.84,34.4475,22.56666667,33.76666667,23.6,35.29,23,33.29,21.53333333,50.4,11.7725,7.325,22.7,33.99714286,23.1,40.83333333,20.89,36.776,13.6,757.65,60.83333333,2,40,5.98
70,10,23.82333333,34.59,22.5,33.96666667,23.6,35.29,23,33.29,21.46333333,48.5,11.46,7.7,22.7,34.236,23.1,41.42666667,20.89,36.92857143,13.3,757.6,61.66666667,2,40,5.97
50,0,23.79,34.59,22.46333333,34.12666667,23.6,35.4,23,33.29,21.32333333,47.09333333,11.23333333,8.393333333,22.675,34.2675,23.16666667,41.9,20.89,37.134,13.1,757.55,62.5,2,40,5.95
60,0,23.79,34.66333333,22.39,34.26,23.6,35.4,23,33.29,21.29,45.92333333,11.03333333,9.266666667,22.6,34.29285714,23.2,42.45666667,20.89,37.26714286,12.9,757.5,63.33333333,2,40,5.93
50,0,23.76,34.7,22.29,34.43333333,23.6,35.43333333,22.89,33.4,21.23,45.25666667,10.89,10.96333333,22.6,34.42,23.2,42.99,20.89,37.42,12.6,757.45,64.16666667,2,40,5.92
50,0,23.7,34.7,22.23,34.56,23.6,35.5,22.89,33.46666667,21.1,44.69333333,10.83,12.49666667,22.6,34.59571429,23.23,43.69333333,20.89,37.56428571,12.4,757.4,65,2,40,5.9
60,0,23.7,34.82666667,22.16666667,34.73,23.6,35.5,22.89,33.53,21.03333333,44.3,10.62666667,14.46333333,22.6,35,23.29,43.96666667,20.89,37.79,12.2,757.3833333,66.16666667,2,40,5.93
50,0,23.7,34.9,22.1,34.93,23.6,35.5,22.89,33.59,21,43.99,10.42666667,15.25666667,22.6,35.15285714,23.29,44.145,20.95285714,37.94142857,12,757.3666667,67.33333333,2,40,5.97
50,0,23.66666667,35,22,35.03,23.6,35.5,22.89,33.62666667,20.92666667,43.59666667,10.26333333,15.96,22.6,35.332,23.29,44.43333333,21,38.076,11.8,757.35,68.5,2,40,6
60,0,23.6,35,22,35.16333333,23.6,35.56,22.89,33.7,20.85666667,43.69333333,10.13,17.02666667,22.6,35.52571429,23.29,44.56,21,38.26428571,11.5,757.3333333,69.66666667,2,40,6.03
60,0,23.6,35.09,21.89,35.32666667,23.6,35.59,22.89,33.73,20.79,43.36,9.963333333,18.93,22.6,35.736,23.29,44.76666667,21,38.44,11.3,757.3166667,70.83333333,2,40,6.07
50,0,23.6,35.16333333,21.82333333,35.46666667,23.6,35.59,22.89,33.86333333,20.76,43.26,9.756666667,20.06333333,22.6,35.94142857,23.29,44.96666667,21,38.56714286,11.1,757.3,72,2,40,6.1
50,0,23.56666667,35.23,21.79,35.59666667,23.63333333,35.62666667,22.89,33.9,20.7,43.12666667,9.566666667,21.43,22.6,36.054,23.29,44.66666667,21,38.718,11,757.3,72.5,2,40,6.1
20,0,23.5,35.36333333,21.73,35.86333333,23.7,35.76,22.89,33.96666667,20.6,42.9,9.426666667,22.89,22.6,36.12142857,23.29,43.46666667,20.95875,38.885,10.8,757.3,73,2,40,6.1
40,0,23.5,35.5,21.65,36,23.7,35.93333333,22.79,33.9,20.6,42.7,9.3,24.16,22.6,36.29,23.26,42.79666667,21,39.06428571,10.7,757.3,73.5,2,40,6.1
40,0,23.5,35.5,21.6,36.12666667,23.7,36.06,22.79,33.9,20.53333333,42.43333333,9.226666667,24.96666667,22.6,36.29,23.2,42.59,21,39.2,10.6,757.3,74,2,40,6.1
50,0,23.5,35.59,21.53333333,36.26,23.7,36.23,22.79,33.9,20.5,42.16333333,9.1,26.23333333,22.6,36.29,23.2,42.65666667,21,39.27714286,10.4,757.3,74.5,2,40,6.1
60,0,23.42666667,35.53,21.5,36.4,23.7,36.36333333,22.79,33.9,20.42666667,41.96333333,9.033333333,26.76,22.6,36.26428571,23.2,42.93,21,39.376,10.3,757.3,75,2,40,6.1
50,0,23.39,35.59,21.42666667,36.4,23.7,36.45,22.79,34,20.35666667,41.79,8.945,27.95,22.6,36.29,23.2,43.3,21,39.5,10.2,757.25,75.5,2,40,6.08
60,0,23.39,35.59,21.39,36.53,23.7,36.59,22.79,34,20.29,41.73,8.89,29.16333333,22.6,36.38428571,23.13333333,43.56,21,39.59,10.1,757.2,76,2,40,6.07
60,0,23.39,35.59,21.32333333,36.66333333,23.7,36.66333333,22.79,34,20.29,41.59,8.89,30.16333333,22.6,36.478,23.1,43.86,21,39.70428571,9.95,757.15,76.5,2,40,6.05
60,0,23.35666667,35.7,21.29,36.73,23.79,36.7,22.79,34,20.23,41.53,8.96,30.8,22.6,36.52571429,23.1,44.06,21,39.79,9.83,757.1,77,2,40,6.03
60,0,23.29,35.7,21.23,36.79,23.79,36.7,22.79,34,20.2,41.5,9.033333333,31,22.6,36.7,23.1,44.26666667,21,39.79,9.72,757.05,77.5,2,40,6.02
50,0,23.29,35.73,21.2,36.9,23.79,36.79,22.79,34,20.13333333,41.43333333,8.86,30.89333333,22.6,36.7,23.1,44.46666667,21,39.79,9.6,757,78,2,40,6
40,0,23.29,35.79,21.13333333,36.96666667,23.85666667,36.86333333,22.79,34.06,20.1,41.4,8.8,31.16666667,22.6,36.776,23.1,44.65666667,21,39.80571429,9.48,756.9333333,78.16666667,2.166666667,40,5.92
50,0,23.29,35.79,21.1,37.09,23.89,36.93333333,22.7,34.09,20.1,41.32666667,9,31.8,22.6,36.9,23.1,44.93,21,39.92,9.37,756.8666667,78.33333333,2.333333333,40,5.83
60,0,23.23,35.79,21.1,37.16333333,23.82333333,36.93333333,22.7,34.09,20,41.2,9,32.26666667,22.6,37,23.1,45,21,40.06428571,9.25,756.8,78.5,2.5,40,5.75
40,0,23.2,35.79,21.06666667,37.29,23.89,37.03,22.7,34.09,20,41.26,8.8,32.43333333,22.58571429,36.98571429,23.1,44.8975,21,40.2,9.13,756.7333333,78.66666667,2.666666667,40,5.67
60,0,23.2,35.79,21,37.29,23.89,37.09,22.7,34.16333333,19.89,41.23,8.726666667,32.5,22.5,36.96666667,23.1,44.73,21.01428571,40.22857143,9.02,756.6666667,78.83333333,2.833333333,40,5.58
60,0,23.2,35.9,21,37.43333333,23.89,37.09,22.7,34.2,19.89,41.29,8.66,33.59333333,22.54285714,37,23.1,44.63333333,21.1,40.42,8.9,756.6,79,3,40,5.5
60,0,23.2,35.9,20.92666667,37.5,23.89,37.16333333,22.7,34.2,19.85666667,41.26,8.6,34.33333333,22.5,37,23.1,44.43333333,21.07142857,40.47142857,9.02,756.5333333,78.66666667,3,40,5.53
50,0,23.1,35.93333333,20.89,37.59,23.89,37.12666667,22.7,34.29,19.79,41.26,8.5,35.39666667,22.5,37,23.06666667,44.16333333,21.04,40.536,9.13,756.4666667,78.33333333,3,40,5.57
60,0,23.1,36,20.89,37.66333333,23.89,37.2,22.7,34.29,19.76,41.32666667,8.426666667,36.19666667,22.5,37,23.06666667,44.09,21.07142857,40.59,9.25,756.4,78,3,40,5.6
70,0,23.13333333,36.03,20.89,37.73,23.89,37.2,22.66666667,34.29,19.7,41.425,8.39,37.06666667,22.5,37,23,43.86333333,21.1,40.656,9.37,756.3333333,77.66666667,3,40,5.63
50,0,23.13333333,36.09,20.815,37.745,23.89,37.2,22.6,34.29,19.7,41.5,8.39,37.26,22.5,37.03857143,23,43.79,21.1,40.7,9.48,756.2666667,77.33333333,3,40,5.67
50,0,23.1,36.09,20.79,37.79,23.89,37.2,22.7,34.4,19.66666667,41.46666667,8.245,37.8,22.5,37,23,43.56,21.1,40.736,9.6,756.2,77,3,40,5.7
50,0,23.1,36.09,20.76,37.82666667,23.89,37.2,22.63333333,34.4,19.6,41.4,8.16,38.02666667,22.5,37,23,43.36,21.1,40.79,9.52,756.1333333,77.33333333,3.166666667,40,5.68
50,0,23,36.09,20.7,37.9,23.89,37.2,22.6,34.4,19.6,41.4,8.033333333,38.76666667,22.5,36.98,23,43.13333333,21.1,40.856,9.43,756.0666667,77.66666667,3.333333333,40,5.67
40,0,23,36.09,20.7,38,23.89,37.23,22.6,34.4,19.53333333,41.4,8,39.53333333,22.5,36.94285714,23,42.93333333,21.1,40.9125,9.35,756,78,3.5,40,5.65
60,0,23,36.2,20.63333333,38,23.89,37.29,22.6,34.4,19.5,41.4,8,40.06666667,22.5,36.9,23,42.76,21.05714286,40.95714286,9.27,755.9333333,78.33333333,3.666666667,40,5.63
50,0,22.9725,36.2225,20.6,38.09,23.89,37.29,22.6,34.5,19.42666667,41.32666667,8.066666667,40.76666667,22.5,36.82142857,23,42.7,21.1,41.09,9.18,755.8666667,78.66666667,3.833333333,40,5.62
60,0,22.89,36.29,20.6,38.09,23.89,37.29,22.6,34.5,19.39,41.2,7.933333333,40.02666667,22.5,36.9,22.92666667,42.7,21.1,41.09,9.1,755.8,79,4,40,5.6
50,0,22.89,36.29,20.6,38.2,23.89,37.29,22.6,34.5,19.39,41.2,7.763333333,40.56,22.5,36.9,23,42.7,21.1,41.09,9.02,755.7333333,79.5,4,40,5.62
50,0,22.89,36.29,20.53333333,38.2,23.89,37.36333333,22.6,34.5,19.29,41.09,7.69,40.83333333,22.5,36.9,22.96333333,42.59,21.1,41.09,8.93,755.6666667,80,4,40,5.63
50,0,22.89,36.32666667,20.5,38.29,23.96333333,37.36333333,22.56666667,34.5,19.29,41.03,7.726666667,41.56,22.48428571,36.73857143,22.89,42.46333333,21.04,41.036,8.85,755.6,80.5,4,40,5.65
40,0,22.89,36.4,20.5,38.29,23.89,37.29,22.5,34.5,19.26,40.96666667,7.8,41.56,22.412,36.612,22.89,42.4,21.1,41.09,8.77,755.5333333,81,4,40,5.67
60,0,22.79,36.29,20.5,38.29,23.89,37.36333333,22.5,34.59,19.2,40.9,7.933333333,41.89,22.5,36.79571429,22.89,42.32666667,21.1,41.112,8.68,755.4666667,81.5,4,40,5.68
50,0,22.79,36.36333333,20.5,38.29,23.89,37.29,22.5,34.59,19.2,41,8,41.83,22.456,36.856,22.89,42.145,21.1,41.2,8.6,755.4,82,4,40,5.7
50,0,22.79,36.4,20.5,38.26,23.89,37.36333333,22.5,34.56,19.2,40.93333333,8.166666667,41.63333333,22.48428571,37.09857143,22.89,42.09,21.1,41.4,8.77,755.3666667,81.5,3.833333333,40,5.77
80,0,22.79,36.4,20.56666667,38.26,23.89,37.36333333,22.5,34.56,19.16333333,43.13,8.36,41.1,22.5,37.58,22.89,42.09,21.1,41.30571429,8.93,755.3333333,81,3.666666667,40,5.83
110,10,22.79,36.86666667,20.6,38.26666667,23.89,37.36333333,22.5,34.62666667,19.49666667,55.66333333,8.533333333,40.6,22.5,37.38142857,22.85666667,42.13333333,21.1,41.312,9.1,755.3,80.5,3.5,40,5.9
80,0,22.79,37.26,20.6,38.52666667,23.89,37.23,22.5,34.76,19.7,59.82666667,8.66,40.26666667,22.5,37.254,22.79,42,21.1,41.4,9.27,755.2666667,80,3.333333333,40,5.97
70,0,22.79,37.2,20.6,38.86,23.89,36.96666667,22.5,34.93333333,19.625,59.9225,8.945,40,22.43714286,36.89571429,22.79,41.96666667,21.1,41.4,9.43,755.2333333,79.5,3.166666667,40,6.03
60,0,22.79,37.33333333,20.6,39,23.89,36.9,22.5,35.13333333,19.6,59.53,9.256666667,40.13333333,22.39,36.56,22.79,41.9,21.1,41.38428571,9.6,755.2,79,3,40,6.1
60,0,22.79,37.29,20.6,38.93333333,23.89,36.9,22.5,35.29,19.6,58.32333333,9.53,39.52666667,22.39,36.25714286,22.79,41.86333333,21.1,41.214,9.78,755.2,78.83333333,2.666666667,40,6.25
70,0,22.79,37.49,20.7,38.9,23.89,36.9,22.5,35.29,19.53333333,57.19666667,9.93,39.33333333,22.29,35.9,22.79,41.86333333,21.1,40.99714286,9.97,755.2,78.66666667,2.333333333,40,6.4
670,0,22.79,37.4,20.7,38.9,23.89,36.9,22.5,35.29,19.56666667,56.19666667,10.65666667,40.93333333,22.29,35.656,22.79,41.9,21.1,40.754,10.2,755.2,78.5,2,40,6.55
470,0,22.79,37.32666667,20.73,38.86333333,23.7925,36.7225,22.5,35.3175,19.5,55.53,12.09666667,37,22.29,35.52428571,22.79,41.82666667,21.11428571,40.76714286,10.3,755.2,78.33333333,1.666666667,40,6.7
150,0,22.79,37.13333333,21.12333333,38.59666667,23.63333333,36.46333333,22.5,35.4,19.5,54.83333333,13.29666667,30.52666667,22.29,35.378,22.79,41.72333333,21.2,41,10.5,755.2,78.16666667,1.333333333,40,6.85
70,0,22.79,36.93333333,22.13,37.45666667,23.56666667,36.26666667,22.5,35.5,19.5,54.22666667,14.56666667,23.96666667,22.29,35.22571429,22.73,41.59,21.22571429,41.66857143,10.7,755.2,78,1,40,7
110,0,22.79,37.05,22.39,36.53,23.36,35.72666667,22.56666667,35.56,19.56666667,53.69666667,15.43333333,18.16666667,22.2,35.09,22.79,41.56,21.29,42.2,11.3,755.15,76.83333333,1,40,7.32
110,0,22.7,36.66333333,22.69666667,36.02666667,23.36,35.79,22.6,35.59,19.5,53.03,16.3,10.59,22.22571429,34.98142857,22.79,41.56,21.30428571,41.98142857,11.9,755.1,75.66666667,1,40,7.63
100,0,22.63333333,36.53,23.22333333,35.49333333,23.56666667,35.73,22.66666667,35.66333333,19.56666667,52.06333333,16.96666667,7.59,22.2,34.878,22.79,41.59,21.35,41.696,12.4,755.05,74.5,1,40,7.95
100,0,22.6,36.46666667,24.02333333,34.39333333,23.7,35.7,22.73,35.7,19.56666667,51.73,17.73333333,4.596666667,22.2,34.79,22.79,41.59,21.39,41.39714286,13,755,73.33333333,1,40,8.27
80,0,22.6,36.46666667,24.49666667,33.66666667,23.76,35.62666667,22.85666667,35.76,19.6,50.96,18.33333333,3.99,22.254,34.856,22.79,41.59,21.39,41.1725,13.6,754.95,72.16666667,1,40,8.58
90,0,22.6,36.56666667,24.86,33.06333333,23.79,35.59,23,35.79,19.6,50.5,19.06666667,1.666666667,22.2,34.79,22.79,41.59,21.39,41,14.2,754.9,71,1,40,8.9
110,0,22.6,36.7,25.19333333,32.53,23.85666667,35.72333333,23.06666667,35.79,19.6,49.96,19.4,1,22.218,34.812,22.79,41.56,21.39,40.85142857,14.6,754.85,68.33333333,1.333333333,40,8.65
450,0,22.63333333,37.06666667,25.56666667,32.03333333,23.76,35.73,23.2,35.79,19.6,49.56666667,19.63333333,1,22.22571429,34.82142857,22.865,41.5,21.39,40.714,14.9,754.8,65.66666667,1.666666667,40,8.4
610,0,22.7,37.4,25.82666667,31.49333333,23.7,35.79,23.26,35.79,19.6,49.22333333,19.76,1,22.2,34.79,22.96333333,41.43333333,21.42142857,40.55142857,15.3,754.75,63,2,40,8.15
290,0,22.7,37.56666667,26.16333333,31.6,23.56666667,35.73,23.39,35.76,19.6,49.03,20.09666667,1,22.26428571,34.92714286,23,41.4,21.5,40.5,15.7,754.7,60.33333333,2.333333333,40,7.9
90,0,22.7,37.83333333,26.29,31.6,23.5,35.93,23.46333333,35.76,19.6,48.76,20.43,1,22.236,34.96,23.06666667,41.32666667,21.46857143,40.47142857,16,754.65,57.66666667,2.666666667,40,7.65
120,0,22.7,37.93333333,26.56666667,31.43,23.53333333,36.2,23.53333333,35.79,19.6,48.62666667,20.695,1,22.2,35,23.1,41.06,21.434,40.374,16.4,754.6,55,3,40,7.4
110,0,22.76,38.06,26.76,31.02333333,23.6,36.26,23.6,35.79,19.65,48.59,21.33333333,1,22.236,35.134,23.1,40.86,21.42142857,40.32142857,16.7,754.55,54.16666667,3,40,7.38
70,0,22.79,38.12666667,27.05,31.1,23.63333333,36.32666667,23.63333333,35.82666667,19.6,48.4,21.93333333,1,22.29,35.18428571,23.1,40.66333333,21.39,40.29,16.9,754.5,53.33333333,3,40,7.37
100,0,22.79,38.2,27.1,30.85666667,23.7,36.4,23.76,35.82666667,19.6,48.4,22.19666667,1,22.29,35.09,23.1,40.46333333,21.45285714,40.29,17.2,754.45,52.5,3,40,7.35
70,0,22.89,38.29,27.1,30.79,23.7,36.53,23.82333333,35.79,19.7,48.4,22.46333333,1,22.29,35.09,23.1,40.13333333,21.5,40.272,17.5,754.4,51.66666667,3,40,7.33
70,0,22.89,38.29,27.06666667,30.7,23.7,36.59,23.89,35.79,19.7,48.32666667,22.66666667,1,22.29,35,23.1,39.93333333,21.5,40.2,17.7,754.35,50.83333333,3,40,7.32
60,0,22.92666667,38.29,27,30.7,23.7,36.645,23.945,35.7,19.7,48.16333333,22.6,1,22.29,34.98571429,23.13333333,39.76,21.5,40.09,18,754.3,50,3,40,7.3
60,0,23,38.23,26.96333333,30.53333333,23.7,36.7,24,35.7,19.76,48.03,23.09666667,1,22.31,34.92,23.13333333,39.62666667,21.5,40.01285714,18.3,754.25,49.66666667,3,40,7.43
80,0,23,38.2,26.89,30.2,23.76,36.7,24.06666667,35.7,19.79,47.86333333,23.29,1,22.31857143,35,23.2,39.59,21.5,40,18.5,754.2,49.33333333,3,40,7.57
70,0,23.03333333,38.12666667,26.85666667,30.29,23.73,36.76,24.1,35.7,19.79,47.79,23.32333333,1,22.39,35,23.2,39.53,21.5,40,18.8,754.15,49,3,40,7.7
80,0,23.1,38.12666667,26.79,30.29,23.79,36.76,24.16666667,35.7,19.79,47.66333333,23.59666667,1,22.39,35,23.2,39.5,21.5,40,19,754.1,48.66666667,3,40,7.83
310,0,23.13333333,38.16333333,26.7,30.39,23.79,36.73,24.13333333,35.7,19.79,47.59,23.86,1,22.39,35,23.2,39.5,21.5,40,19.3,754.05,48.33333333,3,40,7.97
340,0,23.26,38.16333333,26.7,30.39,23.79,36.79,24.2,35.7,19.82333333,47.59,24.13333333,1,22.412,35,23.23,39.62666667,21.5,40,19.5,754,48,3,40,8.1
110,0,23.29,38.16333333,26.66666667,30.53333333,23.82333333,36.82666667,24.2,35.7,19.89,47.59,24.13333333,1,22.5,35,23.29,39.56666667,21.5,40,19.7,753.95,47.33333333,3.166666667,40,8.08
80,0,23.35666667,37.96333333,26.53333333,30.6,23.82333333,36.82666667,24.2,35.62666667,19.89,47.56,23.92666667,1,22.5,34.79,23.29,39.19333333,21.5,40,19.9,753.9,46.66666667,3.333333333,40,8.07
100,0,23.39,37.23333333,26.46333333,30.56666667,23.82333333,36.9,24.2,35.56,19.89,47.5,24.1,1,22.55714286,34.63714286,23.29,38.86,21.5,40,20.1,753.85,46,3.5,40,8.05
120,0,23.46333333,36.23333333,26.39,30.36,23.89,36.9,24.26,35.5,19.89,47.22333333,24.16666667,1,22.6,34.378,23.39,38.245,21.456,39.94,20.3,753.8,45.33333333,3.666666667,40,8.03
80,0,23.53333333,35.69333333,26.35666667,29.99666667,23.79,36.7,24.29,35.46666667,19.96333333,46.96333333,24.29,1,22.67142857,34.13714286,23.39,37.7,21.5,39.82142857,20.5,753.75,44.66666667,3.833333333,40,8.02
90,0,23.6,35.3,26.29,29.73,23.85666667,36.76,24.23,35.26666667,19.89,46.52666667,24.22571429,1,22.736,33.754,23.39,37.76,21.5,39.645,20.7,753.7,44,4,40,8
90,0,23.7,35.16,26.16666667,29.73,23.89,36.66333333,24.26,35.16333333,19.96333333,46.26666667,24.12,1,22.79,33.58571429,23.46333333,37.93,21.5,39.46666667,20.8,753.65,43.33333333,4.166666667,40,7.9
90,0,23.76,34.82666667,26.03333333,29.73,23.89,36.39,24.2,35.09,20,45.995,23.97,1,22.85,33.48,23.39,37.65666667,21.5,39.4,21,753.6,42.66666667,4.333333333,40,7.8
70,0,23.89,35.06666667,26,29.7,23.89,35.93,24.2,35,20,45.72333333,23.716,1,22.92142857,33.32142857,23.39,37.59,21.5,39.29,21.1,753.55,42,4.5,40,7.7
70,0,23.96333333,36.06666667,25.92666667,29.49333333,23.89,35.93,24.2,35,20,45.53,23.62857143,1,23.04,33.236,23.39,37.53,21.5,39.23,21.2,753.5,41.33333333,4.666666667,40,7.6
70,0,24.03333333,35.99,25.745,29.85,23.92666667,36.29,24.2,35,20,45.59,23.6125,1,23.1,33.15,23.39,37.5,21.5,39.2,21.4,753.45,40.66666667,4.833333333,40,7.5
70,0,24.1,35.53,25.7,30.1,24,36.29,24.2,35,20.06666667,45.59,23.54,1,23.12,33.072,23.39,37.5,21.5,39.2,21.5,753.4,40,5,40,7.4
70,0,24.2,35.03333333,25.63333333,30.16666667,24,36.045,24.15,35,20.1,45.59,23.61428571,1,23.22571429,32.92857143,23.42666667,37.5,21.5,39.2,21.6,753.35,39.83333333,4.833333333,40,7.45
140,0,24.2,34.56666667,25.56666667,30.2,24,35.63333333,24.1,35,20.1,45.53,23.68,1,23.35,32.856,23.5,37.5,21.5,39.12666667,21.8,753.3,39.66666667,4.666666667,40,7.5
340,0,24.29,34.66333333,25.5,30.2,24,35.36,24.1,35,20.1,45.36333333,23.6,1,23.37571429,32.72285714,23.5,37.46666667,21.5,39.09,21.9,753.25,39.5,4.5,40,7.55
190,0,24.315,35.1975,25.5,30.49333333,24,35.4,24.1,35,20.1,45.36333333,23.6,1,23.456,32.634,23.5,37.4,21.5,38.96333333,22,753.2,39.33333333,4.333333333,40,7.6
150,0,24.39,35.06666667,25.5,30.76,24,35.4,24.1,35,20.1,45.4,23.68571429,1,23.52857143,32.56428571,23.5,37.4,21.5,38.9,22.2,753.15,39.16666667,4.166666667,40,7.65
80,0,24.5,34.93333333,25.39,30.89,24,35.43333333,24.06666667,34.96666667,20.16666667,45.4,23.796,1,23.6,32.356,23.5,37.32666667,21.5,38.9,22.3,753.1,39,4,40,7.7
80,0,24.56666667,34.06666667,25.39,30.82333333,24,35.63333333,24,34.9,20.2,45.36333333,24,1,23.68571429,32.22285714,23.6,37.06,21.5,38.76,22.3,753.0666667,38.5,4.166666667,40,7.52
70,0,24.6,33.6,25.29,30.56666667,24.1,35.82666667,24,34.86333333,20.2,45.23,24,1,23.718,32.072,23.6,37,21.5,38.7,22.3,753.0333333,38,4.333333333,40,7.33
80,10,24.6,33.32666667,25.29,30.5,24.1,35.9,24,34.79,20.2,45.06,24.14285714,1,23.79,32,23.6,36.86333333,21.5,38.59,22.4,753,37.5,4.5,40,7.15
70,0,24.6,33.16333333,25.29,30.46333333,24.1,35.9,24,34.82666667,20.2,44.86,24.2,1,23.83,31.89,23.66666667,36.79,21.5,38.59,22.4,752.9666667,37,4.666666667,40,6.97
70,0,24.66666667,33.16333333,25.23,30.39,24.16666667,35.96666667,24,34.9,20.29,44.76,24.26428571,1,23.89,31.80428571,23.7,36.7,21.5,38.56,22.4,752.9333333,36.5,4.833333333,40,6.78
70,0,24.7,33.43333333,25.2,30.5,24.2,36,24,34.82666667,20.29,44.62666667,24.254,1,23.89,31.79,23.7,36.76,21.5,38.56,22.4,752.9,36,5,40,6.6
70,0,24.76,34.3,25.2,30.56666667,24.2,36,24,34.9,20.29,44.56,24.21285714,1,23.9175,31.84125,23.7,36.845,21.5,38.59,22.5,752.8666667,36.16666667,5,40,6.75
70,0,24.73,34.5,25.13333333,30.96,24.2,36.03,24,35,20.35666667,44.5,24.372,1,23.93714286,32.09571429,23.7,37.12666667,21.5,38.59,22.5,752.8333333,36.33333333,5,40,6.9
60,0,24.79,34.96,25.13333333,31.29333333,24.2,36.16333333,24,35.06,20.39,44.5,24.46857143,1,24,32.29,23.7,37.33333333,21.5,38.66333333,22.6,752.8,36.5,5,40,7.05
70,0,24.79,35.12666667,25.1,31.66333333,24.2,36.16333333,23.96333333,35.2,20.53333333,44.7,24.456,1,24,32.39857143,23.7,37.53,21.5,38.79,22.7,752.7666667,36.66666667,5,40,7.2
80,0,24.79,35.2,25.1,31.85666667,24.2,36.03,23.96333333,35.26,20.6,44.76,24.42142857,1,24,32.54,23.7,37.66333333,21.5,38.86333333,22.7,752.7333333,36.83333333,5,40,7.35
90,10,24.79,35.5,25.1,32.19333333,24.2,36,23.96333333,35.32666667,20.6,44.79,24.412,1,24,32.7,23.7,37.93333333,21.56666667,38.93333333,22.8,752.7,37,5,40,7.5
90,0,24.79,35.76,25.025,32.57,24.26,36.06,23.89,35.46666667,20.66666667,44.93,24.39285714,1,24,32.834,23.7,38,21.5,39,22.7,752.6666667,38,5,40,7.75
100,0,24.89,35.82666667,25,32.83333333,24.29,36.09,23.89,35.53,20.73,45,24.39,1,24,32.95714286,23.7,38.03,21.6,39.03,22.7,752.6333333,39,5,40,8
90,0,24.82333333,35.82666667,25,32.9,24.365,36.0225,23.945,35.59,20.85666667,45.06,24.33285714,1,23.934,32.96,23.7,38.09,21.53333333,39.09,22.6,752.6,40,5,40,8.25
100,0,24.82333333,35.82666667,25,33,24.39,36,23.89,35.59,21,45.06,24.216,1,23.89,33,23.73,38.23,21.6,39.09,22.5,752.5666667,41,5,40,8.5
90,0,24.82333333,35.82666667,24.96333333,33.09,24.39,35.96666667,23.89,35.7,21.06666667,45,24.1,1,23.89,33.054,23.73,38.29,21.6,39.09,22.5,752.5333333,42,5,40,8.75
230,0,24.79,35.79,24.89,33.16333333,24.39,35.96666667,23.89,35.7,21.1,44.9,24.1,1,23.89,33.01285714,23.7,38.32666667,21.6,39.09,22.4,752.5,43,5,40,9
230,0,24.79,35.915,24.89,33.23,24.39,35.96666667,23.89,35.7,21.16666667,44.82666667,24.04285714,1,23.89,33.072,23.76,38.66,21.6,39.09,22.4,752.5,43,4.833333333,40,9.02
200,0,24.79,36.69666667,24.89,33.29,24.39,35.96666667,23.89,35.7,21.13333333,44.7,23.934,1,23.81857143,33,23.79,39.15666667,21.6,39.09,22.4,752.5,43,4.666666667,40,9.03
190,10,24.79,37.26333333,24.89,33.56666667,24.39,36.09,23.89,35.73,21.2,44.7,23.89,1,23.79,33.036,23.85666667,39.49,21.6,39.09,22.4,752.5,43,4.5,40,9.05
100,0,24.79,38.32333333,24.89,33.9,24.46333333,36.29666667,23.89,35.79,21.2,44.73,23.7675,1,23.79,33.10571429,23.89,39.66333333,21.6,39.09,22.5,752.5,43,4.333333333,40,9.07
110,0,24.79,38.33,24.85666667,34.16333333,24.5,36.53,23.89,35.82666667,21.26,44.93,23.6,1,23.754,33.276,23.89,39.53,21.6,39.09,22.5,752.5,43,4.166666667,40,9.08
110,0,24.79,38.33,24.73,34.29666667,24.56666667,36.66333333,23.89,35.9,21.32333333,45.2,23.39428571,1,23.72571429,33.42857143,23.92666667,39.76666667,21.6,39.12666667,22.5,752.5,43,4,40,9.1
110,0,24.79,37.96666667,24.66666667,34.52666667,24.6,36.79,23.89,35.93333333,21.39,45.26,23.31,1,23.7,33.634,24.06666667,40.1,21.6,39.2,22.3,752.4666667,43.66666667,3.833333333,40,9.12
110,0,24.79,37.82666667,24.53333333,34.6,24.6,36.79,23.89,36,21.35666667,45.26,23.39,1,23.7,33.76714286,24.1,40.36,21.6,39.29,22,752.4333333,44.33333333,3.666666667,40,9.13
140,0,24.76,37.73,24.39,35.2,24.6,36.82666667,23.89,36.23,21.35666667,45.2,23.13,1,23.68,33.92,24.175,40.595,21.6,39.3725,21.8,752.4,45,3.5,40,9.15
150,20,24.7,37.93,24.1,36.2,24.6,36.9,23.89,36.29,21.79,65.95666667,22.10714286,1,23.6,34.06428571,24.26,40.83333333,21.6,39.4,21.6,752.3666667,45.66666667,3.333333333,40,9.17
140,20,24.7,38.53,24.04285714,36.53714286,24.7,37,23.89,36.46333333,21.7675,59.8225,20.912,1,23.6,34.29,24.34714286,40.83714286,21.6,39.53,21.3,752.3333333,46.33333333,3.166666667,40,9.18
130,20,24.7,38.79,24.06,36.772,24.7,37,23.96333333,36.72333333,21.63333333,58.12666667,19.82428571,1,23.6,34.35285714,24.456,40.834,21.6,39.59,21.1,752.3,47,3,40,9.2
130,20,24.66666667,38.66333333,24.1,36.62142857,24.7,37.09,24,36.96333333,21.56666667,57.66333333,18.674,1,23.54,34.4,24.52857143,40.76428571,21.6,39.62666667,20.7,752.3166667,47.5,2.833333333,37,9
140,20,24.66666667,38.59,24.1,36.5,24.7,37.09,24,37.16333333,21.5,57.72333333,17.91285714,1,23.5,34.4,24.6,40.7,21.6,39.7,20.3,752.3333333,48,2.666666667,34,8.8
120,0,24.66666667,38.52666667,24.08571429,36.5,24.7,37.2,24,37.26,21.5,56.89666667,17.176,1.416,23.5,34.4,24.68571429,40.77714286,21.6,39.7,19.9,752.35,48.5,2.5,31,8.6
100,0,24.6,38.4,24,36.5,24.7,37.2,24.06666667,37.26,21.5,55.69666667,16.49714286,2.957142857,23.39,34.42857143,24.76,40.79,21.6,39.7,19.4,752.3666667,49,2.333333333,28,8.4
80,0,24.6,38.36333333,24,36.645,24.7,37.245,24.05,37.145,21.39,54.66,15.92,4.62,23.39,34.5,24.79,40.92666667,21.6,39.7,19,752.3833333,49.5,2.166666667,25,8.2
90,0,24.6,38.29,23.89,36.73,24.66666667,37.26,24,37,21.39,54.19333333,15.58142857,5.795714286,23.39,34.5,24.73,41.4,21.6,39.7,18.6,752.4,50,2,22,8
80,10,24.6,38.29,23.89,36.86333333,24.66666667,37.26,24,37,21.39,53.6,15.276,6.696,23.31857143,34.5,24.79,41.82666667,21.6,39.59,18.3,752.4166667,51.16666667,1.833333333,25,8.02
80,0,24.6,38.29,23.79,36.9,24.7,37.29,24,36.9,21.39,53.06666667,14.89571429,7.728571429,23.29,34.536,24.79,41.9,21.6,39.66333333,18,752.4333333,52.33333333,1.666666667,28,8.03
80,0,24.6,38.29,23.73,36.96666667,24.7,37.29,24,36.9,21.39,52.46,14.6,8.42,23.25142857,34.49571429,24.7,42,21.6,39.66333333,17.6,752.45,53.5,1.5,31,8.05
50,0,24.5,38.36,23.66666667,37,24.7,37.29,24,36.86333333,21.32333333,52.06666667,14.43857143,9.227142857,23.29,34.5,24.63333333,41.86,21.6,39.59,17.3,752.4666667,54.66666667,1.333333333,34,8.07
50,0,24.5,38.56,23.6,37.06,24.7,37.36333333,24,36.79,21.29,51.9,14.216,10.252,23.26428571,34.47142857,24.6,41.9,21.6,39.7,17,752.4833333,55.83333333,1.166666667,37,8.08
60,0,24.5,38.4,23.5,37.12666667,24.7,37.43333333,24,36.79,21.29,51.82666667,14.07142857,11.13857143,23.254,34.46,24.6,41.96666667,21.6,39.76,16.7,752.5,57,1,40,8.1
50,0,24.5,38.32666667,23.42666667,37.12666667,24.63333333,37.5,24,36.79,21.29,51.7,13.854,11.354,23.2,34.4,24.6,42.23,21.6,40,16.2,752.5,59.16666667,1,40,8.17
50,0,24.5,38.29,23.29,37.29,24.7,37.59,24,36.7,21.29,51.62666667,13.73714286,11.49714286,23.2,34.4,24.53333333,42.36333333,21.6,40,15.8,752.5,61.33333333,1,40,8.23
50,0,24.42666667,38.15666667,23.29,37.36333333,24.63333333,37.53,24,36.62666667,21.29,51.46666667,13.672,11.82,23.2,34.4,24.5,42.46333333,21.6,40.3,15.3,752.5,63.5,1,40,8.3
50,0,24.39,38.09,23.16666667,37.43333333,24.66666667,37.66333333,23.92666667,36.7,21.29,51.32666667,13.49714286,12.8,23.2,34.4,24.5,42.86333333,21.6,40.6725,14.8,752.5,65.66666667,1,40,8.37
60,0,24.39,38.09,23.1,37.56,24.6,37.59,23.92666667,36.7,21.29,51.2,13.2725,14.35,23.2,34.41428571,24.5,43.26666667,21.6,40.86333333,14.4,752.5,67.83333333,1,40,8.43
60,0,24.39,38,23.06666667,37.7,24.63333333,37.62666667,23.89,36.7,21.23,51.06666667,13.06,15.7,23.18,34.5,24.5,43.52666667,21.6,41.03,13.9,752.5,70,1,40,8.5
60,0,24.39,38,23,37.76,24.7,37.7,23.89,36.7,21.245,50.895,12.98428571,16.72857143,23.1,34.5,24.445,43.745,21.66666667,41.22333333,13.7,752.5,71.33333333,1.333333333,40,8.55
60,0,24.29,38,22.96333333,37.93333333,24.7,37.73,23.89,36.7,21.2,50.66333333,12.872,17.118,23.16,34.554,24.39,43.86333333,21.7,41.32666667,13.4,752.5,72.66666667,1.666666667,40,8.6
60,10,24.29,38,22.89,38,24.7,37.79,23.89,36.7,21.2,50.53,12.72142857,17.95,23.1,34.55142857,24.39,43.86333333,21.63333333,41.32666667,13.2,752.5,74,2,40,8.65
50,0,24.29,38.09,22.79,38.06666667,24.7,37.79,23.85666667,36.7,21.2,50.4,12.56,18.79,23.1,34.59,24.39,43.56,21.63333333,41.46333333,13,752.5,75.33333333,2.333333333,40,8.7
60,0,24.23,38.03,22.73,38.26,24.7,37.86333333,23.79,36.7,21.2,50.32666667,12.38571429,19.44142857,23.1,34.59,24.32333333,43.5,21.7,41.59,12.7,752.5,76.66666667,2.666666667,40,8.75
50,0,24.2,38.03,22.7,38.32666667,24.7,37.86333333,23.89,36.79,21.2,50.16333333,12.3,21.254,23.1,34.59,24.29,43.62666667,21.7,41.73,12.5,752.5,78,3,40,8.8
50,0,24.2,38.09,22.625,38.425,24.7,37.8175,23.79,36.7,21.2,50.09,12.26857143,22.55428571,23.1,34.59,24.29,43.7,21.7,41.79,12.4,752.5,78.16666667,3,40,8.7
50,0,24.2,38.09,22.6,38.5,24.7,37.9,23.79,36.79,21.2,49.96666667,12.3,23.16,23.08,34.634,24.29,43.96333333,21.7,41.93333333,12.3,752.5,78.33333333,3,40,8.6
50,0,24.2,38.03,22.5,38.59,24.66666667,37.86333333,23.79,36.79,21.2,49.9,12.44,22.22142857,23.04285714,34.63714286,24.23,44.22333333,21.7,42.06,12.2,752.5,78.5,3,40,8.5
60,0,24.2,38.06,22.5,38.66333333,24.6,37.79,23.79,36.79,21.2,49.86333333,12.416,21.3,23.04,34.536,24.2,44.53,21.7,42.23,12,752.5,78.66666667,3,40,8.4
50,0,24.125,38,22.39,38.62666667,24.6,37.79,23.79,36.79,21.2,49.73,12.22142857,21.02857143,23.01428571,34.56428571,24.2,44.72333333,21.7,42.29,11.9,752.5,78.83333333,3,40,8.3
60,0,24.1,38,22.39,38.7,24.53333333,37.79,23.79,36.79,21.1,49.7,12.1,21.1,23,34.5225,24.16666667,44.66333333,21.7,42.43333333,11.8,752.5,79,3,40,8.2
60,0,24.1,38,22.29,38.79,24.5,37.79,23.79,36.79,21.1,49.62666667,12.04285714,20.98428571,23,34.5,24.1,44.53,21.7,42.56,12.3,752.5,74.83333333,2.833333333,40,7.75
60,0,24.1,38,22.29,38.86333333,24.5,37.79,23.76,36.79,21.1,49.56,11.96,20.654,23,34.5,24.06666667,44.53,21.7,42.62666667,12.8,752.5,70.66666667,2.666666667,40,7.3
60,0,24.1,38,22.26,38.86333333,24.5,37.79,23.76,36.79,21.1,49.5,11.8,20.51142857,23,34.5,24,44.66333333,21.7,42.7,13.3,752.5,66.5,2.5,40,6.85
60,0,24.03333333,37.93333333,22.2,38.79,24.5,37.73,23.7,36.79,21.1,49.46666667,11.69,20.736,23,34.44285714,24,45,21.7,42.73,13.8,752.5,62.33333333,2.333333333,40,6.4
40,0,24,37.9,22.16666667,38.9,24.46333333,37.66333333,23.7,36.79,21.1,49.4,11.64142857,20.83571429,22.978,34.4,24,45,21.7,42.8725,14.3,752.5,58.16666667,2.166666667,40,5.95
60,0,24,37.9,22.1,38.9,24.39,37.59,23.7,36.76,21.1,49.29,11.8,20.156,22.89,34.4,23.96333333,44.76,21.76,42.96666667,14.8,752.5,54,2,40,5.5
40,0,24,37.9,22.06666667,38.96666667,24.39,37.59,23.7,36.7,21.1,49.23,11.69571429,20,22.89,34.4,23.89,44.62666667,21.73,43.03,14.8,752.4833333,53.83333333,2.166666667,40,5.43
60,0,24,37.9,22,38.96666667,24.39,37.59,23.7,36.7,21.1,49.09,11.5,20.374,22.89,34.4,23.89,44.56,21.79,43.09,14.7,752.4666667,53.66666667,2.333333333,40,5.37
40,0,24,37.9,22,39,24.39,37.59,23.7,36.7,21.1,49.0675,11.35428571,20.70714286,22.89,34.378,23.89,44.3475,21.73,43.12666667,14.7,752.45,53.5,2.5,40,5.3
60,0,24,37.9,22,39.06,24.39,37.66333333,23.7,36.7,21.16666667,49,11.16,21.525,22.89,34.29,23.89,43.96333333,21.79,43.2,14.7,752.4333333,53.33333333,2.666666667,40,5.23
60,0,23.96333333,37.9,21.96333333,39.09,24.39,37.59,23.7,36.7,21.1,48.9,10.978,22.238,22.89,34.29,23.79,43.66333333,21.79,43.2,14.6,752.4166667,53.16666667,2.833333333,40,5.17
50,0,23.89,37.9,21.89,39.09,24.39,37.66333333,23.7,36.7,21.1,48.82666667,10.89,22.88,22.89,34.29,23.79,43.66333333,21.79,43.2,14.6,752.4,53,3,40,5.1
70,0,23.89,37.9,21.89,39.09,24.39,37.73,23.7,36.7,21.1,48.7,10.854,22.89,22.89,34.29,23.79,43.56,21.79,43.23,14.2,752.35,55,2.666666667,40,5.18
50,0,23.82333333,37.82666667,21.82333333,39.03,24.46333333,37.86333333,23.6,36.59,21.1,48.62666667,10.8,23.23857143,22.89,34.29,23.79,43.5,21.79,43.29,13.8,752.3,57,2.333333333,40,5.27
60,0,23.82333333,37.79,21.84,39.145,24.5,37.95,23.63333333,36.7,21.1,48.56,10.8,23.4,22.79,34.2,23.79,43.4,21.79,43.29,13.4,752.25,59,2,40,5.35
50,0,23.82333333,37.79,21.76,39.09,24.5,38,23.63333333,36.62666667,21.1,48.5,10.72142857,23.22857143,22.79,34.18428571,23.79,43.32666667,21.79,43.29,12.9,752.2,61,1.666666667,40,5.43
50,0,23.79,37.7,21.7,39.09,24.5,38.06,23.6,36.59,21.1,48.4,10.69,23.976,22.79,34.09,23.76,43.2,21.79,43.29,12.5,752.15,63,1.333333333,40,5.52
50,0,23.79,37.7,21.7,39.09,24.5,38.09,23.6,36.59,21.1,48.32666667,10.78428571,23.42285714,22.79,34.09,23.7,43.12666667,21.79,43.29,12.1,752.1,65,1,40,5.6
60,0,23.79,37.7,21.7,39.09,24.5,38.09,23.6,36.59,21.1,48.26,10.778,22.996,22.79,34.09,23.7,43.2,21.79,43.29,12.1,752.0666667,64.83333333,1,40,5.53
40,0,23.79,37.73,21.63333333,39.06666667,24.5,38.12666667,23.6,36.66333333,21.1,48.12666667,10.62571429,23.44,22.79,34.09,23.7,43.2,21.79,43.29,12,752.0333333,64.66666667,1,40,5.47
60,0,23.79,37.99,21.63333333,39.26,24.5,38.2,23.6,36.62666667,21.1,48.06,10.636,23.576,22.79,34.036,23.7,43.06,21.79,43.4,12,752,64.5,1,40,5.4
60,0,23.7,38,21.6,39.2,24.53333333,38.2,23.6,36.62666667,21.1,48,10.814,23.034,22.79,34.03857143,23.7,43,21.79,43.4,12,751.9666667,64.33333333,1,40,5.33
60,0,23.7,37.93333333,21.58571429,39.2,24.53333333,38.2,23.56666667,36.62666667,21.1,47.96666667,10.89,22.66333333,22.754,34,23.7,42.86333333,21.79,43.4,11.9,751.9333333,64.16666667,1,40,5.27
60,0,23.7,37.9,21.54,39.2,24.6,38.2,23.5,36.7,21.1,47.9,10.96333333,22.39666667,22.77714286,34,23.7,42.73,21.79,43.4,11.9,751.9,64,1,40,5.2
50,0,23.7,37.82666667,21.5,39.2,24.6,38.26,23.6,36.59,21.1,47.79,11.13,21.56,22.79,34,23.6,42.5,21.79,43.4,11.8,751.9,64.5,1.166666667,40,5.23
50,0,23.66666667,37.76,21.5,39.2,24.6,38.2,23.53333333,36.59,21.1,47.73,11.19,20.76666667,22.79,34,23.6,42.43333333,21.79,43.4,11.7,751.9,65,1.333333333,40,5.27
50,0,23.6,37.7,21.5,39.2,24.6,38.2,23.5,36.59,21.1,47.66333333,11.19,20.32333333,22.7675,33.9,23.6,42.26,21.79,43.4,11.6,751.9,65.5,1.5,40,5.3
50,0,23.6,37.7,21.5,39.2,24.63333333,38.29,23.5,36.59,21.05,47.5225,11.19,20.26333333,22.7,33.9,23.6,42.12666667,21.79,43.4,11.5,751.9,66,1.666666667,40,5.33
50,0,23.6,37.7,21.5,39.2,24.7,38.29,23.5,36.59,21.1,47.5,11.25666667,20.16666667,22.72571429,33.9,23.6,42.09,21.79,43.4,11.4,751.9,66.5,1.833333333,40,5.37
40,0,23.56666667,37.7,21.5,39.2,24.63333333,38.23,23.5,36.59,21.1,47.4,11.52,20.025,22.736,33.9,23.575,42.045,21.79,43.4,11.3,751.9,67,2,40,5.4
50,0,23.5,37.7,21.5,39.18428571,24.63333333,38.23,23.5,36.59,21.1,47.32666667,11.76333333,20,22.7,33.9,23.56666667,42.09,21.79,43.4,11.5,751.9166667,66.83333333,1.833333333,40,5.57
50,0,23.5,37.7,21.5,39.09,24.63333333,38.23,23.5,36.66333333,21.1,47.29,11.96,20,22.7,33.9,23.5,42.09,21.79,43.32666667,11.7,751.9333333,66.66666667,1.666666667,40,5.73
60,0,23.5,37.7,21.52857143,39.09,24.7,38.29,23.5,36.7,21.1,47.23,12.16,19.92666667,22.73857143,33.9,23.5,42.09,21.79,43.4,11.9,751.95,66.5,1.5,40,5.9
60,0,23.5,37.7,21.6,39.09,24.7,38.29,23.5,36.7,21.1,47.16333333,12.56333333,19.63333333,22.7,33.9,23.5,42.2,21.85666667,43.46666667,12.2,751.9666667,66.33333333,1.333333333,40,6.07
60,0,23.5,37.76,21.61428571,39.05142857,24.7,38.29,23.42666667,36.7,21.1,47.09,12.82333333,19.23333333,22.7,33.92857143,23.5,42.2,21.79,43.4,12.4,751.9833333,66.16666667,1.166666667,40,6.23
50,0,23.46333333,37.76,21.68,39.036,24.7,38.29,23.39,36.73,21.1,47.06,13,18.89,22.7,34,23.5,42.23,21.82333333,43.53,12.6,752,66,1,40,6.4
60,0,23.39,37.7,21.67142857,39,24.73,38.29,23.39,36.79,21.1,47,13.06666667,18.96333333,22.7,34,23.5,42.36333333,21.89,43.59,13,752.0333333,64.5,1.166666667,40,6.45
60,0,23.39,37.73,21.7,39,24.79,38.29,23.39,36.79,21.1,46.96666667,13.32666667,19.62333333,22.7,34.054,23.5,42.56666667,21.89,43.7,13.5,752.0666667,63,1.333333333,40,6.5
260,0,23.39,37.915,21.76428571,38.95714286,24.76,38.26,23.39,36.79,21.1,46.9,14.12666667,20.49666667,22.7,34.09,23.5,42.7,21.89,43.76,13.9,752.1,61.5,1.5,40,6.55
360,0,23.39,38.56333333,21.93857143,39.19142857,24.7,38.12666667,23.39,36.9,21.1,46.86333333,15.72333333,17.79666667,22.7,34.2,23.5,42.9,21.89,43.59,14.3,752.1333333,60,1.666666667,40,6.6
100,0,23.39,39,22.52,39.096,24.79,37.96666667,23.445,37.05,21.1,46.73,16.86333333,12.73,22.7,34.26714286,23.5,42.9,21.89,43.59,14.8,752.1666667,58.5,1.833333333,40,6.65
90,0,23.46333333,39.13333333,23.47142857,38.16857143,24.85666667,37.9,23.5,37.2,21.1,46.56,18.19,8.833333333,22.7,34.42,23.5,42.93333333,21.92666667,43.46666667,15.2,752.2,57,2,40,6.7
90,0,23.5,39.36333333,24.176,37.32,25,37.79,23.5,37.46333333,21.16666667,46.43333333,19.19,5.293333333,22.7,34.52571429,23.5,43.06,22,43.26666667,15.5,752.2166667,57.16666667,2.166666667,40,7.02
100,0,23.5,39.29,24.84,36.62857143,25.06666667,37.73,23.5,37.66333333,21.1,46.26,20.13,2.49,22.7,34.7,23.5,43.12666667,22,42.895,15.8,752.2333333,57.33333333,2.333333333,40,7.33
120,0,23.5,39.26,25.556,35.64,25.13333333,37.7,23.6,37.76,21.16666667,46.2,20.72333333,1.356666667,22.7,34.75142857,23.5,43.2,22,42.6,16.1,752.25,57.5,2.5,40,7.65
200,0,23.56666667,39.2,26.19714286,34.82428571,25.2,37.62666667,23.6,37.7,21.2,46.09,21.36666667,1,22.7,34.812,23.6,43.32666667,22,42.32666667,16.5,752.2666667,57.66666667,2.666666667,40,7.97
130,0,23.6,39.2,26.776,33.634,25.2,37.56,23.6,37.7,21.2,46.09,21.82666667,1,22.7,34.97142857,23.6,43.46666667,22.1,42.45666667,16.8,752.2833333,57.83333333,2.833333333,40,8.28
80,0,23.6,39.2,27.12571429,33.36714286,25.2,37.5,23.6,37.7,21.2,46.045,22.46,1,22.7,35,23.6,43.5,22.1,43.26333333,17.1,752.3,58,3,40,8.6
210,0,23.7,39.69333333,27.39,32.618,25.16666667,37.43,23.6,37.66333333,21.2,46,22.86666667,1,22.7,35.03857143,23.6,43.56,22.1,43.59,17.5,752.3333333,56.83333333,3,40,8.65
240,0,23.7,39.56666667,27.39,32.29,25.03333333,37.29,23.6,37.59,21.2,46,23.15,1,22.7,35,23.6,43.7,22.1,43.53,17.8,752.3666667,55.66666667,3,40,8.7
210,0,23.73,39.16333333,27.54,32.21,25,37.2,23.6,37.59,21.86,64.3,23.32333333,1,22.72571429,35,23.6,43.36333333,22.13333333,43.22333333,18.2,752.4,54.5,3,40,8.75
80,0,23.79,39.09,27.89714286,31.82,25,37.26,23.6,37.59,23.19333333,82.9,23.53,1,22.79,34.96,23.6,42.89,22.2,43.03,18.6,752.4333333,53.33333333,3,40,8.8
100,0,23.79,39.32666667,28.178,31.376,25.1,37.29,23.6,37.5,22.69333333,82.03,23.73,1,22.79,34.8975,23.6,42.36333333,22.2,42.76,18.9,752.4666667,52.16666667,3,40,8.85
90,0,23.85666667,39.4,28.36142857,30.72571429,25.03333333,37.29,23.68,37.496,22.36,82.23,23.85,1,22.79,34.58428571,23.6,41.89,22.2,42.59571429,19.3,752.5,51,3,40,8.9
110,0,23.92666667,39.73333333,28.434,29.754,25,37.145,23.7,37.36333333,22.16666667,82.36666667,24.236,1,22.79,34.294,23.6,41.4,22.2,42.254,19.7,752.5,49,3.166666667,40,8.6
120,0,24,40.86666667,28.55714286,29.29714286,25,37,23.7,37.23,22.1,81.82666667,24.58428571,1,22.79,33.99714286,23.66666667,41.32666667,22.2,41.98142857,20.1,752.5,47,3.333333333,40,8.3
360,0,24,38.59333333,28.6,28.896,25,36.86,23.7,36.93,22,79.25666667,24.816,1,22.79,33.656,23.73,41.16333333,22.2,41.714,20.5,752.5,45,3.5,40,8
270,0,24.06666667,37.73333333,28.6,28.72571429,25,36.82666667,23.7,36.73,21.92666667,75.73,25.22571429,1,22.80428571,33.48142857,23.85666667,41.03,22.2,41.49714286,20.9,752.5,43,3.666666667,40,7.7
120,0,24.1,36.55,28.6,28.754,25,36.96666667,23.7,36.46666667,21.89,71.85666667,25.54,1,22.89,33.4,23.92666667,40.76,22.254,41.32,21.3,752.5,41,3.833333333,40,7.4
140,0,24.23,35.32333333,28.6,28.57,25,36.96666667,23.7,36.32666667,21.82333333,68.12333333,25.52714286,1,22.89,33.36857143,24.06666667,40.62666667,22.21285714,41.06714286,21.7,752.5,39,4,40,7.1
120,0,24.29,34.65666667,28.58,28.312,25,36.82666667,23.7,36.2,21.79,65.19666667,25.456,1,22.89,33.09,24.13333333,40.1,22.29,41.09,21.9,752.4833333,38.33333333,4,40,7.02
100,0,24.32333333,34.29666667,28.42142857,28.2,24.89,36.72333333,23.79,36,21.79,63.99666667,25.57142857,1,22.89,32.95571429,24.26,39.82666667,22.26428571,40.99714286,22,752.4666667,37.66666667,4,40,6.93
260,0,24.46333333,34.03,28.35,28.06,24.89,36.53,23.79,36,21.7,62.42666667,25.6,1,22.89,32.816,24.32333333,39.6,22.254,40.754,22.2,752.45,37,4,40,6.85
250,0,24.53333333,33.99666667,28.23857143,27.92285714,24.89,36.5,23.79,35.93333333,21.7,60.96,25.42285714,1,22.89,32.62142857,24.39,39.26666667,22.26428571,40.48142857,22.4,752.4333333,36.33333333,4,40,6.77
100,0,24.66666667,33.66333333,28.2,27.736,24.89,36.43333333,23.79,35.79,21.7,58.82666667,25.35,1,23,32.356,24.39,38.93,22.254,40.356,22.5,752.4166667,35.66666667,4,40,6.68
90,0,24.79,32.79666667,28.17142857,27.64285714,24.89,36.4,23.79,35.73,21.7,57.16,25.31857143,1,23,32.09857143,24.39,38.73,22.245,40.13,22.7,752.4,35,4,40,6.6
80,0,24.85666667,33.13,28.0375,27.40625,24.89,36.4,23.79,35.7,21.7,55.63,25.5,1,23,31.958,24.5,38.7,22.23857143,39.76428571,22.8,752.3666667,34,4.166666667,40,6.2
100,0,24.89,32.99666667,27.85,26.66,24.89,36.4,23.85666667,35.62666667,21.7,54.3975,25.46857143,1,23.04285714,31.80714286,24.5,38.5,22.2,39.554,23,752.3333333,33,4.333333333,40,5.8
80,0,24.89,32.46333333,27.73857143,26.39428571,24.89,36.32666667,23.92666667,35.33333333,21.7,53.23333333,25.434,1,23.1,31.66,24.39,37.99,22.26428571,39.42714286,23.1,752.3,32,4.5,40,5.4
90,0,24.89,32.12666667,27.64,26.29,24.92666667,36.36333333,23.92666667,34.92666667,21.6,52.09333333,25.39,1,23.11428571,31.54285714,24.39,37.59666667,22.218,39.236,23.2,752.2666667,31,4.666666667,40,5
80,0,24.96333333,32.2,27.52857143,26.31857143,25,36.29,23.96333333,34.85833333,21.6,51.29333333,25.33,1,23.2,31.434,24.39,37.3,22.22571429,39.05714286,23.4,752.2333333,30,4.833333333,40,4.6
80,10,25.03333333,32.4,27.456,26.54,25,36.2,24,34.79,21.6,50.62333333,25.25285714,1,23.22571429,31.34714286,24.39,37.02666667,22.236,38.94,23.5,752.2,29,5,40,4.2
80,0,25.1,32.6,27.37571429,26.73714286,25,36.2,24.0325,34.78625,21.66666667,50.15666667,25.274,1,23.29,31.374,24.39,36.82666667,22.22571429,38.81285714,23.6,752.1833333,28.83333333,5.166666667,40,4.25
70,10,25.1,32.63333333,27.272,26.85,25,36.29,24.065,34.7825,21.63333333,49.49,25.39,1,23.39142857,31.76285714,24.39,36.66333333,22.29,38.812,23.7,752.1666667,28.66666667,5.333333333,40,4.3
80,0,25.1,32.5,27.2,27.05142857,25,36.2675,24.0975,34.77875,21.7,49.03,25.374,1,23.478,31.852,24.39,36.53,22.29,38.9,23.8,752.15,28.5,5.5,40,4.35
70,0,25.2,32.7,27.2,27.776,25,36.2,24.13,34.775,21.7,48.52666667,25.55714286,1,23.39,31.67142857,24.39,36.43,22.29,38.7,23.8,752.1333333,28.33333333,5.666666667,40,4.4
70,0,25.26,32.7,27.2,28.14,25.1,36.2,24.1625,34.77125,21.7,48.26666667,25.6,1,23.39,31.456,24.39,36.23,22.29,38.58571429,23.9,752.1166667,28.16666667,5.833333333,40,4.45
70,0,25.29,32.82666667,27.18,28.412,25.03333333,36.2,24.195,34.7675,21.7,47.93,25.535,1,23.39,31.19571429,24.39,36.02666667,22.29,38.44,24,752.1,28,6,40,4.5
80,0,25.365,32.9,27.14285714,28.72571429,25.1,36.2,24.2275,34.76375,21.7,47.65666667,25.5,1,23.39,31.018,24.39,35.9,22.29,38.29571429,24.1,752.1,27.5,5.666666667,40,4.25
100,0,25.46333333,32.3,27.1,28.265,25.1,36.2,24.26,34.76,21.7,47.4,25.54,1,23.39,30.84125,24.39,35.71,22.29,38.09,24.2,752.1,27,5.333333333,40,4
90,0,25.5,32.43,27.1,27.76333333,25.1,36.26,24.2,34.7,21.7,47,25.6,1,23.39,30.67142857,24.5,35.59,22.29,38.03857143,24.3,752.1,26.5,5,40,3.75
90,0,25.56666667,32.35666667,26.96333333,27.62333333,25.1,36.2,24.29,34.79,21.7,46.63333333,25.6,1,23.39,30.6,24.5,35.53,22.29,37.918,24.4,752.1,26,4.666666667,40,3.5
100,0,25.6,31.43,26.89,27.29,25.1,36.16333333,24.29,34.845,21.7,46.36,25.6,1,23.39,30.61428571,24.5,35.46333333,22.29,37.79,24.5,752.1,25.5,4.333333333,40,3.25
110,0,25.6,31.29,26.76,27.42666667,25.1,36.03,24.29,34.9,21.7,46.02666667,25.7,1,23.39,30.754,24.56666667,35.72333333,22.29,37.7,24.6,752.1,25,4,40,3
110,0,25.63333333,31.13333333,26.7,27.56666667,25.2,36,24.35666667,34.9,21.76,45.76666667,25.82666667,1,23.39,30.79,24.63333333,36.03,22.29,37.68428571,24.7,752.0333333,25.33333333,4,40,3.33
100,0,25.7,30.92666667,26.6,27.79,25.2,36,24.39,34.9,21.73,45.52666667,25.82666667,1,23.39,30.79,24.7,36.09,22.29,37.59,24.9,751.9666667,25.66666667,4,40,3.67
110,0,25.63333333,30.79,26.53333333,27.85666667,25.2,36,24.39,34.9,21.79,45.32666667,25.63333333,1,23.39,30.79,24.79,36.2,22.29,37.59,25,751.9,26,4,40,4
100,0,25.7,30.85666667,26.39,27.92666667,25.2,35.93333333,24.39,34.9,21.79,45.1,25.53333333,1,23.434,30.85,24.79,36.26,22.29,37.59,25.1,751.8333333,26.33333333,4,40,4.33
90,0,25.63333333,30.89,26.39,28.06666667,25.2,35.93333333,24.39,34.9,21.79,44.86333333,25.62,1,23.412,30.912,24.83,36.4,22.29,37.59,25.3,751.7666667,26.66666667,4,40,4.67
100,0,25.7,30.96333333,26.35666667,28.2,25.2,35.91666667,24.39,34.9,21.79,44.73,25.67142857,1,23.42666667,31,24.79,36.2,22.29,37.59,25.4,751.7,27,4,40,5
90,0,25.7,31.23,26.29,28.475,25.2,35.9,24.39,34.82666667,21.79,44.56,25.35,1,23.5,31.14,24.79,36.13714286,22.29,37.6725,25.4,751.6333333,26.83333333,4,40,4.85
100,0,25.63333333,31.35666667,26.23,28.76,25.2,35.9,24.42666667,34.82666667,21.79,44.43333333,25.27714286,1,23.39,31.14,24.79,36.0225,22.29,37.7,25.3,751.5666667,26.66666667,4,40,4.7
90,0,25.6,31.69666667,26.16666667,29.16333333,25.2,35.9,24.5,34.9,21.89,44.46666667,25.098,1,23.43714286,31.30857143,24.79,36.054,22.29,37.79285714,25.3,751.5,26.5,4,40,4.55
90,0,25.6,32.02333333,26.1,29.49666667,25.2,35.9,24.46333333,34.96666667,21.89,44.4,24.89,1,23.412,31.432,24.79,36.09,22.29,37.9,25.2,751.4333333,26.33333333,4,40,4.4
80,0,25.56666667,32.53,26.06666667,29.92666667,25.2,35.9,24.46333333,35.02666667,21.89,44.4,25.276,1,23.45285714,31.62857143,24.79,36.2,22.29,37.92857143,25.1,751.3666667,26.16666667,4,40,4.25
90,0,25.5,32.59,26,30.06666667,25.2,35.9,24.5,35.12666667,21.96333333,44.4,25.61142857,1,23.434,31.736,24.79,36.15285714,22.29,38.036,25.1,751.3,26,4,40,4.1
80,0,25.5,32.8,26.1,30.23,25.29,35.9,24.5,35.2,22,44.4,25.85,1,23.43714286,31.90428571,24.79,36.2,22.29,38.15285714,24.7,751.2833333,28.66666667,3.833333333,40,4.93
90,0,25.5,33.13333333,26.03333333,30.35666667,25.29,35.96666667,24.5,35.245,22,44.4,25.92142857,1,23.456,32.196,24.79,36.26428571,22.29,38.2,24.3,751.2666667,31.33333333,3.666666667,40,5.77
90,0,25.5,33.43333333,26.1,30.63333333,25.29,35.96666667,24.5,35.29,22.03333333,44.43333333,26.474,1,23.52857143,32.49714286,24.79,36.4,22.29,38.2,23.9,751.25,34,3.5,40,6.6
80,0,25.5,33.375,26.1,30.7,25.29,35.82666667,24.5,35.29,22.16666667,44.5,27.01,1,23.6,32.79,24.79,36.32428571,22.29,38.2,23.4,751.2333333,36.66666667,3.333333333,40,7.43
70,0,25.5,33,26.1,30.66666667,25.39,35.7,24.5,35.29,22.29,44.5,27.35,1,23.6,32.94142857,24.79,36.2,22.29,38.2,23,751.2166667,39.33333333,3.166666667,40,8.27
80,0,25.5,32.86,26.03333333,30.6,25.32333333,35.7,24.5,35.2,22.29,44.43333333,27.26428571,1,23.66,33.076,24.79,36.16857143,22.29,38.178,22.6,751.2,42,3,40,9.1
560,10,25.5,33.6,26,30.6,25.39,35.62666667,24.5,35.2,22.29,44.26,26.956,1,23.7,33.22571429,24.79,36,22.29,38.12142857,22.8,751.1666667,41,3,40,8.9
630,0,25.5,35.19333333,26,30.79333333,25.32333333,35.83333333,24.5,35.26,22.29,44.12666667,26.80571429,1,23.7,33.44,24.80428571,36.40714286,22.29,38.2,23,751.1333333,40,3,40,8.7
230,0,25.5,36.93333333,25.89,31.12333333,25.29,36.09,24.5,35.43333333,22.29,44.12666667,26.3625,1,23.71285714,33.73857143,24.89,37.12,22.31857143,38.25142857,23.2,751.1,39,3,40,8.5
100,0,25.5,40.03,25.82333333,32.39666667,25.35666667,36.09,24.5,35.5,22.35666667,44.4,26.018,1,23.79,33.8175,24.89,37.4,22.35,38.29,23.4,751.0666667,38,3,40,8.3
110,0,25.5,37.76333333,25.79,33.2,25.39,36.09,24.5,35.5,22.39,44.76666667,25.76428571,1,23.79,33.79,24.89,37.634,22.39,38.29,23.6,751.0333333,37,3,40,8.1
120,0,25.5,37.16,25.73,33.06666667,25.39,36.09,24.5,35.5,22.39,44.975,25.254,1,23.79,33.82142857,24.90571429,38.00857143,22.29,38.334,23.8,751,36,3,40,7.9
130,0,25.42666667,36.96666667,25.56666667,33.69666667,25.29,36.2,24.5,35.62666667,22.46333333,45.06,25.75428571,1,23.79,34.28,24.976,38.394,22.34714286,38.41428571,23.6,751.05,37.5,2.833333333,40,8.28
120,0,25.39,37.22666667,25.42666667,34.55666667,25.35666667,36.26,24.5,35.83333333,22.5,45.06,26.756,1,23.79,34.69285714,25.12857143,38.66857143,22.35,38.518,23.4,751.1,39,2.666666667,40,8.67
140,0,25.39,37.56,25.26,35.36666667,25.39,36.43333333,24.5,35.93333333,22.56666667,45,27.36714286,1,23.79,35.076,25.2,38.834,22.39,38.59,23.3,751.15,40.5,2.5,40,9.05
100,10,25.29,38.03,25.1,36.3,25.39,36.56,24.5,36.13333333,22.56666667,45.09,27.016,1,23.83285714,35.64,25.25142857,39.02428571,22.39,38.79,23.1,751.2,42,2.333333333,40,9.43
110,0,25.29,38.43,24.92666667,36.9,25.39,36.73,24.5,36.43333333,22.56666667,45.16333333,25.78,1,23.83,36.28,25.29,39.296,22.39,38.94142857,22.9,751.25,43.5,2.166666667,40,9.82
100,0,25.26,38.65666667,24.66666667,37.36,25.39,36.86333333,24.5,36.56,22.5,45.32666667,23.856,1,23.89,36.82571429,25.36142857,39.59571429,22.39,39.076,22.7,751.3,45,2,40,10.2
100,0,25.13333333,38.86333333,24.53333333,37.5,25.39,36.95,24.5,36.82666667,22.5,45.46666667,22.2,1,23.89,37.296,25.39,39.94,22.39,39.26428571,22.5,751.3,46.16666667,1.833333333,40,10.3
100,0,25.1,38.9,24.42666667,37.76,25.39,37.09,24.5,36.96666667,22.63,52.92333333,20.84,1,23.93714286,37.59571429,25.39,39.95285714,22.39,39.44,22.2,751.3,47.33333333,1.666666667,40,10.5
100,0,25.1,38.96666667,24.56666667,37.62666667,25.39,37.09,24.5,37.09,23.63,73.92333333,19.91285714,1,23.89,37.59,25.312,39.914,22.39,39.55625,22,751.3,48.5,1.5,40,10.6
70,0,25.1,39.03,24.63333333,37.5,25.39,37.23,24.5,37.1725,23.59666667,77.59333333,19.076,1,23.89,37.44,25.26428571,40.79285714,22.39,39.68428571,21.8,751.3,49.66666667,1.333333333,40,10.7
50,0,25.1,39.09,24.7,37.43333333,25.39,37.29,24.5,37.26,23.26333333,78.92666667,18.39571429,1,23.89,37.196,25.29,41.134,22.39,39.718,21.5,751.3,50.83333333,1.166666667,40,10.9
50,10,25.1,39,24.6,37.13333333,25.39,37.29,24.5,37.2,23.16666667,79.15666667,17.62,1.28,23.89,36.97142857,25.315,41.2,22.39,39.75142857,21.3,751.3,52,1,40,11
60,0,25.06666667,38.86333333,24.6,37,25.39,37.36333333,24.5,37.26,23.1,78.69666667,17.21,2.964285714,23.79,36.656,25.27714286,41.32857143,22.39,39.79,20.7,751.35,53.66666667,1,40,10.9
60,0,25,38.79,24.56666667,36.9,25.29,37.5,24.5,37.29,22.96333333,75.95666667,16.772,4.098,23.79,36.53857143,25.218,41.594,22.39,39.79,20.1,751.4,55.33333333,1,40,10.8
50,0,25,38.7,24.5,36.9,25.29,37.5,24.42666667,37.23,22.89,73.56333333,16.29571429,5.25,23.79,36.48,25.26428571,41.86857143,22.39,39.79,19.6,751.45,57,1,40,10.7
60,0,25,38.7,24.39,36.82666667,25.39,37.5,24.46333333,37.26,22.79,70.65666667,15.756,6.79,23.72571429,36.42857143,25.254,42.09,22.39,39.79,19,751.5,58.66666667,1,40,10.6
60,0,24.89,38.62666667,24.32333333,36.96666667,25.32333333,37.5,24.39,37.26,22.79,68.65666667,15.48,8.17,23.7,36.4,25.22571429,42.23571429,22.39,39.79,18.4,751.55,60.33333333,1,40,10.5
70,10,24.89,38.62666667,24.29,37.03,25.39,37.59,24.42666667,37.36,22.73,65.13,15.216,9.66,23.7,36.48571429,25.18,42.254,22.39,39.88428571,17.8,751.6,62,1,40,10.4
60,0,24.89,38.65666667,24.23,37.09,25.39,37.59,24.42666667,37.43333333,22.79,61.66333333,15.02857143,11.09571429,23.7,36.5,25.1,42.32142857,22.39,39.96,17.4,751.6166667,63.66666667,1,40,10.4
70,0,24.89,38.79,24.1,37.32666667,25.39,37.59,24.39,37.5,22.79,59.82333333,15,12.69,23.7,36.59571429,25.1,42.536,22.39,40.02571429,17.1,751.6333333,65.33333333,1,40,10.5
50,0,24.89,38.79,24.03333333,37.46666667,25.39,37.59,24.39,37.5,22.7225,58.8175,15,12.54,23.7,36.94,25.1,42.78142857,22.39,40.2,16.7,751.65,67,1,40,10.5
50,0,24.89,38.86333333,23.96333333,37.62666667,25.39,37.59,24.39,37.5,22.7,58.13333333,15,12.516,23.7,37.11428571,25.1,43.116,22.39,40.34,16.3,751.6666667,68.66666667,1,40,10.5
50,0,24.85666667,38.79,23.89,37.76,25.39,37.66333333,24.39,37.43333333,22.66666667,57.53333333,14.84625,12.68375,23.718,37.254,25.1,43.49714286,22.39,40.42,16,751.6833333,70.33333333,1,40,10.6
60,0,24.79,38.79,23.79,37.79,25.39,37.9,24.39,37.46666667,22.6,56.92666667,14.39571429,12.94285714,23.72571429,37.32142857,25.1,43.78,22.39,40.56428571,15.6,751.7,72,1,40,10.6
50,0,24.79,38.79,23.7,37.93333333,25.46333333,37.96666667,24.39,37.4,22.6,56.4,14.256,13.934,23.7,37.4625,25.1,44.03714286,22.39,40.79,15.3,751.7,73.5,1,40,10.6
50,0,24.79,38.79,23.7,38.06,25.5,38.12666667,24.29,37.4,22.6,56,14.04,14.16571429,23.7,37.5,25.1,44.156,22.39,40.94142857,14.9,751.7,75,1,40,10.5
60,0,24.79,38.79,23.6,38.03,25.5,38.2225,24.29,37.4,22.56666667,55.4,13.836,14.732,23.7,37.55142857,25.1,44.2,22.39,41.054,14.6,751.7,76.5,1,40,10.4
60,0,24.79,38.79,23.53333333,38.16333333,25.5,38.36333333,24.29,37.4,22.5,55.06666667,13.8,15.98285714,23.7,37.612,25.1,44.29,22.39,41.12142857,14.3,751.7,78,1,40,10.4
60,0,24.73,38.79,23.5,38.29,25.53333333,38.4,24.29,37.4,22.53333333,54.6,13.8,16.99,23.7,37.7,25.12857143,44.38428571,22.39,41.29,13.9,751.7,79.5,1,40,10.4
60,0,24.73,38.79,23.42666667,38.23,25.6,38.4,24.29,37.4,22.53333333,54.19333333,13.8,17.18,23.7,37.79,25.1,44.4,22.39,41.36714286,13.6,751.7,81,1,40,10.3
60,0,24.7,38.82666667,23.39,38.32666667,25.6,38.43333333,24.29,37.4,22.5,53.83333333,13.696,17.174,23.7,37.85285714,25.02857143,44.4,22.39,41.518,13.5,751.7,81.33333333,1.166666667,40,10.3
60,0,24.7,38.9,23.32333333,38.4,25.6,38.5,24.29,37.4,22.5,53.5,13.42142857,17.79285714,23.7,37.92,25,44.4,22.39,41.66857143,13.4,751.7,81.66666667,1.333333333,40,10.3
50,0,24.7,38.9,23.29,38.53,25.6,38.5,24.29,37.29,22.5,53.13333333,13.256,17.934,23.7,38.12142857,24.95285714,44.4,22.39,41.834,13.3,751.7,82,1.5,40,10.3
60,0,24.7,38.9,23.23,38.53,25.6,38.5,24.29,37.29,22.5,52.86,13.07,18.87857143,23.7,38.536,24.934,44.4,22.45285714,42.00857143,13.2,751.7,82.33333333,1.666666667,40,10.2
60,0,24.63333333,38.82666667,23.16666667,38.59,25.66666667,38.5,24.26,37.29,22.5,52.56,13.04,20.08,23.7,38.68142857,24.89,44.4,22.4175,42.0675,13.1,751.7,82.66666667,1.833333333,40,10.2
60,0,24.66666667,38.86333333,23.1,38.66333333,25.66666667,38.56,24.26,37.36333333,22.42666667,52.36,12.92142857,21.42142857,23.7,38.938,24.89,44.5,22.456,42.21,13,751.7,83,2,40,10.2
50,0,24.6,38.79,23.1,38.79,25.63333333,38.59,24.23,37.32666667,22.39,52.09,12.89,22.216,23.7,39.19428571,24.83285714,44.39571429,22.5,42.36857143,12.9,751.7166667,83.33333333,1.833333333,40,10.1
40,0,24.6,38.9,23.03333333,38.79,25.7,38.59,24.23,37.32666667,22.39,51.96333333,12.89,23.15285714,23.7,39.4,24.79,44.4,22.5,42.5,12.8,751.7333333,83.66666667,1.666666667,40,10.1
60,0,24.6,38.9,23,38.93333333,25.7,38.7,24.23,37.32666667,22.39,51.76,12.872,23.58,23.71285714,39.4,24.79,44.4,22.5,42.57714286,12.7,751.75,84,1.5,40,10
50,0,24.6,38.9,22.92666667,39.06,25.7,38.7,24.23,37.32666667,22.39,51.7,12.8,23.90714286,23.79,39.42,24.79,44.245,22.5,42.656,12.5,751.7666667,84.33333333,1.333333333,40,9.93
50,0,24.6,38.9,22.89,39.12666667,25.7,38.7,24.2,37.29,22.39,51.495,12.756,25.276,23.79,39.56428571,24.79,44.15285714,22.5,42.76428571,12.4,751.7833333,84.66666667,1.166666667,40,9.87
50,0,24.56666667,38.93333333,22.89,39.26,25.7,38.7,24.2,37.29,22.39,51.36333333,12.70857143,25.35142857,23.79,39.554,24.77714286,44.13714286,22.5,42.834,12.3,751.8,85,1,40,9.8
60,0,24.5,39,22.79,39.245,25.7,38.79,24.2,37.29,22.39,51.23,12.618,25.74,23.76428571,39.55142857,24.754,44.09,22.5,42.95714286,12.3,751.7833333,85.16666667,1.166666667,37.83333333,9.78
50,0,24.5,39,22.79,39.4,25.63333333,38.79,24.2,37.29,22.39,51.09,12.65142857,26.70714286,23.79,39.656,24.79,44.02571429,22.5,43.076,12.2,751.7666667,85.33333333,1.333333333,35.66666667,9.77
60,0,24.5,39,22.73,39.4,25.7,38.79,24.2,37.4,22.39,51.03,12.69,26.934,23.79,39.66857143,24.736,43.9,22.5,43.22571429,12.2,751.75,85.5,1.5,33.5,9.75
60,0,24.5,39,22.7,39.53,25.7,38.79,24.2,37.4,22.32333333,50.9,12.80428571,27.11428571,23.79,39.59,24.79,43.754,22.5,43.4,12.1,751.7333333,85.66666667,1.666666667,31.33333333,9.73
50,0,24.5,39.06,22.7,39.59,25.7,38.79,24.2,37.4,22.39,50.82666667,13.13375,27.17,23.79,39.73571429,24.718,43.7,22.5,43.55285714,12.1,751.7166667,85.83333333,1.833333333,29.16666667,9.72
60,0,24.46333333,39.06,22.66666667,39.7,25.7,38.79,24.2,37.4,22.35666667,50.76,13.538,27.67,23.79,39.876,24.7,43.7,22.5,43.7,12,751.7,86,2,27,9.7
50,0,24.46333333,39.06,22.6,39.7,25.7,38.79,24.2,37.45,22.29,50.62666667,13.8,27.174,23.79,40.02571429,24.66,43.554,22.57142857,43.76428571,12.1,751.7,85.83333333,2,27.16666667,9.8
60,0,24.46333333,39.09,22.6,39.82666667,25.7,38.79,24.2,37.5,22.32333333,50.56,13.83857143,26.93714286,23.79,40.236,24.6,43.5,22.5,43.94,12.3,751.7,85.66666667,2,27.33333333,9.9
60,0,24.39,39.09,22.6,39.96666667,25.7,38.79,24.2,37.5,22.32333333,50.5,13.89,27.14,23.79,40.44142857,24.6,43.515,22.51428571,44.06714286,12.4,751.7,85.5,2,27.5,10
50,0,24.39,39.09,22.6,40.03,25.7,38.79,24.1,37.53,22.29,50.4,14.04142857,27.28142857,23.79,40.5675,24.6,43.696,22.58,44.2,12.5,751.7,85.33333333,2,27.66666667,10.1
60,0,24.39,39.09,22.6,40.16333333,25.7,38.86333333,24.1,37.59,22.29,50.32666667,14.154,27.836,23.79,40.63,24.6,43.79,22.54285714,44.26428571,12.7,751.7,85.16666667,2,27.83333333,10.2
50,0,24.39,39.16333333,22.5,40.4,25.73,38.9,24.1,37.59,22.29,50.26,14.19,28.68285714,23.79,40.89714286,24.56666667,43.97666667,22.6,44.5,12.8,751.7,85,2,28,10.3
40,0,24.39,39.32666667,22.5,40.52666667,25.73,38.9,24.1,37.66333333,22.29,50.2,14.3,29.754,23.79,41.134,24.6,44.236,22.57142857,44.64,12.9,751.6333333,85.33333333,1.833333333,27.5,10.4
50,0,24.39,39.4,22.5,40.62666667,25.7,39,24.1,37.73,22.29,50.16333333,14.33857143,30.01428571,23.79,41.35428571,24.6,44.43333333,22.6,44.74,13,751.5666667,85.66666667,1.666666667,27,10.6
50,0,24.39,39.5,22.5,40.7,25.7,39,24.1,37.79,22.29,50.09,14.278,30.22,23.81,41.518,24.6,44.638,22.6,44.9,13.1,751.5,86,1.5,26.5,10.8
50,0,24.32333333,39.56,22.5,40.82666667,25.7,39.03,24.1,37.9,22.29,50.09,14.19,30.72571429,23.86142857,41.52571429,24.6,44.812,22.6,45,13.2,751.4333333,86.33333333,1.333333333,26,10.9
60,0,24.29,39.62666667,22.5,40.9,25.7,39.09,24.1,37.9,22.29,50.03,14.19,30.916,23.79,41.46,24.6,44.9,22.6,45.06714286,13.3,751.3666667,86.66666667,1.166666667,25.5,11.1
60,0,24.29,39.7,22.5,41,25.7,39.09,24.1,38,22.29,50,14.20571429,30.47857143,23.79,41.4,24.6,44.79,22.6,45.218,13.4,751.3,87,1,25,11.2
60,0,24.29,39.7,22.5,41,25.7,39.09,24.1,38,22.29,49.925,14.3,30.216,23.79,41.316,24.6,44.79,22.6,45.33125,13.5,751.3166667,85.83333333,1,25.66666667,11.1
50,0,24.29,39.76,22.46333333,41.06,25.7,39,24.1,38.03,22.29,49.9,14.3,29.94285714,23.79,41.26428571,24.55,44.745,22.6,45.47142857,13.5,751.3333333,84.66666667,1,26.33333333,10.9
60,0,24.2,39.7,22.4725,41.0675,25.76,39,24.1,38.09,22.29,49.9,14.19,30,23.79,41.29,24.5,44.7,22.6,45.59,13.6,751.35,83.5,1,27,10.8
50,0,24.2,39.76,22.5,41.09,25.76,39,24.1,38.09,22.29,49.82666667,14.13857143,29.81,23.79,41.36714286,24.5,44.678,22.6,45.68428571,13.7,751.3666667,82.33333333,1,27.66666667,10.7
60,0,24.2,39.79,22.5,41.09,25.76,39,24.1,38.16333333,22.29,49.79,14.04,29.874,23.83,41.536,24.5,44.66333333,22.6,45.678,13.7,751.3833333,81.16666667,1,28.33333333,10.5
50,0,24.2,39.86333333,22.5,41.03,25.79,39,24.1,38.2,22.29,49.79,14.02857143,30.58285714,23.81857143,41.52571429,24.5,44.59,22.64285714,45.63714286,13.8,751.4,80,1,29,10.4
60,0,24.2,39.9,22.53333333,41,25.79,39,24.03333333,38.2,22.29,49.7,14.136,29.976,23.89,41.536,24.5,44.5225,22.64,45.736,13.7,751.45,80.33333333,1,29,10.4
50,0,24.2,39.96666667,22.6,40.93333333,25.79,38.95,24.03333333,38.23,22.29,49.7,14.25285714,29.23857143,23.84714286,41.55142857,24.5,44.5,22.61428571,45.76428571,13.6,751.5,80.66666667,1,29,10.4
50,0,24.16666667,40,22.6,40.9,25.79,38.93333333,24.1,38.29,22.29,49.59,14.318,28.858,23.89,41.536,24.5,44.43333333,22.6,45.79,13.6,751.55,81,1,29,10.4
50,0,24.1,40,22.6,40.82666667,25.79,38.86,24.1,38.36333333,22.29,49.53,14.39,28.82875,23.89,41.5,24.5,44.4,22.64285714,45.83714286,13.5,751.6,81.33333333,1,29,10.3
40,0,24.1,40.03,22.6,40.79,25.79,38.9,24.06666667,38.4,22.29,49.5,14.39,28.62857143,23.89,41.4,24.42666667,44.4,22.7,46,13.4,751.65,81.66666667,1,29,10.3
60,0,24.1,40.09,22.66666667,40.79,25.79,38.96666667,24.06666667,38.46666667,22.29,49.5,14.434,29.176,23.84714286,41.35285714,24.5,44.5,22.7,46,13.3,751.7,82,1,29,10.3
40,0,24.1,40.09,22.7,40.76,25.79,39,24.03333333,38.46333333,22.29,49.4,14.62428571,29.22428571,23.83,41.376,24.5,44.5,22.7,46,13.7,751.75,80.5,1,28.66666667,10.4
50,0,24.1,40.2,22.7,40.7,25.79,39,24.03333333,38.59,22.29,49.4,15.058,29.836,23.86142857,41.56428571,24.46333333,44.56,22.7,46.02571429,14.1,751.8,79,1,28.33333333,10.5
60,0,24.1,40.26,22.73,40.7,25.79,38.93333333,24,38.59,22.29,49.36333333,16.12571429,31.47857143,23.83,41.5,24.39,44.56,22.7,46.09,14.6,751.85,77.5,1,28,10.6
90,0,24.1,40.86,22.79,40.7,25.79,38.792,24,38.59,22.29,49.29,17.656,24.774,23.81857143,41.5,24.39,44.59,22.7,46.22666667,15,751.9,76,1,27.66666667,10.7
60,0,24.1,41.33333333,23.39666667,40.9,25.79,38.545,24.03333333,38.62666667,22.29,49.26,18.73714286,18.07857143,23.89,41.554,24.39,44.634,22.79,46.29,15.4,751.95,74.5,1,27.33333333,10.8
70,0,24.1,41.62666667,24.12333333,40.29333333,25.934,38.374,24.1,38.62666667,22.29,49.2,19.736,10.834,23.89,41.56428571,24.434,44.634,22.79,46.23,15.8,752,73,1,27,10.9
60,10,24.16666667,41.7,24.8,39.23333333,26,38.43,24.1,38.73,22.29,49.09,20.76714286,6.65,23.865,41.59,24.40833333,44.545,22.82333333,46.09,16.3,752.0166667,70.83333333,1,29.16666667,10.9
400,0,24.2,42.25666667,25.33333333,38.49333333,26.1,38.29,24.16666667,38.79,22.29,49.03,21.776,3.94,23.89,42.036,24.434,44.554,22.89,46.03,16.8,752.0333333,68.66666667,1,31.33333333,10.8
130,0,24.26,43.39,26.23333333,37.49333333,26.16,38.29,24.2,38.93333333,22.29,49,22.38285714,1.7,23.89,42.46142857,24.39,44.536,22.89,45.7,17.3,752.05,66.5,1,33.5,10.8
370,0,24.23,42.69333333,26.76,36.36,26.2,38.29,24.26,39.13333333,22.29,48.93333333,22.994,1,23.89,42.916,24.39,44.66666667,22.89,45.5,17.7,752.0666667,64.33333333,1,35.66666667,10.8
70,0,24.29,42.3,27.445,35.55,26.254,38.29,24.32333333,39.2,22.35666667,53.33333333,23.66571429,1,23.89,42.85,24.412,45.02,22.92666667,45.12666667,18.2,752.0833333,62.16666667,1,37.83333333,10.7
330,0,24.32333333,42.06,27.99333333,34.56,26.29,38.29,24.46333333,39.26,22.7,67.16666667,24.236,1,23.89,42.46,24.5,45.2,22.945,45.1725,18.7,752.1,60,1,40,10.7
230,0,24.39,41.93333333,28.4,34.16666667,26.29,38.30833333,24.5,39.29,22.82666667,74.16666667,24.43857143,1,23.89,42.28571429,24.5,45.35,22.92666667,45.09,19,752.1,58.83333333,1.166666667,40,10.7
60,0,24.39,41.79,28.8,33.43333333,26.272,38.4,24.56666667,39.43,23.39,80.43333333,24.54,1,23.89,42.116,24.5,46.09333333,23,44.96666667,19.3,752.1,57.66666667,1.333333333,40,10.7
80,0,24.39,41.79,29.13333333,33.22666667,26.2,38.4,24.63333333,39.53,23.46333333,80.22666667,24.72571429,1,23.89,41.87142857,24.56666667,46.71166667,23,44.82666667,19.6,752.1,56.5,1.5,40,10.7
80,0,24.5,41.9,29.36,32.72333333,26.2,38.46666667,24.7225,39.7675,23.82666667,85.76666667,25.04,1,23.89,41.67,24.6,46.495,23.03333333,44.82666667,20,752.1,55.33333333,1.666666667,40,10.6
80,0,24.56666667,41.9,29.5,32.46333333,26.2,38.5,24.85666667,39.96666667,23.56666667,82.63333333,25.36714286,1,23.945,42.04,24.5,46.156,23.03333333,44.76666667,20.3,752.1,54.16666667,1.833333333,40,10.6
410,0,24.6,42.06,29.66333333,32.22333333,26.2,38.51125,25,40.16333333,23.35666667,74.86,25.574,1,24,41.976,24.5,45.9475,23.1,44.7,20.6,752.1,53,2,40,10.6
180,0,24.66666667,42.06,29.85666667,32.03,26.18,38.554,25.06666667,40.03,23.23,65.92666667,26.11142857,1,24,41.52857143,24.5,45.498,23.1,44.62666667,21,752.1,52,2,40,10.7
50,0,24.7,42.36,29.85666667,31.79,26.17142857,38.59,25.1,39.76,23.16666667,60.13,26.39,1,24,41.054,24.434,45.056,23.1,44.46666667,21.4,752.1,51,2,40,10.8
60,0,24.7675,42.475,29.79,31.79,26.2,38.59,25.1,39.62666667,23.1,57.39,26.59857143,1,23.93714286,40.62428571,24.39,44.56166667,23.1,44.4,21.9,752.1,50,2,40,10.9
50,0,24.79,42.4,29.66666667,31.82333333,26.2,38.59,25.13333333,39.36333333,23.1,55,26.856,1,23.89,40.11,24.39,44.145,23.1,44.26,22.3,752.1,49,2,40,11
60,0,24.82333333,42.26,29.53333333,31.89,26.2,38.59,25.13333333,39.15666667,23.1,53.46,27.12857143,1,23.93714286,39.69428571,24.39,43.634,23.1,44.12666667,22.7,752.1,48,2,40,11.1
50,0,24.89,42.12666667,29.46333333,31.89,26.15714286,38.59,25.16666667,39,23,52.05666667,27.434,1,23.89,39.32,24.35,43.174,23.1,43.93,23.1,752.1,47,2,40,11.2
50,0,24.89,41.93,29.39,31.89,26.16,38.59,25.16666667,38.86,23,50.92333333,27.43714286,1,23.89,38.98142857,24.39,42.6725,23.1,43.73,23.1,752.0833333,46.83333333,2.166666667,40,11.2
50,0,24.89,41.65666667,29.26,31.89,26.12857143,38.59,25.16666667,38.66333333,23,49.55666667,27.432,1,23.89,38.69,24.35,42.274,23.1,43.56,23.2,752.0666667,46.66666667,2.333333333,40,11.2
50,0,24.89,41.36333333,29.13333333,31.89,26.1,38.656,25.1,38.53,23.06666667,48.83,27.6625,1,23.89,38.28428571,24.32333333,41.60666667,23.1,43.43333333,23.3,752.05,46.5,2.5,40,11.2
60,0,24.89,41.23,28.96333333,31.72333333,26.1,38.62142857,25.1,38.36333333,23.03333333,47.66,27.52857143,1,23.89,37.9,24.29,41.245,23.1,43.22333333,23.3,752.0333333,46.33333333,2.666666667,40,11.1
40,0,25,40.93,28.89,31.39,26.1,38.634,25.1,38.23,23.1,47.06666667,27.456,1,23.89,37.66,24.39,40.88,23.1,43.03,23.4,752.0166667,46.16666667,2.833333333,40,11.1
60,0,25,40.65666667,28.76,31.42666667,26.1,38.60571429,25.16666667,38.09,23.05,45.895,27.34714286,1,23.89,37.43333333,24.39,40.63333333,23.1,42.86333333,23.4,752,46,3,40,11.1
50,0,25,40.36333333,28.56666667,31.5,26.1,38.59,25.1,38.03,23.1,45.5,27.412,1,23.89,37.312,24.39,40.32,23.1,42.65666667,23.6,751.9666667,45.33333333,3.166666667,40,11.1
60,0,25,40.23,28.39,31.65,26.1,38.59,25.13333333,38,23.1,45.22666667,27.57142857,1,23.89,37.23,24.40571429,39.97142857,23.1,42.495,23.8,751.9333333,44.66666667,3.333333333,40,11
60,0,25.06666667,40.06,28.26,31.82333333,26.1,38.554,25.13333333,37.93333333,23.1,44.9,27.83,1,23.89,37.13714286,24.5,39.9,23.1,42.36333333,24,751.9,44,3.5,40,11
60,0,25.06666667,39.93333333,28.2,31.89,26.1,38.56428571,25.1,37.9,23.1,44.5,27.75285714,1,23.89,37.072,24.5,39.92,23.1,42.29,24.2,751.8666667,43.33333333,3.666666667,40,11
50,0,25.1,39.79,28,32.09,26.1,38.5,25.1,37.9,23.1,43.83333333,27.66,1,23.89,36.98,24.5,39.89714286,23.1,42.16333333,24.4,751.8333333,42.66666667,3.833333333,40,10.9
60,0,25.1,39.65666667,27.92666667,31.89,26.1,38.5,25.1,37.79,23.16666667,43.3,27.67142857,1,23.89,36.76666667,24.5,39.58,23.1,42.09,24.6,751.8,42,4,40,10.9
60,0,25.1,39.46666667,27.76,31.82333333,26.1,38.4,25.1,37.66333333,23.2,42.3,27.456,1,23.89,36.56333333,24.58571429,39.29285714,23.1,41.96666667,24.7,751.7833333,40.66666667,4,40,10.4
50,0,25.1,39.4,27.63333333,31.89,26.1,38.4,25.1,37.53,23.2,41.76666667,27.26571429,1,23.89,36.356,24.56,38.958,23.1,41.82666667,24.8,751.7666667,39.33333333,4,40,10
60,0,25.1,39.22333333,27.56666667,31.89,26.1,38.4,25.1,37.5,23.2,41.49,27.31,1,23.89,36.09,24.6125,38.49625,23.1,41.56,24.9,751.75,38,4,40,9.55
60,0,25.1,39.03,27.42666667,31.96333333,26.17142857,38.4,25.1,37.5,23.26,41.09666667,27.42142857,1,23.89,35.954,24.7,38.09285714,23.1,41.43333333,25.1,751.7333333,36.66666667,4,40,9.1
50,0,25.1,38.845,27.39,31.96333333,26.2,38.29,25.1,37.36333333,23.29,40.29333333,27.6,1,23.89,35.592,24.79,37.5,23.1,41.26,25.2,751.7166667,35.33333333,4,40,8.65
60,0,25.1,38.66333333,27.32333333,31.89,26.18571429,38.29,25.1,37.23,23.35666667,39.56666667,27.98285714,1,23.89,35.4,24.76428571,37.36714286,23.1,41.06666667,25.3,751.7,34,4,40,8.2
60,0,25.1,38.53,27.16666667,31.92666667,26.16,38.236,25.1,37.16333333,23.39,39.1,28.14,1,23.934,35.196,24.772,37.134,23.1,40.79,25.2,751.6333333,33.83333333,4,40,8.05
50,0,25.1,38.36333333,27.1,32,26.2,38.2,25.1,37.09,23.39,38.76666667,27.89571429,1,23.934,34.96,24.72571429,37.09,23.1,40.79,25.1,751.5666667,33.66666667,4,40,7.9
60,0,25.1,38.23,27,32.09,26.14,38.09,25.1,36.96666667,23.42666667,38.46,27.736,1,24,34.7,24.7,36.96,23.1,40.76,25,751.5,33.5,4,40,7.75
50,0,25.1,38.06,26.92666667,31.76333333,26.2,38.09,25.1,36.9,23.5,38,27.91,1,24,34.58,24.75142857,36.73857143,23.1,40.56666667,24.9,751.4333333,33.33333333,4,40,7.6
60,0,25.1,37.93333333,26.85666667,31.7,26.2,38.03857143,25.1,36.79,23.5,37.76666667,27.978,1,24,34.356,24.81,36.436,23.1,40.36333333,24.8,751.3666667,33.16666667,4,40,7.45
40,0,25.16666667,37.76,26.79,31.7,26.2,38,25.1,36.73,23.56666667,37.22666667,27.92142857,1,24,34.145,24.89,36.09571429,23.1,40.23,24.7,751.3,33,4,40,7.3
50,0,25.16666667,37.7,26.7,31.7,26.15714286,37.97142857,25.03333333,36.66333333,23.6,36.86333333,28.04,1,24,33.894,24.89,35.656,23.1,40,24.6,751.25,33,4,40,7.25
50,0,25.13333333,37.56,26.7,31.63333333,26.2,37.94,25.03333333,36.53,23.6975,36.0225,28.11428571,1,24,33.656,24.89,35.59,23.1,39.86,24.6,751.2,33,4,40,7.2
50,0,25.2,37.43333333,26.66666667,31.56666667,26.2,37.94285714,25.06666667,36.46666667,23.79,35.22666667,28.218,1,24,33.47,24.89,35.596,23.1,39.645,24.6,751.15,33,4,40,7.15
50,0,25.13333333,37.26,26.53333333,31.56666667,26.2,37.9,25,36.32666667,23.89,34.9,28.29,1,24,33.19428571,24.89,35.36857143,23.1,39.36333333,24.5,751.1,33,4,40,7.1
60,0,25.2,37.12666667,26.5,31.55,26.2,37.86857143,25.1,36.2,23.89,34.5,28.236,1,24.06,32.96,24.89,35.254,23.1,39.23,24.4,751.05,33,4,40,7.05
60,0,25.2,37,26.39,31.6,26.2,37.754,25.03333333,36.2,24,34.29,28.2,1,24.04285714,32.80857143,24.89,35,23.1,39.06,24.4,751,33,4,40,7
50,0,25.13333333,36.93333333,26.39,31.6,26.2,37.72571429,25,36.06,24.06666667,34.03,28.15,1,24,32.516,24.89,34.52,23.1,38.93333333,24.7,750.9833333,32.66666667,4,40,7.08
60,0,25.13333333,36.79,26.29,31.5,26.2,37.7,25,35.975,24.1,33.4,28.12,1,24.05,32.36666667,24.96857143,34.09571429,23.1,38.66333333,25,750.9666667,32.33333333,4,40,7.17
50,0,25.13333333,36.73,26.29,31.42666667,26.2,37.7,25,35.9,24.1,33.26,27.87875,1,24.08333333,32.16333333,24.89,33.96,23.1,38.53,25.3,750.95,32,4,40,7.25
60,0,25.16666667,36.59,26.2,31.42666667,26.2,37.59,25,35.79,24.16666667,33.23333333,27.62,1,24.1,31.95,24.87571429,34.1,23.1,38.4,25.5,750.9333333,31.66666667,4,40,7.33
50,0,25.1,36.53,26.2,31.5,26.25142857,37.57714286,25,35.73,24.1,33.1,27.094,1,24.1,31.812,24.83,34.236,23.1,38.32666667,25.8,750.9166667,31.33333333,4,40,7.42
70,0,25.13333333,36.36333333,26.1,31.39,26.236,37.5,25,35.62666667,24.1,33.1,26.814,1,24.1,31.7,24.79,34.29571429,23.1,38.2,26.1,750.9,31,4,40,7.5
50,0,25.2,36.23,26.1,31.39,26.2,37.5,25,35.62666667,24.1,32.82666667,26.945,1,24.1,31.56,24.79,34.46,23.1,38.06666667,26,750.85,29.83333333,4.5,40,6.85
60,0,25.15,36.145,26.06666667,31.39,26.236,37.4,25,35.56,24.23,32.46,27.1,1,24.1,31.456,24.73857143,34.4,23.1,37.96666667,26,750.8,28.66666667,5,40,6.2
60,0,25.1,36,26,31.39,26.29,37.38428571,25,35.43333333,24.35666667,31.92666667,27.18,1,24.1,31.274,24.718,34.3,23.1,37.9,25.9,750.75,27.5,5.5,40,5.55
60,0,25.1,35.93333333,25.96333333,31.22333333,26.29,37.272,25,35.36333333,24.39,31.09666667,26.92833333,1,24.05714286,30.84285714,24.72571429,33.79571429,23.1,37.9,25.8,750.7,26.33333333,6,40,4.9
40,0,25.1,35.76,25.89,30.82333333,26.29,37.2,25,35.23,24.39,30.89,26.6,1,24.06,30.558,24.7,33.656,23.1,37.82666667,25.8,750.65,25.16666667,6.5,40,4.25
60,0,25.1,35.62666667,25.79,30.76,26.29,37.2,24.96333333,35.16333333,24.42666667,30.6,26.5,1,24.05,30.32333333,24.64285714,33.32571429,23.1,37.7,25.7,750.6,24,7,40,3.6
40,0,25.1,35.5,25.79,30.7,26.29,37.2,24.89,35.03,24.42666667,30.53333333,26.43714286,1,24.08,30.178,24.6,33.05625,23.1,37.62666667,25.6,750.6,24.5,6.666666667,38.16666667,3.77
50,0,25.1,35.43333333,25.76,30.7,26.29,37.178,24.89,34.96666667,24.5,30.29333333,26.34,1,24.04,29.958,24.6,33.09,23.1,37.56,25.5,750.6,25,6.333333333,36.33333333,3.93
40,0,25.1,35.36333333,25.7,30.7,26.25142857,37.06428571,24.89,34.9,24.5,30.03333333,26.29,1,24.07142857,29.83285714,24.6,33.12142857,23.1,37.5,25.4,750.6,25.5,6,34.5,4.1
50,0,25.1,35.29,25.7,30.66666667,26.29,37.054,24.89,34.79,24.5,29.85666667,26.33,1,24.1,29.79,24.6,33.2,23.1,37.46666667,25.3,750.6,26,5.666666667,32.66666667,4.27
60,0,25.1,35.26,25.7,30.66666667,26.23857143,36.91428571,24.89,34.73,24.55,29.815,26.39,1,24.1,29.79,24.6,33.18428571,23.1,37.4,25.2,750.6,26.5,5.333333333,30.83333333,4.43
50,0,25.1,35.2,25.6,30.73,26.2,36.834,24.89,34.7,24.5,30.03,26.16166667,1,24.1,29.79,24.54,33.134,23.1,37.32666667,25.1,750.6,27,5,29,4.6
60,0,25.03333333,35.16333333,25.6,30.79,26.2,36.72571429,24.89,34.62666667,24.46333333,30.16666667,25.656,1,24.1,29.79,24.5,33.12142857,23.1,37.32666667,24.9,750.6,27.83333333,4.833333333,30.83333333,4.83
50,0,25.03333333,35.09,25.53333333,30.85666667,26.2,36.59,24.89,34.7,24.32333333,30.29333333,25.096,1,24.1,29.89,24.5,33.44,23.1,37.4,24.7,750.6,28.66666667,4.666666667,32.66666667,5.07
50,0,25,35.09,25.5,30.92666667,26.2,36.5,24.96333333,34.7,24.26,30.95666667,24.46166667,1,24.07142857,29.99714286,24.5,33.75285714,23.1,37.5,24.4,750.6,29.5,4.5,34.5,5.3
60,0,25,35.09,25.5,31,26.14285714,36.5,24.89,34.645,24.2,31.89666667,23.718,1,24,30.236,24.456,34.08,23.1,37.56,24.2,750.6,30.33333333,4.333333333,36.33333333,5.53
90,10,25,35.15666667,25.39,31.36,26.1,36.44,24.89,34.79,24.2,33.32333333,23.29,1,24.01428571,30.61142857,24.42142857,34.45428571,23.1,37.62666667,24,750.6,31.16666667,4.166666667,38.16666667,5.77
70,0,25,35.62333333,25.32333333,32.02666667,26.11666667,36.4,24.89,34.86333333,24.32666667,43.19666667,22.46571429,1,24.025,31.0975,24.5,35.28,23.1,37.76,23.8,750.6,32,4,40,6
90,0,25,36.03,25.13333333,32.66666667,26.2,36.4,24.89,34.93333333,24.35666667,43.66666667,21.494,1,24.1,32.018,24.5,36.05,23.1,37.86666667,23.4,750.65,33.66666667,4,40,6.3
80,0,24.92666667,36.22333333,24.92666667,33.39333333,26.2,36.42857143,24.89,35,24.23,39.8,20.62285714,1,24.2,32.745,24.52,36.734,23.1,38.46,22.9,750.7,35.33333333,4,40,6.6
80,10,24.89,36.59,24.76,33.63333333,26.2,36.5,24.89,35.12666667,24.1,38.46,19.774,1,24.2,33.18333333,24.6,37.29285714,23.16666667,38.96333333,22.5,750.75,37,4,40,6.9
70,0,24.89,36.6175,24.63333333,33.9,26.18571429,36.55142857,24.89,35.2,24.1,38,19.275,1,24.2,33.6475,24.6,37.874,23.1,39.16333333,22.1,750.8,38.66666667,4,40,7.2
80,0,24.82333333,36.7,24.46333333,34.52666667,26.1,36.59,24.89,35.29,24,37.59,18.77833333,1,24.2,34,24.6,38.20714286,23.13333333,39.43333333,21.6,750.85,40.33333333,4,40,7.5
70,0,24.79,37.13333333,24.32333333,35.26666667,26.1,36.66857143,24.89,35.29,24,37.79666667,18.16,1,24.2,34.116,24.6,38.636,23.2,39.56,21.2,750.9,42,4,40,7.8
80,0,24.79,37.52666667,24.16666667,35.83333333,26.1,36.79,24.89,35.4,23.96333333,38.26666667,17.79714286,1,24.2,34.29285714,24.62857143,39.52857143,23.13333333,39.79,21,750.9666667,42.66666667,4,40,7.83
60,0,24.76,37.46666667,24.03333333,35.62666667,26.05714286,36.80571429,24.89,35.45,23.89,38.4,17.498,1,24.2,34.4,24.7,40.09,23.18,39.916,20.8,751.0333333,43.33333333,4,40,7.87
50,0,24.7,37.66,24,36.06666667,26,36.9,24.89,35.53,23.89,38.32666667,17.19714286,1,24.1,34.67,24.7,40.112,23.17142857,39.72857143,20.6,751.1,44,4,40,7.9
60,0,24.7,38.36,24,36.12666667,26,36.9,24.89,35.6,23.89,38.4,16.79,1,24.18571429,35.09714286,24.7,40.276,23.14,39.29,20.4,751.1666667,44.66666667,4,40,7.93
60,0,24.7,38.63333333,24.1,36.06,26,37.02666667,24.89,35.67,23.85666667,38.56,16.64142857,1.467142857,24.2,35.376,24.7,40.42857143,23.12857143,39.39857143,20.2,751.2333333,45.33333333,4,40,7.97
60,0,24.66666667,38.72333333,24.1,36,26.1,37.2,24.89,35.74,23.79,38.56,16.5,2.054,24.2,35.59571429,24.7,40.874,23.16,39.518,20,751.3,46,4,40,8
60,0,24.6,38.46333333,24,35.9,26.1,37.33333333,24.89,35.81,23.79,38.7,16.46857143,2.647142857,24.2,35.94,24.7,41.14,23.17142857,39.62142857,19.4,751.35,48.5,3.666666667,40,8.18
60,0,24.6,38.4,24,35.96666667,26.13333333,37.5,24.89,35.88,23.76,38.82666667,16.39,3.856,24.2,36.15285714,24.7,41.218,23.1375,39.8175,18.9,751.4,51,3.333333333,40,8.37
60,0,24.6,38.4,24,36.12666667,26.2,37.56,24.89,35.95,23.7,38.96666667,16.23857143,4.967142857,24.2,36.456,24.65714286,41.35,23.2,40,18.4,751.45,53.5,3,40,8.55
50,0,24.6,38.4,23.9175,36.295,26.2,37.7,24.89,36,23.7,39.03,16.018,5.656,24.2,36.79571429,24.6,41.59,23.2,40.15285714,17.8,751.5,56,2.666666667,40,8.73
60,0,24.6,38.4,23.89,36.46666667,26.2,37.7,24.82333333,35.96333333,23.7,39.16333333,15.82571429,6.371428571,24.2,37.036,24.6,41.66857143,23.18,40.394,17.3,751.55,58.5,2.333333333,40,8.92
50,0,24.6,38.4,23.79,36.53,26.29,37.79,24.84,36.045,23.7,39.2,15.756,6.554,24.2,37.25142857,24.6,41.82857143,23.12857143,40.69428571,16.7,751.6,61,2,40,9.1
60,0,24.6,38.4,23.79,36.59,26.29,37.79,24.85666667,36.06,23.7,39.2,15.67714286,6.74,24.2,37.576,24.58,42.018,23.2,40.79,16.8,751.6166667,60.33333333,2.166666667,40,9.02
50,0,24.56666667,38.4,23.7,36.73,26.29,37.86333333,24.79,36.045,23.66666667,39.26,15.654,6.92,24.2,37.97142857,24.5,42.19428571,23.2,40.97714286,16.9,751.6333333,59.66666667,2.333333333,40,8.93
60,0,24.56666667,38.4,23.7,36.86333333,26.29,37.9,24.785,36.0475,23.6,39.26,15.69,7,24.236,38.17,24.5,42.356,23.2,41.296,17,751.65,59,2.5,40,8.85
60,0,24.6,38.4,23.6,36.82666667,26.29,37.9,24.78,36.05,23.6,39.29,15.636,7.54,24.25142857,38.38,24.5,42.33714286,23.2,41.52571429,17.1,751.6666667,58.33333333,2.666666667,40,8.77
40,0,24.53333333,38.4,23.6,36.96666667,26.29,38,24.775,36.0525,23.6,39.29,15.75285714,7.648571429,24.236,38.554,24.5,42.272,23.2,41.79,17.2,751.6833333,57.66666667,2.833333333,40,8.68
60,0,24.5,38.4,23.5,37.09,26.29,38.06,24.77,36.055,23.56666667,39.4,15.716,7.436,24.2,38.62142857,24.5,42.2,23.2,41.99285714,17.3,751.7,57,3,40,8.6
50,0,24.5,38.43333333,23.5,37.16333333,26.29,38.03,24.765,36.0575,23.5,39.4,15.52857143,7.828571429,24.236,38.7,24.5,42.29,23.2,42.174,17.1,751.7333333,57.66666667,2.833333333,40,8.58
50,0,24.5,38.43333333,23.39,37.23,26.29,38.09,24.76,36.06,23.5,39.5,15.456,8.04,24.25142857,38.7,24.45285714,42.29,23.2,42.32142857,16.9,751.7666667,58.33333333,2.666666667,40,8.57
50,0,24.5,38.5,23.39,37.29,26.29,38.12666667,24.755,36.0625,23.5,39.5,15.37714286,8.535714286,24.29,38.7,24.434,42.254,23.2,42.5,16.8,751.8,59,2.5,40,8.55
60,0,24.5,38.5,23.39,37.43333333,26.29,38.2,24.75,36.065,23.5,39.5,15.3,9.063333333,24.29,38.72571429,24.42142857,42.25142857,23.2,42.65285714,16.6,751.8333333,59.66666667,2.333333333,40,8.53
60,0,24.5,38.5,23.32333333,37.5,26.29,38.2,24.745,36.0675,23.5,39.5,15.31285714,8.97,24.29,38.7,24.434,42.036,23.2,42.812,16.4,751.8666667,60.33333333,2.166666667,40,8.52
50,0,24.5,38.5,23.29,37.62666667,26.29,38.2,24.74,36.07,23.5,39.59,15.49714286,7.928571429,24.29,38.71,24.40571429,41.79714286,23.2,42.99714286,16.2,751.9,61,2,40,8.5
70,0,24.5,38.5,23.23,37.62666667,26.32333333,38.2,24.735,36.0725,23.42666667,39.59,15.6,7.674,24.29,38.59,24.39,41.516,23.29,43.334,16.1,751.8833333,61.16666667,2,40,8.48
50,0,24.5,38.5,23.2,37.62666667,26.39,38.2,24.73,36.075,23.46333333,39.56,15.52714286,7.77,24.29,38.554,24.39,41.4,23.23857143,43.47,16,751.8666667,61.33333333,2,40,8.47
60,0,24.46333333,38.56,23.2,37.7,26.39,38.2,24.725,36.0775,23.39,39.5,15.39,7.012,24.29,38.52571429,24.39,41.29,23.218,43.652,15.9,751.85,61.5,2,40,8.45
60,0,24.39,38.5,23.2,37.73,26.39,38.2,24.72,36.08,23.39,39.5,15.32571429,6.368571429,24.29,38.536,24.39,41.13714286,23.25142857,43.88142857,15.8,751.8333333,61.66666667,2,40,8.43
60,0,24.39,38.5,23.125,37.79,26.39,38.2,24.715,36.0825,23.39,39.5,15.19,6,24.29,38.45571429,24.33,40.98,23.29,44.09,15.7,751.8166667,61.83333333,2,40,8.42
50,0,24.39,38.5,23.1,37.79,26.39,38.2,24.71,36.085,23.39,39.43333333,15.09857143,6.21,24.29,38.42,24.29,40.86857143,23.29,44.15285714,15.6,751.8,62,2,40,8.4
60,0,24.39,38.5,23,37.7,26.39,38.2,24.705,36.0875,23.39,39.4,15,6.212,24.29,38.56428571,24.35,40.656,23.29,44.218,15.6,751.7833333,61.66666667,2,40,8.27
60,0,24.39,38.43333333,23,37.76,26.39,38.2,24.7,36.09,23.39,39.4,15,6.525714286,24.29,38.554,24.29,40.57714286,23.29,44.32142857,15.5,751.7666667,61.33333333,2,40,8.13
60,0,24.39,38.4,23,37.79,26.39,38.23,24.7,36.12666667,23.39,39.29,14.89,6.65,24.29,38.44285714,24.29,40.5,23.29,44.5,15.4,751.75,61,2,40,8
50,0,24.39,38.4,23,37.86333333,26.39,38.2225,24.7,36.2,23.39,39.36333333,14.89,6.81,24.29,38.378,24.29,40.52571429,23.29,44.55625,15.4,751.7333333,60.66666667,2,40,7.87
50,0,24.39,38.4,22.89,37.9,26.39,38.2,24.69285714,36.2,23.39,39.29,14.912,6.898,24.29,38.22571429,24.29,40.4,23.29,44.66571429,15.4,751.7166667,60.33333333,2,40,7.73
50,0,24.39,38.4,22.89,37.9,26.39,38.2,24.68571429,36.2,23.32333333,39.29,15,7.004285714,24.29,38.2,24.29,40.30571429,23.29,44.79,15.3,751.7,60,2,40,7.6
60,0,24.39,38.4,22.85666667,37.9,26.39,38.26,24.67857143,36.2,23.29,39.29,15,7.476,24.29,38.2,24.29,40.29,23.29,44.86857143,15.2,751.7333333,60.16666667,2.166666667,40,7.52
40,0,24.365,38.4,22.79,37.9,26.39,38.29,24.67142857,36.2,23.29,39.29,14.83857143,7.382857143,24.29,38.178,24.27875,40.2425,23.33,45,15.1,751.7666667,60.33333333,2.333333333,40,7.43
50,0,24.29,38.4,22.79,38,26.39,38.29,24.66428571,36.2,23.29,39.29,14.594,7.034,24.26428571,38.09,24.2,40.09,23.31857143,45.05142857,14.9,751.8,60.5,2.5,40,7.35
60,0,24.29,38.32666667,22.79,38,26.35666667,38.29,24.65714286,36.2,23.29,39.29,14.24714286,7.304285714,24.29,38.44,24.2,40.09,23.33,45.112,14.8,751.8333333,60.66666667,2.666666667,40,7.27
60,0,24.29,38.4,22.76,38,26.29,38.29,24.65,36.2,23.29,39.29,14.154,7.876,24.29,38.44285714,24.2,40.03857143,23.29,45.2,14.7,751.8666667,60.83333333,2.833333333,40,7.18
50,0,24.29,38.29,22.7,38.06,26.29,38.29,24.64285714,36.2,23.29,39.29,13.72428571,8.02,24.272,38.42,24.2,39.98,23.39,45.29,14.6,751.9,61,3,40,7.1
60,0,24.29,38.29,22.7,38.2,26.35666667,38.29,24.63571429,36.2,23.29,39.29,13.296,8.916,24.26428571,38.56428571,24.2,39.86857143,23.31857143,45.38428571,14.3,751.9,62.83333333,2.833333333,40,7.22
60,0,24.29,38.29,22.7,38.2,26.32333333,38.26,24.62857143,36.2,23.23,39.23,12.99714286,10.19714286,24.29,38.59,24.2,39.856,23.33,45.42,14,751.9,64.66666667,2.666666667,40,7.33
50,0,24.29,38.29,22.6,38.23,26.39,38.26,24.62142857,36.2,23.2,39.2,12.654,11.39,24.29,38.57714286,24.1,39.79,23.31857143,45.52571429,13.7,751.9,66.5,2.5,40,7.45
60,0,24.26,38.26,22.6,38.29,26.39,38.2,24.61428571,36.2,23.2,39.2,12.39375,12.72,24.29,38.554,24.1,39.7675,23.33,45.59,13.4,751.9,68.33333333,2.333333333,40,7.57
60,0,24.2,38.26,22.6,38.4,26.39,38.26,24.60714286,36.2,23.2,39.23,11.98,14.04,24.29,38.52571429,24.1,39.76,23.33285714,45.59,13.1,751.9,70.16666667,2.166666667,40,7.68
90,0,24.2,38.23,22.53333333,38.46666667,26.39,38.29,24.6,36.2,23.2,39.3175,11.716,15.154,24.29,38.4,24.1,39.812,23.29,45.656,12.8,751.9,72,2,40,7.8
70,0,24.2,38.76333333,22.5,38.69,26.32333333,38.29,24.6,36.2,23.2,39.4,11.57142857,16.84714286,24.29,38.44285714,24.1,39.9,23.29,45.7,12.4,751.9666667,74.16666667,1.833333333,40,7.8
50,10,24.23,39.19333333,22.5,39.56666667,26.26,37.93,24.6,36.3,23.1,39.56666667,11.354,17.86,24.29,38.44,24.05,39.91666667,23.39,45.9,11.9,752.0333333,76.33333333,1.666666667,40,7.8
60,10,24.29,39.46666667,22.5,39.76,26.13333333,37.73,24.6,36.4,23.1,39.9,11.23714286,19.05142857,24.29,38.29571429,24.02,39.92,23.37571429,45.82428571,11.5,752.1,78.5,1.5,40,7.8
70,0,24.29,39.43333333,22.5,39.9,26,37.56,24.6,36.5,23.1,40.36,11.19,20.43,24.2,37.975,24,39.9,23.35,45.48,11.1,752.1666667,80.66666667,1.333333333,40,7.8
50,0,24.35666667,39.5,22.5,39.96666667,25.92666667,37.16666667,24.6,36.4,23.1,40.69333333,11.19,22.31857143,24.2,37.79,24,40.08,23.39,44.82428571,10.6,752.2333333,82.83333333,1.166666667,40,7.8
60,10,24.39,39.5,22.5,40.03,25.89,37,24.55,36.45,23.06666667,40.93333333,11.19,23.14,24.2,37.76428571,24,40.334,23.39,44.32,10.2,752.3,85,1,40,7.8
40,0,24.39,39.5,22.5,40.09,25.79,37,24.5,36.5,23,41.13333333,11.30428571,23.55285714,24.218,37.916,24,40.43333333,23.39,43.96857143,10.5,752.3333333,84,1.166666667,38.16666667,7.92
70,0,24.39,39.4,22.53333333,39.96666667,25.79,36.86,24.56666667,36.53,23,41.43333333,11.476,24.016,24.26428571,37.89714286,24,40.536,23.33,43.596,10.8,752.3666667,83,1.333333333,36.33333333,8.03
50,0,24.39,39.4,22.6,39.9,25.79,36.79,24.5,36.59,23,41.63333333,11.76857143,24.82428571,24.2,37.554,24,40.5,23.33285714,43.29571429,11.2,752.4,82,1.5,34.5,8.15
60,0,24.34,39.45,22.63333333,39.82666667,25.79,36.79,24.5,36.7,23,41.73,12.234,25.374,24.2,37.3,24,40.3975,23.35,43.054,11.5,752.4333333,81,1.666666667,32.66666667,8.27
50,0,24.29,39.46666667,22.7,39.76666667,25.89,36.79,24.5,36.7,23,41.79,12.81285714,25.35285714,24.2,37.116,24,40.2225,23.29,42.88,11.8,752.4666667,80,1.833333333,30.83333333,8.38
60,10,24.29,39.4,22.7,39.59,25.89,36.86333333,24.5,36.79,23,41.9,13.356,25.02,24.2,36.97142857,23.89,40.2,23.29,42.72333333,12.1,752.5,79,2,29,8.5
50,0,24.29,39.4,22.76,39.53,25.89,36.9,24.5,36.79,23,41.96666667,14.02857143,24.65714286,24.1,36.79,23.89,40.2,23.30428571,42.45428571,12.6,752.5,77.5,2,30.83333333,8.67
60,0,24.29,39.32666667,22.89,39.46666667,25.96333333,37.16,24.5,36.93333333,23,41.9,15.09,25.56,24.1,36.77714286,23.89,40.2,23.34714286,42.29,13.1,752.5,76,2,32.66666667,8.83
60,0,24.29,39.29,22.96333333,39.32666667,26,37.29,24.5,37,23,41.9,16.35285714,20.60714286,24.1,36.7,23.89,40.2,23.29,42.29,13.6,752.5,74.5,2,34.5,9
60,0,24.23,39.23,23.09666667,39.26666667,26,37.29,24.5,37.03,23,41.9,17.598,13.58,24.05714286,36.65285714,23.89,40.2,23.34714286,42.17571429,14,752.5,73,2,36.33333333,9.17
50,0,24.23,39.2,23.62333333,39.06666667,26.1,37.26,24.5,37.09,23,41.9,18.66571429,6.057142857,24.04,36.44,23.89,40.156,23.39,42.045,14.5,752.5,71.5,2,38.16666667,9.33
50,0,24.23,39.12666667,24.33333333,38.19666667,26.16666667,37.2,24.5,37.2,23,41.9,19.374,1.9,24.04285714,36.33857143,23.89,40.03857143,23.39,41.72333333,15,752.5,70,2,40,9.5
70,10,24.26,39.09,24.72666667,37.45666667,26.26,37.09,24.55,37.245,23,41.96666667,19.85714286,1.142857143,24,36.116,23.89,39.98,23.39,41.59,15.4,752.55,68.5,2.166666667,40,9.5
50,0,24.26,39.09,25.09666667,36.86333333,26.2,37.09,24.56666667,37.29555556,23,42,20.18,1,24,36,23.84714286,39.85285714,23.46333333,41.33333333,15.7,752.6,67,2.333333333,40,9.5
70,0,24.29,39.22333333,25.4975,36.14,26.26,37.03,24.58333333,37.34611111,23,42.0225,20.57142857,1,24,35.856,23.83,39.834,23.46333333,41.13333333,16.1,752.65,65.5,2.5,40,9.5
60,0,24.29,39.09,25.7,35.53,26.2,37.03,24.6,37.39666667,23,42.03,20.815,1,24,35.67571429,23.80428571,39.72857143,23.5,41.06,16.4,752.7,64,2.666666667,40,9.5
70,0,24.29,39.06,25.79,35.16333333,26.16666667,37,24.61666667,37.44722222,23,42,20.934,1,24,35.572,23.79,39.678,23.5,41,16.8,752.75,62.5,2.833333333,40,9.5
70,0,24.29,38.93333333,25.85666667,35.03,26.1,37.06,24.63333333,37.49777778,23,41.93333333,21.23857143,1,24,35.5,23.79,39.59,23.5,40.76,17.1,752.8,61,3,40,9.5
70,0,24.39,38.9,26.42666667,34.8,26.1,37,24.65,37.54833333,23,41.79,21.7,1,24,35.5,23.79,39.59,23.5,40.7,17.4,752.8,59.66666667,3.166666667,40,9.48
70,0,24.39,38.9,26.9,34.32666667,26.1,37,24.66666667,37.59888889,23,41.73,22.26428571,1,24,35.55142857,23.79,39.69714286,23.5,40.79,17.8,752.8,58.33333333,3.333333333,40,9.47
70,0,24.39,38.9,27.1,33.86333333,26.1,37,24.68333333,37.64944444,23,41.66333333,22.54,1,24,35.612,23.79,39.79,23.5,40.79,18.1,752.8,57,3.5,40,9.45
60,10,24.46333333,38.96666667,27.16666667,33.73,26.1,37.03,24.7,37.7,23,41.59,22.88285714,1,24,35.76428571,23.79,39.86857143,23.5,40.73,18.5,752.8,55.66666667,3.666666667,40,9.43
60,0,24.5,39.09,27.2,33.59,26.1,37.09,24.7,37.76,23,41.59,23.14,1,24,35.9,23.79,40.036,23.5,40.76,18.9,752.8,54.33333333,3.833333333,40,9.42
60,0,24.5,39.1725,27.26,33.53,26.1,37.2,24.79,37.9,23,41.59,23.55714286,1,24,35.99857143,23.79,40.08,23.5,40.7,19.2,752.8,53,4,40,9.4
60,0,24.5,39.2,27.46,33.19333333,26.1,37.2,24.79,37.9,23.03333333,41.65666667,24.29,1,24,36.145,23.79,40.2,23.5,40.7,19.4,752.8,52.16666667,3.833333333,40,9.35
50,0,24.53333333,39.2,27.6,33,26.13333333,37.2,24.79,38,23.1,41.79,24.48142857,1,24,36.254,23.79,40.26428571,23.5,40.76,19.7,752.8,51.33333333,3.666666667,40,9.3
60,0,24.6,39.26,27.7,32.9,26.2,37.26,24.79,38,23.03333333,41.82666667,24.738,1,24,36.32142857,23.79,40.4,23.5,40.845,19.9,752.8,50.5,3.5,40,9.25
50,0,24.6,39.29,27.7,32.82666667,26.2,37.23,24.79,38,23.1,41.96666667,25.05142857,1,24,36.5,23.79,40.49857143,23.5,41,20.1,752.8,49.66666667,3.333333333,40,9.2
50,0,24.6,39.36333333,27.82333333,32.66333333,26.2,37.29,24.79,38.06,23.1,42.03,25.83,1,24,36.59,23.79,40.59,23.5,41,20.4,752.8,48.83333333,3.166666667,40,9.15
50,0,24.63333333,39.43333333,27.96333333,32.79666667,26.2,37.32666667,24.79,38.09,23.1,42.09,25.83714286,1,24,36.59,23.79,40.66857143,23.5,41,20.6,752.8,48,3,40,9.1
50,0,24.7,39.5,27.89,32.5,26.2,37.4,24.79,38.09,23.1,42.2,25.454,1,24,36.6725,23.79,40.79,23.5,41,20.9,752.8,47.66666667,2.833333333,40,9.22
60,0,24.73,39.5,27.89,32.56,26.2,37.5,24.79,38.09,23.1,42.2,25.36142857,1,24,36.73,23.79,40.94142857,23.5,41,21.1,752.8,47.33333333,2.666666667,40,9.33
60,20,24.79,39.56,27.89,32.53,26.2,37.5,24.79,38.16333333,23.1,42.29,25.35,1,24,36.856,23.79,41.076,23.5,41,21.4,752.8,47,2.5,40,9.45
80,20,24.79,39.62666667,27.82333333,32.59,26.2,37.5,24.82333333,38.26666667,23.1,42.36333333,25.15571429,1,24,36.975,23.79,41.21125,23.5,41,21.6,752.8,46.66666667,2.333333333,40,9.57
70,10,24.79,39.7,27.76,32.79,26.2,37.56,24.89,38.4,23.1,42.45,25.12,1,24,37,23.79,41.29,23.5,41,21.9,752.8,46.33333333,2.166666667,40,9.68
70,0,24.82333333,39.76666667,27.7,32.8725,26.2,37.59,24.92666667,38.46333333,23.13333333,42.53,25.26428571,1,24,37,23.85,41.356,23.54285714,41,22.1,752.8,46,2,40,9.8
60,0,24.89,39.9,27.7,32.9,26.26,37.59,24.96333333,38.52666667,23.13333333,42.59,25.6,1,24,37,23.83285714,41.39571429,23.5,41,22.1,752.8166667,46.33333333,2.166666667,40,9.93
230,0,24.92666667,39.93333333,27.66666667,33,26.29,37.7,25,38.59,23.13333333,42.62666667,25.75142857,1,24,37.12666667,23.79,41.42,23.57142857,41.05142857,22.1,752.8333333,46.66666667,2.333333333,40,10.1
190,30,25,40.13333333,27.66666667,33.06,26.29,37.7,25,38.59,23.2,42.7,25.952,1,24,37.245,23.81857143,41.55714286,23.54,41.09,22.1,752.85,47,2.5,40,10.2
180,20,25,40.09,27.6,33.23,26.29,37.7,25.025,38.7,23.2,42.79,26.32428571,1,24,37.3175,23.79,41.7,23.57142857,41.16857143,22.1,752.8666667,47.33333333,2.666666667,40,10.3
80,20,25,40.09,27.6,33.36333333,26.29,37.7,25.05,38.81,23.2,42.79,27.014,1,24,37.4,23.84714286,41.81428571,23.54,41.2,22.1,752.8833333,47.66666667,2.833333333,40,10.5
80,10,25,40.26666667,27.56666667,33.43333333,26.33,37.7,25.075,38.92,23.2,42.82666667,27.55285714,1,24.01428571,37.55285714,23.85,41.938,23.6,41.29,22.1,752.9,48,3,40,10.6
60,0,25,40.4,27.5,33.56,26.39,37.745,25.1,39.03,23.2,42.9,27.696,1,24.1,37.7,23.89,42.09,23.6,41.356,22.2,752.8833333,47.5,3,40,10.6
360,0,25.1,40.345,27.39,33.76666667,26.39,37.79,25.1,39.09,23.26,43,27.45285714,1,24.03333333,37.73,23.89,42.2,23.6,41.4,22.3,752.8666667,47,3,40,10.5
370,0,25.1,40.4,27.32333333,33.96666667,26.39,37.73,25.1,39.09,23.26,43.06,27.56,1,24.1,37.86333333,23.89,42.25142857,23.6,41.5,22.4,752.85,46.5,3,40,10.4
110,0,25.1,40.52666667,27.29,34.09,26.39,37.79,25.16666667,39.09,23.29,43.2,27.525,1,24.1,37.9,23.89,42.29,23.6,41.5,22.6,752.8333333,46,3,40,10.4
60,0,25.1,40.59,27.23,34.16333333,26.39,37.79,25.1,39.09,23.29,43.2,27.24,1,24.1,37.795,23.89,42.29,23.6,41.5,22.7,752.8166667,45.5,3,40,10.4
70,0,25.1,40.59,27.1,34.32666667,26.39,37.79,25.1,39.03,23.29,43.29,27.06,1,24.1,37.7,23.89,42.2,23.6,41.5,22.8,752.8,45,3,40,10.3
240,0,25.1,40.46666667,27.03333333,34.46666667,26.39,37.79,25.16666667,39,23.29,43.29,27.07142857,1,24.1,37.59,23.89,42.13714286,23.6,41.4,22.8,752.8,45.66666667,3,40,10.5
60,0,25.16666667,40.32666667,26.89,34.12666667,26.35,37.754,25.1,38.93333333,23.29,43.29,26.776,1,24.1,37.53,23.89,42.072,23.6,41.38428571,22.7,752.8,46.33333333,3,40,10.6
50,0,25.23,40.36666667,26.89,34.2,26.254,37.7,25.1,38.86333333,23.29,43.23,27.07,1,24.16666667,37.46666667,23.89,42,23.6,41.236,22.6,752.8,47,3,40,10.8
60,0,25.29,40.36666667,26.85666667,34.23,26.29,37.7,25.1,38.79,23.32333333,43.29,26.998,1,24.16666667,37.4,23.89,41.9,23.6,41.26428571,22.6,752.8,47.66666667,3,40,11
50,0,25.29,40.2,26.79,34.36333333,26.29,37.7,25.1,38.79,23.39,43.23,26.89285714,1,24.16666667,37.36333333,23.90571429,41.83714286,23.6,41.23375,22.6,752.8,48.33333333,3,40,11.1
60,0,25.29,40.12666667,26.76,34.43333333,26.29,37.678,25.1,38.79,23.39,43.2,27.1,1,24.16666667,37.29,23.956,41.79,23.6,41.156,22.5,752.8,49,3,40,11.3
80,0,25.29,39.9,26.76,34.5,26.245,37.59,25.11666667,39.05833333,23.39,43.2,27.04285714,1,24.2,37.2,24,41.79,23.6,41.03857143,22.4,752.75,49.16666667,3,40,11.3
60,0,25.29,39.62666667,26.7,34.59,26.275,37.59,25.13333333,39.32666667,23.39,43.2,27.18,1,24.2,37.2,24,41.7,23.6,41,22.4,752.7,49.33333333,3,40,11.2
80,0,25.29,39.56,26.7,34.5,26.29,37.634,25.2,39.52666667,23.42666667,43.09,27.61428571,1,24.2,37.09,24,41.7,23.6,41,22.4,752.65,49.5,3,40,11.2
70,20,25.29,39.43333333,26.7,34.43333333,26.39,37.7,25.2,39.73,23.5,43.09,27.64,1,24.2,37.09,24,41.678,23.6,41,22.3,752.6,49.66666667,3,40,11.2
70,20,25.29,39.36333333,26.66666667,34.43333333,26.39,37.7,25.26,39.79,23.42666667,42.93333333,27.73857143,1,24.2,37,24,41.62142857,23.6,41,22.3,752.55,49.83333333,3,40,11.1
70,30,25.29,39.36333333,26.6,34.5,26.39,37.754,25.29,39.7,23.5,43,27.578,1,24.2,37.06,24,41.634,23.6,41,22.2,752.5,50,3,40,11.1
70,20,25.29,39.26,26.56666667,34.59,26.39,37.79,25.29,39.56666667,23.5,42.9,27.22571429,1,24.2,37.06,24,41.62142857,23.6,41,22.4,752.4833333,48.83333333,3,40,11
70,20,25.35666667,39.12666667,26.5,34.66333333,26.39,37.736,25.34,39.345,23.5,42.82666667,27.236,1,24.2,37,24,41.6175,23.6,41,22.7,752.4666667,47.66666667,3,40,10.8
70,20,25.32333333,39.06,26.5,34.7,26.48428571,37.77714286,25.39,39.26,23.5,42.79,27.15571429,1,24.2,36.96666667,24,41.572,23.6,41,22.9,752.45,46.5,3,40,10.7
100,20,25.39,38.93333333,26.5,34.7,26.5,37.718,25.46333333,39.12666667,23.5,42.73,27.178,1,24.2,36.9,24,41.62142857,23.6,40.98,23.2,752.4333333,45.33333333,3,40,10.6
90,20,25.39,39.045,26.39,34.73,26.5,37.7225,25.5,39,23.5,42.7,27.06571429,1,24.29,37,24.14,42.28,23.6,40.9,23.4,752.4166667,44.16666667,3,40,10.4
90,30,25.39,39.12666667,26.39,34.86333333,26.5,37.76428571,25.56666667,39,23.5,42.7,26.314,1,24.23,36.93333333,24.25142857,42.71428571,23.6,40.856,23.7,752.4,43,3,40,10.3
90,20,25.39,39.2,26.26,35.12666667,26.5,37.79,25.63333333,39.03,23.5,42.7,25.89571429,1,24.245,36.95,24.31,42.978,23.6,40.80571429,23.6,752.3666667,42.83333333,3,40,10.1
170,20,25.39,39.2,26.2,35.26,26.5,37.79,25.7,39.03,23.5,42.7,25.66,1,24.2,36.9,24.39,43.16857143,23.6,40.856,23.5,752.3333333,42.66666667,3,40,9.93
410,20,25.39,39.33333333,26.16666667,35.4,26.5,37.79,25.7,38.83333333,23.5,42.7,25.67142857,1,24.2,36.96666667,24.5,43.44,23.6,40.9,23.4,752.3,42.5,3,40,9.75
540,20,25.39,40.25666667,26.1,35.46666667,26.46857143,37.79,25.7,38.7,23.5,42.76,25.416,1,24.2,37,24.55714286,43.41428571,23.6,40.856,23.2,752.2666667,42.33333333,3,40,9.57
310,20,25.46333333,41.92333333,26.1,35.99333333,26.39,37.834,25.66666667,38.96333333,23.5,42.82666667,24.99285714,1,24.26,36.93333333,24.62,43.5,23.6,40.79,23.1,752.2333333,42.16666667,3,40,9.38
110,10,25.5,43.39333333,26.1,36.86,26.39,38.03714286,25.66666667,39.36333333,23.5,43.02666667,24.732,1,24.2,36.9,24.7,43.97142857,23.6,40.79,23,752.2,42,3,40,9.2
110,10,25.5,44.26666667,25.96333333,37.43,26.39,38.156,25.6,39.73,23.5,43.36,24.32428571,1,24.2,36.96666667,24.736,43.834,23.6,40.79,22.9,752.1833333,42.5,3,40,9.27
110,20,25.6,43.82666667,25.82333333,37.89666667,26.43714286,38.22571429,25.6,39.79,23.56666667,43.63333333,23.674,1,24.2,37.19333333,24.79,44.24142857,23.6,41,22.7,752.1666667,43,3,40,9.33
120,20,25.6,43.56666667,25.7,38.65666667,26.5,38.334,25.6,40.13333333,23.53333333,43.93333333,23.05,1,24.26,37.52666667,24.85,44.732,23.6,41,22.6,752.15,43.5,3,40,9.4
160,30,25.6,43.13333333,25.7,38.86333333,26.5,38.47,25.6,40.66,23.575,47.52,22.29875,1,24.2,37.8,24.89,44.92857143,23.6,41.234,22.5,752.1333333,44,3,40,9.47
110,20,25.6,42.86,25.7,38.7,26.52,38.59,25.6,41.06666667,23.76,56.76666667,21.772,1.02,24.2,38.06,25,45,23.6,41.62142857,22.3,752.1166667,44.5,3,40,9.53
120,20,25.6,42.7,25.6,38.73,26.6,38.59,25.6,41.46666667,23.79,55.36,21.39285714,1.314285714,24.2,38.36,25.01428571,45.18428571,23.6,41.79,22.2,752.1,45,3,40,9.6
110,10,25.6,42.7,25.6,38.79,26.6,38.656,25.63333333,41.73,23.73,56.02666667,20.956,2.28,24.2,38.63333333,25.1,45.254,23.6,41.88375,21.9,752.1333333,46.83333333,2.833333333,40,9.9
110,0,25.6,42.62666667,25.56666667,38.82666667,26.6,38.65285714,25.7,41.79,23.7,55.59333333,20.68142857,3.154285714,24.2,38.79,25.17142857,45.32142857,23.6,42.06714286,21.7,752.1666667,48.66666667,2.666666667,40,10.2
110,0,25.6,42.7,25.5,38.96666667,26.6,38.718,25.7,41.66333333,23.7,54.92666667,20.396,4.194,24.29,39.045,25.236,45.4,23.6,42.24,21.4,752.2,50.5,2.5,40,10.5
100,0,25.5,42.7,25.5,39.12666667,26.6,38.79,25.7,41.46333333,23.7,53.32333333,20.1,4.797142857,24.2,39.12666667,25.30428571,45.45714286,23.6,42.4,21.1,752.2333333,52.33333333,2.333333333,40,10.8
110,0,25.56666667,42.7,25.42666667,39.33333333,26.6,38.9,25.7,41.4,23.7,52.39666667,19.79,5.35,24.2,39.26,25.39,45.518,23.6,42.5,20.9,752.2666667,54.16666667,2.166666667,40,11.1
100,0,25.5,42.79,25.39,39.43333333,26.6,38.9,25.6,41.29,23.6,51.46,19.57,5.825714286,24.2,39.4,25.39,45.62142857,23.6,42.55142857,20.6,752.3,56,2,40,11.4
100,0,25.5,42.745,25.39,39.63333333,26.6,38.96,25.6,41.29,23.6,50.92666667,19.414,6.514,24.2,39.4,25.434,45.79,23.6,42.612,20.4,752.3166667,56.83333333,2,38.16666667,11.4
100,0,25.5,42.79,25.29,39.76666667,26.6,38.95714286,25.5,41.29,23.6,50.4,19.22571429,7.178571429,24.2,39.53,25.46857143,45.79,23.6,42.7,20.2,752.3333333,57.66666667,2,36.33333333,11.4
120,20,25.5,42.79,25.29,39.96666667,26.56,39.09,25.5,41.23,23.6,49.92666667,19.06,8.354,24.2,39.545,25.5,45.812,23.6,42.7,19.9,752.35,58.5,2,34.5,11.4
80,20,25.5,42.79,25.2,40.09,26.5,39.10571429,25.5,41.36,23.6,49.52666667,18.93714286,9.797142857,24.2,39.66333333,25.5,45.95428571,23.6,42.77714286,19.7,752.3666667,59.33333333,2,32.66666667,11.5
70,20,25.5,42.76,25.13333333,40.22333333,26.56,39.2,25.56666667,41.5,23.6,49.26666667,18.89,10.318,24.2,39.66333333,25.6,46.09,23.6,42.79,19.5,752.3833333,60.16666667,2,30.83333333,11.5
70,30,25.5,42.7,25.1,40.32666667,26.6,39.2,25.63333333,41.63333333,23.6,49,18.79285714,10.66142857,24.2,39.59,25.6,46.31125,23.6,42.82142857,19.3,752.4,61,2,29,11.5
70,20,25.5,42.59,25.03333333,40.46666667,26.6,39.29,25.7,41.56,23.6,48.93333333,18.6,12.06,24.2,39.62666667,25.68571429,46.58428571,23.6,43,19.3,752.4666667,60.5,2.333333333,30.83333333,11.4
70,20,25.5,42.59,24.89,40.62666667,26.6,39.29,25.7,41.79,23.5,48.79,18.49857143,12.46857143,24.2,39.7,25.7,46.876,23.6,43.14,19.4,752.5333333,60,2.666666667,32.66666667,11.4
70,20,25.5,42.59,24.89,40.76,26.6125,39.3725,25.7,41.86333333,23.5,48.73,18.37,13.216,24.2,39.7,25.7,47.02571429,23.6,43.254,19.4,752.6,59.5,3,34.5,11.3
80,20,25.5,42.53,24.79,40.82666667,26.7,39.4,25.79,41.9,23.6,48.59,18.26428571,13.58571429,24.2,39.7,25.7,47.236,23.6,43.36857143,19.4,752.6666667,59,3.333333333,36.33333333,11.2
70,30,25.5,42.59,24.79,40.96666667,26.7,39.4,25.79,41.9,23.6,48.59,18.16,15.236,24.2,39.73,25.61428571,47.36714286,23.6,43.5,19.5,752.7333333,58.5,3.666666667,38.16666667,11.2
70,20,25.42666667,42.59,24.7,41.23,26.7,39.44,25.82333333,41.79,23.55,48.545,18.02714286,17.78,24.2,39.79,25.6,47.576,23.6,43.56714286,19.5,752.8,58,4,40,11.1
80,20,25.39,42.59,24.625,41.3425,26.7,39.5,25.89,41.79,23.6,48.5,17.87,19.834,24.2,39.9,25.6,47.79571429,23.6,43.718,19.4,752.85,59.5,3.833333333,40,11.3
70,20,25.39,42.66333333,24.6,41.56,26.7,39.518,25.89,41.76,23.6,48.5,17.69714286,21.87857143,24.2,39.96666667,25.6,48,23.6,43.86857143,19.2,752.9,61,3.666666667,40,11.5
70,20,25.39,42.7,24.5,41.73,26.7,39.59,25.96333333,42.03333333,23.56666667,48.4,17.456,25.574,24.2,40.09,25.6,48.18142857,23.6,44.036,19.1,752.95,62.5,3.5,40,11.7
80,30,25.39,42.7,24.5,41.86333333,26.7,39.59,26,42.2,23.56666667,48.4,17.36428571,26.96428571,24.2,40.16333333,25.6,48.4,23.6,44.15285714,18.9,753,64,3.333333333,40,11.9
60,10,25.39,42.7,24.39,41.93333333,26.7,39.60571429,26,42.26,23.56666667,48.4,17.23,27.76666667,24.2,40.23,25.6,48.53571429,23.6,44.276,18.8,753.05,65.5,3.166666667,40,12.1
60,0,25.39,42.83333333,24.39,42.13333333,26.718,39.656,26.1,42.26,23.56666667,48.4,17.1,29.15,24.2,40.36333333,25.6,49,23.6,44.42857143,18.6,753.1,67,3,40,12.3
60,0,25.32333333,43.09,24.29,42.32666667,26.75142857,39.66857143,26.1,42.1175,23.5,48.4,16.92142857,30.18285714,24.2,40.4,25.58571429,49.3,23.7,44.634,18.3,753.1,69,3.166666667,40,12.5
60,0,25.39,43.09,24.29,42.46666667,26.754,39.7,26.03333333,42.09,23.56666667,48.4,16.79,30.79,24.2,40.46666667,25.56,49.66,23.65714286,44.81428571,18.1,753.1,71,3.333333333,40,12.7
60,0,25.29,43.09,24.26,42.59,26.76428571,39.7,26,42.09,23.5,48.29,16.64142857,31.29571429,24.2,40.59,25.52857143,49.99714286,23.65,45.05,17.8,753.1,73,3.5,40,12.9
50,0,25.29,43.09,24.2,42.66333333,26.754,39.7,25.92666667,41.75666667,23.5,48.29,16.518,31.976,24.2,40.59,25.5,50.29,23.7,45.276,17.5,753.1,75,3.666666667,40,13
70,0,25.29,43.09,24.1,42.79,26.75142857,39.76428571,25.89,41.7,23.53333333,48.29,16.31857143,32.49714286,24.2,40.59,25.52857143,50.44142857,23.7,45.42857143,17.3,753.1,77,3.833333333,40,13.2
50,0,25.29,43.09,24.1,42.86333333,26.79,39.79,25.89,41.7,23.53333333,48.29,16.236,34.41,24.2,40.62666667,25.5,50.536,23.7,45.59,17,753.1,79,4,40,13.4
50,0,25.29,43.09,24.06666667,43,26.79,39.79,25.79,41.7,23.5,48.29,16.25142857,34.83714286,24.2,40.7,25.5,50.5,23.65714286,45.71285714,16.9,753.0666667,79.83333333,3.666666667,40,13.4
60,0,25.29,43.12666667,24,43,26.79,39.79,25.79,41.76,23.5,48.29,16.236,35.276,24.2,40.7,25.5,50.59,23.7,45.978,16.8,753.0333333,80.66666667,3.333333333,40,13.5
50,0,25.23,43.2,24,43.2,26.79,39.83714286,25.76,41.79,23.5,48.29,16.2,36.35285714,24.2,40.76,25.5,50.66571429,23.7,46.12142857,16.6,753,81.5,3,40,13.5
50,0,25.26,43.2,24,43.26,26.79,39.9,25.7,41.86333333,23.5,48.29,16.1,37.2,24.2,40.82666667,25.5,50.856,23.7,46.29,16.5,752.9666667,82.33333333,2.666666667,40,13.5
50,0,25.2,43.2,23.89,43.43333333,26.79,39.91428571,25.7,41.9,23.5,48.43333333,16.08571429,37.87,24.2,40.9,25.5,50.9,23.7,46.44142857,16.4,752.9333333,83.16666667,2.333333333,40,13.6
50,0,25.2,43.29,23.89,43.56,26.736,40,25.7,41.96666667,23.5,48.56,15.978,39.152,24.2,40.9,25.434,50.79,23.7,46.576,16.3,752.9,84,2,40,13.6
50,0,25.2,43.29,23.85666667,43.66333333,26.7,40,25.7,42,23.5,48.7,15.82571429,40.26714286,24.2,40.96666667,25.42142857,50.73857143,23.7,46.76428571,16.2,752.8833333,84.83333333,2.166666667,36.83333333,13.7
50,0,25.2,43.29,23.79,43.66333333,26.7675,40,25.7,42.06,23.5,48.7,15.756,41.374,24.2,41.03,25.434,50.678,23.736,47,16.1,752.8666667,85.66666667,2.333333333,33.66666667,13.7
60,0,25.2,43.36333333,23.745,43.845,26.7,40.02571429,25.6,42.12666667,23.5,48.7,15.67714286,42.02571429,24.2,41.09,25.39,50.59,23.72571429,47.14,16.1,752.85,86.5,2.5,30.5,13.8
50,0,25.16666667,43.4,23.7,44.03,26.7,40,25.6,42.2,23.53333333,48.59,15.6,42.69333333,24.2,41.18428571,25.39,50.5,23.79,47.276,16,752.8333333,87.33333333,2.666666667,27.33333333,13.8
70,0,25.1,43.4,23.7,44.09,26.72571429,40.07714286,25.6,42.29,23.53333333,48.59,15.5,43.13333333,24.2,41.2,25.39,50.56428571,23.79,47.47142857,15.9,752.8166667,88.16666667,2.833333333,24.16666667,13.9
60,0,25.1,43.5,23.63333333,44.15666667,26.7675,40.145,25.6,42.29,23.5,48.59,15.42666667,43.8,24.12857143,41.26428571,25.39,50.75142857,23.736,47.7,15.8,752.8,89,3,21,13.9
50,0,25.1,43.56,23.63333333,44.29,26.754,40.2,25.6,42.4,23.5,48.59,15.36,44.59666667,24.2,41.29,25.39,50.92,23.79,47.85428571,15.7,752.75,90,2.833333333,21,14
70,0,25.1,43.59,23.6,44.32666667,26.79,40.2,25.53333333,42.46666667,23.5,48.59,15.3,45.19666667,24.15714286,41.30571429,25.39,51.02571429,23.79,48.094,15.6,752.7,91,2.666666667,21,14
50,0,25.1,43.59,23.6,44.46666667,26.79,40.254,25.5,42.5,23.5,48.59,15.26333333,46.23333333,24.2,41.4,25.39,51.29,23.79,48.32142857,15.4,752.65,92,2.5,21,14.1
60,0,25.1,43.7,23.5,44.62666667,26.79,40.27714286,25.5,42.5,23.5,48.62666667,15.19,47.4225,24.2,41.4,25.39,51.29,23.79,48.5,15.3,752.6,93,2.333333333,21,14.2
50,0,25.1,43.7,23.5,44.7,26.79,40.29,25.5,42.5,23.5,48.76,15.13,48.06333333,24.2,41.44,25.39,51.29,23.79,48.64,15.2,752.55,94,2.166666667,21,14.2
70,0,25.1,43.79,23.5,44.82666667,26.79,40.29,25.5,42.5,23.5,48.82666667,15.1,48.63333333,24.2,41.5,25.39,51.29,23.79,48.718,15.1,752.5,95,2,21,14.3
50,0,25.06666667,43.82666667,23.5,44.9,26.79,40.29,25.5,42.56,23.5,48.9,15.03333333,48.96666667,24.2,41.5,25.33,51.29,23.79,48.86857143,15.1,752.4333333,95.33333333,1.833333333,20.83333333,14.3
60,0,25,43.9,23.39,44.93333333,26.73857143,40.29,25.5,42.59,23.5,48.9,15,49.53,24.2,41.5,25.37571429,51.29,23.79,49,15,752.3666667,95.66666667,1.666666667,20.66666667,14.3
50,0,25.06666667,43.9,23.39,45.06,26.7,40.29,25.42666667,42.59,23.5,48.9,14.92666667,50.39666667,24.2,41.5,25.31,51.29,23.79,49.05142857,14.9,752.3,96,1.5,20.5,14.3
60,0,25,43.96666667,23.39,45.12666667,26.65714286,40.29,25.39,42.59,23.5,48.79,14.89,50.96333333,24.15714286,41.51285714,25.39,51.29,23.79,49.112,14.9,752.2333333,96.33333333,1.333333333,20.33333333,14.3
50,0,25,44,23.39,45.2,26.6,40.29,25.39,42.59,23.5,48.79,14.89,51.49666667,24.1375,41.59,25.39,51.09,23.79,49.2,14.9,752.1666667,96.66666667,1.166666667,20.16666667,14.3
50,0,25,44.06,23.32333333,45.29,26.6,40.38428571,25.39,42.7,23.5,48.79,14.86,52.03,24.2,41.59,25.39,51.07714286,23.815,49.38375,14.8,752.1,97,1,20,14.3
50,0,25,44.09,23.32333333,45.36333333,26.6,40.356,25.39,42.7,23.5,48.79,14.8,52.42333333,24.12857143,41.56428571,25.39,50.98,23.79,49.4,14.8,752.0166667,97,1,20.16666667,14.3
50,0,25,44.16333333,23.29,45.5,26.6,40.4,25.39,42.7,23.5,48.7,14.69,52.96333333,24.2,41.59,25.39,50.86857143,23.80428571,49.41428571,14.7,751.9333333,97,1,20.33333333,14.3
50,0,25,44.2,23.29,45.56,26.5,40.4,25.39,42.7,23.5,48.7,14.69,53.29666667,24.2,41.53857143,25.39,50.656,23.83,49.46,14.7,751.85,97,1,20.5,14.3
50,0,25,44.2,23.26,45.59,26.5,40.4,25.39,42.7,23.5,48.66333333,14.69,54.16666667,24.18,41.518,25.39,50.57714286,23.86142857,49.56428571,14.7,751.7666667,97,1,20.66666667,14.2
50,0,24.89,44.29,23.245,45.6725,26.5,40.4,25.39,42.7,23.5,48.59,14.69,54.83333333,24.12857143,41.55142857,25.39,50.5,23.89,49.7,14.6,751.6833333,97,1,20.83333333,14.2
100,0,24.89,44.29,23.2,45.7,26.5,40.42857143,25.39,42.7,23.5,48.59,14.66,55.33,24.16,41.59,25.39,50.47142857,23.89,49.7,14.6,751.6,97,1,21,14.2
50,0,24.89,44.32666667,23.2,45.76666667,26.5,40.5,25.39,42.7,23.5,48.59,14.66,55.86333333,24.17142857,41.59,25.39,50.4,23.85,49.718,14.6,751.55,96.83333333,1.333333333,21.66666667,14.2
80,10,24.96333333,44.6,23.2,46.02666667,26.5,40.5,25.29,42.7,23.5,48.59,14.69,56.39,24.1,41.59,25.30428571,50.33714286,23.89,49.82142857,14.7,751.5,96.66666667,1.666666667,22.33333333,14.2
60,0,25,44.76666667,23.2,46.32666667,26.5,40.518,25.29,42.545,23.5,48.59,14.69,56.72333333,24.17142857,41.59,25.33,50.29,23.89,49.9,14.7,751.45,96.5,2,23,14.2
80,0,25,44.82666667,23.2,46.46666667,26.5,40.59,25.29,42.62666667,23.56666667,55.13,14.745,57.045,24.1,41.59,25.29,50.29,23.96857143,49.63428571,14.7,751.4,96.33333333,2.333333333,23.66666667,14.1
60,10,25,44.73,23.2,46.59,26.5,40.59,25.29,42.7,24.26333333,75.13,14.83,57.33,24.11428571,41.59,25.29,50.2,23.89,49.59,14.8,751.35,96.16666667,2.666666667,24.33333333,14.1
70,0,25,44.73,23.2,46.66333333,26.54285714,40.53857143,25.29,42.76,24.32333333,73.25666667,14.89,57.66333333,24.2,41.656,25.29,50.25142857,23.96857143,49.52571429,14.8,751.3,96,3,25,14.1
70,0,25,44.93333333,23.2,46.82666667,26.58,40.518,25.2,43.46666667,24.2,72.79,15,57.79,24.15714286,41.79571429,25.29,50.29,24,49.4,14.9,751.25,95.5,3,27.5,14.1
60,0,25,45.27,23.2,47.02666667,26.5,40.69428571,25.13333333,44.19333333,24.13333333,71.19,15.06666667,57.93,24.16,42.036,25.29,50.19428571,24,49.19142857,14.9,751.2,95,3,30,14
60,10,25,45.5,23.1,47.36,26.456,41.036,25.16666667,44.46333333,24,67.96,15.13,58.06666667,24.17142857,42.25142857,25.29,49.80875,23.956,49.016,14.9,751.15,94.5,3,32.5,14
60,0,25,45.96333333,23.1,47.56,26.48625,41.18125,25.1,44.79666667,23.92666667,65.03333333,15.19,58.12666667,24.12,42.42,25.236,49.46,24,48.79571429,15,751.1,94,3,35,14
60,0,24.92666667,46.22333333,23.1,47.86,26.43714286,41.35285714,25.1,45.39,23.89,61.93333333,15.33,58.26666667,24.2,42.56428571,25.21285714,49.23857143,24,48.59,15.1,751.05,93.5,3,37.5,13.9
60,10,24.89,46.46333333,23.1,48.06,26.456,41.42,25.03333333,45.92333333,23.89,60.26666667,15.46333333,58.46666667,24.1,42.79,25.2,49.072,24,48.48142857,15.1,751,93,3,40,13.9
80,0,24.89,46.72333333,23.1,48.3,26.42142857,41.52571429,25,46.29,23.89,58.45666667,15.63,58.46666667,24.18571429,42.95428571,25.2,48.92857143,24,48.316,15.2,751,92.66666667,3,40,13.9
50,0,24.89,47.32666667,23.1,48.56,26.5,41.7,25.06666667,46.23,23.82333333,57.26333333,15.76333333,58.52666667,24.2,43.112,25.16,48.79,23.95285714,48.2,15.3,751,92.33333333,3,40,14
60,0,24.89,47.4,23.13333333,48.7,26.5,41.75142857,25.1,46.2,23.79,56.23333333,15.89,58.46666667,24.2,43.2,25.14285714,48.73857143,23.956,48.09,15.4,751,92,3,40,14
50,0,24.79,47.4,23.2,48.62666667,26.5,41.79,25.1,46.12666667,23.79,55.69333333,15.89,58.4,24.2,43.334,25.12,48.7,23.90571429,48.09,15.4,751,91.66666667,3,40,14
60,0,24.79,47.4,23.2,48.5,26.5,41.86857143,25.1,46.06,23.79,55.13333333,15.86,58.36333333,24.2,43.45714286,25.12857143,48.62142857,23.978,48.036,15.5,751,91.33333333,3,40,14.1
50,0,24.79,47.4,23.2,48.56,26.54,41.79,25.1,45.93333333,23.73,54.8,15.8,58.15666667,24.2,43.518,25.1,48.59,23.89,47.92857143,15.6,751,91,3,40,14.1
60,0,24.79,47.4,23.1,48.545,26.51428571,41.82142857,25.1,45.86333333,23.79,54.33333333,15.8,58.13333333,24.2,43.59,25.1,48.59,23.89,47.9,15.6,751,90.83333333,3.166666667,36.83333333,14.1
50,0,24.79,47.36333333,23.2,48.5,26.5,41.812,25.1,45.79,23.7225,53.9975,15.8,58.13333333,24.2,43.65285714,25.1,48.572,23.89,47.83125,15.7,751,90.66666667,3.333333333,33.66666667,14.1
60,0,24.79,47.29,23.2,48.5,26.5,41.82142857,25.1,45.79,23.76,53.59666667,16.19666667,58.79,24.2,43.73,25.1,48.5,23.89,47.79,15.7,751,90.5,3.5,30.5,14.1
60,0,24.7,47.29,23.29,48.46666667,26.5,41.834,25.1,45.79,23.73,53.43333333,16.53,58.59666667,24.2,43.86714286,25.1,48.5,23.89,47.79,15.7,751,90.33333333,3.666666667,27.33333333,14.1
60,0,24.7,47.29,23.29,48.32666667,26.5,41.86857143,25.1,45.79,23.73,53.43333333,16.84,57.895,24.2,44.018,25.1,48.51285714,23.89,47.79,15.8,751,90.16666667,3.833333333,24.16666667,14.1
60,0,24.7,47.32666667,23.39,48.26,26.56,41.856,25.1,45.79,23.7,53.33333333,17.06666667,56.9,24.2,44.12142857,25.08,48.59,23.89,47.79,15.8,751,90,4,21,14.1
60,0,24.7,47.32666667,23.39,48.2,26.52857143,41.9,25.1,45.79,23.76,53.12666667,17.4,56.76666667,24.2,44.236,25.02857143,48.59,23.89,47.79,15.9,750.9833333,90,4,24.16666667,14.2
60,0,24.7,47.4,23.39,48.16333333,26.5,41.9,25.1,45.79,23.7,52.93,17.7,55.49333333,24.2,44.35285714,25,48.59,23.89,47.79,16,750.9666667,90,4,27.33333333,14.3
50,0,24.7,47.4,23.39,48.09,26.58571429,41.9,25.1,45.79,23.7,52.65666667,17.7,54.82666667,24.2,44.46,25.01428571,48.63714286,23.89,47.79,16.1,750.95,90,4,30.5,14.4
50,0,24.7,47.5,23.39,48.2,26.58,41.92,25.1,45.9,23.7,52.26,17.73,54.49333333,24.2,44.53857143,25.08,48.656,23.89,47.79,16.2,750.9333333,90,4,33.66666667,14.5
50,0,24.7225,47.5225,23.46333333,48.26,26.5,42,25.1,45.9,23.7,52.12666667,17.73,53.76666667,24.2,44.634,25,48.7,23.89,47.79,16.3,750.9166667,90,4,36.83333333,14.6
50,0,24.73,47.59,23.5,48.29,26.5,42,25.1,46,23.7,51.93,17.7,53.55666667,24.21285714,44.76714286,25,48.79,23.89,47.812,16.4,750.9,90,4,40,14.7
50,0,24.73,47.59,23.5,48.29,26.5,42.05142857,25.1,46,23.7,51.73,17.63333333,52.75666667,24.272,44.9,25,48.79,23.89,47.9,16.4,750.9166667,89.66666667,4,38,14.7
50,0,24.73,47.66333333,23.53333333,48.36333333,26.5,42.054,25.1,46.02666667,23.7,51.56,17.99,53.59333333,24.26428571,44.99714286,25,48.856,23.89,47.9,16.5,750.9333333,89.33333333,4,36,14.7
60,0,24.7,47.7,23.66666667,48.23,26.5,42.09,25.1,45.82666667,23.7,51.43333333,18.79666667,51.86666667,24.29,45.2,25,48.92857143,23.90571429,47.91428571,16.5,750.95,89,4,34,14.7
50,0,24.7,47.76,23.82333333,48,26.5,42.09,25.1,45.79,23.7,51.16333333,19.29,47.15666667,24.29,45.25142857,25,49,24,48,16.5,750.9666667,88.66666667,4,32,14.6
60,0,24.79,47.82666667,23.89,48,26.5,42.12142857,25.16666667,45.73,23.7,51.09,19.29,43.29,24.29,45.356,25,49,24,48,16.6,750.9833333,88.33333333,4,30,14.6
60,0,24.79,47.9,24,47.76,26.5,42.09,25.2,45.66333333,23.7,50.96666667,19.39,39.05666667,24.29,45.4,24.956,49.018,24,48,16.6,751,88,4,28,14.6
60,0,24.79,47.9,24,47.7,26.54285714,42.09,25.2,45.59,23.7,50.9,19.46333333,37.46333333,24.29,45.29,24.9175,49.0225,24,48,16.7,751,87.33333333,4.166666667,30,14.6
50,0,24.79,47.9,24.05,47.59,26.5625,42.09,25.2,45.59,23.7,50.79,19.46333333,35.79,24.29,45.23857143,24.96857143,49,24,47.98,16.8,751,86.66666667,4.333333333,32,14.5
60,0,24.79,47.9,24.13333333,47.43,26.54,42.09,25.2,45.53,23.7,50.73,19.65666667,36.06333333,24.29,45.2,25,49,24,47.9,16.9,751,86,4.5,34,14.5
60,0,24.79,47.9,24.26,47.23,26.58571429,42.09,25.2,45.56,23.745,50.645,20.09666667,33.1,24.36142857,45.16857143,24.96857143,49,24,47.9,17,751,85.33333333,4.666666667,36,14.5
50,0,24.79,47.9,24.53333333,46.86333333,26.56,42.09,25.2,45.5,23.79,50.56,20.56333333,32.09333333,24.39,45.09,25,49,24,47.80571429,17.1,751,84.66666667,4.833333333,38,14.4
60,0,24.79,47.9,24.66666667,46.53,26.6,42.02571429,25.23,45.5,23.79,50.5,21.05666667,27.56333333,24.40571429,45.05142857,25,49,24,47.79,17.2,751,84,5,40,14.4
60,0,24.82333333,47.9,24.82333333,46.13333333,26.6,42.054,25.29,45.5,23.79,50.4,21.7225,24.2975,24.5,45.072,25,48.96,24,47.79,17.3,750.9666667,84.33333333,4.833333333,40,14.6
50,0,24.89,47.9,24.96333333,45.86,26.6,42.01285714,25.29,45.4,23.79,50.32666667,22.16666667,22.02666667,24.5,45,25.01428571,48.94285714,24,47.7,17.4,750.9333333,84.66666667,4.666666667,40,14.8
60,0,24.89,47.79,25.1,45.514,26.6,42.09,25.365,45.3725,23.79,50.29,22.416,18.5,24.5,45,25.1,48.96,24,47.7,17.6,750.9,85,4.5,40,14.9
60,0,24.89,47.79,25.1,45.4,26.6,42,25.39,45.29,23.79,50.29,21.9,16.89666667,24.55714286,44.98571429,25.1,48.92857143,24,47.7,17.7,750.8666667,85.33333333,4.333333333,40,15.1
60,0,24.89,47.76,25.06,45.4,26.6,42,25.39,45.2,23.79,50.29,21.42666667,17.49666667,24.6,44.9,25.1,48.9,24,47.68428571,17.8,750.8333333,85.66666667,4.166666667,40,15.3
50,0,24.89,47.7,25.12857143,45.36857143,26.7,42,25.39,45.2,23.85666667,50.29,21.39666667,20.32666667,24.6125,44.9125,25.1,48.80571429,24,47.59,17.9,750.8,86,4,40,15.5
60,0,24.945,47.645,25.39,44.916,26.7,42,25.39,45.2,23.82333333,50.2,22.39666667,17.99333333,24.7,45,25.1,48.79,24.07142857,47.66857143,17.8,750.7333333,86.33333333,3.666666667,40,15.4
50,0,25,47.59,25.48428571,44.63714286,26.7,42,25.46333333,45.12666667,23.89,50.2,23.39,13.56666667,24.7,45,25.1,48.72571429,24.1,47.736,17.6,750.6666667,86.66666667,3.333333333,40,15.3
60,0,25,47.53,25.434,44.554,26.7,42.06,25.42666667,45.09,23.89,50.2,23.26333333,11.82666667,24.7,44.94285714,25.2,48.736,24.1,47.71285714,17.4,750.6,87,3,40,15.2
50,0,25.1,47.5,25.42142857,44.56428571,26.7,42,25.5,45.09,23.89,50.12666667,23.19666667,11.52666667,24.718,44.878,25.2,48.71285714,24.1,47.736,17.3,750.5333333,87.33333333,2.666666667,40,15.1
50,0,25.1,47.5,25.5,44.4,26.7,42,25.5,45.06,23.89,50.09,23.46333333,10.26666667,24.75142857,44.79,25.2,48.678,24.1,47.7,17.1,750.4666667,87.66666667,2.333333333,40,15
50,0,25.1,47.46666667,25.5,44.32428571,26.7,42.09,25.5,45,23.89,50.09,23.7,8.59,24.79,44.754,25.2,48.59,24.1,47.656,17,750.4,88,2,40,14.9
50,0,25.1,47.32666667,25.56,44.178,26.7,42.09,25.5,44.96666667,23.89,50.06,23.49333333,8.59,24.79,44.62428571,25.2,48.46,24.1,47.62142857,17.4,750.35,86,2.5,40,14.9
50,0,25.1,47.29,25.6,44.06428571,26.7,42.09,25.5,44.9,23.89,50,23.5,8.463333333,24.85,44.554,25.2,48.33714286,24.1,47.59,17.7,750.3,84,3,40,14.9
50,0,25.16666667,47.29,25.64,43.9,26.7,42.09,25.5,44.86333333,23.89,49.96666667,23.69333333,8.13,24.89,44.52571429,25.254,48.29,24.1,47.59,18.1,750.25,82,3.5,40,14.9
60,0,25.2,47.2,25.61428571,43.9,26.7,42.09,25.5,44.79,23.96333333,49.9,24.15666667,6.896666667,24.89,44.5,25.29,48.26428571,24.1,47.554,18.4,750.2,80,4,40,14.8
60,0,25.2,47.12666667,25.6,43.9,26.7,42.09,25.5,44.79,23.96333333,49.9,23.89,6.823333333,24.89,44.5,25.29,48.2,24.1,47.52571429,18.8,750.15,78,4.5,40,14.8
50,0,25.2,47.09,25.6,43.9,26.7,42.09,25.5,44.79,23.96333333,49.82666667,23.72666667,6.66,24.956,44.48,25.33285714,48.2,24.1,47.5,19.1,750.1,76,5,40,14.8
60,0,25.2,47.09,25.5,44,26.7,42.12666667,25.6,44.79,23.945,49.79,23.39333333,6.8,25,44.4,25.29,48.178,24.12857143,47.5,19.2,750.05,75.33333333,4.666666667,40,14.8
60,0,25.23,47.06,25.58571429,43.98571429,26.7,42.2,25.53333333,44.79,24,49.7,23.53333333,7.256666667,25,44.4,25.33285714,48.09,24.1,47.5,19.3,750,74.66666667,4.333333333,40,14.7
60,0,25.23,47,25.6,43.9,26.73,42.2,25.6,44.76,24,49.7,23.72666667,6.73,25,44.30571429,25.35,48.09,24.1,47.5,19.4,749.95,74,4,40,14.7
60,0,25.26,47,25.5625,43.9,26.73,42.2,25.53333333,44.7,24,49.7,23.745,5.7,25,44.272,25.37571429,48.01285714,24.1,47.5,19.5,749.9,73.33333333,3.666666667,40,14.6
50,0,25.26,46.93333333,25.5,43.9,26.79,42.2,25.55,44.7,24,49.7,23.66666667,6.23,25,44.2,25.39,48,24.1,47.5,19.6,749.85,72.66666667,3.333333333,40,14.6
60,0,25.29,46.9,25.54,43.856,26.79,42.12666667,25.53333333,44.7,24,49.59,23.66666667,6.09,25,44.2,25.39,48,24.1,47.5,19.7,749.8,72,3,40,14.5
50,0,25.29,46.9,25.54285714,43.79,26.79,42.12666667,25.53333333,44.7,24,49.59,23.89,5.866666667,25,44.2,25.39,48,24.14285714,47.41428571,19.7,749.75,71.33333333,2.833333333,40,14.4
60,0,25.29,46.82666667,25.5,43.79,26.79,42.12666667,25.5,44.7,24,49.56,23.69666667,5.393333333,25,44.178,25.33,47.96,24.14,47.4,19.7,749.7,70.66666667,2.666666667,40,14.3
70,0,25.29,46.9,25.5,43.82142857,26.79,42.09,25.5,44.62666667,24,49.56,23.06333333,5.923333333,25,44.09,25.34714286,47.9,24.1,47.4,19.8,749.65,70,2.5,40,14.2
70,0,25.29,46.96666667,25.39,44.236,26.79,42.09,25.56666667,44.59,24,49.5,22.59666667,6.923333333,25,44.09,25.39,47.938,24.1,47.4,19.8,749.6,69.33333333,2.333333333,40,14
70,0,25.29,47.12666667,25.33285714,44.63714286,26.79,42.03,25.56666667,44.59,24,49.5,22.39,8.593333333,25,44.09,25.39,48.26428571,24.14285714,47.4,19.8,749.55,68.66666667,2.166666667,40,13.9
80,0,25.29,47.26,25.29,45.154,26.79,42.09,25.56666667,44.62666667,24,49.5,22.32333333,9.593333333,25,44.112,25.5,48.634,24.16,47.4,19.8,749.5,68,2,40,13.8
70,0,25.29,47.56666667,25.22571429,45.66857143,26.79,42.09,25.5,44.7,24.06666667,49.56,22.29,10.23,25,44.2,25.5,48.89714286,24.15,47.4,19.7,749.4666667,68.83333333,2.333333333,40,13.9
80,0,25.29,47.76,25.2,45.79,26.85666667,42.09,25.5,44.7,24.03333333,49.53,22.35666667,9.963333333,25,44.254,25.56,49.018,24.17142857,47.4,19.5,749.4333333,69.66666667,2.666666667,40,13.9
80,0,25.29,47.9,25.2,45.79,26.79,42.2,25.5,44.7,24.1,49.59,22.16666667,9.256666667,25,44.2,25.67142857,49.09,24.2,47.4,19.4,749.4,70.5,3,40,13.9
100,0,25.35666667,47.9,25.14,45.956,26.66333333,42.4,25.5,44.93333333,24.1,49.7,22.16666667,9.663333333,25,44.16857143,25.7,49.2,24.2,47.4,19.3,749.3666667,71.33333333,3.333333333,40,14
350,0,25.32333333,48.23,25.07142857,46.26428571,26.5,42.73,25.5,45.13333333,24.1,49.7,21.99666667,9.49,25,44.134,25.75142857,49.25142857,24.2,47.4,19.1,749.3333333,72.16666667,3.666666667,40,14.1
140,0,25.32333333,48.15666667,25,46.29,26.42666667,42.79,25.5,45.36,24.1,49.7,21.66333333,10.29666667,25,44.09,25.81,49.334,24.2,47.29571429,19,749.3,73,4,40,14.1
80,0,25.39,49.49333333,24.90571429,46.46142857,26.35666667,43.03,25.5,45.56,24.1,49.76,21.39,11.06333333,25,44.09,25.89,49.19428571,24.2,47.156,18.9,749.2666667,74.16666667,3.833333333,40,14.3
80,0,25.39,48.76666667,24.87,46.674,26.29,43.16333333,25.46333333,45.73,24.16333333,55.23333333,21.53,11.06333333,25,44.06428571,25.89,48.79,24.2,47.09,18.9,749.2333333,75.33333333,3.666666667,40,14.5
100,0,25.35666667,48.5,24.69714286,46.96571429,26.14875,43.585,25.39,45.86333333,25.23,76.83333333,21.53,10.93,24.978,44.09,25.89,48.59333333,24.2,47.2,18.9,749.2,76.5,3.5,40,14.7
110,0,25.29,48.5,24.5,47.476,26.04285714,44.06857143,25.39,46.12666667,25.745,83.75,21.26333333,11.46333333,24.93714286,44.09,25.89,48.975,24.2,47.2,18.8,749.1666667,77.66666667,3.333333333,40,14.8
100,0,25.29,48.59,24.38,47.92285714,25.956,44.27,25.39,46.33333333,25.26,84.63333333,21.35666667,11.56333333,24.89,44.2,25.956,49.796,24.2,47.2,18.8,749.1333333,78.83333333,3.166666667,40,15
100,0,25.23,48.66333333,24.31,48.178,26,44.49714286,25.39,46.53,25.06666667,85.3,20.8925,12.7225,24.89,44.25142857,26,50.5,24.13333333,47.26,18.7,749.1,80,3,40,15.2
100,0,25.2,48.66333333,24.46857143,48.06428571,26,44.254,25.39,46.6725,24.89,85.83333333,20.5,14.26,24.89,44.29,26.05,50.745,24.2,47.29,18.7,749.0666667,79.66666667,3,40,15.1
100,0,25.2,48.59,24.5,47.856,26,44.2,25.32333333,46.7,24.82333333,83.76666667,20.89333333,14.4,24.89,44.36857143,26.1,51.056,24.2,47.29,18.7,749.0333333,79.33333333,3,40,15
140,0,25.2,48.53,24.5,47.77714286,26,44.178,25.39,46.66333333,24.76333333,80.49333333,20.43333333,13.59333333,24.89,44.29,26.1,51.445,24.2,47.5,18.7,749,79,3,40,14.9
90,0,25.2,48.53,24.478,47.66,26,44.09,25.32333333,46.53,24.82333333,80.96666667,18.62666667,17.63,24.84714286,44.13714286,26.1,51.6175,24.2,47.5,18.7,748.9666667,78.66666667,3,40,14.9
100,0,25.2,48.4,24.43714286,47.53857143,26,43.96,25.29,46.36333333,24.76,77.82666667,17.76666667,22.36333333,24.83,44.036,26.1,51.72571429,24.13333333,47.5,18.7,748.9333333,78.33333333,3,40,14.8
90,0,25.125,48.4,24.39,47.536,26,43.9,25.29,46.29,24.63333333,74.89333333,17.09666667,27.49333333,24.76428571,44.06428571,26.16,52.134,24.13333333,47.56,18.7,748.9,78,3,40,14.7
100,0,25.1,48.4,24.39,47.59,26,43.9,25.29,46.29,24.6,71.86666667,16.69666667,31.96,24.7,44.2,26.2,52.425,24.1,47.7,18.4,748.95,78,3,40,14.4
90,0,25.1,48.29,24.30428571,47.65285714,26,43.9,25.29,46.21285714,24.53333333,69.72666667,16.32666667,35.59666667,24.7,44.25142857,26.2,52.53,24.04,47.718,18.1,749,78,3,40,14.2
90,0,25.1,48.29,24.272,47.678,26,43.94,25.29,46.134,24.5,67.53,16.06666667,37.45666667,24.68,44.29,26.2,52.714,24,47.80833333,17.9,749.05,78,3,40,13.9
100,0,25.1,48.29,24.2,47.69428571,25.90571429,43.52857143,25.25142857,46.09,24.42666667,65.65666667,15.7,39.05666667,24.6,44.25142857,26.27714286,53.58428571,24,47.9,17.6,749.1,78,3,40,13.7
100,0,25.1,48.29,24.1,47.79,25.89,43.48,25.254,46.09,24.39,63.75666667,15.36666667,40.72333333,24.56,44.2,26.29,54.22333333,23.90375,47.9875,17.3,749.15,78,3,40,13.4
110,10,25.06666667,48.29,24.1,47.85285714,25.89,43.42857143,25.22571429,46.05142857,24.32333333,62.69666667,15.12666667,42.03,24.5,44.2,26.33,54.67,23.89,48,17,749.2,78,3,40,13.2
70,0,25,48.29,24.04,47.856,25.934,43.66,25.2,46.016,24.32333333,62.13333333,14.79333333,42.83,24.52,44.116,26.39,54.43714286,23.79,47.9,16.7,749.25,79.5,2.833333333,40,13.1
60,0,25,48.26,24,47.9,26,43.9,25.2,45.9,24.32333333,62.19333333,14.56666667,45.16,24.6,43.89714286,26.46333333,54.32666667,23.83,47.94,16.3,749.3,81,2.666666667,40,13.1
60,0,25,48.2,23.89,47.9,26.02,43.834,25.2,45.856,24.29,62.29,14.42666667,46.36,24.6,43.656,26.5,54.22333333,23.89,47.86714286,16,749.35,82.5,2.5,40,13
50,0,25,48.16333333,23.83285714,47.9,26.1,43.79,25.2,45.73857143,24.35666667,62.43,14.33,48.52666667,24.61428571,43.53857143,26.412,53.678,23.89,47.678,15.7,749.4,84,2.333333333,40,12.9
60,0,25,48.09,23.79,47.96666667,26.2,43.79,25.16,45.7,24.39,62.29,14.46333333,50.06666667,24.64,43.418,26.39,53.116,23.96857143,47.52571429,15.3,749.45,85.5,2.166666667,40,12.9
60,0,25,48.06,23.73857143,48.09285714,26.25142857,43.79,25.15714286,45.66857143,24.32333333,62.23,14.53333333,51.3,24.6,43.29,26.37333333,52.93333333,23.934,47.356,15,749.5,87,2,40,12.8
60,0,25,48,23.68,48.178,26.29,43.79,25.1,45.59,24.29,62.2,14.6225,52.0475,24.6,43.13125,26.29,52.96,24,47.29,15,749.4833333,87.33333333,2,40,12.8
50,0,25,48,23.6,48.09,26.36142857,43.79,25.12857143,45.59,24.29,61.96666667,14.69,52.43,24.6,43.09,26.31,53.24,24,47.236,14.9,749.4666667,87.66666667,2,40,12.9
60,0,25,47.93333333,23.6,48.23571429,26.39,43.7,25.1,45.59,24.29,61.76666667,14.69,52.83,24.6,43.03857143,26.33,53.42,24,47.2,14.9,749.45,88,2,40,12.9
60,0,24.89,47.9,23.54,48.29,26.39,43.72571429,25.1,45.59,24.29,61.33333333,14.69,53.03,24.6,43,26.37,53.572,24,47.2,14.9,749.4333333,88.33333333,2,40,12.9
60,0,24.96333333,47.82666667,23.5,48.36857143,26.39,43.7,25.1,45.5,24.23,61,14.69,53.56666667,24.6,43,26.32333333,53.59,24,47.2,14.8,749.4166667,88.66666667,2,40,13
60,0,24.89,47.79,23.4725,48.475,26.42142857,43.7,25.1,45.53857143,24.2,60.56,14.63,53.9,24.6,43,26.34714286,54.19571429,24,47.2,14.8,749.4,89,2,40,13
50,0,24.89,47.73,23.39,48.42,26.5,43.6725,25.1,45.5,24.2,60.36,14.69,54.36,24.6,42.95714286,26.39,54.46,24,47.2,14.9,749.35,88.5,2.166666667,40,13
60,0,24.89,47.7,23.39,48.5,26.5,43.59,25.1,45.56428571,24.2,60.02666667,14.69,54.56,24.6,42.94,26.39,54.5,24,47.156,15.1,749.3,88,2.333333333,40,13.1
50,0,24.89,47.66333333,23.31857143,48.56428571,26.5,43.59,25.1,45.55625,24.2,59.82666667,14.69,54.63333333,24.6,42.9,26.35,54.46,24,47.13714286,15.2,749.25,87.5,2.5,40,13.1
70,0,24.89,47.59,23.29,48.634,26.52,43.536,25.1,45.59,24.13333333,59.66333333,14.76333333,55.16,24.6,42.9,26.29,54.32142857,24,47.2,15.3,749.2,87,2.666666667,40,13.1
50,0,24.89,47.56,23.29,48.7,26.55714286,43.5,25.1,45.59,24.13333333,59.53,14.8,55.4,24.6,42.9,26.29,54.4,24,47.2,15.5,749.15,86.5,2.833333333,40,13.2
60,0,24.89,47.5,23.26428571,48.7,26.56,43.5,25.1,45.59,24.16666667,59.36333333,14.70571429,55.36857143,24.6,42.9,26.29,54.5,24,47.2,15.6,749.1,86,3,40,13.2
40,0,24.89,47.5,23.2,48.736,26.54285714,43.5,25.1,45.59,24.1,59.15666667,14.652,55.32,24.6,42.9,26.29,54.43333333,24,47.2,15.5,749.05,87,3,40,13.3
50,0,24.89,47.5,23.2,48.79,26.54,43.5,25.025,45.5,24.1,58.96666667,14.42142857,54.88142857,24.6,42.9,26.29,54.4,24,47.2,15.4,749,88,3,40,13.4
50,0,24.82333333,47.43333333,23.1875,48.845,26.57142857,43.56428571,25.1,45.5,24.1,58.82666667,14.3,55.29,24.6,42.9,26.2,54.36333333,24.02857143,47.22571429,15.4,748.95,89,3,40,13.5
60,0,24.82333333,47.43333333,23.1,48.92,26.6,43.554,25.025,45.5,24.1,58.76,14.23714286,55.50857143,24.6,42.856,26.2,54.15666667,24.04,47.334,15.3,748.9,90,3,40,13.6
50,0,24.79,47.4,23.1,48.95714286,26.6,43.545,25.02,45.48,24.1,58.62666667,14.19,55.74,24.6,42.82142857,26.2,53.86333333,24.01428571,47.26714286,15.2,748.85,91,3,40,13.7
60,0,24.79,47.32666667,23.1,49,26.56666667,43.5,25,45.4,24.1,58.46666667,14.19,55.90714286,24.6,42.79,26.2,53.65666667,24.06,47.254,15.1,748.8,92,3,40,13.8
50,0,24.79,47.29,23.1,49.05142857,26.55,43.5,25,45.4,24.1,58.4,14.234,56.58,24.6,42.79,26.2,53.56,24.05,47.23125,15,748.8166667,92.33333333,3,40,13.8
60,0,24.79,47.29,23.08,49.09,26.6,43.554,25,45.4,24.1,58.29,14.35142857,56.82857143,24.6,42.79,26.2,53.5,24.07142857,47.23285714,14.9,748.8333333,92.66666667,3,40,13.7
50,0,24.79,47.29,23,49.09,26.6,43.5,25,45.4,24.075,58.1725,14.412,57.058,24.6,42.79,26.13333333,53.36333333,24,47.09,14.9,748.85,93,3,40,13.7
70,0,24.79,47.29,23,49.134,26.6,43.5,25,45.4,24,57.93333333,14.5375,57.23375,24.6,42.79,26.2,53.23,24.04285714,47.13714286,14.8,748.8666667,93.33333333,3,40,13.7
50,0,24.79,47.29,22.98428571,49.25142857,26.6,43.5,25,45.4,24,57.79,14.6,57.29,24.6,42.75142857,26.16666667,53.06,24.1,47.178,14.7,748.8833333,93.66666667,3,40,13.6
60,0,24.79,47.29,22.934,49.29,26.6,43.5,25,45.4,24,57.73,14.6,57.29,24.6,42.79,26.16666667,53,24.02857143,47.09,14.6,748.9,94,3,40,13.6
50,0,24.79,47.29,22.89,49.29,26.66,43.5,25,45.4,24,57.59,14.6,57.36714286,24.6,42.79,26.1,52.79,24.04,47.134,14.6,748.9,94,2.833333333,40,13.6
60,0,24.79,47.29,22.89,49.4,26.64285714,43.44285714,25,45.4,24,57.59,14.6,57.5,24.6,42.79,26.1,52.73,24.08571429,47.09285714,14.6,748.9,94,2.666666667,40,13.6
60,0,24.7,47.29,22.89,49.4,26.66666667,43.4,25,45.4,24,57.5,14.62571429,57.52571429,24.52857143,42.79,26.1,52.56,24.02,47.018,14.6,748.9,94,2.5,40,13.6
60,0,24.7,47.29,22.89,49.4,26.7,43.4,25,45.4,24,57.43333333,14.654,57.656,24.6,42.73,26.1,52.5,24.02857143,47.02571429,14.6,748.9,94,2.333333333,40,13.6
50,0,24.745,47.29,22.89,49.47142857,26.7,43.4,24.978,45.4,24,57.36333333,14.67714286,57.68428571,24.57142857,42.77714286,26.06666667,52.4,24.06,47.054,14.6,748.9,94,2.166666667,40,13.6
60,0,24.7,47.29,22.89,49.5,26.7,43.4,24.93714286,45.4,24,57.29,14.712,57.718,24.6,42.79,26.06666667,52.32666667,24.05714286,47.05142857,14.6,748.9,94,2,40,13.6
50,0,24.7,47.29,22.81857143,49.44142857,26.7,43.4,24.934,45.4,24,57.2,14.8,57.72571429,24.56,42.79,26.1,52.2,24.06,47.054,14.6,748.85,94.33333333,2,38.16666667,13.6
50,0,24.7,47.29,22.83,49.536,26.7,43.4,24.945,45.4,24,57.2,14.8,57.736,24.5,42.79,26.03333333,52.2,24.02857143,47.05142857,14.6,748.8,94.66666667,2,36.33333333,13.7
50,0,24.7,47.29,22.79,49.5,26.7,43.345,24.89,45.4,24,57.09,14.87714286,57.97,24.5,42.79,26.1,52.06,24.1,47.2,14.6,748.75,95,2,34.5,13.7
50,0,24.63333333,47.23,22.79,49.59,26.7,43.29,24.89,45.4,24,57.03,14.89,58,24.52857143,42.79,26.03333333,52,24.07142857,47.16857143,14.5,748.7,95.33333333,2,32.66666667,13.7
60,0,24.7,47.36333333,22.79,49.60571429,26.7,43.29,24.89,45.4,23.89,56.96666667,14.93714286,57.97142857,24.5,42.79,26.05,51.9,24.1,47.2,14.5,748.65,95.66666667,2,30.83333333,13.8
50,0,24.66666667,47.26,22.79,49.7,26.7,43.32142857,24.89,45.425,23.89,56.9,15,58,24.52857143,42.83714286,26.06666667,51.9,24.1,47.16857143,14.5,748.6,96,2,29,13.8
50,0,24.6,47.26,22.79,49.7,26.7,43.4,24.89,45.47142857,23.96333333,56.76,14.90571429,58,24.54,42.812,26,51.9,24.06,47.156,14.6,748.5833333,96,2.166666667,27.83333333,13.9
50,0,24.6,47.29,22.79,49.7,26.7,43.4,24.89,45.4,23.89,56.7,14.956,58,24.5,42.9,26,51.79,24.04285714,47.09,14.6,748.5666667,96,2.333333333,26.66666667,13.9
50,0,24.66666667,47.36333333,22.72571429,49.75142857,26.65,43.4,24.89,45.4,23.89,56.59,14.96857143,58,24.56,42.9,26,51.79,24.1,47.156,14.7,748.55,96,2.5,25.5,13.9
50,0,24.6,47.29,22.79,49.79,26.7,43.4,24.89,45.4,23.89,56.53,14.89,57.916,24.52857143,42.9,26,51.79,24.1,47.12142857,14.7,748.5333333,96,2.666666667,24.33333333,14
60,0,24.6,47.29,22.75625,49.79,26.7,43.4,24.89,45.42857143,23.89,56.46666667,14.82285714,57.66285714,24.5,42.878,26,51.73,24.1,47.09,14.8,748.5166667,96,2.833333333,23.16666667,14.1
60,0,24.6,47.29,22.72571429,49.79,26.7,43.44285714,24.89,45.5,23.89,56.4,14.652,57.318,24.5,42.79,26,51.7,24.05714286,47.09,14.8,748.5,96,3,22,14.1
50,0,24.6,47.29,22.7,49.79,26.736,43.4,24.89,45.5,23.89,56.32666667,14.39571429,56.49714286,24.5,42.856,26,51.62666667,24.1,47.09,14.8,748.4833333,95.66666667,2.833333333,22.16666667,14
60,0,24.6,47.29,22.7,49.71285714,26.71285714,43.4,24.89,45.46,23.89,56.2,14.154,55.96,24.5,42.79,25.92666667,51.22666667,24.05714286,47.05142857,14.7,748.4666667,95.33333333,2.666666667,22.33333333,14
100,0,24.6,47.36333333,22.754,49.678,26.7,43.4,24.89,45.42857143,23.89,56.12666667,13.95142857,56.12285714,24.5,42.772,26,51.5,24.1,47.09,14.7,748.45,95,2.5,22.5,13.9
70,0,24.6,47.53,22.76428571,49.76428571,26.7,43.3,24.89,45.4,23.89,56.06,13.83,56.49666667,24.5,42.7,25.89,50.96666667,24.1,47.23857143,14.7,748.4333333,94.66666667,2.333333333,22.66666667,13.8
70,10,24.6,47.79,22.736,50.09,26.56,43.09,24.84714286,45.29857143,23.89,56,13.78428571,56.78142857,24.5,42.736,25.89,50.9,24.1,47.2,14.6,748.4166667,94.33333333,2.166666667,22.83333333,13.8
320,0,24.7,47.96666667,22.79,50.01285714,26.43714286,43.09,24.84,45.245,23.89,55.56333333,13.76857143,57.19428571,24.5,42.85285714,25.89,50.66333333,24.1,47.298,14.6,748.4,94,2,23,13.7
80,0,24.7,47.9,22.79,50,26.39,43.036,24.86142857,45.30857143,23.89,55.15666667,13.89,57.67,24.5,42.92,25.89,50.53,24.1,47.26428571,14.6,748.4166667,94.33333333,2.166666667,23.16666667,13.7
60,0,24.7,47.9,22.86142857,50.03857143,26.36142857,43,24.85,45.356,23.89,54.83333333,14.12142857,58.12285714,24.5,43.02571429,25.89,50.43,24.1,47.2,14.5,748.4333333,94.66666667,2.333333333,23.33333333,13.7
70,0,24.7,47.79,22.89,50,26.29,42.975,24.86142857,45.4,23.89,54.56666667,14.516,58.46,24.5,43.134,25.89,50.15666667,24.1,47.13714286,14.4,748.45,95,2.5,23.5,13.7
60,0,24.7,47.79,22.98428571,49.98571429,26.22571429,42.97142857,24.83,45.44,23.89,54.33333333,14.92428571,58.52571429,24.5,43.25142857,25.79,49.86333333,24.08,47.072,14.4,748.4666667,95.33333333,2.666666667,23.66666667,13.6
70,0,24.7,47.7,23.02,49.834,26.2,43,24.84714286,45.53857143,23.89,54.12666667,15.336,58.46,24.478,43.29,25.79,49.65666667,24.07142857,47.06428571,14.4,748.4833333,95.66666667,2.833333333,23.83333333,13.6
70,0,24.76,47.7,23.1,49.79,26.14285714,43,24.79,45.5,23.89,53.96666667,15.46714286,57.98142857,24.46857143,43.36857143,25.79,49.46666667,24.1,47.09,14.3,748.5,96,3,24,13.6
70,0,24.7,47.76,23.1,49.7,26.1,43,24.86142857,45.56428571,23.89,53.82666667,15.618,57.534,24.5,43.5,25.79,49.32666667,24.04285714,47.03857143,14.3,748.5333333,95.5,3.166666667,23.66666667,13.6
80,0,24.7,47.76,23.1,49.7,26.1,43,24.79,45.59,23.89,53.7,15.72142857,57.09,24.5,43.5225,25.79,49.1,24.02,47.018,14.3,748.5666667,95,3.333333333,23.33333333,13.5
70,0,24.73,47.79,23.1,49.7,26,43.036,24.83285714,45.63714286,23.89,53.395,16,56.82,24.5,43.56428571,25.7,48.96666667,24.1,47.02571429,14.4,748.6,94.5,3.5,23,13.4
70,0,24.79,47.86333333,23.1,49.7,26,43.10571429,24.81857143,45.66857143,23.89,53.3,16.22428571,56.6,24.5,43.674,25.7,48.76666667,24,47.134,14.4,748.6333333,94,3.666666667,22.66666667,13.4
100,0,24.73,47.93333333,23.2,49.59,26,43.2,24.80666667,45.715,23.96333333,54.63333333,16.598,56,24.42142857,43.82142857,25.66666667,48.5,23.76857143,47.45142857,14.4,748.6666667,93.5,3.833333333,22.33333333,13.4
410,0,24.79,48,23.25142857,49.52428571,26,43.2,24.86142857,45.69428571,23.89,54.13,16.99714286,54.76714286,24.39,44,25.6,48.43333333,23.68,47.834,14.4,748.7,93,4,22,13.3
270,0,24.76,48.03,23.332,49.4,26,43.2,24.89,45.7,23.89,53.25666667,17.29,52.016,24.39,44.15285714,25.5,48.36333333,23.57142857,47.94,14.6,748.7333333,92.33333333,3.666666667,25,13.4
60,0,24.76,48.16333333,23.6,49.4,26,43.2,24.86142857,45.64285714,23.79,52.93333333,17.46571429,51.13857143,24.39,44.516,25.5,48.36333333,23.456,48.334,14.8,748.7666667,91.66666667,3.333333333,28,13.4
70,0,24.79,48.32666667,24.656,48.62,26.05714286,43.10571429,24.89,45.718,23.79,53.095,18.292,50.178,24.39,45.09571429,25.46333333,48.69333333,23.33285714,48.79714286,15,748.8,91,3,31,13.5
80,0,24.79,48.4,25.41,46.68428571,26.1,43.09,24.96857143,45.69428571,23.79,53.26,19.14285714,43.39,24.39,45.054,25.39,49.02666667,23.35,49.058,15.2,748.8333333,90.33333333,2.666666667,34,13.6
80,0,24.79,48.36333333,25.834,45.51,26.1,43.09,25.04,45.59,23.79,53.2,19.176,40.056,24.39,44.88,25.39,49.7,23.49714286,49.56571429,15.4,748.8666667,89.66666667,2.333333333,37,13.6
40,0,24.79,48.36333333,26.66571429,44.20428571,26,43.49,25.17,45.45571429,23.79,53.26,19.65,36.99857143,24.39,44.772,25.32333333,49.76,23.6,50.21,15.6,748.9,89,2,40,13.7
50,0,24.79,48.59,26.754,43.554,25.63857143,44.01,25.31,45.316,23.79,53.43333333,19.934,33.658,24.39,44.62142857,25.39,49.76,23.65714286,49.73714286,15.9,748.8666667,87.5,1.833333333,40,13.7
70,0,24.79,48.66333333,26.6725,43.9075,25.37,44.796,25.39,45.12142857,23.79,53.43333333,20.02571429,32.63714286,24.39,44.5,25.32333333,49.56666667,23.718,49.4,16.1,748.8333333,86,1.666666667,40,13.7
70,0,24.79,49.095,26.95285714,44.13857143,25.22571429,45.59285714,25.5,44.96,23.79,53.4,20.434,30.076,24.40571429,44.51285714,25.32333333,49.36333333,23.72571429,49.12142857,16.4,748.8,84.5,1.5,40,13.7
90,0,24.7,49.59666667,27.138,44.46,25.16,46.334,25.6,44.83714286,23.79,53.46666667,20.62714286,28.62428571,24.456,44.576,25.39,49.23,23.79,49.2,16.7,748.7666667,83,1.333333333,40,13.6
70,0,24.76,49.99,27.36142857,44.72857143,25.1,46.6,25.7,44.736,23.79,53.62666667,20.872,27.276,24.45285714,44.65285714,25.32333333,49.32666667,23.79,49.21285714,16.9,748.7333333,81.5,1.166666667,40,13.6
60,0,24.79,50.36,27.39,44.38,25.12,46.86,25.72571429,44.62142857,23.79,53.76,21.12375,26.53,24.434,44.67,25.32333333,49.4,23.79,49.27875,17.2,748.7,80,1,40,13.6
50,0,24.79,50.43333333,27.39,44.41285714,25.17142857,46.82142857,25.79,44.5,23.79,54.03,21.39285714,23.42142857,24.5,44.77714286,25.29,49.5,23.81,49.218,17.4,748.6833333,79.33333333,1,38.16666667,13.6
70,0,24.79,50.56666667,27.292,44.736,25.1,47.036,25.87571429,44.41428571,23.79,54.09,21.5,21.274,24.5,44.7,25.29,49.5,23.89,49.29,17.5,748.6666667,78.66666667,1,36.33333333,13.7
90,0,24.79,50.7,27.1,44.59571429,25.1,47.15285714,25.87,44.654,23.79,54.2,21.78142857,19.48428571,24.5,44.73857143,25.29,49.59,23.89,49.254,17.7,748.65,78,1,34.5,13.7
60,10,24.79,50.63333333,27.2,44.08,25.1,47.16,25.76428571,45.53571429,23.79,54.12666667,22.24,16.876,24.5,44.59,25.29,49.59,23.89,48.96857143,17.9,748.6333333,77.33333333,1,32.66666667,13.7
50,0,24.79,50.5,27.38571429,43.58142857,25.17142857,46.98285714,25.736,45.9,23.79,54.06,22.85285714,13.52142857,24.55714286,44.45571429,25.29,49.345,23.89,48.616,18,748.6166667,76.66666667,1,30.83333333,13.8
50,0,24.79,50.46666667,27.6,42.796,25.33,47.054,25.84714286,45.67857143,23.79,53.93333333,23.874,8.28,24.6,44.334,25.29,49.16333333,23.89,48.39714286,18.2,748.6,76,1,29,13.8
60,0,24.79,50.19333333,27.57142857,42.29571429,25.45285714,46.86714286,25.89,45.4,23.79,53.63333333,23.86714286,6.581428571,24.6,44.19428571,25.29,49.03,23.79,48,18.6,748.55,74.33333333,1,30.83333333,13.8
60,0,24.79,49.93,27.39,42.09,25.52,46.616,25.92142857,45.23857143,23.79,53.36,23.7,6.472,24.6,44.09,25.29,48.9,23.79,48,18.9,748.5,72.66666667,1,32.66666667,13.8
50,0,24.85666667,49.73,27.39,41.91857143,25.6,46.39714286,26,45.29,23.82333333,53.2,23.97142857,5.81,24.61428571,44.03857143,25.29,48.82666667,23.79,47.98,19.3,748.45,71,1,34.5,13.8
60,0,24.89,49.46666667,27.39,41.652,25.7,46.156,26,45.13714286,23.82333333,53.06666667,24.35,2.374,24.66,43.94,25.29,48.76,23.79,47.84285714,19.6,748.4,69.33333333,1,36.33333333,13.7
50,0,24.89,49.26666667,27.39,41.37142857,25.7,45.89285714,26,44.958,23.79,52.83333333,24.22285714,1.412857143,24.7,43.79571429,25.29,48.62666667,23.83,47.7,19.9,748.35,67.66666667,1,38.16666667,13.7
70,0,24.89,48.96666667,27.5,40.9,25.718,45.714,26.04285714,44.76428571,23.815,52.595,24.16,1.656,24.7,43.59,25.29,48.46666667,23.89,47.77714286,20.3,748.3,66,1,40,13.7
50,0,24.89,48.76666667,27.40571429,40.79285714,25.79,45.52571429,26.1,44.656,23.89,52.43333333,24.02571429,1.225714286,24.7,43.46,25.29,48.4,23.912,47.79,20.4,748.25,65.83333333,1,40,13.7
60,0,25,48.56,27.33,40.7,25.815,45.30875,26.075,44.50875,23.82333333,52.23,23.7,1.6,24.75142857,43.33714286,25.29,48.36333333,23.92142857,47.72571429,20.5,748.2,65.66666667,1,40,13.8
50,0,25,48.43333333,27.31857143,40.7,25.85,45.09,26.04285714,44.33714286,23.89,52.15666667,23.71285714,2.914285714,24.79,43.29,25.29,48.23,23.934,47.59,20.6,748.15,65.5,1,40,13.8
60,0,25,48.26,27.39,40.59,25.87571429,44.95571429,26.1,44.29,23.89,52.06,23.81,2.7,24.79,43.33714286,25.29,48.2,24,47.73571429,20.6,748.1,65.33333333,1,40,13.8
50,0,25.025,48.1175,27.33285714,40.52571429,25.89,44.878,26.05714286,44.29,23.89,51.93333333,24.06857143,3.01,24.89,43.4,25.29,48.2,24,47.856,20.7,748.05,65.16666667,1,40,13.9
70,0,25.1,48.29666667,27.272,40.656,25.89,44.72571429,26.1,44.29,23.89,51.86333333,24.5,1.374,24.89,43.4,25.29,48.26,24,47.94285714,20.8,748,65,1,40,13.9
70,0,25.1,48.26,27.2,40.72571429,25.89,44.7,26.1,44.25142857,23.89,51.73,25.01,1.328571429,24.89,43.4,25.35666667,48.4,24,47.856,21,747.95,63.5,1.166666667,40,13.7
80,0,25.1,48.12666667,27.16,40.9,25.95285714,44.91,26.1,44.236,23.89,51.66333333,25.536,1,24.96857143,43.4,25.42666667,48.73,24,47.88428571,21.1,747.9,62,1.333333333,40,13.5
60,0,25.2,48.06,27.1,41.05285714,26,44.98,26.1,44.23857143,23.89,51.59,25.67142857,1,25.04,43.4,25.63333333,48.86333333,24,47.878,21.3,747.85,60.5,1.5,40,13.3
90,0,25.26,48,27.1,41.2,26,44.9,26.1,44.2,23.89,51.56,25.676,1,25.07142857,43.29285714,25.7,48.86333333,24,47.69428571,21.5,747.8,59,1.666666667,40,13.1
70,0,25.29,47.86333333,27.07142857,41.2,26,44.79,26.1,44.13714286,23.89,51.5,25.43857143,1,25.1,43.134,25.76,48.79,24,47.5,21.6,747.75,57.5,1.833333333,40,12.9
90,0,25.29,47.79,27,41.2,26,44.73857143,26.1,44.09,23.96333333,51.4,25.12,1,25.17142857,43.09,25.79,49.03,24.01428571,47.59285714,21.8,747.7,56,2,40,12.7
70,0,25.32333333,47.66333333,26.93125,40.96625,26.02,44.7,26.1,44.09,23.89,51.4,25.51428571,1,25.2,43,25.85666667,49.22333333,24.04,47.58,21.8,747.65,55.83333333,2.166666667,40,12.7
90,0,25.39,47.53,26.95285714,41.12285714,26.1,44.62142857,26.1,44.054,23.92666667,51.29,25.5,1,25.27714286,42.83857143,26,49.55,24.0125,47.41125,21.9,747.6,55.66666667,2.333333333,40,12.6
70,0,25.5,47.46666667,26.934,40.972,26.1,44.5,26.14285714,43.94285714,24,51.23,25.43857143,1,25.29,42.596,26,49.16333333,24.1,47.26428571,21.9,747.55,55.5,2.5,40,12.6
80,0,25.5,47.32666667,26.89,40.7,26.1,44.48571429,26.18,43.834,24,51.06,25.156,1,25.29,42.29571429,26,48.96333333,24.1,47.09,21.9,747.5,55.33333333,2.666666667,40,12.5
80,0,25.5,47.16333333,26.89,40.7,26.1,44.4,26.1,43.79,24,50.93333333,24.945,1,25.29,42.09,26.1,48.76,24.1,47.10571429,22,747.45,55.16666667,2.833333333,40,12.4
80,0,25.56666667,46.96333333,26.83285714,40.60571429,26.12857143,44.32142857,26.14,43.7,24,50.86333333,25.09428571,1,25.34714286,42.02428571,26.1,48.62666667,24.1,47.116,22,747.4,55,3,40,12.4
80,0,25.6,46.79,26.83,40.59,26.2,44.2,26.2,43.63714286,24,50.73,25.254,1,25.39,41.834,26.23,48.5,24.1,46.97142857,22.3,747.3166667,53.66666667,3,40,12.3
80,0,25.6,46.79,26.72571429,40.62142857,26.2,44.18428571,26.2,43.59,24,50.545,25.35,1,25.39,41.75142857,26.29,48.43333333,24.1,46.9,22.6,747.2333333,52.33333333,3,40,12.1
70,0,25.6,46.7,26.6,40.874,26.2,44.09,26.12857143,43.62142857,24,50.46666667,25.316,1.1,25.39,41.9,26.32333333,48.59,24.1,47.12857143,22.9,747.15,51,3,40,12
80,0,25.6,46.7,26.6,41.12714286,26.2,44.09,26.1,43.736,24,50.4,24.79571429,2.835714286,25.39,42.18142857,26.32333333,48.72333333,24.1,47.56,23.1,747.0666667,49.66666667,3,40,11.9
70,0,25.6,46.7,26.6,41.376,26.2,44.036,26.1,43.91,24,50.43333333,24.6,4.234,25.39,42.576,26.39,49.12666667,24.1,48.12142857,23.4,746.9833333,48.33333333,3,40,11.7
70,0,25.6,46.76,26.57142857,41.59571429,26.2,44.09,26.1,44.018,24.06666667,50.63333333,24.58571429,3.852857143,25.39,42.79571429,26.46333333,49.26,24.1,48.536,23.7,746.9,47,3,40,11.6
70,0,25.63333333,46.82666667,26.456,41.834,26.2,44.054,26.1,44.09,24,50.62666667,24.376,3.436,25.39,43,26.5,49.4,24.1,48.94857143,23.5,746.85,48.5,2.833333333,40,11.9
80,0,25.675,47.175,26.37571429,42.70857143,26.2,44.09,26.1,44.2,24,50.7,24.1,2.652857143,25.37571429,43,26.5,49.4,24.06,48.998,23.4,746.8,50,2.666666667,40,12.2
70,0,25.53333333,48.33333333,26.196,44.532,26.2,44.28,26.1,44.38285714,24.03333333,50.83,23.956,4.874,25.33,43.076,26.5,49,24.1,48.62142857,23.2,746.75,51.5,2.5,40,12.5
80,0,25.5,49.22666667,25.89285714,46.12428571,26.2,44.82571429,26.04,44.898,24.1,51.29666667,23.80571429,5.454285714,25.29,43.29375,26.5,49.06,24.1,48.254,23,746.7,53,2.333333333,40,12.8
80,0,25.5,49.76666667,25.66,47.28,26.18,45.314,26,45.64125,24,51.72666667,23.46,6.696,25.29,43.62142857,26.6,49.26666667,24.1,48.13714286,22.9,746.65,54.5,2.166666667,40,13.1
70,0,25.46333333,50.53,25.45142857,48.63714286,26.175,45.855,26,46.62142857,24.06666667,52.33333333,22.89571429,8.857142857,25.29,44.08,26.6,49.52666667,24.1,48.076,22.7,746.6,56,2,40,13.4
90,0,25.46333333,50.79,25.456,48.936,26.2,46.46571429,25.89,47.476,24,53.1,22.12,12.67,25.29,44.61,26.6,50.1,24.1,48.22571429,22.6,746.5333333,56.5,1.833333333,40,13.4
80,0,25.5,50.96666667,25.52857143,48.32428571,26.2,46.634,25.89,47.89428571,24,53.96666667,21.63857143,15.52,25.29,45.096,26.66666667,50.76666667,24.1,48.4,22.5,746.4666667,57,1.666666667,40,13.5
100,0,25.5,50.96666667,25.6,48.014,26.23857143,46.66857143,25.89,48.174,24,55.13,21.214,18.478,25.29,45.62142857,26.7,51.3,24.1,48.61285714,22.4,746.4,57.5,1.5,40,13.6
110,0,25.42666667,50.9,25.54285714,47.83714286,26.254,46.678,25.89,48.29,24,55.99666667,20.49714286,24.58285714,25.29,46.09,26.76,51.5,24.12,48.976,22.2,746.3333333,58,1.333333333,40,13.6
100,0,25.42666667,50.9,25.5,47.79,26.29,46.59,25.89,47.916,23.96333333,55.89333333,18.59,31.734,25.27714286,45.95285714,26.79,51.35,24.12857143,49.64285714,22.1,746.2666667,58.5,1.166666667,40,13.7
110,0,25.42666667,51.36333333,25.5,47.69428571,26.29,46.5,25.89,47.58428571,23.96333333,55.3,17.70857143,34.35285714,25.218,45.596,26.7,50.33333333,24.1,49.356,22,746.2,59,1,40,13.7
90,0,25.42666667,50.96333333,25.5,47.5,26.29,46.39857143,25.89,47.316,23.96333333,54.93,17.236,36.772,25.22571429,45.32142857,26.63333333,49.8,24.1,49.22285714,21.4,746.1333333,59.33333333,1.666666667,40,13.2
100,0,25.5,50.66333333,25.48428571,47.44285714,26.29,46.214,25.86142857,47.12142857,23.89,54.59666667,16.92142857,37.95428571,25.2,45.156,26.6,49.4,24.1,49.09,20.8,746.0666667,59.66666667,2.333333333,40,12.7
100,0,25.5,50.53,25.39,47.378,26.29,46.06428571,25.79,47.054,24,54.19333333,16.754,38.79,25.2,45.03857143,26.6,49.4,24.1,49.06428571,20.1,746,60,3,40,12.2
100,0,25.5,50.33333333,25.36142857,47.29,26.29,45.96,25.79,46.92714286,24,53.93333333,16.58571429,38.53714286,25.18,44.98,26.7,49.46333333,24.1,49,19.5,745.9333333,60.33333333,3.666666667,40,11.7
110,0,25.5,50.12666667,25.29,47.2675,26.29,45.85285714,25.79,46.79,24,53.645,16.478,39.076,25.1,44.82142857,26.7,49.79666667,24.1,48.9375,18.9,745.8666667,60.66666667,4.333333333,40,11.2
90,0,25.5,49.83333333,25.1,47.2,26.31,45.834,25.79,46.72571429,24,53.36333333,16.29285714,41.06714286,25.1,44.754,26.7,50.19333333,24.1,48.83714286,18.3,745.8,61,5,40,10.7
120,10,25.5,49.62666667,25.1,47.21285714,26.31857143,45.72571429,25.79,46.59,24,53.23,16.2,42.976,25.1,44.63714286,26.7,50.52666667,24.08,48.772,18.3,745.75,62.33333333,4.333333333,40,11
90,0,25.5,49.56666667,25.04,47.312,26.35,45.59,25.72571429,46.53857143,24,53.63333333,16.1375,44.32125,25.1,44.59,26.7,50.86,24,48.7,18.2,745.7,63.66666667,3.666666667,40,11.2
100,0,25.5,49.62666667,24.92142857,47.4,26.23857143,45.59,25.736,46.48,24.59333333,72.09333333,16.17,45.07714286,25.1,44.52571429,26.7,50.8,24,48.656,18.2,745.65,65,3,40,11.5
80,0,25.5,49.345,24.89,47.4,26.2,45.572,25.7,46.36857143,25.09666667,80.8,16.29,44.414,25.06,44.356,26.7,50.59666667,23.98428571,48.52428571,18.2,745.6,66.33333333,2.333333333,40,11.8
90,0,25.5,49.2,24.80428571,47.4,26.2,45.5,25.7,46.254,24.76333333,82,16.29,44.13714286,24.98428571,44.23857143,26.7,51.19666667,23.934,48.4,18.1,745.55,67.66666667,1.666666667,40,12
100,0,25.5,49.12666667,24.736,47.42,26.2,45.5,25.7,46.2,24.56666667,82.86333333,16.16,44.79,24.89,44.2,26.7,51.66333333,23.89,48.4,18.1,745.5,69,1,40,12.3
90,0,25.39,49.09,24.67142857,47.5,26.11428571,45.41428571,25.7,46.134,24.42666667,81.13,15.99857143,45.49428571,24.89,44.2,26.7,51.46333333,23.85,48.356,17.9,745.4833333,71,1.166666667,40,12.5
90,0,25.39,49.03,24.6,47.59,26.1,45.378,25.62857143,46.09,24.35666667,76.33333333,15.89,46.714,24.79,44.09,26.66666667,51.16333333,23.80428571,48.36714286,17.8,745.4666667,73,1.333333333,40,12.8
80,0,25.39,48.96666667,24.58571429,47.66571429,26.1,45.29,25.66,46.09,24.29,72.92666667,15.86428571,47.86857143,24.79,44.15285714,26.66666667,51.16333333,23.83,48.46,17.6,745.45,75,1.5,40,13
70,0,25.39,48.9,24.478,47.812,26.06,45.29,25.6,46.09,24.29,69.42333333,15.8,49.454,24.79,44.2,26.6,50.96666667,23.79,48.5,17.4,745.4333333,77,1.666666667,40,13.2
80,0,25.35666667,48.9,24.39,47.85285714,26.02857143,45.21285714,25.6,46.09,24.23,67.03,15.94,49.47857143,24.79,44.2,26.6,50.82666667,23.7,48.5,17.3,745.4166667,79,1.833333333,40,13.5
70,0,25.29,48.82666667,24.39,48,26.02,45.2,25.6,46.09,24.2,65.26666667,15.916,49.414,24.736,44.054,26.5,50.46666667,23.7,48.5,17.1,745.4,81,2,40,13.7
60,0,25.29,48.76,24.30428571,48.09285714,26.1,45.2,25.6,46.09,24.2,64.72666667,15.76857143,50.16857143,24.79,43.92714286,26.5,50.4,23.7,48.5,17.1,745.45,80.33333333,2.666666667,40,13.6
50,0,25.29,48.7,24.272,48.178,26.1,45.09,25.6,46.03857143,24.2,64.09333333,15.6,50.28,24.8025,43.745,26.5,50.45,23.72571429,48.47142857,17.1,745.5,79.66666667,3.333333333,40,13.5
70,0,25.29,48.7,24.2,48.09,26.14285714,45.07714286,25.6,45.925,24.2,63.76666667,15.4,50.92428571,24.87,43.678,26.42666667,50.76666667,23.79,48.4,17.1,745.55,79,4,40,13.4
60,0,25.29,48.7,24.1,48.134,26.15,45,25.56,45.834,24.16666667,63.19333333,15.234,51.596,24.79,43.52571429,26.42666667,51.02666667,23.79,48.29285714,17.1,745.6,78.33333333,4.666666667,40,13.2
60,0,25.2,48.59,24.1,48.25142857,26.2,44.98,25.6,45.79,24.1,62.8,15.16428571,52.16857143,24.85,43.46,26.39,51.23,23.79,48.2,17.1,745.65,77.66666667,5.333333333,40,13.1
50,0,25.2,48.59,24.04,48.236,26.2,44.9,25.54,45.656,24.1,62.19333333,14.89,52.334,24.83285714,43.38428571,26.39,51.23,23.79,48.16857143,17.1,745.7,77,6,40,13
60,0,25.2,48.59,23.98625,48.23375,26.2,44.856,25.51428571,45.59,24.1,61.72666667,14.83857143,52.81285714,24.83,43.316,26.42666667,51.29,23.83,48.134,16.7,745.7333333,79.66666667,5.666666667,40,13.1
40,0,25.2,48.53,23.93888889,48.29,26.2,44.9,25.5,45.536,24.1,61.245,14.778,53.396,24.79,43.2,26.5,51.36333333,23.89,48.15285714,16.4,745.7666667,82.33333333,5.333333333,40,13.2
60,0,25.2,48.5,23.89,48.4,26.25142857,44.99857143,25.5,45.42857143,24.1,60.72333333,14.66428571,53.31142857,24.85,43.2,26.46333333,51.4,23.89,48.178,16,745.8,85,5,40,13.4
70,0,25.2,48.43333333,23.84714286,48.49857143,26.29,45.09,25.5,45.4,24.1,60.39,14.456,52.96,24.80428571,43.15285714,26.39,51.32666667,23.89,48.09,15.6,745.8333333,87.66666667,4.666666667,40,13.5
50,0,25.2,48.46666667,23.83,48.554,26.29,45.09,25.5,45.4,24.1,59.99,14.25,52.91428571,24.85,43.134,26.39,50.9,23.89,48.09,15.3,745.8666667,90.33333333,4.333333333,40,13.6
50,0,25.13333333,48.32666667,23.76428571,48.59,26.33,45.2,25.5,45.4,24.1,59.65666667,14.19,53.158,24.86142857,43.09,26.39,50.9,23.89,48.03857143,14.9,745.9,93,4,40,13.7
60,0,25.1,48.29,23.7,48.59,26.30428571,45.2,25.5,45.36857143,24.1,59.22333333,14.12571429,53.69428571,24.79,43,26.39,51.03,23.89,48,14.8,745.9,93.5,3.833333333,40,13.7
50,0,25.16666667,48.2,23.68571429,48.63714286,26.31,45.218,25.5,45.334,24.1,59.03,14,53.714,24.80428571,43,26.32333333,51.09,23.912,48,14.7,745.9,94,3.666666667,40,13.7
60,0,25.1,48.2,23.6,48.6725,26.39,45.22571429,25.5,45.35285714,24.1,58.76,14.0625,54.53375,24.83,42.98,26.29,51.12666667,23.92142857,48,14.6,745.9,94.5,3.5,40,13.7
60,0,25.1,48.09,23.6,48.718,26.39,45.2,25.478,45.356,24.03333333,58.5,14.1,55.05142857,24.79,42.97142857,26.29,51.12666667,24,48,14.5,745.9,95,3.333333333,40,13.6
60,0,25.1,48.09,23.52857143,48.79,26.39,45.22571429,25.43714286,45.4,24.06666667,58.19333333,14.08,55.09,24.79,42.96,26.29,51.2,23.96857143,47.98571429,14.4,745.9,95.5,3.166666667,40,13.6
60,0,25.1,48.09,23.5,48.79,26.39,45.2,25.39,45.4,24,57.86,13.96857143,55.05142857,24.79,42.9,26.29,51.2,23.934,47.96,14.3,745.9,96,3,40,13.6
50,0,25.1,48.03,23.48428571,48.88428571,26.42142857,45.2,25.39,45.30571429,24.06666667,57.69333333,13.89,55.44,24.79,42.9,26.2,51.46333333,23.89,47.92857143,14.2,745.8666667,96,2.666666667,37,13.6
60,0,25.1,48,23.39,48.9,26.434,45.156,25.39,45.312,24,57.43333333,14.02714286,55.79714286,24.79,42.9,26.2,51.72333333,24,47.94,14.2,745.8333333,96,2.333333333,34,13.5
60,0,25.1,48,23.39,48.97142857,26.5,45.16857143,25.39,45.32142857,24,57.16333333,14,55.894,24.79,42.834,26.2,51.79,24,47.92857143,14.1,745.8,96,2,31,13.4
60,0,25.06666667,48,23.35,49,26.5,45.09,25.39,45.29,24,56.96333333,14.02857143,56.22571429,24.79,42.80571429,26.13333333,51.86333333,24,47.94,14,745.7666667,96,1.666666667,28,13.4
50,0,25,48,23.31857143,49.05142857,26.5,45.09,25.39,45.27714286,24,56.76,14,56.254,24.79,42.79,26.1,52.2,24,47.9,14,745.7333333,96,1.333333333,25,13.4
60,0,25,47.96666667,23.29,49.09,26.5,45.054,25.39,45.2,24,56.62666667,13.89285714,56.29857143,24.79,42.79,26.1,52.62666667,24,47.9,13.9,745.7,96,1,22,13.3
50,0,25,47.9,23.29,49.09,26.5,45,25.39,45.2,24,56.46666667,13.778,56.254,24.79,42.79,26.1,52.83333333,24,47.9,13.9,745.6666667,95.83333333,1,22.33333333,13.3
60,0,25,47.9,23.254,49.09,26.52,45,25.39,45.2,24,56.32666667,13.66428571,56.16857143,24.79,42.73857143,26.1,52.9,24,47.9,13.9,745.6333333,95.66666667,1,22.66666667,13.3
60,0,25,47.9,23.2,49.09,26.55714286,45,25.34714286,45.13714286,24,56.16333333,13.456,55.754,24.79,42.7,26.1,52.82666667,24,47.9,13.9,745.6,95.5,1,23,13.3
60,0,25,47.9,23.2,49.09,26.54,45,25.39,45.09,24,56.03,13.28428571,55.46857143,24.79,42.66857143,26.1,52.72333333,24,47.9,14,745.5666667,95.33333333,1,23.33333333,13.2
50,0,25,47.9,23.2,49.09,26.6,44.89857143,25.31857143,45.02571429,24,56,13.058,54.998,24.79,42.59,26.1,52.59,23.95285714,47.9,14,745.5333333,95.16666667,1,23.66666667,13.2
60,0,24.89,47.79,23.1,49.134,26.6,44.79,25.29,44.94285714,23.96333333,55.79,12.86428571,54.53571429,24.71125,42.53375,26.1,52.33333333,24,47.9,14,745.5,95,1,24,13.2
50,0,24.89,47.79,23.1,49.10571429,26.6,44.79,25.29,44.86333333,23.89,55.73,12.654,54.59,24.73857143,42.44285714,26.03333333,52.06666667,24,47.9,13.8,745.4333333,95.16666667,1,30.33333333,13
70,0,24.89,47.76,23.1,49.156,26.6,44.7675,25.29,44.73857143,23.92666667,55.56,12.54285714,54.72714286,24.754,42.4,26,51.86333333,24,47.94,13.6,745.3666667,95.33333333,1,36.66666667,12.9
50,0,24.89,47.7,23.07142857,49.16857143,26.6,44.736,25.29,44.7,23.92666667,55.43333333,12.52,55.234,24.72571429,42.32142857,26,51.79,24,47.95714286,13.4,745.3,95.5,1,43,12.7
60,0,24.89,47.62666667,23,49.09,26.6,44.71285714,25.29,44.7,23.89,55.29,12.6,55.59,24.754,42.29,26,51.79,24,47.96,13.2,745.2333333,95.66666667,1,49.33333333,12.5
50,0,24.89,47.59,23,49.09,26.6,44.678,25.29,44.656,23.89,55.23,12.56,55.5,24.7,42.23857143,26,51.79,24,47.97142857,13,745.1666667,95.83333333,1,55.66666667,12.4
50,0,24.89,47.53,23,49.09,26.6,44.59,25.29,44.59,23.89,55.06,12.43714286,55.51285714,24.7,42.2,25.92666667,51.42666667,24,48,12.8,745.1,96,1,62,12.2
50,0,24.89,47.5,22.92142857,49.12142857,26.6,44.59,25.29,44.59,23.89,55,12.39,55.63,24.7,42.16857143,25.92666667,51.36666667,24,48,12.8,745.0833333,96.33333333,1,60.16666667,12.2
50,0,24.89,47.5,22.89,49.2,26.6,44.59,25.29,44.56428571,23.89,54.86333333,12.42142857,55.92285714,24.7,42.09,25.89,51.06,24,48,12.7,745.0666667,96.66666667,1,58.33333333,12.2
50,0,24.85666667,47.4,22.89,49.16857143,26.6,44.59,25.2,44.5,23.89,54.79,12.5,56.10625,24.7,42.09,25.89,50.93333333,24,47.97142857,12.7,745.05,97,1,56.5,12.3
50,0,24.79,47.32666667,22.87,49.2,26.55,44.59,25.2,44.5,23.89,54.66333333,12.6,56.29,24.7,42.036,25.89,50.754,24,48,12.7,745.0333333,97.33333333,1,54.66666667,12.3
50,0,24.79,47.36333333,22.8525,49.25625,26.52,44.59,25.2,44.5,23.89,54.53,12.6,56.29,24.7,42,25.89,50.63714286,24,48,12.6,745.0166667,97.66666667,1,52.83333333,12.3
60,0,24.79,47.29,22.79,49.22571429,26.5,44.59,25.2,44.5,23.89,54.46666667,12.46333333,56.22333333,24.7,42,25.89,50.516,24,48,12.6,745,98,1,51,12.3
50,0,24.79,47.2,22.79,49.29,26.55,44.59,25.2,44.5,23.89,54.32666667,12.33,55.96333333,24.7,42,25.89,50.4,24,48,12.6,744.95,98.16666667,1,52.66666667,12.3
70,0,24.79,47.2,22.75142857,49.29,26.5,44.59,25.2,44.41428571,23.89,54.2,12.16,55.56,24.7,41.94,25.85,50.254,24,48,12.5,744.9,98.33333333,1,54.33333333,12.2
50,0,24.79,47.2,22.736,49.29,26.53333333,44.5,25.2,44.4,23.89,54.2,12.1,55.5,24.7,41.9,25.83285714,50.13714286,24,48,12.4,744.85,98.5,1,56,12.2
50,0,24.79,47.2,22.7,49.29,26.58333333,44.5,25.2,44.4,23.89,54.06,11.93333333,55.12333333,24.7,41.856,25.79,49.95875,24,48,12.4,744.8,98.66666667,1,57.66666667,12.2
60,0,24.79,47.16333333,22.7,49.29,26.52,44.44,25.2,44.29,23.89,54,11.8,54.79,24.7,41.82142857,25.79,49.75,24,47.98,12.4,744.75,98.83333333,1,59.33333333,12.1
60,0,24.79,47.09,22.7,49.29,26.53333333,44.5,25.14285714,44.21285714,23.89,53.86333333,11.66,54.79,24.66,41.754,25.79,49.59,23.96857143,47.94285714,12.3,744.7,99,1,61,12.1
50,0,24.76,47.09,22.66,49.254,26.58571429,44.41428571,25.15,44.2,23.89,53.79,11.6,55.06333333,24.67142857,41.73285714,25.79,49.4,24,47.9,12.3,744.65,98.66666667,1,61.5,12
60,0,24.7,47.09,22.62857143,49.26428571,26.6,44.4,25.1,44.2,23.89,53.7,11.6,55.32666667,24.7,41.7,25.77714286,49.33714286,24,47.83714286,12.2,744.6,98.33333333,1,62,11.9
90,0,24.7,47.06,22.66,49.254,26.6,44.4,25.1,44.2,23.89,53.56,11.66,55.6,24.68571429,41.60571429,25.754,49.29,24,47.812,12.2,744.55,98,1,62.5,11.9
50,0,24.7,47.19333333,22.6,49.46428571,26.54285714,44.23857143,25.1,44.2,23.89,53.5,11.72666667,55.9,24.6,41.545,25.76428571,49.29,24,47.82142857,12.1,744.5,97.66666667,1,63,11.8
60,0,24.79,47.56,22.6,49.754,26.478,43.994,25.1,44.09,23.79,53.29,11.8,55.9,24.6,41.5,25.7,49.29,24,47.79,12.1,744.45,97.33333333,1,63.5,11.7
50,10,24.79,47.375,22.6,49.79,26.34,43.79,25.1,44.13714286,23.79,52.89666667,11.83,56.03,24.6,41.5,25.7,49.30571429,24,47.77714286,12,744.4,97,1,64,11.6
40,0,24.79,47.12666667,22.6,49.656,26.23857143,43.59857143,25.1,44.09,23.89,52.62666667,11.96333333,56.16333333,24.6,41.5,25.7,49.478,24,47.7,11.8,744.3833333,97.33333333,1,54.16666667,11.5
50,0,24.79,47,22.6,49.62142857,26.14,43.5,25.1,44.09,23.82333333,52.7,12.13,56.32666667,24.6,41.48,25.7,49.49714286,24,47.62142857,11.7,744.3666667,97.66666667,1,44.33333333,11.4
40,0,24.79,47,22.6,49.572,26.1,43.5,25.1,44.09,23.79,52.79,12.3225,56.5925,24.6,41.4375,25.7,49.254,24,47.5,11.5,744.35,98,1,34.5,11.3
50,0,24.79,47,22.67142857,49.56428571,26.1,43.4,25.1,44.09,23.79,52.79,12.7,56.99,24.6,41.4,25.68571429,49.04,23.98428571,47.44285714,11.3,744.3333333,98.33333333,1,24.66666667,11.1
60,0,24.79,47,22.736,49.5,26.04285714,43.45714286,25.1,44.09,23.85666667,52.86333333,13.19666667,57.29,24.6,41.4,25.6,48.834,23.912,47.334,11.2,744.3166667,98.66666667,1,14.83333333,11
60,0,24.79,47,22.84714286,49.39857143,26,43.48,25.1,44.134,23.85666667,52.79,13.53,57.43,24.6,41.4,25.6,48.69428571,24,47.26428571,11,744.3,99,1,5,10.9
60,0,24.79,47,22.976,49.272,26,43.4,25.1,44.2,23.79,52.7,13.72666667,57.59,24.6,41.42,25.6,48.59,24,47.2,11.4,744.3,99,1,11.33333333,11.3
50,0,24.79,47,23.12857143,49.09571429,26,43.4,25.1,44.2,23.79,52.62666667,14,57.79666667,24.6,41.45714286,25.6,48.51285714,24,47.10571429,11.7,744.3,99,1,17.66666667,11.6
60,10,24.79,47,23.33,48.82,26,43.4,25.1,44.2,23.82333333,52.59,14.49,58.06666667,24.6,41.5,25.58,48.44,24,47.09,12.1,744.3,99,1,24,11.9
50,0,24.79,47.03,23.48142857,48.55428571,26.02,43.4,25.1,44.2,23.82333333,52.59,14.82333333,58.33333333,24.6,41.53,25.5,48.4,24,47.09,12.5,744.3,99,1,30.33333333,12.3
70,0,24.79,47.16333333,23.854,48.22,26.05714286,43.4,25.1,44.2225,23.79,52.5,15.43,58.65666667,24.62,41.696,25.5,48.4,24,47.036,12.8,744.3,99,1,36.66666667,12.7
50,0,24.79,47.23,24.42142857,47.35,26.1,43.356,25.12,44.312,23.79,52.5,15.89666667,58.73,24.7,41.9,25.5,48.4,24.0625,47.0675,13.2,744.3,99,1,43,13
60,0,24.79,47.36333333,24.7,46.62,26.1,43.35285714,25.16,44.4,23.82333333,52.5,16.39333333,58.69333333,24.63333333,41.9,25.5,48.4,24.08571429,47.09,13.6,744.3166667,97.16666667,1.166666667,46.16666667,13.1
50,0,24.85666667,47.46666667,24.5875,46.4125,26.1,43.4,25.2,44.4,23.82333333,52.43333333,16.6,57.5,24.65714286,42.00857143,25.5,48.47142857,24,47.09,14,744.3333333,95.33333333,1.333333333,49.33333333,13.2
50,0,24.79,47.46666667,24.45285714,46.49857143,26.04,43.5,25.2,44.4,23.79,52.46666667,16.86,57.09,24.7,42.174,25.5,48.44,24,47.09,14.4,744.35,93.5,1.5,52.5,13.4
50,0,24.85666667,47.56,24.5,46.612,26.1,43.5,25.2,44.5,23.79,52.295,17.13333333,54.75666667,24.62857143,42.14714286,25.5,48.5,24,47.09,14.9,744.3666667,91.66666667,1.666666667,55.66666667,13.5
50,0,24.79,47.56,24.57142857,46.59571429,26.05714286,43.5,25.2,44.5,23.79,52.2,17.69666667,51.89666667,24.66,42.254,25.5,48.518,24.02857143,47.21,15.3,744.3833333,89.83333333,1.833333333,58.83333333,13.6
40,0,24.85666667,47.66333333,24.6,46.4,26,43.518,25.2,44.59,23.82333333,52.09,18.09666667,47.89666667,24.68333333,42.36666667,25.42666667,48.59,24,47.2,15.7,744.4,88,2,62,13.7
50,10,24.79,47.66333333,24.61428571,46.26714286,26,43.59,25.2,44.59,23.89,52.03,18.46,44.59333333,24.7,42.43333333,25.39,48.59,24,47.22571429,15.8,744.3833333,86,2.166666667,55.33333333,13.5
40,0,24.84,47.745,24.68,46.25,26,43.634,25.2,44.68428571,23.89,51.96666667,18.66666667,42.06666667,24.7,42.5,25.39,48.59,24,47.29,16,744.3666667,84,2.333333333,48.66666667,13.2
50,0,24.85666667,47.79,24.67142857,46.16857143,26,43.7,25.2,44.7,23.89,51.9,19.06666667,41.13333333,24.7,42.59,25.39,48.59,24,47.29,16.1,744.35,82,2.5,42,13
50,0,24.85666667,47.86333333,24.7,46.2,26,43.718,25.2,44.72571429,23.89,51.9,19.2475,38.245,24.7,42.59,25.39,48.59,24.02,47.312,16.2,744.3333333,80,2.666666667,35.33333333,12.8
60,0,24.85666667,47.86333333,24.64285714,46.13714286,26,43.79,25.2,44.754,23.89,51.82666667,19.39,36.4,24.7,42.59,25.39,48.59,24.02857143,47.32142857,16.4,744.3166667,78,2.833333333,28.66666667,12.5
60,0,24.79,47.79,24.6,46.09,26,43.79,25.2,44.77714286,23.89,51.76,19.26,35.43333333,24.7,42.66333333,25.39,48.59,24,47.29,16.5,744.3,76,3,22,12.3
60,0,24.79,47.82666667,24.62857143,46.12142857,26,43.79,25.218,44.812,23.82333333,51.7,19.2,35.3,24.7,42.7,25.39,48.59,24,47.29,16.5,744.3166667,75.66666667,3,21.66666667,12.2
60,0,24.85666667,47.96666667,24.7,46.09,26,43.812,25.26428571,44.85285714,23.89,51.7,19.26333333,34.65666667,24.7,42.7225,25.39,48.59,24,47.29,16.5,744.3333333,75.33333333,3,21.33333333,12.2
50,0,24.89,48,24.7,46.09,26,43.85285714,25.2,44.9,23.82333333,51.62666667,19.32333333,33.06333333,24.7,42.79,25.39,48.66333333,24,47.29,16.6,744.35,75,3,21,12.1
60,10,24.89,48,24.718,46.072,26,43.856,25.2,44.9,23.89,51.59,19.1,32.02333333,24.7,42.76,25.39,48.59,24.06,47.356,16.6,744.3666667,74.66666667,3,20.66666667,12
60,0,24.89,48,24.81857143,46,26,43.88625,25.23857143,44.9,23.89,51.59,19.22666667,31.29,24.7,42.7,25.35666667,48.59,24,47.29,16.6,744.3833333,74.33333333,3,20.33333333,12
50,0,24.89,48,25.04,45.71,26,43.82142857,25.218,44.9,23.89,51.56,19.76666667,26.56333333,24.7,42.73,25.29,48.59,24.02,47.29,16.6,744.4,74,3,20,11.9
50,0,24.89,47.96666667,25.15714286,45.44,26,43.856,25.29,44.9,23.89,51.5,20.03333333,21.29,24.7,42.73,25.29,48.59,24.02857143,47.22571429,16.9,744.4,72.5,3,20.83333333,11.9
50,0,24.89,47.9,25.254,45.176,26,43.82142857,25.29,44.79,23.89,51.46666667,20.06666667,22.49,24.7,42.7,25.29,48.53,24.04,47.2,17.2,744.4,71,3,21.66666667,11.8
50,0,24.96333333,47.86333333,25.36142857,44.79571429,26,43.834,25.29,44.77714286,23.89,51.4,20.32666667,21.09666667,24.76,42.62666667,25.29,48.46666667,24.04285714,47.13714286,17.4,744.4,69.5,3,22.5,11.8
50,0,24.96333333,47.86333333,25.39,44.59,26,43.85285714,25.29,44.7,23.89,51.4,20.26,20.82333333,24.76,42.59,25.29,48.4,24.06,47.09,17.7,744.4,68,3,23.33333333,11.7
50,0,25,47.79,25.45285714,44.46571429,26,43.856,25.29,44.7,23.89,51.32666667,20.46666667,18.89,24.76,42.53,25.26,48.29,24.1,47.09,18,744.4,66.5,3,24.16666667,11.7
50,0,25,47.79,25.58,44.196,26,43.82142857,25.39,44.656,23.89,51.29,21,15,24.79,42.46666667,25.26,48.29,24.1,47,18.3,744.4,65,3,25,11.6
60,0,25.03333333,47.76,25.72571429,43.89714286,26,43.834,25.39,44.59,23.89,51.2225,21.26,13.13333333,24.79,42.32666667,25.29,48.29,24.1,47,18.6,744.3666667,64.33333333,2.833333333,24.83333333,11.7
60,10,25.1,47.7,25.79,43.59,26.08571429,43.80571429,25.39,44.572,23.96333333,51.2,21.76333333,9.493333333,24.89,42.4,25.29,48.29,24.1,46.94,18.8,744.3333333,63.66666667,2.666666667,24.66666667,11.7
50,0,25.1,47.66333333,25.87571429,43.53857143,26.1,43.79,25.39,44.47142857,24,51.2,22.09666667,8.3,24.89,42.4,25.26,48.2,24.1,46.9,19.1,744.3,63,2.5,24.5,11.8
60,0,25.16666667,47.59,25.912,43.5,26.1,43.79,25.456,44.4,24,51.12666667,22.69666667,6.023333333,24.89,42.36333333,25.26,48.2,24.1,46.82142857,19.3,744.2666667,62.33333333,2.333333333,24.33333333,11.9
50,0,25.2,47.5,26,43.7,26.1,43.79,25.48428571,44.33714286,24,51.09,22.82333333,4.163333333,24.96333333,42.29,25.245,48.145,24.1,46.79,19.6,744.2333333,61.66666667,2.166666667,24.16666667,11.9
60,0,25.29,47.4,26.1,43.53375,26.14285714,43.71285714,25.5,44.29,24,51.09,23.1,2.745,25,42.2,25.29,48.09,24.1,46.73857143,19.8,744.2,61,2,24,12
60,0,25.29,47.32666667,26.2,43.356,26.16,43.7,25.52857143,44.22571429,24,51.09,23.16333333,2.833333333,25.06666667,42.2,25.23,48.09,24.1,46.7,20,744.1833333,60,2.166666667,24,11.9
60,0,25.32333333,47.29,26.2,43.21285714,26.2,43.66857143,25.54,44.2,24,51.09,23.29,2.026666667,25.1,42.09,25.26,48,24.1,46.66857143,20.2,744.1666667,59,2.333333333,24,11.8
50,0,25.39,47.23,26.2,43.134,26.2,43.59,25.6,44.13714286,24,51.03,23.26333333,1.39,25.1,42.03,25.26,48,24.1,46.59,20.4,744.15,58,2.5,24,11.8
60,0,25.39,47.16333333,26.2,43.09,26.2,43.59,25.6,44.09,24,51.03,23.32333333,1.596666667,25.1,41.9,25.29,48,24.1,46.59,20.6,744.1333333,57,2.666666667,24,11.7
50,0,25.39,47.09,26.2,43.09,26.218,43.59,25.6,44.09,24,51,23.73333333,2.833333333,25.175,41.9,25.23,48,24.1,46.536,20.8,744.1166667,56,2.833333333,24,11.6
60,0,25.5,47.09,26.2,43.09,26.29,43.59,25.6,44.054,24,51,24.19333333,1.166666667,25.2,41.9,25.2,48,24.1,46.5,21,744.1,55,3,24,11.5
60,0,25.5,47.03,26.2,43.072,26.254,43.59,25.61428571,44.02571429,24.06666667,51.02666667,24.36,1.033333333,25.23,41.79,25.26,47.86,24.1,46.5,21,744.1,55.33333333,3.166666667,24.5,11.6
60,0,25.5,46.9,26.22571429,43,26.25142857,43.51285714,25.64,43.98,24,50.9,24.63333333,1.033333333,25.23,41.73,25.23,47.79,24.1,46.5,21.1,744.1,55.66666667,3.333333333,25,11.8
50,0,25.5,46.9,26.236,42.9,26.29,43.5,25.64285714,43.9,24.1,51,24.8,1.066666667,25.29,41.7,25.29,47.79,24.1,46.44,21.1,744.1,56,3.5,25.5,11.9
70,0,25.53333333,46.79,26.27714286,42.9,26.29,43.5,25.66,43.9,24.1,51,24.92666667,1.066666667,25.29,41.7,25.29,47.79,24.14285714,46.4,21.1,744.1,56.33333333,3.666666667,26,12
40,0,25.6,46.79,26.236,42.9,26.29,43.44,25.64285714,43.9,24.1,51,24.72666667,1,25.29,41.7,25.23,47.86333333,24.1,46.4,21.2,744.1,56.66666667,3.833333333,26.5,12.2
50,0,25.5,46.79,26.2,42.9,26.29,43.42857143,25.7,43.9,24.1,51,24.66666667,1,25.29,41.62666667,25.29,47.79,24.1,46.4,21.2,744.1,57,4,27,12.3
60,0,25.5,46.73,26.2,42.96,26.29,43.5,25.7,43.9,24.1,51,24.92666667,1,25.29,41.59,25.29,47.79,24.1,46.4,21.2,744.1,57.16666667,3.833333333,26.5,12.4
80,0,25.53333333,46.7,26.18571429,42.99857143,26.29,43.5,25.7,43.83125,24.1,51.8,24.86,1,25.29,41.59,25.23,47.99333333,24.1,46.4,21.2,744.1,57.33333333,3.666666667,26,12.4
60,0,25.6,46.7,26.1,43.09,26.29,43.5,25.7,43.856,24.1,52.32666667,24.4,1.26,25.29,41.73,25.29,48.93333333,24.16,46.356,21.2,744.1,57.5,3.5,25.5,12.5
80,0,25.6,46.7,26.1,43.12142857,26.29,43.5,25.68571429,43.88428571,24.1,52.4,24.2,1.666666667,25.29,41.79,25.39,49.62666667,24.14285714,46.38428571,21.2,744.1,57.66666667,3.333333333,25,12.6
80,0,25.6,46.7,26.1,43.2,26.29,43.55142857,25.64,43.9,24.1,52.6,24.6,2.726666667,25.2,41.9,25.46333333,49.83333333,24.1,46.4,21.2,744.1,57.83333333,3.166666667,24.5,12.6
100,0,25.6,46.7,26.05714286,43.34,26.254,43.59,25.67142857,43.97142857,24.1,52.59,24.46,3.466666667,25.2,42.02666667,25.5,50.15666667,24.1,46.4,21.2,744.1,58,3,24,12.7
100,0,25.6,46.7,26.04,43.4,26.29,43.59,25.64,44.036,24.1,52.53,24.5,4.323333333,25.2,42.2,25.6,50.3175,24.2,46.5,21.2,744.1,57.83333333,2.833333333,24.83333333,12.7
110,0,25.6,46.7,26,43.47142857,26.29,43.59,25.64285714,44.09,24.1,52.46666667,24.56666667,4.196666667,25.2,42.33333333,25.76,50.4,24.11428571,46.5,21.2,744.1,57.66666667,2.666666667,25.66666667,12.6
200,0,25.6,47.09333333,25.956,44.09,26.23857143,43.89142857,25.6,44.156,24.1,52.4,24.445,4.545,25.26,42.5,25.82333333,50.22333333,24.14,46.594,21.2,744.1,57.5,2.5,26.5,12.6
100,0,25.6,48.23333333,25.73857143,45.78428571,26.2,44.38,25.67142857,44.2,24.1,52.29,24.56666667,4.933333333,25.2,42.56,25.96333333,50.36333333,24.17142857,46.86857143,21.2,744.1,57.33333333,2.333333333,27.33333333,12.5
100,0,25.6,49.2,25.58,47.056,26.2,44.97142857,25.64,44.29,24.1,52.29,25.03333333,4.333333333,25.26,42.79,26.1,50.36333333,24.2,47,21.2,744.1,57.16666667,2.166666667,28.16666667,12.4
100,0,25.53333333,49.26,25.5,46.92857143,26.2,45.334,25.61428571,44.38428571,24.2,52.29,25.12333333,1.43,25.26,42.79,26.1,50.23,24.2,47.075,21.2,744.1,57,2,29,12.4
110,0,25.5,49.26,25.39,47.09,26.15714286,45.45714286,25.6,44.4,24.2,52.36333333,24.73,1.896666667,25.245,42.79,26.23,50.26,24.18571429,47.01285714,21.2,744.1,56.5,2.333333333,29,12.3
120,0,25.5,49.2,25.48428571,46.73714286,26.2,45.5,25.6,44.42857143,24.2,52.36333333,24.4,1.26,25.2,42.86333333,26.35666667,50.06666667,24.16,47,21.2,744.1,56,2.666666667,29,12.1
110,0,25.5,49.26,25.5,46.4,26.2,45.5,25.6,44.46,24.2,52.15666667,23.86666667,1,25.2,42.79,26.5,49.69333333,24.2,46.92857143,21.2,744.1,55.5,3,29,12
470,0,25.5,49,25.5,46.07125,26.2,45.4,25.6,44.4,24.2,51.96666667,23.06333333,1.233333333,25.2,42.66333333,26.56666667,49.36,24.14,46.9,21.2,744.1,55,3.333333333,29,11.9
340,0,25.53333333,49.59333333,25.46857143,45.88142857,26.17142857,45.33714286,25.6,44.378,24.13333333,51.82666667,22.66333333,1.493333333,25.2,42.53,26.63333333,49.2,24.14285714,46.80571429,21.2,744.1,54.5,3.666666667,29,11.7
100,0,25.6,53.26,25.5,46.79,26.2,45.332,25.6,44.22571429,24.2,51.76666667,21.9,1.596666667,25.16666667,42.22333333,26.7,48.92666667,24.16,46.714,21.2,744.1,54,4,29,11.6
110,0,25.6,51.33333333,25.43714286,47.13285714,26.2,45.59571429,25.6,44.156,24.13333333,51.96666667,21.63333333,2.99,25.1,42.03,26.6,48.36333333,24.15714286,46.52571429,20.9,744.1,55,3.666666667,30.83333333,11.6
110,0,25.6,50.86,25.39,47.036,26.2,45.79,25.57142857,44.09,24.2,52.12666667,21.26,5.626666667,25.1,42.03,26.66666667,48.43,24.14,46.634,20.6,744.1,56,3.333333333,32.66666667,11.5
90,0,25.6,50.29666667,25.31857143,46.97142857,26.2,45.73857143,25.58,44.09,24.2,52.12666667,21.13333333,6.96,25.1,42.16333333,26.7,48.73,24.2,46.76714286,20.3,744.1,57,3,34.5,11.5
110,0,25.6,49.96333333,25.29,46.856,26.2,45.678,25.54285714,44.16857143,24.16666667,52.06,20.85666667,8.033333333,25.1,42.43333333,26.7,48.79,24.2,46.92,19.9,744.1,58,2.666666667,36.33333333,11.5
110,0,25.6,49.56,25.21285714,46.79,26.2,45.52571429,25.5,44.236,24.16666667,51.93333333,20.66333333,8.433333333,25.1,42.5,26.7,48.7,24.2,47.02571429,19.6,744.1,59,2.333333333,38.16666667,11.4
130,0,25.6,49.36,25.14,46.772,26.2,45.4,25.5,44.29,24.1,51.76,20.32666667,8.83,25.1,42.59,26.7,48.7,24.2,47.09,19.3,744.1,60,2,40,11.4
120,0,25.6,49.06,25.1,46.66857143,26.2,45.33714286,25.5,44.356,24.175,51.595,20.13333333,9.296666667,25.1,42.66333333,26.73,48.7,24.2,47.05142857,19.2,744.1166667,61,2,40,11.6
120,0,25.6,48.86,25.1,46.554,26.2,45.29,25.5,44.4,24.2,51.43333333,19.79333333,10.15666667,25.1,42.73,26.85666667,48.7,24.2,47.054,19.1,744.1333333,62,2,40,11.7
120,0,25.6,48.66333333,25.1,46.57714286,26.2,45.21285714,25.5,44.44,24.16666667,51.26,19.33333333,11.15666667,25.1,42.79,26.92666667,48.86666667,24.2,47.09,19.1,744.15,63,2,40,11.9
130,0,25.525,48.5225,25.1,46.59,26.2,45.2,25.5,44.5,24.16666667,51.2,18.93,12.7,25.1,42.93333333,27,49.26,24.14,47.2,19,744.1666667,64,2,40,12
120,0,25.5,48.43333333,25.02857143,46.62142857,26.2,45.12142857,25.5,44.5675,24.2,51.06,18.59666667,14.16,25.1,43,27.05,49.245,24.15714286,47.2,18.9,744.1833333,65,2,40,12.2
130,0,25.56666667,48.36333333,24.89,46.7,26.2,45.09,25.456,44.59,24.2,51,18.195,16.15,25,43.12666667,27.13333333,49.2,24.14,47.218,18.8,744.2,66,2,40,12.3
120,0,25.5,48.29,24.89,46.77714286,26.2,45.02571429,25.46857143,44.59,24.2,50.9,17.82666667,18.42666667,25,43.2,27.2,49.2,24.1,47.29,18.7,744.2666667,67.16666667,1.833333333,40,12.4
80,0,25.5,48.29,24.83,46.812,26.2,45,25.39,44.7,24.2,50.9,17.63333333,20.96666667,25,43.23,27.23,49.09,24.1,47.334,18.5,744.3333333,68.33333333,1.666666667,40,12.6
70,0,25.5,48.29,24.79,46.99714286,26.2,45,25.42142857,44.81428571,24.2,50.79,17.46333333,24.93333333,25,43.36333333,27.23,49.22333333,24.1,47.47,18.4,744.4,69.5,1.5,40,12.7
70,0,25.5,48.32666667,24.7,47.236,26.2,45,25.39,44.92,24.2,50.79,17.32333333,28.12666667,25,43.645,27.2,49.69333333,24.08,47.656,18.3,744.4666667,70.66666667,1.333333333,40,12.8
130,0,25.5,48.4,24.7,47.44142857,26.2,45,25.39,45.09571429,24.16666667,50.79,17.16666667,30.96666667,25,43.9,27.13333333,50.02666667,24.07142857,47.84285714,18.1,744.5333333,71.83333333,1.166666667,40,13
80,0,25.5,48.43333333,24.64,47.594,26.2,45,25.39,45.4,24.1,50.79,17.03333333,31.63333333,25,44.02666667,27.1,50.36,24,48,18,744.6,73,1,40,13.1
70,10,25.5,48.56,24.6,47.96571429,26.2,45,25.39,45.53714286,24.1,50.9,16.59666667,33.56666667,25,44.23,27.1,50.63333333,24.04285714,48.19142857,17.8,744.6666667,73.66666667,1,37.83333333,13
80,10,25.5,48.73,24.5,48.236,26.2,45.054,25.39,45.674,24.1,50.9,16.19666667,35.76,24.92666667,44.29,27.06666667,50.72666667,24.025,48.3725,17.6,744.7333333,74.33333333,1,35.66666667,13
80,10,25.5,48.86333333,24.52857143,48.39857143,26.2,45.09,25.39,45.79,24.16666667,51.03,15.79333333,38.06333333,24.96333333,44.4,27.06666667,51.19333333,24,48.46,17.4,744.8,75,1,33.5,12.9
60,0,25.5,49,24.478,48.554,26.2225,45.09,25.39,45.94,24.1,51.09,15.53333333,39.79,24.96333333,44.32666667,27.01428571,51.38428571,24,48.56428571,17.2,744.8666667,75.66666667,1,31.33333333,12.8
60,0,25.5,49,24.39,48.59,26.29,45.09,25.39,46.11166667,24.1,51.2,15.36,41.6,25,44.09,27,51.42,24,48.46,17,744.9333333,76.33333333,1,29.16666667,12.8
60,0,25.46333333,49.03,24.35,48.7,26.29,45.06,25.39,46.156,24.1,51.26,15.3,43.52666667,25,44.03,27,51.68142857,24.04285714,48.2,16.8,745,77,1,27,12.7
60,0,25.39,49.16333333,24.315,48.7225,26.35666667,45,25.39,46.12142857,24.1,51.29,15.06666667,44.72666667,24.96333333,43.86333333,26.956,51.92,24.06,48.036,16.5,745.0833333,78.66666667,1,26.66666667,12.7
70,0,25.39,49.2,24.21285714,48.72571429,26.39,45,25.39,46.09,24.1,51.29,15,46.66666667,24.96333333,43.73,26.89,51.65285714,24.1,48,16.2,745.1666667,80.33333333,1,26.33333333,12.8
50,0,25.39,49.12666667,24.18,48.79,26.39,45,25.39,46.09,24.1,51.29,14.86,47.26,24.92666667,43.66333333,26.89,51.79,24.1,47.96,15.9,745.25,82,1,26,12.8
60,0,25.35666667,49.06,24.1,48.82142857,26.39,44.96666667,25.29,46.054,24.125,51.29,14.72666667,48.06666667,25,43.59,26.89,51.79,24.1,47.9,15.6,745.3333333,83.66666667,1,25.66666667,12.8
60,0,25.35666667,49,24,48.79,26.39,44.9,25.29,46,24.13333333,51.23,14.66,48.5,25,43.46666667,26.89,51.856,24.1,47.9,15.3,745.4166667,85.33333333,1,25.33333333,12.9
60,0,25.39,49,23.98428571,48.88428571,26.39,44.86333333,25.29,46,24.1,51.2,14.6225,49.52,24.92666667,43.4,26.80428571,51.71285714,24.1,47.9,15,745.5,87,1,25,12.9
60,0,25.29,48.9,23.89,48.978,26.39,44.79,25.29,45.9,24.1,51.2,14.63,49.86666667,24.89,43.36333333,26.79,51.678,24.1,47.856,14.9,745.5,87.66666667,1,24.5,12.9
60,0,25.29,48.9,23.89,49.09,26.42666667,44.76,25.29,45.9,24.1,51.2,14.56666667,49.9,24.96333333,43.29,26.79,51.49714286,24.1,47.79,14.7,745.5,88.33333333,1,24,12.8
50,0,25.29,48.79,23.79,49.09,26.5,44.7,25.29,45.9,24.1,51.12666667,14.42666667,49.76666667,24.89,43.26,26.79,51.2,24.1,47.772,14.6,745.5,89,1,23.5,12.8
60,0,25.29,48.73,23.73857143,49.19714286,26.5,44.7,25.29,45.878,24.1,51.09,14.26333333,49.69333333,24.96333333,43.2,26.71285714,51.13714286,24.12857143,47.7,14.4,745.5,89.66666667,1,23,12.7
50,0,25.29,48.66333333,23.7,49.312,26.5,44.6175,25.245,45.79,24.1,51.09,14.19,50.23333333,24.89,43.2,26.7,51.09,24.16,47.7,14.3,745.5,90.33333333,1,22.5,12.7
70,0,25.29,48.59,23.67142857,49.36857143,26.5,44.59,25.272,45.79,24.1,51.06,14.22666667,51.52666667,24.89,43.1175,26.7,51.07875,24.15714286,47.7,14.1,745.5,91,1,22,12.6
50,0,25.29,48.59,23.6,49.4,26.6,44.59,25.22571429,45.79,24.1,51,14.36,52.33333333,24.89,43.09,26.67142857,51.06428571,24.14,47.7,14.3,745.5666667,91.5,1.333333333,25.83333333,12.9
60,0,25.29,48.53,23.6,49.48571429,26.53333333,44.59,25.29,45.79,24.1,51,14.56333333,53.73333333,24.89,43.09,26.6,51.054,24.17142857,47.7,14.4,745.6333333,92,1.666666667,29.66666667,13.1
40,0,25.29,48.5,23.54,49.576,26.6,44.56,25.2675,45.8725,24.1,51,14.76333333,54.46666667,24.89,43.09,26.58571429,50.96857143,24.2,47.7,14.6,745.7,92.5,2,33.5,13.4
60,0,25.23,48.5,23.5,49.72571429,26.6,44.5,25.2,45.9,24.1,50.96666667,14.89,54.7,24.89,43.09,26.52,50.9,24.2,47.75142857,14.8,745.7666667,93,2.333333333,37.33333333,13.7
50,0,25.2,48.5,23.5,49.834,26.5,44.53,25.2,45.9,24.1,50.96666667,14.89,54.7,24.89,43.09,26.52857143,50.9,24.2,47.79,14.9,745.8333333,93.5,2.666666667,41.16666667,13.9
50,0,25.2,48.5,23.40571429,49.80571429,26.56666667,44.53,25.2,45.9,24.1,50.96666667,14.89,54.82666667,24.89,43.09,26.5,50.86333333,24.2,47.79,15.1,745.9,94,3,45,14.2
50,0,25.2,48.46666667,23.39,49.79,26.6,44.5,25.2,45.856,24.1,50.9,14.89,54.96666667,24.89,43.09,26.5,50.775,24.2,47.79,15.2,745.9166667,93.16666667,3,40.83333333,14.1
50,0,25.2,48.46666667,23.39,49.79,26.6,44.5,25.2,45.79,24.1,50.9,14.86,55.03,24.89,43.06,26.5,50.718,24.2,47.82142857,15.2,745.9333333,92.33333333,3,36.66666667,14
60,0,25.2,48.4,23.29,49.79,26.56666667,44.5,25.2,45.772,24.1,50.9,14.72666667,55.09,24.89,43,26.445,50.79,24.236,47.896,15.3,745.95,91.5,3,32.5,13.9
60,0,25.13333333,48.4,23.29,49.79,26.56666667,44.5,25.2,45.7,24.1,50.9,14.56666667,55.06333333,24.89,43,26.43714286,50.95428571,24.2,47.9,15.4,745.9666667,90.66666667,3,28.33333333,13.8
50,0,25.1,48.4,23.29,49.834,26.6,44.5,25.2,45.7,24.1,50.82666667,14.36666667,54.45666667,24.89,42.93333333,26.434,51.09,24.2675,48.0675,15.4,745.9833333,89.83333333,3,24.16666667,13.7
60,0,25.1,48.32666667,23.29,49.79,26.6,44.43333333,25.12857143,45.62142857,24.1,50.79,14,53.59333333,24.89,42.9,26.39,51.09,24.254,48.09,15.5,746,89,3,20,13.6
60,0,25.1,48.29,23.29,49.79,26.6,44.4,25.1,45.5,24.1,50.79,13.5975,53.2,24.89,42.82666667,26.39,51.09,24.25142857,48.20428571,15.2,745.9666667,89.66666667,2.833333333,27.5,13.4
50,0,25.1,48.29,23.21285714,49.71285714,26.6,44.4,25.1,45.44285714,24.03333333,50.65666667,13.46333333,54.2,24.89,42.79,26.39,51.09,24.254,48.276,14.9,745.9333333,90.33333333,2.666666667,35,13.3
60,0,25.1,48.29,23.2,49.7,26.6,44.29,25.1,45.4,24.1,50.7,13.43333333,54.69333333,24.89,42.73,26.33285714,51.02428571,24.29,48.4,14.7,745.9,91,2.5,42.5,13.2
60,0,25.1,48.16333333,23.2,49.7,26.6,44.29,25.1,45.4,24.1,50.7,13.16666667,54.36,24.89,42.7,26.29,50.816,24.29,48.5,14.4,745.8666667,91.66666667,2.333333333,50,13
60,0,25.1,48.09,23.2,49.7,26.6,44.26,25.1,45.356,24.1,50.7,12.93333333,54.16333333,24.89,42.7,26.29,50.7,24.29,48.61428571,14.1,745.8333333,92.33333333,2.166666667,57.5,12.9
60,0,25.1,48.09,23.1,49.7,26.6,44.2,25.1,45.23857143,24.1,50.62666667,12.72666667,54.22333333,24.89,42.59,26.29,50.59,24.29,48.7,13.8,745.8,93,2,65,12.7
60,0,25.03333333,48.09,23.1,49.68428571,26.6,44.16333333,25.1,45.2,24.1,50.59,12.6,54.33,24.89,42.59,26.29,50.575,24.29,48.7,13.6,745.7833333,93.66666667,1.833333333,60,12.6
50,0,25,48,23.06,49.554,26.675,44.09,25.1,45.12142857,24.1,50.53,12.46,54.33,24.89,42.5,26.272,50.418,24.29,48.7,13.5,745.7666667,94.33333333,1.666666667,55,12.6
60,0,25,48,23.02857143,49.52571429,26.7,44.09,25.1,45,24.1,50.5,12.32333333,54.63333333,24.815,42.3425,26.245,50.29,24.29,48.7,13.3,745.75,95,1.5,50,12.5
60,0,25,47.96666667,23,49.44,26.6,44.06,25.1,44.95,24.1,50.5,12.13,54.43333333,24.79,42.23,26.21285714,50.10571429,24.29,48.718,13.1,745.7333333,95.66666667,1.333333333,45,12.4
60,0,25,47.9,22.98428571,49.41428571,26.6,44,25.1,44.856,24.03333333,50.43333333,12.06666667,54.73,24.79,42.16333333,26.2,49.958,24.29,48.79,13,745.7166667,96.33333333,1.166666667,40,12.4
50,0,25,47.86333333,22.89,49.4,26.63333333,44,25.1,44.73857143,24.03333333,50.43333333,11.92666667,54.59666667,24.79,42.09,26.2,49.79,24.29,48.79,12.8,745.7,97,1,35,12.3
50,0,25,47.79,22.89,49.4,26.7,44,25.1,44.7,24.06666667,50.46666667,11.76333333,54.32666667,24.79,42,26.2,49.66,24.29,48.79,12.7,745.7333333,96.83333333,1,35.33333333,12.2
50,0,24.89,47.79,22.89,49.4,26.66666667,43.9,25.05,44.6175,24,50.32666667,11.69,54.52666667,24.79,42,26.1,49.47125,24.29,48.79,12.6,745.7666667,96.66666667,1,35.66666667,12.1
50,0,24.89,47.73,22.83285714,49.4,26.6,43.9,25,44.59,24.03333333,50.32666667,11.69,54.82666667,24.79,41.9,26.1,49.356,24.29,48.82142857,12.5,745.8,96.5,1,36,11.9
50,0,24.89,47.66333333,22.79,49.4,26.6,43.82666667,25,44.59,24.03333333,50.32666667,11.69,55.02666667,24.79,41.9,26.1,49.32142857,24.29,48.9,12.4,745.8333333,96.33333333,1,36.33333333,11.8
50,0,24.89,47.59,22.79,49.4,26.6,43.82666667,25,44.49857143,24,50.29,11.6,54.79,24.79,41.79,26.1,49.272,24.29,48.9,12.3,745.8666667,96.16666667,1,36.66666667,11.7
50,0,24.89,47.5,22.754,49.356,26.6,43.79,25,44.4,24,50.23,11.46,54.65666667,24.79,41.79,26.1,49.178,24.29,48.9,12.2,745.9,96,1,37,11.6
60,0,24.89,47.5,22.72571429,49.29,26.6,43.79,25,44.4,24,50.2,11.3,54.59,24.79,41.7,26.1,49.072,24.29,48.9,12.2,745.95,96.16666667,1,37,11.6
50,0,24.89,47.5,22.7,49.356,26.6,43.76,24.956,44.356,24,50.2,11.26333333,54.7,24.79,41.62666667,26.03333333,49,24.29,49,12.2,746,96.33333333,1,37,11.6
60,0,24.89,47.43333333,22.7,49.4,26.6,43.7,24.98428571,44.29,24,50.09,11.26333333,54.96,24.73,41.59,26.06,48.92,24.29,49,12.2,746.05,96.5,1,37,11.7
60,0,24.89,47.4,22.7,49.356,26.6,43.7,24.978,44.236,24,50.09,11.42666667,55.39,24.79,41.53,26,48.9,24.29,49,12.2,746.1,96.66666667,1,37,11.7
70,0,24.865,47.295,22.7,49.36857143,26.6,43.62666667,24.96333333,44.2,24,50.09,11.5,55.66333333,24.79,41.46666667,26,48.88285714,24.31857143,49.16857143,12.2,746.15,96.83333333,1,37,11.7
60,0,24.79,47.46,22.7,49.394,26.6,43.56,24.978,44.2,24,50,11.75666667,56.06666667,24.79,41.4,26,49,24.39,49.156,12.2,746.2,97,1,37,11.7
70,0,24.89,47.36333333,22.7,49.59,26.46,43.3,24.89,44.2,24,50,11.96333333,56.2,24.76,41.4,25.978,48.918,24.365,49.09,12.2,746.25,97.33333333,1,40.5,11.7
190,0,24.89,47.29,22.736,49.5,26.35666667,43.12666667,24.89,44.2,24,50,12.03333333,56.23,24.7,41.4,25.945,48.78,24.37571429,49.25142857,12.2,746.3,97.66666667,1,44,11.8
370,0,24.89,47.23,22.76428571,49.55142857,26.29,43.12666667,24.89,44.29,24,50,12.1,56.36333333,24.7,41.43333333,25.89,48.44,24.39,49.214,12.2,746.35,98,1,47.5,11.8
100,0,24.89,47.36333333,22.79,49.656,26.29,43,24.89,44.35285714,24,50,12.33,56.5,24.7,41.5,25.89,48.316,24.31857143,49.11142857,12.1,746.4,98.33333333,1,51,11.8
90,0,24.89,47.36333333,22.79,49.59571429,26.39,43,24.89,44.478,24,49.93333333,12.46333333,56.56,24.79,41.5,25.89,48.11166667,24.29,48.276,12.1,746.45,98.66666667,1,54.5,11.9
110,0,24.89,47.29,22.89,49.4,26.39,43,24.86142857,44.63714286,24,49.86333333,12.66666667,56.62666667,24.7,41.5,25.87,47.856,24.15571429,47.63714286,12.1,746.5,99,1,58,11.9
80,0,24.89,47.2,22.89,49.2475,26.39,43.09,24.79,44.7,24,49.79,12.86,56.76,24.7,41.5,25.79,47.66857143,24.04,47.196,12.4,746.55,97.16666667,1.166666667,58.5,11.9
120,0,24.89,47.12666667,22.95285714,49.07857143,26.39,43.16333333,24.75142857,44.79571429,24,49.76,13.35666667,56.96333333,24.7,41.5,25.79,47.5,24,47,12.8,746.6,95.33333333,1.333333333,59,12
110,0,24.85666667,47.43,23.02,48.9,26.39,43.29,24.754,44.94,24,49.7,14.02333333,57.09,24.76,41.43333333,25.79,47.356,23.89,46.9,13.1,746.65,93.5,1.5,59.5,12
80,0,24.79,47.29,23.15428571,48.9,26.46333333,43.23,24.77714286,45.15285714,24,49.56,14.85666667,57.39,24.73,41.4,25.79,47.2675,23.95285714,46.9,13.4,746.7,91.66666667,1.666666667,60,12
560,0,24.79,47.22666667,24.014,48.2,26.56666667,43.13333333,24.79,45.312,24,49.5,15.65666667,57.86333333,24.73,41.4,25.79,47.18166667,24,46.94,13.8,746.75,89.83333333,1.833333333,60.5,12.1
660,10,24.79,48.5,24.60571429,47.08142857,26.5,43.13333333,24.86142857,45.4,24,49.46666667,16.42666667,58.42333333,24.7,41.4,25.736,47.09,24.02857143,46.92857143,14.1,746.8,88,2,61,12.1
330,20,24.79,48.76,25.014,46.34,26.8,44.26666667,24.89,45.5,24,49.4,17.075,55.8225,24.76,41.46666667,25.7,47.09,24.1,46.9,14.4,746.85,86.83333333,2.166666667,54.16666667,12.2
270,20,24.79,48.62666667,25.49714286,45.47142857,27.19333333,45.19333333,24.945,45.575,24,49.46333333,17.86666667,47.99333333,24.76,41.5,25.7,47.20428571,24.15714286,46.83714286,14.7,746.9,85.66666667,2.333333333,47.33333333,12.3
290,20,24.79,48.49,25.974,44.17,27.56666667,45.26,25.04,45.59,24,49.53,18.16333333,36.19333333,24.76,41.56,25.68,47.152,24.2,46.714,15,746.95,84.5,2.5,40.5,12.4
230,20,24.73,48.15666667,26.52428571,43.43714286,27.82666667,45.12666667,25.11428571,45.53857143,24,49.62666667,18.35666667,33.72666667,24.76,41.62666667,25.6,46.8725,24.22571429,46.59,15.3,747,83.33333333,2.666666667,33.66666667,12.5
250,30,24.7,48.09,27.074,42.596,27.934,44.736,25.2,45.44,24,49.7,18.53333333,31.9,24.7,41.7,25.54,46.678,24.254,46.356,15.6,747.05,82.16666667,2.833333333,26.83333333,12.6
190,20,24.7,48.09,27.536,41.694,28.14,44.514,25.26428571,45.36857143,24,49.7,18.66666667,31.63333333,24.7,41.66333333,25.5,46.536,24.236,46.2,15.9,747.1,81,3,20,12.7
80,20,24.7,48.09,27.82666667,40.89666667,28.21285714,44.15285714,25.39,45.2,24,49.62666667,19.06666667,30.02333333,24.7,41.66333333,25.5,46.56428571,24.2,46.09,16.1,747.15,80.16666667,3.166666667,20.33333333,12.7
70,20,24.7675,48.09,28.26333333,40.39333333,28.216,43.918,25.39,45.15285714,24,49.62666667,19.26,27.69,24.7,41.79,25.5,46.7,24.21285714,46.16571429,16.3,747.2,79.33333333,3.333333333,20.66666667,12.7
60,20,24.79,48.16333333,28.46333333,39.72666667,27.99714286,43.58285714,25.456,45.178,24,49.59,19.42666667,28.36666667,24.76,41.86333333,25.40571429,46.84,24.272,46.334,16.4,747.25,78.5,3.5,21,12.7
80,30,24.79,48.29,28.73,39.29666667,27.754,43,25.57142857,45.09,24,49.59,19.5,25.5,24.7,41.9,25.39,46.9,24.2,46.29,16.6,747.3,77.66666667,3.666666667,21.33333333,12.7
80,20,24.79,48.29,28.85666667,38.89,27.6,42.78428571,25.6,45.09,24,49.66333333,19.6,23.16666667,24.76,41.9,25.39,46.9,24.2,46.2,16.8,747.35,76.83333333,3.833333333,21.66666667,12.7
70,20,24.79,48.26,29.1,38.93,27.5,42.536,25.64285714,45.09,24,49.59,19.79333333,21.63333333,24.73,41.9,25.39,46.9,24.2,46.10571429,17,747.4,76,4,22,12.7
60,20,24.79,48.2,29.16666667,38.59666667,27.45285714,42.47142857,25.62,45.036,24.03333333,49.59,20.03333333,19.56666667,24.79,41.82666667,25.34714286,46.85285714,24.2,46.072,17.3,747.4333333,75.66666667,3.833333333,22.16666667,12.9
80,20,24.82333333,48.2,29.2,38.36333333,27.39,42.334,25.7,45,24.03333333,49.53,20.36666667,19.49333333,24.79,41.845,25.29,46.938,24.2,46.09571429,17.6,747.4666667,75.33333333,3.666666667,22.33333333,13.2
70,20,24.89,48.2,29.2,38.23,27.30428571,42.45714286,25.7,44.9,24,49.5,20.69666667,16.76,24.79,42.03,25.29,47.12142857,24.29,46.4,17.9,747.5,75,3.5,22.5,13.4
80,30,24.89,48.2,29.26,38.2,27.2225,42.4875,25.7,44.92857143,24.06666667,49.56,20.96333333,13.49333333,24.79,42.03,25.29,47.2,24.29,46.4,18.2,747.5333333,74.66666667,3.333333333,22.66666667,13.6
80,20,24.89,48.12666667,29.2,38.12666667,27.16,42.4,25.7,44.878,24.1,49.5,21.23333333,9.926666667,24.79,42,25.23857143,47.12142857,24.29,46.29285714,18.5,747.5666667,74.33333333,3.166666667,22.83333333,13.9
110,20,24.89,48.06,29.13333333,37.96333333,27.12857143,42.4,25.7,44.72571429,24.1,49.43333333,21.5,8.793333333,24.79,42,25.2,47.218,24.29,46.2,18.8,747.6,74,3,23,14.1
600,20,24.89,48.13333333,28.9175,37.9475,27.1,42.44,25.7,44.9,24,49.26,21.76333333,7.5,24.82333333,42,25.2,47.29,24.29,46.26428571,19,747.6333333,72.5,3.333333333,23.83333333,14
560,20,25,48.5,28.82333333,38.1,27.11428571,42.91,25.75142857,44.83714286,24.06666667,49.33333333,21.96333333,4.96,24.89,42,25.2,47.29,24.29,46.2,19.3,747.6666667,71,3.666666667,24.66666667,13.9
320,0,25.06666667,48.7,28.76,38.2,27.296,43.42,25.81,44.79,24.1,49.4,22.145,4.39,24.89,41.96666667,25.2,47.35285714,24.29,46.26714286,19.5,747.7,69.5,4,25.5,13.8
260,0,25.1,48.39,28.7,38.26,27.6,43.97142857,25.89,44.72571429,24.1,49.4,22.46333333,4.196666667,24.89,41.9,25.2,47.46,24.29,46.42,19.7,747.7333333,68,4.333333333,26.33333333,13.6
280,0,25.16666667,48.79666667,28.56666667,38.56666667,27.89,44.054,25.89,44.59,24.1,49.5,22.39,3.656666667,24.89,41.93333333,25.2,47.56428571,24.36142857,46.52571429,20,747.7666667,66.5,4.666666667,27.16666667,13.5
260,0,25.2,48.86333333,28.5,38.76,28.11142857,44.37142857,25.89,44.53857143,24.1,49.5,22.42666667,3.166666667,24.89,42,25.2,47.59,24.39,46.7,20.2,747.8,65,5,28,13.4
240,0,25.26,48.65666667,28.35666667,38.82666667,28.35,44.378,25.87,44.5,24.1,49.59,22.63333333,2.76,24.89,41.93333333,25.17142857,47.69714286,24.39,46.7,20.4,747.8333333,64.5,4.833333333,28,13.4
210,0,25.42666667,48.56666667,28.29,38.9,28.36142857,43.96571429,25.79,44.42857143,24.1,49.59,22.7,1.726666667,24.89,41.93333333,25.2,47.79,24.39,46.678,20.5,747.8666667,64,4.666666667,28,13.5
100,0,25.56666667,48.43333333,28.2,39,28.236,43.254,25.79,44.356,24.1,49.7,22.7,1.133333333,25,41.9,25.2,47.79,24.39,46.59,20.7,747.9,63.5,4.5,28,13.5
380,0,25.6,47.95,28.13333333,39.06,28.19571429,42.53428571,25.79,44.27714286,24.1,49.59,22.82333333,1.333333333,25,41.82666667,25.2,47.7,24.39,46.59,20.9,747.9333333,63,4.333333333,28,13.5
620,0,25.7,47.6,28.1,39.16333333,27.956,42.194,25.79,44.178,24.1,49.59,22.82333333,1,25,41.76,25.18571429,47.62428571,24.39,46.45571429,21,747.9666667,62.5,4.166666667,28,13.6
310,0,25.7,47.46666667,28.03333333,39.09,28.1,42.79,25.79,44.09,24.1,49.5,23.03333333,1,25,41.62666667,25.16,47.554,24.39,46.316,21.2,748,62,4,28,13.6
270,0,25.7,47.2,27.89,38.79,28.374,42.834,25.79,44,24.1,49.43333333,23.29333333,1,25.1,41.46666667,25.15714286,47.52571429,24.42142857,46.22571429,21.2,747.9833333,61,4.166666667,28.16666667,13.4
280,0,25.76,47.12666667,27.89,38.73,28.6,42.67857143,25.79,43.91666667,24.13333333,49.2,23.66333333,1,25.1,41.32666667,25.15,47.245,24.39,46.036,21.2,747.9666667,60,4.333333333,28.33333333,13.1
240,0,25.82333333,47.19666667,27.79,38.86,28.58,42.298,25.79,43.75428571,24.2,49.2,23.73,1,25.2,41.13333333,25.12857143,47.26428571,24.43714286,46.04,21.3,747.95,59,4.5,28.5,12.9
280,0,25.96333333,46.79,27.79,39,28.42142857,41.89714286,25.79,43.66,24.2,49.06,23.8,1,25.2,40.875,25.11428571,47.14857143,24.5,45.994,21.3,747.9333333,58,4.666666667,28.66666667,12.6
230,0,26.03333333,45.82333333,27.7,38.96666667,28.35,41.12,25.75142857,43.47142857,24.2,48.93333333,24.06666667,1,25.26,40.5,25.14,46.878,24.45285714,45.55428571,21.3,747.9166667,57,4.833333333,28.83333333,12.4
170,0,26.1,45.15666667,27.63333333,38.76666667,28.27714286,40.61142857,25.754,43.356,24.2,48.63333333,24,1,25.29,40.16333333,25.1,46.59285714,24.456,45.156,21.3,747.9,56,5,29,12.1
170,0,26.2,44.19666667,27.5,38.59,28.12,39.878,25.7,43.21285714,24.2,48.36,24,1,25.35666667,39.89,25.1,46.356,24.40571429,44.72714286,21.6,747.8833333,54.16666667,5.166666667,30.83333333,11.9
620,0,26.26,43.93,27.5,38.53,28,39.61142857,25.7,43.116,24.2,48.1,24,1,25.42666667,39.63333333,25.12857143,45.98142857,24.5,44.596,21.9,747.8666667,52.33333333,5.333333333,32.66666667,11.6
460,0,26.26,43.66,27.35666667,38.2,28.04,39.834,25.7,43,24.2,47.76666667,23.86,1,25.5,39.36,25.1,45.616,24.5,44.42857143,22.2,747.85,50.5,5.5,34.5,11.4
240,10,26.2,43.52666667,27.2225,38.2,28.33571429,39.83714286,25.7,42.856,24.23,47.59,23.85666667,1,25.53333333,39.1,25.1,45.31428571,24.434,44.036,22.5,747.8333333,48.66666667,5.666666667,36.33333333,11.1
250,0,26.2,43.5,27.13333333,38.2,28.52,39.476,25.7,42.72285714,24.23,47.39,23.73,1,25.6,38.82666667,25.1,44.47,24.5,43.73571429,22.8,747.8166667,46.83333333,5.833333333,38.16666667,10.9
270,0,26.2,43.43333333,27.06666667,38.29,28.67142857,39.09571429,25.7,42.572,24.23,47.16333333,23.63333333,1,25.63333333,38.43,25.15714286,43.89285714,24.5,43.1225,23.1,747.8,45,6,40,10.6
250,0,26.16666667,43.26,26.92666667,38.03,28.83,38.754,25.7,42.47142857,24.29,46.96333333,23.7675,1,25.7,38.23,25.16,43.552,24.5,42.958,23.1,747.8333333,45,6.166666667,40,10.6
220,0,26.1,43.2,26.89,38,28.95285714,38.82571429,25.7,42.29,24.29,46.72333333,23.85666667,1,25.73,37.93,25.12857143,43.34285714,24.5,42.86857143,23.1,747.8666667,45,6.333333333,40,10.6
170,0,26.1,43.06,26.82333333,38.06,29.06666667,38.7,25.65714286,42.21285714,24.29,46.53,23.85666667,1,25.79,37.73,25.2,42.71,24.5,42.62,23.1,747.9,45,6.5,40,10.6
100,0,26.1,42.8,26.76,38.09,29.1,38.23857143,25.68,42.116,24.29,46.36333333,23.79,1,25.82333333,37.43,25.18571429,42.75142857,24.5,42.39571429,23.1,747.9333333,45,6.666666667,40,10.5
200,0,26.1,42.36333333,26.7,38.09,28.99714286,37.58285714,25.6,42,24.29,46.15666667,23.85666667,1,25.89,37.23,25.12,43.04,24.5,42.22,23.1,747.9666667,45,6.833333333,40,10.5
350,0,26.1,42.03,26.56666667,38.06,28.7,37.036,25.6,41.96,24.29,45.995,23.73,1,25.89,37.06,25.2,43.64,24.5,41.78285714,23.1,748,45,7,40,10.5
300,0,26.1,41.745,26.5,38,28.76571429,37.42285714,25.6,41.80571429,24.29,45.72333333,23.63333333,1,25.89,37,25.236,44.09,24.5,42.58,23.1,748.0166667,45,7,40,10.5
450,0,26.1,41.82666667,26.46333333,38,28.956,37.978,25.6,41.79,24.35666667,45.53,23.63333333,1,25.89,36.96666667,25.37571429,43.89285714,24.5,42.65571429,23.1,748.0333333,45,7,40,10.5
450,0,26.1,41.82666667,26.39,38.06,29.07142857,37.99714286,25.6,41.79,24.39,45.36333333,23.63333333,1,25.96333333,37.16,25.39,43.696,24.5,42.536,23.1,748.05,45,7,40,10.5
290,0,26.1,41.7,26.29,38.09,29.16,37.656,25.6,41.7,24.46333333,45.29,23.63333333,1,26,37.2,25.39,43.39714286,24.5,42.38142857,23.1,748.0666667,45,7,40,10.5
270,0,26.1,41.62666667,26.29,38.09,29.19857143,37.52428571,25.6,41.72571429,24.66666667,53.56666667,23.43,1,25.92666667,36.92666667,25.39,43.254,24.5,42.09,23.1,748.0833333,45,7,40,10.5
280,0,26.1,41.5,26.29,38.09,29.236,37.316,25.56,41.7,25.46666667,74.22666667,23.23,1,25.89,36.79,25.45285714,43.39714286,24.5,42.04714286,23.1,748.1,45,7,40,10.5
200,0,26.03333333,41.56,26.29,38.09,29.2,37.09571429,25.6,41.7,25.35666667,77.25666667,22.9,1,25.89,36.79,25.5,44.098,24.5,41.596,22.9,748.15,45.33333333,7.5,38.16666667,10.4
120,0,26.06666667,41.7,26.26,38.12666667,29.06,36.82,25.6,41.7,25.29,77.46333333,22.56666667,1,25.89,36.79,25.52857143,44.32142857,24.5,41.22571429,22.6,748.2,45.66666667,8,36.33333333,10.2
120,0,26.06666667,41.76,26.2,38.26,28.86714286,36.18285714,25.52857143,41.63714286,25.29,76.5,22.35666667,1,25.89,36.76,25.6,44.536,24.434,40.7,22.4,748.25,46,8.5,34.5,10.1
110,0,26.1,41.76,26.2,38.43333333,28.598,35.58,25.56,41.59,25.29,74.56666667,22.09666667,1,25.82333333,36.7,25.65714286,44.45571429,24.40571429,40.2,22.2,748.3,46.33333333,9,32.66666667,9.97
560,0,26.03333333,41.7,26.13333333,38.56,28.36142857,35.52571429,25.525,41.51,25.2,70.29,21.82666667,1,25.79,36.59,25.7,44.36,24.37,39.9,21.9,748.35,46.66666667,9.5,30.83333333,9.83
450,0,26.1,41.86666667,26.2,38.59,28.2,35.67,25.5,41.4,25.26,67.62333333,21.49333333,1,25.79,36.53,25.76428571,44.09571429,24.33285714,39.79571429,21.7,748.4,47,10,29,9.7
490,0,26.16666667,42.26,26.175,38.6175,28.17142857,36.08428571,25.5,41.46,25.29,63.82333333,21.16666667,1,25.79,36.46666667,25.79,43.78166667,24.29,39.416,21.4,748.4833333,47.5,9.833333333,29,9.62
280,0,26.2,42.86666667,26.1,38.83333333,28.296,36.254,25.5,41.35285714,25.29,60.82333333,20.96,1,25.73,36.4,25.79,43.56428571,24.21285714,39.21285714,21.1,748.5666667,48,9.666666667,29,9.53
280,0,26.2,42.66666667,25.96333333,38.13,28.5,36.29,25.5,41.272,25.29,58.6,20.695,1,25.7,36.4,25.79,43.59,24.2,39.2,20.9,748.65,48.5,9.5,29,9.45
310,0,26.26,41.62333333,25.76333333,37.39,28.7,36.254,25.5,41.2,25.29,57.39333333,20.32666667,1,25.7,36.32666667,25.83,43.7,24.17142857,39.23857143,20.6,748.7333333,49,9.333333333,29,9.37
280,10,26.2,41.09666667,25.56666667,37.13333333,28.62857143,36.01142857,25.5,41.054,25.32333333,56.13,19.99333333,1,25.6,36.29,25.87714286,43.69571429,24.1,39.054,20.3,748.8166667,49.5,9.166666667,29,9.28
310,0,26.16666667,40.26666667,25.36,36.8,28.5,35.678,25.5,40.82428571,25.39,54.99666667,19.6,1,25.6,36.23,25.956,43.7,24.08571429,38.62428571,20,748.9,50,9,29,9.2
330,0,26.1,39.72666667,25.22666667,36.16,28.57142857,35.36571429,25.5,40.276,25.63333333,67.46666667,19.79333333,1,25.6,36.06,26.06,43.616,24,38.074,19.7,749.0166667,49.66666667,9,30.83333333,8.83
190,0,26.06666667,38.99,25.03333333,35.96666667,28.7,34.79,25.5,39.89714286,25.7,71.06,20.56666667,1,25.53333333,35.86,26.1,43.43333333,23.96857143,37.79,19.5,749.1333333,49.33333333,9,32.66666667,8.47
130,0,26,38.73,25.1,36.46333333,28.62857143,34.55285714,25.5,39.7,25.795,63.3,20.36666667,1,25.5,35.76,26.16,43.378,23.89,37.73375,19.2,749.25,49,9,34.5,8.1
140,0,26,38.79,25.16666667,36.72333333,28.376,34.196,25.5,39.82857143,25.35666667,54.36333333,19.86666667,1,25.5,35.7,26.218,43.25,23.79,37.554,18.9,749.3666667,48.66666667,9,36.33333333,7.73
150,0,26,38.9,25.1,37.03,27.99714286,33.78571429,25.456,40.018,25.16333333,51.15666667,19.12666667,1,25.39,35.73,26.29,43.05833333,23.75142857,37.56714286,18.7,749.4833333,48.33333333,9,38.16666667,7.37
140,0,26,39.02666667,25.1,37.36333333,27.6,33.67,25.46857143,40.13714286,24.82666667,48.72666667,17.86666667,1.596666667,25.39,35.79,26.29,42.845,23.736,37.858,18.4,749.6,48,9,40,7
130,0,26,39.2,24.96333333,37.46666667,27.43714286,33.95428571,25.39,40.036,24.63333333,47.66666667,16.66,4.53,25.39,35.9,26.29,42.62,23.67142857,38.16857143,17.9,749.7666667,51.16666667,8.666666667,37.83333333,7.33
130,0,26,39.2,24.82333333,37.4,27.23,34.19333333,25.39,40.09,24.46333333,46.69666667,15.69333333,7.756666667,25.32333333,35.96666667,26.37333333,42.43,23.6,38.334,17.3,749.9333333,54.33333333,8.333333333,35.66666667,7.67
100,0,25.89,38.76,24.66666667,37.43333333,27.07142857,34.47,25.39,40.072,24.32333333,45.95666667,15.02666667,9.963333333,25.26,36.03,26.39,42.2,23.51428571,38.48571429,16.8,750.1,57.5,8,33.5,8
120,0,25.89,38.7,24.6,37.63333333,26.92142857,34.37571429,25.39,40,24.16666667,44.99,14.36666667,12.43,25.175,36.1725,26.35,42.2,23.434,38.518,16.3,750.2666667,60.66666667,7.666666667,31.33333333,8.33
100,10,25.79,38.73,24.6,38.06666667,26.754,34.4,25.39,40,24.03333333,44.45666667,13.9,14.69,25.1,36.26,26.34,42.2,23.39,38.59,15.7,750.4333333,63.83333333,7.333333333,29.16666667,8.67
80,0,25.79,38.86333333,24.53333333,38.4,26.64285714,34.48571429,25.39,40,23.82666667,43.66,13.36666667,16.53,25.1,36.32666667,26.34,42.2,23.254,38.554,15.2,750.6,67,7,27,9
60,0,25.73,39.15666667,24.39,38.65666667,26.6,34.736,25.39,40.076,23.7,43.46666667,12.96,18.39,25.1,36.46666667,26.29,42.72,23.21285714,38.73428571,14.8,750.7666667,68.83333333,6.833333333,26.5,8.97
60,0,25.73,39.29,24.32333333,38.93,26.52857143,34.79571429,25.39,40.2,23.73,44.86,12.43333333,20.36666667,25.1,36.5,26.39,43.476,23.31,39.31,14.3,750.9333333,70.66666667,6.666666667,26,8.93
60,0,25.7,39.4,24.29,39.19,26.5,34.79,25.39,40.29,23.85666667,45.99333333,12.16666667,22.63333333,25.1,36.5,26.39,43.925,23.42142857,40.47857143,13.9,751.1,72.5,6.5,25.5,8.9
60,0,25.7,39.4,24.16666667,39.46333333,26.34857143,34.79571429,25.39,40.245,23.89,47.19666667,11.7,24.795,25.1,36.59,26.37,44.12,23.5,41.08,13.5,751.2666667,74.33333333,6.333333333,25,8.87
60,0,25.66666667,39.4,24.1,39.66333333,26.29,34.834,25.39,40.2,23.96333333,47.86333333,11.32333333,26.53333333,25.1,36.59,26.36142857,44.12142857,23.58571429,41.41,13,751.4333333,76.16666667,6.166666667,24.5,8.83
60,0,25.6,39.4,24,39.73,26.22571429,34.76428571,25.39,40.09,24,48.59666667,11.06333333,28.06666667,25.1,36.62666667,26.365,44.0225,23.6,41.696,12.6,751.6,78,6,24,8.8
50,0,25.6,39.4,23.92666667,39.93,26.06,34.5,25.39,40.01285714,24,48.99,10.86,28.63333333,25.1,36.7,26.29,44.134,23.62857143,41.95428571,12.3,751.7166667,78.5,6.333333333,23.83333333,8.6
50,0,25.6,39.4,23.85666667,40.09,25.93714286,34.26571429,25.39,39.9625,24,49.46333333,10.66666667,28.9,25.1,36.7,26.29,44.015,23.6,42.236,12,751.8333333,79,6.666666667,23.66666667,8.4
50,0,25.5,39.5,23.79,40.16333333,25.812,34.054,25.37,39.9,24,49.72333333,10.46333333,30.2,25.1,36.7,26.29,43.925,23.68571429,42.50857143,11.7,751.95,79.5,7,23.5,8.2
60,0,25.5,39.5,23.66666667,40.26,25.7,34.23285714,25.33,39.834,24,50.03,10.33,31.06,25.1,36.7,26.25142857,43.85285714,23.7,42.74,11.4,752.0666667,80,7.333333333,23.33333333,8
60,0,25.46333333,39.5,23.6,40.26,25.79,34.44,25.29,39.79,24,50.16333333,10.12666667,32.43333333,25.1,36.7,26.2,43.7,23.72571429,42.99714286,11.1,752.1833333,80.5,7.666666667,23.16666667,7.8
60,0,25.445,39.5225,23.5,40.5,25.80428571,34.55142857,25.29,39.76428571,24,50.245,10,33.16,25.06666667,36.7,26.2,43.7,23.7,43.236,10.8,752.3,81,8,23,7.6
70,0,25.39,39.53,23.42666667,40.5,25.89,34.59,25.29,39.7,24,50.32666667,9.763333333,33.56666667,25,36.7,26.12857143,43.7,23.75142857,43.41,10.7,752.3833333,81.66666667,7.833333333,22.83333333,7.58
60,0,25.35666667,39.59,23.35666667,40.62666667,25.89,34.59,25.29,39.7,24,50.4,9.69,33.76,25,36.7,26.1,43.59,23.79,43.576,10.5,752.4666667,82.33333333,7.666666667,22.66666667,7.57
60,0,25.29,39.59,23.29,40.76,25.89,34.536,25.29,39.62142857,24,50.4,9.566666667,34.53,25,36.7,26.1,43.59,23.79,43.7,10.4,752.55,83,7.5,22.5,7.55
60,0,25.29,39.66333333,23.26,40.9,25.89,34.51285714,25.2675,39.59,24,50.4,9.366666667,34.79,25,36.7,26.1,43.66857143,23.79,43.834,10.3,752.6333333,83.66666667,7.333333333,22.33333333,7.53
60,0,25.29,39.59,23.13333333,40.96666667,25.89,34.5,25.254,39.536,24,50.36333333,9.263333333,35.59666667,25,36.62666667,26.1,43.59,23.79,44.04375,10.1,752.7166667,84.33333333,7.166666667,22.16666667,7.52
50,0,25.2,39.7,23.1,41.03,25.86142857,34.5,25.26428571,39.5,24,50.29,9.13,36.06333333,24.945,36.59,26.06666667,43.56,23.79,44.18428571,10,752.8,85,7,22,7.5
60,0,25.2,39.7,23.1,41.16333333,25.79,34.46,25.2,39.5,24,50.29,9.1,36.7,24.89,36.59,26,43.545,23.79,44.276,9.92,752.8833333,85,6.5,22,7.43
50,0,25.2,39.7,23,41.23,25.69857143,34.38428571,25.2,39.5,23.92666667,50.23,9.16,36.62666667,24.89,36.59,26,43.59,23.79,44.42857143,9.83,752.9666667,85,6,22,7.37
60,0,25.13333333,39.7,22.92666667,41.29,25.58,34.272,25.2,39.4,23.89,50.16333333,9.19,35.85,24.89,36.59,25.934,43.4,23.83,44.536,9.75,753.05,85,5.5,22,7.3
60,0,25.1,39.7,22.89,41.29,25.46857143,34.12142857,25.2,39.4,23.89,50.09,9.226666667,34.96666667,24.89,36.59,25.9725,43.5975,23.89,44.66571429,9.67,753.1333333,85,5,22,7.23
70,0,25.1,39.7,22.815,41.245,25.456,34.254,25.2,39.29,23.96333333,50,9.3,33.96666667,24.89,36.56,25.89,43.29,23.89,44.79,9.58,753.2166667,85,4.5,22,7.17
60,0,25.1,39.7,22.79,41.29,25.39,34.2,25.2,39.29,23.96333333,49.93333333,9.263333333,32.76333333,24.89,36.5,25.89,43.29,23.89,44.79,9.5,753.3,85,4,22,7.1
70,0,25.1,39.7,22.7,41.4,25.39,34.05428571,25.17142857,39.22571429,23.89,49.86333333,9.13,32.09666667,24.89,36.5,25.89,43.245,23.89,44.834,9.43,753.3833333,85,4,22,7.02
60,0,25,39.66333333,22.7,41.4,25.33,34.054,25.2,39.2,23.89,49.73,8.933333333,31.72666667,24.89,36.5,25.85,43.054,23.89,44.86857143,9.37,753.4666667,85,4,22,6.93
60,0,25,39.53,22.66666667,41.4,25.29,34.06428571,25.2,39.16333333,23.96333333,49.59,8.726666667,31.79333333,24.89,36.46666667,25.79,43,23.89,44.9,9.3,753.55,85,4,22,6.85
70,0,25,39.5,22.6,41.4,25.29,34,25.15,39.09,23.89,49.53,8.6,32.09,24.89,36.4,25.79,42.92857143,23.89,44.97142857,9.23,753.6333333,85,4,22,6.77
60,0,25,39.5,22.575,41.4,25.29,34,25.1,39,23.89,49.46666667,8.533333333,32.16333333,24.79,36.29,25.81,42.98,23.89,45.09,9.17,753.7166667,85,4,22,6.68
60,0,25,39.4,22.5,41.4,25.29,33.98,25.1,38.94,23.89,49.32666667,8.463333333,32.5,24.79,36.23,25.82333333,42.9,23.89,45.15285714,9.1,753.8,85,4,22,6.6
50,0,25,39.4,22.5,41.4,25.23,33.9,25.1,38.89857143,23.89,49.16333333,8.39,32.69333333,24.79,36.16333333,25.79,42.79285714,23.89,45.2,9.02,753.8333333,84.83333333,3.666666667,22.16666667,6.5
60,0,24.89,39.4,22.478,41.44,25.16666667,33.73,25.1,38.79,23.89,49.03,8.5,32.76,24.79,36.09,25.79,42.616,23.89,45.2,8.93,753.8666667,84.66666667,3.333333333,22.33333333,6.4
60,0,24.89,39.4,22.39,41.35285714,25.1,33.79,25.1,38.77875,23.89,48.95,8.5,32.56666667,24.79,36.09,25.79,42.3725,23.89,45.29,8.85,753.9,84.5,3,22.5,6.3
60,0,24.89,39.4,22.35,41.29,25,33.56,25.1,38.73857143,23.89,48.86333333,8.666666667,31.13,24.79,36.09,25.79,42.16857143,23.89,45.29,8.77,753.9333333,84.33333333,2.666666667,22.66666667,6.2
70,0,24.89,39.29,22.29,41.29,25,33.5,25.1,38.656,23.89,48.73,8.86,29.39,24.79,36,25.79,41.96,23.89,45.29,8.68,753.9666667,84.16666667,2.333333333,22.83333333,6.1
60,0,24.89,39.23,22.29,41.29,24.89,33.56,25.1,38.59,23.89,48.59,9.033333333,26.32333333,24.79,36,25.79,41.82428571,23.89,45.29,8.6,754,84,2,23,6
70,0,24.89,39.16333333,22.22571429,41.22571429,24.89,33.43333333,25.1,38.572,23.89,48.53,9.16,24.79666667,24.7,36,25.79,41.7,23.89,45.4,8.65,754.05,82.83333333,2.333333333,23.33333333,5.83
60,0,24.89,39.03,22.254,41.156,24.89,33.5,25.1,38.5,23.89,48.46666667,9.3,24.19,24.7,36,25.76428571,41.62142857,23.89,45.45714286,8.7,754.1,81.66666667,2.666666667,23.66666667,5.67
60,0,24.85666667,38.96666667,22.2,41.09,24.89,33.5,25.1,38.5,23.89,48.4,9.3225,23.4475,24.7,35.9,25.754,41.46,23.89,45.5,8.75,754.15,80.5,3,24,5.5
50,0,24.79,38.9,22.2,41.09,24.79,33.4,25.08571429,38.44285714,23.89,48.26,9.39,22.92666667,24.7,35.86333333,25.7,41.33714286,23.89,45.5,8.8,754.2,79.33333333,3.333333333,24.33333333,5.33
60,0,24.79,38.79,22.17142857,41.09,24.79,33.32666667,25,38.4,23.89,48.2,9.36,21.36333333,24.7,35.79,25.7,41.272,23.89,45.5,8.85,754.25,78.16666667,3.666666667,24.66666667,5.17
60,0,24.79,38.73,22.1,41.054,24.7,33.15666667,25,38.35285714,23.89,48.06,9.3,21.03,24.7,35.7,25.7,41.2,23.89,45.53857143,8.9,754.3,77,4,25,5
50,0,24.79,38.7,22.1,41,24.7,33.29,25,38.29,23.89,47.93333333,9.19,20.36333333,24.7,35.7,25.7,41.2,23.89,45.5,8.85,754.3166667,76.33333333,4.166666667,25.33333333,4.82
60,0,24.79,38.7,22.1,40.98,24.66666667,33,25,38.27714286,23.82333333,47.79,9.19,19.55666667,24.66666667,35.66333333,25.7,41.12428571,23.89,45.57714286,8.8,754.3333333,75.66666667,4.333333333,25.66666667,4.63
60,0,24.79,38.59,22.1,40.9,24.6,33,25,38.2,23.89,47.79,9.19,18.73333333,24.66666667,35.59,25.7,41,23.93714286,45.56428571,8.75,754.35,75,4.5,26,4.45
60,0,24.73,38.59,22,40.754,24.55,32.8,25,38.16857143,23.82333333,47.62666667,9.19,17.86666667,24.6,35.5,25.7,40.92857143,23.956,45.5,8.7,754.3666667,74.33333333,4.666666667,26.33333333,4.27
70,0,24.7,38.56,22,40.63125,24.5,32.82666667,25,38.09,23.82333333,47.56666667,9.19,17.7,24.66666667,35.5,25.7,40.79,23.92142857,45.5,8.65,754.3833333,73.66666667,4.833333333,26.66666667,4.08
60,0,24.7,38.43333333,22,40.51285714,24.5,32.76666667,25,38.07714286,23.89,47.5,9.19,17.56666667,24.6,35.4,25.61428571,40.79,23.89,45.5,8.6,754.4,73,5,27,3.9
60,0,24.7,38.4,22,40.5,24.39,32.59,24.934,38,23.89,47.43333333,9.263333333,17.15666667,24.6,35.4,25.6,40.79,23.93714286,45.5,8.63,754.45,72.83333333,5,27,3.9
60,0,24.63333333,38.26666667,22,40.42857143,24.46333333,32.59,24.89,37.95714286,23.79,47.16333333,9.19,16.63,24.6,35.26,25.6,40.79,23.934,45.4,8.67,754.5,72.66666667,5,27,3.9
50,0,24.7,38.29,21.956,40.29,24.39,32.43333333,24.89,37.9,23.79,47.09,9.19,15.56666667,24.6,35.2,25.5,40.7,23.95285714,45.4,8.7,754.55,72.5,5,27,3.9
60,0,24.63333333,38.23,21.89,40.23857143,24.39,32.43333333,24.89,37.83714286,23.85666667,47.06,9.19,14.49333333,24.56666667,35.2,25.5,40.68428571,23.956,45.334,8.73,754.6,72.33333333,5,27,3.9
50,0,24.6,38.045,21.89,40.134,24.29,32.29,24.89,37.79,23.79,46.93333333,9.19,13.82333333,24.56666667,35.12666667,25.5,40.656,23.95285714,45.29,8.77,754.65,72.16666667,5,27,3.9
60,0,24.6,38,21.89,40.06428571,24.29,32.23,24.89,37.76428571,23.79,46.845,9.19,13.35666667,24.6,35.06,25.5,40.62142857,23.89,45.29,8.8,754.7,72,5,27,3.9
70,0,24.6,37.93333333,21.89,40,24.26,32.13333333,24.89,37.7,23.79,46.7,9.19,13.16,24.53333333,35,25.5,40.59,23.92142857,45.25142857,8.77,754.7666667,71.16666667,5,27.33333333,3.7
50,0,24.6,37.86333333,21.89,39.94285714,24.2,32.06,24.89,37.63714286,23.79,46.62666667,9.1225,13.15,24.5,34.96666667,25.5,40.53857143,23.934,45.29,8.73,754.8333333,70.33333333,5,27.66666667,3.5
70,0,24.53333333,37.79,21.89,39.834,24.2,32,24.89,37.59,23.79,46.46666667,9.1,13.43333333,24.56666667,34.82666667,25.456,40.5,23.89,45.26428571,8.7,754.9,69.5,5,28,3.3
60,0,24.5,37.7,21.86142857,39.76428571,24.2,32,24.89,37.56428571,23.79,46.4,9.1,13.26333333,24.5,34.82666667,25.42142857,40.5,23.89,45.2,8.67,754.9666667,68.66666667,5,28.33333333,3.1
70,0,24.5,37.7,21.89,39.7,24.2,31.96333333,24.89,37.5,23.79,46.29,9.1,12.93,24.5,34.8175,25.39,40.536,23.90571429,45.2,8.63,755.0333333,67.83333333,5,28.66666667,2.9
70,0,24.5,37.66333333,21.81857143,39.62142857,24.2,31.89,24.89,37.5,23.79,46.23,9.13,12.23333333,24.5,34.79,25.39,40.59,23.978,45.2,8.6,755.1,67,5,29,2.7
60,0,24.5,37.53,21.85,39.634,24.1,31.82333333,24.80428571,37.25714286,23.79,45.86333333,9.263333333,10.56666667,24.5,34.36333333,25.39,40.552,23.96857143,45.2,8.6,755.1666667,66.5,5.166666667,30.83333333,2.6
100,0,24.5,37.33333333,21.92142857,39.46571429,24.03333333,31.82333333,24.79,36.74,23.79,45.33,9.556666667,7.8,24.42666667,33.75666667,25.39,40.185,23.934,44.916,8.6,755.2333333,66,5.333333333,32.66666667,2.5
50,0,24.5,37.2,22.1,38.916,24,31.85666667,24.79,36.39714286,23.79,44.56333333,9.963333333,5.393333333,24.46333333,33.26666667,25.39,39.79571429,23.93714286,44.22285714,8.6,755.3,65.5,5.5,34.5,2.4
80,0,24.5,37.09,22.23714286,38.48142857,23.92666667,31.52333333,24.736,35.96,23.79,44.09666667,10.19,2.693333333,24.39,32.8,25.39,39.4,23.89,43.174,8.6,755.3666667,65,5.666666667,36.33333333,2.3
320,0,24.5,36.75666667,22.254,38.02,23.89,31.63333333,24.76428571,36.11285714,23.73,43.52666667,10.26333333,2.693333333,24.39,32.4,25.33285714,39.13857143,23.89,41.59714286,8.6,755.4333333,64.5,5.833333333,38.16666667,2.2
350,0,24.5,36.59,22.36142857,37.79571429,23.9725,31.7225,24.79,36.334,23.76,42.75958333,10.33,2.363333333,24.39,32.06666667,25.29,38.794,23.89,40.916,8.6,755.5,64,6,40,2.1
160,0,24.5,36.59,22.54,37.62,24.1,31.976,24.75142857,36.26428571,23.79,41.9925,10.46333333,2.963333333,24.29,31.82666667,25.29,38.49714286,23.89,40.74142857,8.67,755.55,63.33333333,5.833333333,40,2.02
70,0,24.5,36.59,22.6,37.22142857,24.2,32.16333333,24.79,36.09,23.79,41.48,10.72666667,3.5,24.29,31.7,25.29,38.254,23.89,41.198,8.73,755.6,62.66666667,5.666666667,40,1.93
80,0,24.5,36.59,22.6,37.2,24.2225,32.3425,24.79,35.94,23.81857143,40.92857143,10.8,2.76,24.29,31.56666667,25.25142857,38.18428571,23.89,41.96571429,8.8,755.65,62,5.5,40,1.85
70,0,24.46333333,36.43,22.67142857,37.12142857,24.31,32.678,24.79,35.75,23.79,40.536,10.92666667,1.466666667,24.29,31.36,25.272,38.072,23.93125,41.725,8.87,755.7,61.33333333,5.333333333,40,1.77
70,0,24.39,36.29,22.7,36.82,24.32333333,32.86333333,24.79,35.63714286,23.72428571,38.88142857,11.12666667,1,24.29,31.16666667,25.23857143,38,23.89,41.05,8.93,755.75,60.66666667,5.166666667,40,1.68
70,0,24.39,36.16333333,23.01428571,35.88142857,24.39,33.0225,24.79,35.4,23.58,37.254,11.22666667,1,24.29,31.03333333,25.2,37.856,23.75285714,38.86714286,9,755.8,60,5,40,1.6
80,0,24.39,35.865,23.1,35.20375,24.39,33.09,24.79,35.23857143,23.52857143,37.29285714,11.2175,1,24.29,30.76,25.2,37.65,23.456,37.316,9.02,755.8666667,60.83333333,5,40,1.82
80,0,24.39,35.73,23.12,35.4,24.39,33.12666667,24.79,35.072,23.6,37.874,11.19,1,24.29,30.63333333,25.2,37.59,23.45285714,37.02857143,9.03,755.9333333,61.66666667,5,40,2.03
100,0,24.39,35.79,23.29285714,35.47142857,24.445,33.2,24.79,34.92857143,23.6,38.26857143,11.19,1,24.29,30.46333333,25.2,37.69428571,23.5,36.554,9.05,756,62.5,5,40,2.25
90,0,24.39,35.86333333,23.5,35.29,24.39,33.2,24.79,34.754,23.638,41.936,11.32333333,1,24.29,30.32333333,25.254,37.856,23.5,36.12428571,9.07,756.0666667,63.33333333,5,40,2.47
290,0,24.39,35.86333333,23.58428571,35.15,24.39,33.33333333,24.80428571,34.65285714,24.47571429,70.86857143,11.6,1,24.29,30.16666667,25.2,37.39571429,23.5,35.696,9.08,756.1333333,64.16666667,5,40,2.68
430,0,24.39,35.79,23.956,34.994,24.5,33.5,24.89,34.7,25.11875,78.5375,11.66,1,24.29,30.03333333,25.254,37.42,23.5,35.42857143,9.1,756.2,65,5,40,2.9
100,0,24.42666667,35.86,24.26428571,34.81142857,24.58,33.572,24.89,34.7,24.66,79.814,11.82666667,1,24.29,29.89,25.29,37.7,23.5,35.156,9.27,756.25,63.33333333,5,40,2.65
100,0,24.5,36.06,24.434,34.634,24.6,33.59,24.89,34.7,24.46571429,80.11,12.23333333,1,24.29,29.7925,25.35666667,37.62666667,23.40571429,34.88,9.43,756.3,61.66666667,5,40,2.4
100,0,24.42666667,36.39,24.62714286,34.49714286,24.6,33.59,24.89,34.7,24.272,77.296,12.66666667,1,24.29,29.7,25.39,37.56,23.412,34.678,9.6,756.35,60,5,40,2.15
110,0,24.5,36.72333333,24.85,34.316,24.64,33.736,24.912,34.776,24.2,69.51428571,12.93333333,1,24.29,29.6,25.478,37.38,23.45285714,34.45428571,9.77,756.4,58.33333333,5,40,1.9
110,0,24.5,36.79,24.86142857,34.2,24.7,33.82666667,24.96857143,35.02857143,24.16,62.34,12.92666667,1,24.29,29.53333333,25.52,37.116,23.39,34.156,9.93,756.45,56.66666667,5,40,1.65
110,0,24.5,36.73,25.04,33.96,24.7,33.9,25,35.4,24.1,59.03714286,13.12666667,1,24.29,29.46333333,25.62857143,36.92857143,23.39,33.95571429,10.1,756.5,55,5,40,1.4
90,0,24.5,36.66333333,25.04285714,33.75428571,24.7,34.03,25,35.45714286,24.04,56.19,13.39,1,24.29,29.39,25.7,36.7,23.39,33.816,10.2,756.5833333,55,5.166666667,40,1.5
90,0,24.5,36.46333333,24.978,33.754,24.7,34.09,25,35.516,24,53.85,13.19666667,1,24.29,29.29,25.75142857,36.68428571,23.39,33.59571429,10.3,756.6666667,55,5.333333333,40,1.6
100,0,24.53333333,37.33333333,24.93714286,33.76428571,24.7,34.045,25.0375,35.36125,24,52.08,13.19,1,24.29,29.23,25.772,36.572,23.39,33.4,10.4,756.75,55,5.5,40,1.7
90,0,24.6,39.26,25,33.736,24.73,34.2,25.02857143,34.59,23.98428571,51.13571429,13.32333333,1,24.29,29.16666667,25.72571429,36.5,23.39,33.52428571,10.6,756.8333333,55,5.666666667,40,1.8
100,0,24.6,39.26333333,24.96857143,33.95428571,24.79,34.26,24.85,33.174,23.934,50.198,13.16,1,24.35666667,29.16666667,25.79,36.59,23.412,33.74,10.7,756.9166667,55,5.833333333,40,1.9
110,0,24.6,38.45666667,25,34.016,24.79,34.43333333,24.73857143,32.42857143,23.96857143,49.22571429,13.23333333,1,24.39,29.16666667,25.79,36.59,23.5,33.9,10.8,757,55,6,40,2
110,0,24.6,38.29666667,25,33.79571429,24.79,34.5,24.7,32.116,23.89,48.174,13.33,1,24.39,29.1,25.79,36.53857143,23.5,33.754,10.7,757.0666667,55.33333333,6,38.16666667,2.02
130,0,24.72666667,38.36333333,25.06,33.79,24.79,34.5,24.76428571,32.59285714,23.89,47.45428571,13.4225,1,24.39,29.1,25.85,36.418,23.5,33.54,10.6,757.1333333,55.66666667,6,36.33333333,2.03
110,0,24.79,37.69333333,25,33.88428571,24.79,34.5,24.89,33.134,23.89,46.796,13.1,1,24.39,29.03333333,25.89,36.22571429,23.478,33.294,10.5,757.2,56,6,34.5,2.05
110,0,24.865,37.7,25,33.856,24.82333333,34.62666667,24.90571429,33.38428571,23.89,46.2,13.42666667,1,24.39,28.96333333,25.934,36.254,23.39,32.81142857,10.4,757.2666667,56.33333333,6,32.66666667,2.07
130,0,24.96333333,37.22666667,25,33.86857143,24.89,34.7,24.956,33.696,23.89,45.754,13.36666667,1,24.39,28.82333333,26,36.45714286,23.16,31.97,10.3,757.3333333,56.66666667,6,30.83333333,2.08
110,0,25.03333333,36.72333333,24.956,33.79,24.89,34.7,25,33.95428571,23.89,45.32857143,13.26333333,1,24.42666667,28.92666667,26.02,36.36,23.1,31.7925,10.2,757.4,57,6,29,2.1
130,0,25.1,36.53,24.89,33.72285714,24.89,34.7,25.1,34.236,23.89,44.86,13.26333333,1,24.5,29.73333333,26.1,36.09571429,23.1,31.89,10.5,757.4,55.66666667,6.166666667,28.83333333,2
130,10,25.2,36.22333333,24.89,33.552,24.89,34.7,25.1,34.49285714,23.86142857,44.22857143,13.73333333,1,24.5,30.35666667,26.16,35.754,23.1,31.85,10.8,757.4,54.33333333,6.333333333,28.66666667,1.9
120,0,25.2,36.16333333,24.86142857,33.16857143,24.89,34.7,25.1,34.29,23.89,43.754,13.26666667,1,24.5,30.02333333,26.23714286,35.55428571,23.1,31.99428571,11.2,757.4,53,6.5,28.5,1.8
90,0,25.2,34.26,24.445,30.4,24.89,34.79,24.99714286,32.16857143,23.83285714,43.43714286,13.26666667,1,24.5,29.445,26.236,35.26,23.2,32.12,11.5,757.4,51.66666667,6.666666667,28.33333333,1.7
100,0,25.13333333,32.73333333,24.36142857,30.02857143,24.89,34.73,24.89,31.16,23.79,42.914,13.6,1,24.5,29.03,26.2,34.75714286,23.22571429,31.77142857,11.8,757.4,50.33333333,6.833333333,28.16666667,1.6
100,0,25.13333333,32.2,24.48428571,30.1,24.89,34.59,24.89,31.17,23.83285714,42.46571429,13.96,1,24.5,28.82333333,26.2,34.79,23.2,31.518,12.1,757.4,49,7,28,1.5
110,0,25.2,32.2,24.5,30.274,24.96333333,34.53,24.89,31.392,23.79,42.12,14.1,1,24.5,28.56666667,26.2,34.79,23.2,31.31857143,12.1,757.45,48.66666667,7.166666667,30,1.42
110,0,25.2,32.53,24.5,30.42142857,24.96333333,34.43333333,24.86142857,31.41142857,23.79,41.83857143,14.16,1,24.5,28.42666667,26.254,34.956,23.2,31.33,12.1,757.5,48.33333333,7.333333333,32,1.33
100,0,25.2,32.79,24.5,30.6,24.96333333,34.5,24.56,30.016,23.79,41.66,13.9,1,24.5,28.39,26.29,35.29571429,23.2,31.36142857,12.1,757.55,48,7.5,34,1.25
90,0,25.2,33.15666667,24.48428571,30.66714286,24.85666667,34.26,24.34857143,29.72714286,23.79,41.5,13.69,1,24.56666667,28.32333333,26.29,35.44,23.218,31.47,12.1,757.6,47.66666667,7.666666667,36,1.17
130,0,25.13333333,32.35666667,24.256,29.634,24.6975,33.475,24.236,29.436,23.79,41.47142857,13.63,1,24.7,28.29,26.33285714,35.44285714,23.29,31.86142857,12.1,757.65,47.33333333,7.833333333,38,1.08
120,0,25.03333333,31.43,24.1,29.31857143,24.46,32.36,24.1,28.99714286,23.79,41.156,13.72666667,1,24.7,28.23,26.35,35.4,23.39,31.79,12.1,757.7,47,8,40,1
140,0,25.1,31.29,24.2,29.39,24.22666667,31.19333333,24,28.716,23.79,40.94,13.72666667,1,24.7,28.06666667,26.39,35.4,23.39,31.73857143,12.1,757.7333333,47.16666667,7.833333333,40,1.07
130,0,25.03333333,31.36,24.2,29.54142857,24.03333333,30.86,24,29.09857143,23.79,40.696,13.645,1,24.7,28,26.39,35.29,23.39,31.718,12.1,757.7666667,47.33333333,7.666666667,40,1.13
130,0,25.1,31.56666667,24.2,29.698,24,30.93,24,29.22,23.79,40.39714286,13.76333333,1,24.7,28,26.43714286,35.14857143,23.42142857,31.91857143,12.1,757.8,47.5,7.5,40,1.2
130,0,25.1,31.8,24.23857143,30.05428571,23.86,30.39666667,24.02857143,29.92428571,23.7,40.134,13.35666667,1,24.76,28,26.39,34.636,23.5,32.29,12.1,757.8333333,47.66666667,7.333333333,40,1.27
130,0,25.03333333,31.92666667,24.1,29.956,23.46333333,29.49333333,24.2,30.58,23.77714286,39.99714286,12.96333333,1,24.73,27.96333333,26.36142857,34.06714286,23.5,32.41,12.1,757.8666667,47.83333333,7.166666667,40,1.33
120,0,25,31.945,24.04285714,29.96714286,23.46333333,29.96666667,24.33428571,31.05285714,23.79,39.834,12.89,1,24.79,27.82333333,26.29,33.62,23.5,32.48,12.1,757.9,48,7,40,1.4
110,0,25,32.03,24,30.198,23.5,30,24.46714286,31.37642857,23.79,39.75142857,13.19,1,24.79,27.7,26.29,33.48428571,23.5,32.31166667,12.1,757.9333333,48.5,7,40,1.48
110,0,25,32.09,24,30.48,23.42666667,29.8,24.6,31.7,23.79,39.754,13.06333333,1,24.79,27.63333333,26.29,33.552,23.5,32.174,12,757.9666667,49,7,40,1.57
110,0,25,31.86666667,23.89,29.7,23.46333333,30.13333333,24.66666667,31.76,23.79,39.54,13.23333333,1,24.79,27.6,26.29,33.42857143,23.5,32.45,12,758,49.5,7,40,1.65
110,0,24.92666667,31.39333333,23.82,29.64285714,23.32333333,29.59333333,24.7,31.86,23.79,39.4,12.76666667,1,24.79,27.53333333,26.25625,33.7,23.5,32.416,12,758.0333333,50,7,40,1.73
110,0,25,31.39,23.7,29.698,23.16666667,29,24.7,32.06,23.81857143,39.4,12.33,1,24.79,27.5,26.236,34.036,23.5,32.12,11.9,758.0666667,50.5,7,40,1.82
100,0,24.92666667,31.39,23.7,29.96857143,23.03333333,28.86,24.7,32.23,23.85,39.156,12.53,1,24.79,27.4175,26.29,34.15285714,23.5,31.96333333,11.9,758.1,51,7,40,1.9
100,0,24.89,31.59666667,23.7,30.236,23,28.76666667,24.7,32.29,23.87571429,39.12142857,12.5,1,24.79,27.39,26.31,34.156,23.46333333,31.72666667,11.9,758.1666667,50.83333333,7.166666667,38.16666667,1.82
90,0,24.89,31.93,23.7,30.42428571,23.13333333,29.29333333,24.73,32.4,23.89,39.016,12.36666667,1,24.79,27.29,26.42142857,34.12142857,23.456,31.314,11.8,758.2333333,50.66666667,7.333333333,36.33333333,1.73
100,0,25,32.2,23.68,30.66,23.32333333,29.89666667,24.79,32.4,23.93714286,38.82142857,12.23333333,1,24.79,27.29,26.5,34.09,23.35,31.06,11.8,758.3,50.5,7.5,34.5,1.65
490,0,24.92666667,32.12666667,23.6,30.72571429,23.46333333,30.56333333,24.79,32.43333333,23.89,38.7,12.03333333,1,24.76,27.29,26.5,34.10571429,23.29,30.89,11.7,758.3666667,50.33333333,7.666666667,32.66666667,1.57
570,10,24.89,32.66666667,23.56,31.14,23.6,30.82333333,24.85666667,32.56,23.89,38.68428571,11.76333333,1,24.7,27.35666667,26.54,34.296,23.236,30.83,11.7,758.4333333,50.16666667,7.833333333,30.83333333,1.48
460,0,24.96333333,36.26,23.5,32.28285714,23.6,31.15666667,24.89,32.79,23.89,38.612,11.69,1,24.7,27.42666667,26.57142857,34.5,23.2,30.772,11.6,758.5,50,8,29,1.4
120,10,25.03333333,40.29333333,23.5,35.87125,23.7,31.745,24.89,32.93,23.92142857,38.72571429,11.56,1,24.7,27.5,26.6,34.67,23.2,30.7,11.4,758.55,50.83333333,7.833333333,30.83333333,1.43
100,0,25.1,41.62666667,23.5,38.156,23.7,32.06666667,24.89,33.72666667,23.956,39.236,10.925,1,24.7,27.46333333,26.54285714,34.15428571,23.1,30.66,11.2,758.6,51.66666667,7.666666667,32.66666667,1.47
110,10,25.1,39.96333333,23.39285714,36.85428571,23.76,32.46,24.89,34.13333333,23.99857143,39.66571429,11,1,24.7,27.39,26.478,33.476,23.1,30.716,10.9,758.65,52.5,7.5,34.5,1.5
110,0,25.03333333,36.63,22.814,32.216,23.89,32.9,24.56333333,31.26,24.12,39.918,11.06666667,1,24.7,27.29,26.36142857,33.36857143,23.13333333,31.13333333,10.7,758.7,53.33333333,7.333333333,36.33333333,1.53
100,0,24.85666667,33.53,22.7,31.26714286,23.89,32.9,24.23,29.66666667,24.2,39.39714286,10.92666667,1,24.63333333,27.16333333,26.29,33.156,23.15,31.045,10.5,758.75,54.16666667,7.166666667,38.16666667,1.57
100,0,24.79,32.39666667,22.718,30.978,23.92666667,32.93333333,24.23,29.66333333,24.2,38.82,10.8,1,24.6,27.06666667,26.27714286,32.94,23.1,30.62,10.3,758.8,55,7,40,1.6
90,0,24.79,31.82666667,22.79,30.89,24,33.06,24.29,29.93,24.15714286,38.49714286,10.66666667,1,24.53333333,26.92666667,26.26,32.79,23,30.5,10.2,758.85,54.66666667,6.833333333,40,1.4
90,0,24.79,31.65,22.79,31.14,24,33.12666667,24.29,30.1,24.2,38.378,11.52333333,1,24.5,26.82333333,26.2,32.7,23.08571429,30.52857143,10.1,758.9,54.33333333,6.666666667,40,1.2
90,0,24.79,31.7,22.71285714,31.48142857,24,33.2,24.29,30.16333333,24.2,38.30375,12.39666667,1,24.5,26.89,26.2,32.594,23.1,30.5,9.95,758.95,54,6.5,40,1
90,0,24.7,31.86,22.7,31.85,24,33.29,24.29,30.35666667,24.2,38.4,12.23333333,1,24.5,26.89,26.2,32.458,23.1,30.5,9.83,759,53.66666667,6.333333333,40,0.8
80,10,24.7,32.06,22.62857143,31.81857143,24,33.29,24.29,30.5,24.16,38.29,11.62666667,1,24.42666667,26.82333333,26.2,32.13,23.06,30.214,9.72,759.05,53.33333333,6.166666667,40,0.6
110,0,24.7,32.09,22.5,31.79,24,33.4,24.29,30.56666667,24.1,38.27714286,10.06666667,1,24.39,26.7,26.125,31.7475,22.93714286,29.99857143,9.6,759.1,53,6,40,0.4
90,0,24.63333333,32.03,22.48428571,31.86142857,24,33.43333333,24.29,30.7,24.08,38.178,9.326666667,1,24.39,26.7,26.1,31.32666667,22.83,29.85,9.43,759.1833333,53.33333333,6,40,0.35
80,0,24.6,32.12666667,22.37,31.93,24,33.56,24.29,30.82666667,24.04285714,38.20714286,8.76,1,24.29,26.7,26.08,31.52,22.79,29.956,9.27,759.2666667,53.66666667,6,40,0.3
80,0,24.6,32.26,22.29,32.56142857,24,33.59,24.29,30.92666667,24,38.156,8.366666667,1,24.29,26.7,26.06666667,32.16666667,22.79,30,9.1,759.35,54,6,40,0.25
80,10,24.53333333,32.2,22.254,33.054,24,33.66333333,24.23,30.92666667,24,38.02428571,8.033333333,2.133333333,24.29,26.7,26.03333333,32.52666667,22.79,30,8.93,759.4333333,54.33333333,6,40,0.2
80,0,24.53333333,32.26,22.22571429,33.07714286,24,33.79,24.2,31,24,37.86,7.76,3.393333333,24.29,26.79,26,33.02,22.79,30.06,8.77,759.5166667,54.66666667,6,40,0.15
80,0,24.5,32.43333333,22.14,33.174,24,33.86333333,24.2,31.06666667,23.95285714,37.75714286,7.466666667,4.756666667,24.29,26.79,26,33.41,22.79,30.1,8.6,759.6,55,6,40,0.1
80,0,24.5,32.5,22.1,33.36857143,24,33.9,24.2,31.2,24.06,38.254,7.145,5.8675,24.26,26.89,25.92666667,33.33,22.73857143,30.11428571,8.38,759.6666667,57.5,5.666666667,40,0.45
70,0,24.5,32.5,22,33.476,24,33.9,24.2,31.26,24.02857143,38.34,6.66,7.4,24.2,26.96333333,25.89,33.295,22.7,30.2,8.17,759.7333333,60,5.333333333,40,0.8
80,0,24.5,32.56,22,33.72,24,33.9,24.2,31.39,24,38.356,6.33,8.393333333,24.2,27.03333333,25.89,33.52666667,22.7,30.218,7.95,759.8,62.5,5,40,1.15
70,0,24.5,32.7,21.978,33.894,24,33.96666667,24.13333333,31.46333333,23.92142857,38.32142857,6.123333333,9.333333333,24.2,27.1,25.85666667,33.79,22.65714286,30.29,7.73,759.8666667,65,4.666666667,40,1.5
70,0,24.42666667,32.62666667,21.89,34.16857143,23.945,34.045,24.1,31.63333333,23.89,38.2,6.366666667,12.32666667,24.2,27.2,25.79,33.86333333,22.6,30.29,7.52,759.9333333,67.5,4.333333333,40,1.85
90,0,24.39,32.8,21.83,34.4,23.9725,34.2,24.1,31.7,23.89,38.2,6.56,13.4,24.13333333,27.26,25.79,33.93,22.7,30.5,7.3,760,70,4,40,2.2
70,10,24.39,33.06,21.83285714,34.55285714,23.89,34.2,24.1,31.76,23.89,38.14,6.433333333,13.69333333,24.1,27.36,25.73,33.73,22.67142857,30.66428571,7.23,760.05,70.5,3.833333333,40,2.22
50,0,24.39,33.26666667,21.79,34.76,23.90571429,34.31428571,24.1,31.7,23.89,37.9,6.3,15.69333333,24.16666667,27.76,25.7,33.7,22.7,31.13333333,7.17,760.1,71,3.666666667,40,2.23
50,0,24.39,33.52666667,21.76428571,35.02571429,24,34.42,24.1,31.73,23.85,37.9,6.126666667,16.8,24.13333333,28.16333333,25.7,33.96,22.7,31.716,7.1,760.15,71.5,3.5,40,2.25
50,0,24.29,33.96333333,21.7,35.3175,24,34.5,24.025,31.79,23.79,37.98571429,5.866666667,17.66666667,24.2,28.35666667,25.7,34.69666667,22.79,32.2975,7.03,760.2,72,3.333333333,40,2.27
60,0,24.29,34.1175,21.6,35.4,24,34.59,24.06666667,31.85666667,23.79,38.018,5.763333333,18.99333333,24.2,28.63333333,25.7,35.22333333,22.79,32.79666667,6.97,760.25,72.5,3.166666667,40,2.28
50,0,24.23,34.2,21.6,35.48571429,24,34.68428571,24,32,23.79,38.16857143,5.69,19.59333333,24.2,28.82666667,25.6,35.32666667,22.79,33.176,6.9,760.3,73,3,40,2.3
40,0,24.2,34.32666667,21.54,35.576,24,34.754,24,32.06,23.79,38.2,5.433333333,19.8,24.2,29.03333333,25.53333333,35.46666667,22.79,33.5725,6.78,760.3166667,73.16666667,2.833333333,40,2.22
50,0,24.2,34.46666667,21.5,35.72571429,24,34.79,24,32.12666667,23.73857143,38.34,5.16,20.4,24.2,29.16666667,25.5,35.62666667,22.79,33.93,6.67,760.3333333,73.33333333,2.666666667,40,2.13
50,0,24.1,34.56666667,21.456,35.79,24,34.9,24,32.2,23.718,38.46,4.933333333,21.66666667,24.2,29.32333333,25.5,35.83333333,22.83,34.316,6.55,760.35,73.5,2.5,40,2.05
50,0,24.1,34.7,21.39,35.85285714,24,35.00857143,24,32.32666667,23.75142857,38.56428571,4.66,21.92666667,24.2,29.46333333,25.39,35.9,22.89,34.82,6.43,760.3666667,73.66666667,2.333333333,40,1.97
50,0,24.1,34.7,21.37,35.978,24,35.09,24,32.46666667,23.7,38.634,4.263333333,23.43,24.1,29.6,25.39,35.76666667,22.89,35.15666667,6.32,760.3833333,73.83333333,2.166666667,40,1.88
60,0,24.1,34.76,21.29,36.12142857,24,35.16857143,24,32.59,23.72571429,38.7,4.3225,24.77,24.1,29.7,25.39,35.79,22.89,35.434,6.2,760.4,74,2,40,1.8
50,0,24.06666667,34.79,21.254,36.29,24,35.2,24,32.66333333,23.7,38.745,4.16,24.79,24.16666667,29.76,25.32333333,35.86333333,22.89,35.752,6,760.45,75.33333333,2,40,1.85
60,0,24,34.79,21.2,36.35285714,24.08571429,35.27714286,24,32.7,23.7,38.856,3.796666667,25.45666667,24.1,29.86,25.26,35.93333333,22.89,36,5.8,760.5,76.66666667,2,40,1.9
50,0,24,34.82666667,21.18,36.478,24.1,35.312,24,32.76,23.7,38.9,3.53,26.52333333,24.1,30,25.2,36,22.89,36.24,5.6,760.55,78,2,40,1.95
50,0,24,34.9,21.1,36.59,24.1,35.36857143,24,32.9,23.7,38.94,3.26,27.93,24.03333333,30.03333333,25.2,36,22.92666667,36.615,5.4,760.6,79.33333333,2,40,2
50,0,23.96333333,34.93333333,21.04,36.736,24.1,35.334,23.92666667,32.9,23.7,39,3.126666667,28.79666667,24.1,30.1,25.2,35.86333333,22.89,36.916,5.2,760.65,80.66666667,2,40,2.05
50,0,23.89,35,21.04285714,36.80571429,24.1,35.33714286,23.92666667,33,23.7,39,2.863333333,29.55666667,24.1,30.2,25.13333333,35.79,22.89,37.09,5,760.7,82,2,40,2.1
60,0,23.89,35,21,36.92,24.1,35.29,23.92666667,33,23.7,39,2.79,30.36333333,24.03333333,30.13333333,25.1,35.82666667,22.934,37.258,4.9,760.7,82.66666667,2,40,2.12
50,0,23.89,35.06,20.96857143,37.02571429,24.12857143,35.32142857,23.89,33.09,23.7,39,2.663333333,30.76333333,24,30.13333333,25.1,35.9,23,37.44,4.8,760.7,83.33333333,2,40,2.13
50,0,23.79,35,20.85,37.09,24.2,35.4,23.89,33.16333333,23.61428571,38.88285714,2.53,31.15666667,24,30.2,25.1,36,23,37.59,4.7,760.7,84,2,40,2.15
60,0,23.79,35.06,20.80428571,37.16571429,24.2,35.4,23.89,33.2,23.6,38.9,2.5,32.96,24,30.23,25.03333333,36.06,23,37.674,4.6,760.7,84.66666667,2,40,2.17
60,0,23.79,35.09,20.83,37.29,24.2,35.48625,23.89,33.26,23.6,38.9,2.5,33.83333333,24,30.29,24.96333333,36.2,23,37.898,4.5,760.7,85.33333333,2,40,2.18
50,0,23.79,35.09,20.76428571,37.32142857,24.2,35.59,23.84,33.395,23.6,38.94,2.4,33.69333333,24,30.32333333,24.96333333,36.2,23,38,4.4,760.7,86,2,40,2.2
60,0,23.79,35.09,20.7,37.5,24.2,35.59,23.79,33.43333333,23.6,39,2.4,33.96666667,24,30.39,24.89,36.23,23,38.116,4.4,760.7,85.83333333,2,40,2.17
50,0,23.79,35.2,20.7,37.59285714,24.2,35.634,23.79,33.5,23.54,39,2.29,34.43333333,24,30.32333333,24.89,36.36333333,23,38.236,4.4,760.7,85.66666667,2,40,2.13
60,0,23.79,35.2,20.68,37.7,24.2,35.7,23.85666667,33.59,23.52857143,39,2.29,34.63333333,24,30.39,24.89,36.29,23,38.43333333,4.4,760.7,85.5,2,40,2.1
50,0,23.76,35.2,20.64285714,37.73857143,24.254,35.754,23.79,33.59,23.5,39,2.2,34.995,24,30.5,24.89,36.36333333,23,38.56428571,4.4,760.7,85.33333333,2,40,2.07
40,0,23.7,35.2,20.6,37.79,24.29,35.82142857,23.79,33.7,23.5,39.018,2.06,35.03,24,30.5,24.79,36.4,23,38.7,4.4,760.7,85.16666667,2,40,2.03
60,0,23.7,35.23,20.6,37.9,24.29,35.94,23.79,33.7,23.5,39.09,2,35.29666667,23.96333333,30.5,24.79,36.4,23.05,38.7675,4.4,760.7,85,2,40,2
30,0,23.7,35.29,20.51428571,37.98571429,24.27714286,36,23.79,33.73,23.5,39.09,1.966666667,35.49333333,23.89,30.5,24.79,36.29,23,38.86857143,4.27,760.7,85.5,2,40,1.95
40,0,23.7,35.29,20.5,38.018,24.254,36.076,23.79,33.79,23.5,39.09,1.9,36.16,23.89,30.5,24.79,36.29,23.06,39,4.13,760.7,86,2,40,1.9
30,0,23.7,35.29,20.46857143,38.06428571,24.22571429,36.2,23.76,33.79,23.5,39.16857143,2.156666667,37.69333333,23.89,30.6,24.76,36.2,23,39.0225,4,760.7,86.5,2,40,1.85
40,0,23.7,35.4,20.39,38.09,24.2,36.29,23.76,33.79,23.5,39.2,2.363333333,37.76666667,23.89,30.6,24.7,36.26,23.04285714,39.13714286,3.87,760.7,87,2,40,1.8
40,0,23.7,35.4,20.39,38.18428571,24.2,36.29,23.73,33.82666667,23.5,39.2,2.4,37.83,23.89,30.6,24.7,36.4,23.06,39.254,3.73,760.7,87.5,2,40,1.75
50,0,23.6,35.32666667,20.37,38.254,24.2,36.29,23.73,33.9,23.5,39.2,2.4,38.03,23.89,30.66666667,24.7,36.4,23,39.29285714,3.6,760.7,88,2,40,1.7
60,0,23.6,35.4,20.29,38.32142857,24.2,36.32142857,23.7,33.9,23.43714286,39.2,2.326666667,38.59666667,23.89,30.66666667,24.7,36.4,23,39.4,3.68,760.7,87.5,2,38.16666667,1.72
50,0,23.6,35.4,20.29,38.4,24.2,36.5,23.7,33.9,23.39,39.2,2.4,38.73,23.89,30.66666667,24.6,36.4,23.04,39.44,3.77,760.7,87,2,36.33333333,1.73
60,0,23.6,35.4,20.29,38.41428571,24.2,36.51285714,23.7,33.93333333,23.39,39.22571429,2.4,38.7,23.79,30.6,24.6,36.4,23.075,39.55625,3.85,760.7,86.5,2,34.5,1.75
40,0,23.6,35.4,20.29,38.5,24.2,36.59,23.7,34,23.39,39.29,2.326666667,38.62666667,23.85666667,30.66666667,24.6,36.5,23,39.5225,3.93,760.7,86,2,32.66666667,1.77
50,0,23.6,35.46666667,20.29,38.52571429,24.2,36.59,23.7,34,23.39,39.29,2.4,39.02666667,23.79,30.6,24.6,36.5,23.07142857,39.66857143,4.02,760.7,85.5,2,30.83333333,1.78
60,0,23.56666667,35.5,20.2,38.536,24.2,36.634,23.7,34,23.39,39.29,2.4,39.23333333,23.79,30.66666667,24.6,36.46666667,23,39.59,4.1,760.7,85,2,29,1.8
40,0,23.5,35.5,20.2,38.59,24.2,36.7,23.66666667,34,23.39,39.3175,2.8,40.89666667,23.79,30.7,24.53333333,36.4,23.04285714,39.69142857,4.13,760.75,85,2.166666667,30.83333333,1.82
60,0,23.5,35.5,20.2,38.612,24.2,36.736,23.6,34,23.39,39.4,3.1175,41.52,23.79,30.7,24.5,36.4,23,39.718,4.17,760.8,85,2.333333333,32.66666667,1.83
60,0,23.5,35.545,20.2,38.7,24.22571429,36.79571429,23.6,34,23.39,39.4,3.363333333,41.79,23.79,30.73,24.5,36.4,23,39.79,4.2,760.85,85,2.5,34.5,1.85
60,0,23.5,35.56,20.2,38.7,24.29,36.9,23.6,34.03,23.39,39.4,3.626666667,42.36,23.79,30.73,24.5,36.4,23.06666667,39.96666667,4.23,760.9,85,2.666666667,36.33333333,1.87
60,0,23.5,35.59,20.2,38.75142857,24.26428571,36.88285714,23.6,34.03,23.37333333,39.41666667,3.833333333,42.56,23.7,30.79,24.5,36.4,23.04285714,39.94285714,4.27,760.95,85,2.833333333,38.16666667,1.88
50,0,23.42666667,35.59,20.2,38.772,24.29,36.94,23.6,34.09,23.29,39.5,4,41.86,23.7,30.79,24.46333333,36.4,23.06,40.054,4.3,761,85,3,40,1.9
50,0,23.39,35.59,20.2,38.7,24.29,36.925,23.6,34.16333333,23.29,39.5,4,41.4,23.7,30.82333333,24.39,36.32666667,23.02857143,40.02571429,4.38,761.0166667,85.5,2.833333333,40,2.07
60,0,23.39,35.59,20.2,38.7,24.29,36.9,23.6,34.2,23.29,39.515,3.933333333,41.19333333,23.7,30.82333333,24.39,36.29,23,40.018,4.47,761.0333333,86,2.666666667,40,2.23
40,0,23.39,35.62666667,20.25142857,38.7,24.29,36.9,23.6,34.2,23.29,39.59,4.126666667,41.99333333,23.7,30.89,24.39,36.29,23,40.09,4.55,761.05,86.5,2.5,40,2.4
60,0,23.39,35.7,20.29,38.7,24.29,36.9,23.6,34.2,23.29,39.59,4.433333333,41.83333333,23.7,30.89,24.35666667,36.29,23.075,40.1725,4.63,761.0666667,87,2.333333333,40,2.57
50,0,23.39,35.7,20.29,38.62142857,24.29,36.9,23.53333333,34.2,23.29,39.59,4.626666667,41.5,23.7,30.89,24.29,36.43,23.07142857,40.23285714,4.72,761.0833333,87.5,2.166666667,40,2.73
90,0,23.39,35.9,20.39,38.554,24.29,36.86857143,23.5,34.29,23.29,39.59,4.963333333,40.49666667,23.7,30.89,24.39,36.59,23.1,40.254,4.8,761.1,88,2,40,2.9
80,0,23.39,36.15666667,20.39,38.885,24.29,36.7,23.5,34.29,23.29,39.59,5.23,39.96333333,23.7,30.89,24.32333333,36.72333333,23.1,39.71285714,4.97,761.1333333,87.16666667,2.166666667,40,2.93
50,0,23.39,36.76333333,20.40571429,39.31285714,24.29,36.7,23.53333333,34.29,23.29,39.69,5.826666667,40.4,23.7,31,24.29,36.79,23.04,39.034,5.13,761.1666667,86.33333333,2.333333333,40,2.97
60,0,23.39,36.96666667,20.52,39.518,24.35,36.678,23.53333333,34.29,23.29,39.79,6.766666667,38.46,23.7,31,24.29,36.79,23,38.46571429,5.3,761.2,85.5,2.5,40,3
60,0,23.39,36.96666667,20.72571429,39.66857143,24.46857143,36.66857143,23.5,34.26,23.29,39.89857143,7.923333333,32.53,23.7,31,24.29,36.79,23.075,38.0425,5.47,761.2333333,84.66666667,2.666666667,40,3.03
220,0,23.46333333,37.13333333,21.954,38.76,24.6,36.59,23.5,34.33333333,23.272,39.918,8.863333333,28.06333333,23.7,30.8,24.29,36.72333333,23.07142857,37.7,5.63,761.2666667,83.83333333,2.833333333,40,3.07
190,0,23.39,36.93333333,22.93714286,37.19571429,24.68571429,36.53857143,23.53333333,34.62666667,23.218,39.714,10.05,17.795,23.63333333,30.46333333,24.29,36.59,23.04,37.134,5.8,761.3,83,3,40,3.1
120,0,23.42666667,36.86,23.196,35.976,24.68,36.48,23.6,34.76,23.25142857,39.52571429,10.46333333,8.323333333,23.63333333,30.19666667,24.23,36.4,23.1,37.8,6.2,761.3833333,80.5,3.333333333,40,3
70,0,23.5,36.8,22.85,35.59571429,24.6,36.32142857,23.53333333,34.52666667,23.29,39.254,10.46333333,7.596666667,23.6,29.93,24.23,36.32666667,23.1,38.734,6.6,761.4666667,78,3.666666667,40,2.9
50,0,23.39,36.4,22.6,35.7,24.56,36.254,23.53333333,34.46666667,23.236,39.054,10.6,7.333333333,23.6,29.73,24.2,36.2,23.14285714,39.41142857,7,761.55,75.5,4,40,2.8
150,0,23.46333333,36.2,22.52857143,35.88285714,24.52857143,36.27714286,23.6,34.45,23.215,38.91666667,10.53333333,7.06,23.6,29.6,24.2,36.2,23.2,38.995,7.4,761.6333333,73,4.333333333,40,2.7
130,10,23.445,36.44,22.62,35.856,24.434,36.152,23.6,34.59,23.2,38.775,10.69666667,6.833333333,23.53333333,29.53333333,24.2,36.16333333,23.12857143,38.42857143,7.8,761.7166667,70.5,4.666666667,40,2.6
120,0,23.5,37.53333333,22.7,35.51,24.39,35.92857143,23.6,34.39,23.2,38.7,11.09,5.433333333,23.6,29.39,24.2,36.16333333,23.11428571,37.89571429,8.2,761.8,68,5,40,2.5
110,0,23.5,39.53333333,22.5,33.97,24.5,35.856,23.46333333,32.93333333,23.2,38.616,11.26333333,4.83,23.6,29.39,24.2,36.53,23.2,37.574,8.35,761.8,67.66666667,5,40,2.58
80,0,23.5,38.03,22.29714286,33.49857143,24.34857143,35.32571429,23.26333333,32.32666667,23.2,38.48,11.06333333,4.43,23.53333333,29.35666667,24.26,36.86333333,23.2,37.09285714,8.5,761.8,67.33333333,5,40,2.67
100,0,23.42666667,36.95666667,22.218,33.738,24.29,35.072,23.29,32.69333333,23.2,38.41666667,10.9,5.3,23.53333333,29.29,24.29,36.9,23.1,36.59,8.65,761.8,67,5,40,2.75
100,0,23.5,36.86,22.39285714,34.53714286,24.29,35,23.35666667,33.02666667,23.2,38.518,11.43333333,5.093333333,23.5,29.2,24.29,36.96666667,23.11428571,36.45571429,8.8,761.8,66.66666667,5,40,2.83
100,0,23.42666667,37.13333333,22.456,36.616,24.254,34.96,23.39,33.26666667,23.2,38.59,11.83,3.396666667,23.55,29.2,24.29,37,23.2,36.345,8.95,761.8,66.33333333,5,40,2.92
70,0,23.39,36.53333333,22.13857143,35.51,24.14285714,34.69571429,23.46333333,33.52666667,23.2,38.59,11.83,2.456666667,23.5,29.2,24.35666667,36.93333333,23.2,36.13714286,9.1,761.8,66,5,40,3
80,0,23.39,35.79333333,22,34.238,24.04,33.956,23.5,33.7,23.2,38.46,12.13,1.933333333,23.5,29.1,24.39,36.72333333,23.2,35.918,9.25,761.85,65.16666667,4.833333333,40,2.97
80,10,23.35666667,35,22,34.02571429,23.92142857,33.07142857,23.5,33.545,23.2,38.12571429,12.39,1,23.5,29.03333333,24.46333333,36.53,23.2,35.69428571,9.4,761.9,64.33333333,4.666666667,40,2.93
200,0,23.29,35.06,21.89,33.856,23.66,33.08,23.53333333,33.46666667,23.2,37.816,12.6,1.133333333,23.6,29,24.53333333,36.33333333,23.2,35.46,9.55,761.95,63.5,4.5,40,2.9
110,10,23.2,34.56,22.05571429,33.79,23.6,33.09375,23.6,33.46666667,23.2,37.634,12.86,1,23.6,28.92666667,24.6,36.095,23.15714286,35.35285714,9.7,762,62.66666667,4.333333333,40,2.87
110,0,23.2,34.5,22.218,33.736,23.69857143,33.49571429,23.6,33.56,23.2,37.575,12.66,1,23.53333333,28.89,24.66666667,36,23.14,35.25,9.85,762.05,61.83333333,4.166666667,40,2.83
100,0,23.2,34.53,22.36142857,33.73857143,23.79,33.718,23.6,33.43333333,23.2,37.5,12.695,1,23.6,28.82333333,24.79,36.09,23.1,35.075,10,762.1,61,4,40,2.8
100,10,23.2,34.66333333,22.434,33.736,23.86142857,33.94,23.6,33.46333333,23.2,37.5,13,1,23.6,28.76,24.79,36.09,23.08,34.834,10.1,762.1,60.5,4.166666667,40,2.78
110,0,23.13333333,34.86,22.64285714,33.80857143,23.89,34.09,23.6,33.72333333,23.2,37.5,13.53333333,1,23.6,28.63333333,24.89,35.96666667,23.04285714,34.53571429,10.2,762.1,60,4.333333333,40,2.77
100,10,23.2,35.06,22.73,33.76,23.95285714,34.23571429,23.6,33.9,23.2,37.5,13.66,1,23.6,28.6,24.89,35.76666667,23.06,34.32,10.3,762.1,59.5,4.5,40,2.75
110,0,23.16666667,35.23,22.80428571,33.78,24,34.356,23.66666667,33.96666667,23.2,37.5,13.7,1,23.6,28.53333333,25,35.63333333,23,34.04,10.4,762.1,59,4.666666667,40,2.73
110,0,23.1,35.29,22.92142857,33.86857143,24,34.47142857,23.7,34.145,23.2,37.5,13.56666667,1,23.6,28.5,25.06666667,35.43333333,23,33.878,10.5,762.1,58.5,4.833333333,40,2.72
90,10,23.16666667,35.4,23.1,33.7,24,34.5,23.7,34.16333333,23.2,37.5,14.06333333,1,23.6,28.42666667,25.13333333,35.36333333,23,33.79,10.6,762.1,58,5,40,2.7
100,0,23.175,35.4975,23.1,33.7,24,34.56714286,23.7,34.03,23.2,37.51285714,14.06333333,1,23.6,28.39,25.26,35.23,23,33.652,10.7,762.1,57.5,5,40,2.68
90,0,23.2,35.59,23.16,33.678,24.04,34.736,23.79,33.93333333,23.2,37.536,14.16666667,1,23.66666667,28.39,25.23,35.2,22.92142857,33.5,10.8,762.1,57,5,40,2.67
110,0,23.2,35.56666667,23.22571429,33.52571429,24.07142857,34.79571429,23.79,33.93333333,23.2,37.56,14.5,1,23.7,28.35666667,25.23,35.12666667,22.89,33.4,10.9,762.1,56.5,5,40,2.65
100,0,23.2,35.76,23.2,33.254,24.1,34.9,23.79,33.86333333,23.18,37.516,14.66333333,1,23.7,28.29,25.2,35.09,22.93714286,33.38428571,11.1,762.1,56,5,40,2.63
90,0,23.2,35.46666667,23.27714286,33.22571429,24.1,34.92857143,23.85666667,33.79,23.16666667,37.38166667,14.25666667,1,23.7,28.2,25.2,35.03,22.934,33.29,11.2,762.1,55.5,5,40,2.62
110,0,23.26,35.26666667,23.272,33.16,24.16,34.92,23.79,33.56,23.2,37.29,14.72666667,1,23.7,28.2,25.33,35,22.89,33.20875,11.3,762.1,55,5,40,2.6
110,0,23.29,35.03,23.2,33.16857143,24.2,35,23.85666667,33.56,23.2,37.29,14.8,1,23.7,28.15,25.39,35,22.89,33.02571429,11.5,762.05,54,5,40,2.53
100,0,23.29,35.09,23.29,33.5,24.2,34.925,23.89,33.46666667,23.2,37.36333333,15.26333333,1,23.7,28.06666667,25.40571429,34.98428571,22.89,32.9,11.7,762,53,5,40,2.47
260,0,23.29,35.12666667,23.34714286,33.57714286,24.2,35,23.82333333,33.26666667,23.2,37.4,15.32333333,1,23.7,28,25.5,35.156,22.92142857,32.83714286,11.9,761.95,52,5,40,2.4
160,0,23.29,35.2,23.412,33.572,24.2,35,23.82333333,33.23,23.2,37.4,15.46,1,23.79,27.89,25.5,35.2,22.89,32.976,12.2,761.9,51,5,40,2.33
80,10,23.39,35.26,23.5,33.47142857,24.2,35,23.89,33.23,23.13333333,37.4,15.79333333,1,23.79,27.82333333,25.5,35,22.92142857,34.20714286,12.4,761.85,50,5,40,2.27
80,0,23.39,35.12666667,23.5,33.254,24.2,35.0225,23.89,33.16333333,23.2,37.4,15.92666667,1,23.82333333,27.73,25.55714286,34.94285714,23,35.29,12.6,761.8,49,5,40,2.2
90,0,23.39,34.93,23.48428571,32.99571429,24.2,35.09,23.82333333,33.03,23.2,37.36333333,15.7475,1,23.82333333,27.66333333,25.6,34.94,23,35.22285714,12.6,761.75,48.83333333,4.833333333,40,2.17
90,0,23.39,34.93,23.312,32.156,24.2,35.09,23.82333333,33,23.2,37.29,15.33,1,23.82333333,27.6,25.52857143,34.9,23,34.994,12.7,761.7,48.66666667,4.666666667,40,2.13
70,0,23.39,34.86333333,23.26428571,31.76428571,24.2,34.9475,23.89,32.86,23.2,37.16333333,15.26333333,1,23.82333333,27.46,25.55,34.745,23,34.66857143,12.7,761.65,48.5,4.5,40,2.1
100,0,23.39,34.73,23.33,32,24.2,34.32,23.79,32.7,23.2,37.09,15.39666667,1,23.82333333,27.39,25.6,34.7,23,34.21,12.7,761.6,48.33333333,4.333333333,40,2.07
100,10,23.42666667,34.86333333,23.39,32.11428571,24.13333333,34,23.79,32.7,23.2,37.06,15.53,1,23.89,27.39,25.6,34.63714286,23,33.94,12.8,761.55,48.16666667,4.166666667,40,2.03
100,0,23.5,34.86333333,23.37,32.296,24.2,34.018,23.79,32.62666667,23.2,37,15.46333333,1,23.89,27.35666667,25.6,34.545,23,33.696,12.8,761.5,48,4,40,2
80,0,23.5,34.93333333,23.29,32.5,24.2,34.09,23.79,32.7225,23.2,36.96666667,15.53,1,23.89,27.29,25.6,34.5,23,33.42857143,12.9,761.4666667,48,4,40,2.1
90,0,23.5,35,23.29,32.59,24.2,34.2,23.79,32.99,23.2,36.9,15.46333333,1,23.89,27.2,25.66666667,34.43333333,22.934,33.254,13.1,761.4333333,48,4,40,2.2
100,0,23.5,35,23.29,32.68428571,24.2,34.25142857,23.89,33.36,23.2,37,15.39666667,1,23.89,27.2,25.7,34.2675,22.90571429,33.04,13.2,761.4,48,4,40,2.3
90,20,23.5,34.96666667,23.272,32.678,24.2,34.356,23.89,33.56,23.2,37,15.19,1,23.89,27.2,25.7,34.112,22.89,32.9,13.3,761.3666667,48,4,40,2.4
100,20,23.5,34.96666667,23.2,32.59,24.2,34.4,23.89,33.73,23.16666667,37,14.93333333,1,23.89,27.2,25.754,34.13,22.89,32.82142857,13.5,761.3333333,48,4,40,2.5
100,20,23.5,34.9,23.1,32.7225,24.2225,34.55,23.89,33.86333333,23.1,37,14.66666667,1,23.89,27.2,25.79,34.36857143,22.89,32.7,13.6,761.3,48,4,40,2.6
110,30,23.5,34.9,23,32.834,24.29,34.718,23.92666667,34.03,23.1,37.03,14.39,1,23.89,27.26,25.79,34.29,22.89,32.63714286,13.6,761.2666667,47.5,4,40,2.48
130,20,23.5,34.93333333,22.93714286,32.97,24.29,34.876,24,34.16333333,23.1,37.1725,14.33,1,23.79,27.32333333,25.79,34.26,22.89,32.59,13.6,761.2333333,47,4,40,2.37
110,20,23.5,35,22.87,33.112,24.29,35,24.03333333,34.23,23.1,37.2,13.89666667,1,23.79,27.4175,25.79,34.05,22.89,32.62142857,13.6,761.2,46.5,4,40,2.25
110,20,23.5,34.9,22.72571429,33.22571429,24.29,35,24.1,34.29,23.1,37.29,13.63,1,23.79,27.56666667,25.85,33.79,22.89,32.7,13.6,761.1666667,46,4,40,2.13
300,30,23.5,35.02666667,22.66,33.46,24.29,35,24.13333333,34.32666667,23.1,37.29,13.36,1,23.79,27.63333333,25.89,33.96,22.87571429,32.73857143,13.6,761.1333333,45.5,4,40,2.02
360,20,23.5,35.06,22.58571429,33.61285714,24.29,35.018,24.2,34.32666667,23.1,37.29,13.16666667,1,23.73,27.76,25.89,33.98,22.79,32.718,13.6,761.1,45,4,40,1.9
140,20,23.5,35,22.5,33.812,24.29,35.09,24.2,34.29,23.1,37.29,12.7,2,23.7,28.03333333,25.89,34.08,22.83285714,32.86857143,13.4,761.0833333,46.66666667,3.833333333,40,2.17
100,20,23.5,35.09,22.5,33.97142857,24.29,35.09,24.2,34.29,23.1,37.32666667,12.26333333,4.126666667,23.7,28.16666667,25.89,34.4,22.8275,32.9625,13.2,761.0666667,48.33333333,3.666666667,40,2.43
200,20,23.5,35.16333333,22.39,34.134,24.29,35.156,24.2,34.29,23.1,37.4,12.06333333,5.393333333,23.7,28.42666667,25.89,34.44,22.79,33.134,12.9,761.05,50,3.5,40,2.7
330,30,23.5,35.36,22.37571429,34.35428571,24.29,35.2,24.2,34.29,23,37.32666667,11.96333333,6.033333333,23.7,28.56666667,25.89,34.616,22.81857143,33.27714286,12.7,761.0333333,51.66666667,3.333333333,40,2.97
290,20,23.5,35.89333333,22.33,34.816,24.29,35.23,24.26,34.46666667,23,37.4,11.89,6.493333333,23.66666667,28.79,25.89,35.08,22.79,33.356,12.5,761.0166667,53.33333333,3.166666667,40,3.23
120,0,23.53333333,37.23333333,22.29,35.92857143,24.29,35.29,24.2,34.46666667,23.03333333,37.46333333,11.76333333,6.896666667,23.6,28.85666667,25.89,35.272,22.79,33.42857143,12.3,761,55,3,40,3.5
80,10,23.6,37.76666667,22.29,36.94,24.29,35.4,24.23,34.62666667,23.03333333,37.59,11.63,7.09,23.6,29.03333333,25.85,35.054,22.79,33.536,12.1,760.9833333,56.66666667,3,38.16666667,3.72
80,0,23.6,37.59,22.21285714,37.05142857,24.29,35.475,24.29,34.7,23,37.82666667,11.56666667,7.7,23.6,29.16666667,25.79,35,22.79,33.65285714,11.9,760.9666667,58.33333333,3,36.33333333,3.93
100,30,23.6,37.59,22.18,37.09,24.29,35.56428571,24.2,34.59,23,37.96666667,11.36666667,9.7,23.6,29.26333333,25.79,35,22.79,33.718,11.7,760.95,60,3,34.5,4.15
110,20,23.6,37.45,22.17142857,37.09,24.2,35.634,24.2,34.73,23,38.09,11.03,13.29666667,23.6,29.46333333,25.79,35.13375,22.79,33.82142857,11.5,760.9333333,61.66666667,3,32.66666667,4.37
100,20,23.6,37.36333333,22.1,37.09,24.2,35.736,24.2,34.93,23,38.16333333,10.75666667,16.55666667,23.6,29.66333333,25.772,35.332,22.79,33.94,11.3,760.9166667,63.33333333,3,30.83333333,4.58
110,20,23.6,37.29,22.1,37.15285714,24.2,35.9,24.2,35.23,23,38.2,10.46333333,19.73333333,23.53333333,29.93,25.72571429,35.62142857,22.79,34.11428571,11.1,760.9,65,3,29,4.8
100,20,23.6,37.29,22.08,37.254,24.218,35.978,24.2,35.36333333,23,38.26,10.33,24.33333333,23.5,30.23,25.7,36.036,22.79,34.276,10.9,760.9,67.33333333,3.166666667,30.83333333,5.08
100,20,23.6,37.29,22,37.39714286,24.236,36.09,24.2,35.53,23,38.4,10.16,26.63333333,23.5,30.43,25.7,36.22,22.79,34.47142857,10.8,760.9,69.66666667,3.333333333,32.66666667,5.37
80,0,23.6,37.4,22,37.59,24.29,36.145,24.2,35.66333333,23,38.46666667,9.96,29.49333333,23.5,30.73,25.7,36.42,22.79,34.7,10.6,760.9,72,3.5,34.5,5.65
100,0,23.6,37.4,21.90571429,37.83857143,24.29,36.334,24.2,35.7,22.92666667,38.53,9.763333333,31.43,23.5,30.93,25.7,36.56428571,22.79,34.84,10.4,760.9,74.33333333,3.666666667,36.33333333,5.93
90,0,23.6,37.5,21.89,38.094,24.2,36.29,24.2,35.7,23,38.6175,9.63,33.09,23.5,31.15,25.7,36.94,22.772,34.978,10.3,760.9,76.66666667,3.833333333,38.16666667,6.22
100,0,23.6,37.56,21.84714286,38.32142857,24.29,36.4,24.1,35.7,23,38.7,9.566666667,34.3,23.5,31.32333333,25.7,37.20714286,22.76428571,35.12142857,10.1,760.9,79,4,40,6.5
90,0,23.6,37.7,21.79,38.536,24.29,36.42,24.1,35.7,22.89,38.73,9.4725,35.075,23.5,31.46333333,25.68,37.46,22.7,35.236,9.93,760.9333333,80.83333333,3.666666667,36.66666667,6.68
170,0,23.6,37.7,21.79,38.79857143,24.29,36.44,24.06666667,35.7,22.96333333,38.79,9.39,35.73333333,23.5,31.63333333,25.62857143,37.7,22.72571429,35.35285714,9.77,760.9666667,82.66666667,3.333333333,33.33333333,6.87
500,0,23.6,37.82666667,21.7225,39.00875,24.29,36.5,24,35.7,22.89,38.9,9.39,36.19666667,23.5,31.76,25.7,38.2,22.736,35.46,9.6,761,84.5,3,30,7.05
330,0,23.6,37.9,21.7,39.218,24.33,36.98,24,35.79,22.89,38.96666667,9.33,37.05666667,23.5,31.92666667,25.61428571,38.26714286,22.7,35.5,9.43,761.0333333,86.33333333,2.666666667,26.66666667,7.23
290,0,23.6,38.03,21.7,39.36857143,24.676,38.36,24,35.79,23.09333333,48.02666667,9.19,38.86333333,23.42666667,32,25.6,38.54,22.7,35.536,9.27,761.0666667,88.16666667,2.333333333,23.33333333,7.42
260,0,23.53333333,38.09,21.66,39.59,25.125,39.55,23.96333333,35.9,23.56666667,66.76,9.19,40.53,23.39,32.03,25.6,39.26428571,22.68571429,35.63714286,9.1,761.1,90,2,20,7.6
230,0,23.56666667,38.23,21.6,39.65285714,25.356,39.796,23.89,35.96666667,23.46333333,68.59666667,9.1,42.59333333,23.39,32.16333333,25.56,40.134,22.6,35.612,9.05,761.15,90.83333333,1.833333333,27,7.68
240,0,23.5,38.29,21.6,39.776,25.718,39.98,23.85666667,36,23.39,66.45666667,9.1,43.53333333,23.46333333,32.29,25.58571429,40.62428571,22.6,35.7,9,761.2,91.66666667,1.666666667,34,7.77
240,0,23.5,38.29,21.57142857,39.97142857,25.945,40.095,23.79,36.06,23.26,61.63333333,9.1,44,23.39,32.29,25.58,40.958,22.6,35.76,8.95,761.25,92.5,1.5,41,7.85
150,10,23.5,38.43,21.5,40.036,26.14,40.254,23.79,36.09,23.2,58.69333333,9.033333333,44.33333333,23.39,32.4,25.5,40.67857143,22.6,35.92285714,8.9,761.3,93.33333333,1.333333333,48,7.93
100,0,23.5,38.5,21.5,40.15285714,26.26333333,40.07833333,23.79,36.1725,23.2,56.73333333,9,44.59,23.39,32.46666667,25.54,40.514,22.6,36.145,8.85,761.35,94.16666667,1.166666667,55,8.02
90,0,23.5,38.56,21.478,40.178,26.29,39.65,23.79,36.2,23.2,56.06666667,8.926666667,44.79666667,23.46333333,32.56,25.57142857,40.32428571,22.6,36.55571429,8.8,761.4,95,1,62,8.1
90,0,23.5,38.69,21.39,40.16857143,26.216,39.28,23.79,36.23,23.1,54.5,8.8,45.12666667,23.39,32.5,25.66,40.178,22.66,36.976,8.77,761.4166667,95.33333333,1,59.33333333,8.1
90,0,23.46333333,38.79,21.29,40.29,26.07142857,38.89714286,23.73,36.29,23.1,52.62666667,8.726666667,45.26,23.46333333,32.66333333,25.7,40.02571429,22.6,37.145,8.73,761.4333333,95.66666667,1,56.66666667,8.1
80,0,23.39,38.79,21.29,40.38428571,26,38.71,23.7,36.29,23.06666667,50.69333333,8.53,44.9,23.39,32.59,25.736,40.476,22.64,37.41,8.7,761.45,96,1,54,8.1
100,0,23.39,38.82666667,21.29,40.4,25.95285714,38.34857143,23.7,36.29,23.06666667,49.43333333,8.33,44.83333333,23.5,32.7,25.76428571,40.72285714,22.65,37.58166667,8.67,761.4666667,96.33333333,1,51.33333333,8.1
70,0,23.39,39.1,21.22571429,40.32142857,25.934,38.16,23.7,36.32666667,23,48.09333333,8.3,45.52666667,23.5,32.7,25.79,40.634,22.7,37.9,8.63,761.4833333,96.66666667,1,48.66666667,8.1
80,0,23.35666667,39.4,21.2,40.4,25.87,37.94,23.7,36.4,23,47.29333333,8.3225,46.375,23.5,32.79,25.86142857,40.49714286,22.7,38.036,8.6,761.5,97,1,46,8.1
80,0,23.29,39.46666667,21.14285714,40.44285714,25.76428571,37.9,23.66666667,36.36333333,23,46.34,8.39,46.9,23.5,32.79,25.83,40.254,22.7,38.12666667,8.58,761.5,97,1,45.16666667,8.1
80,0,23.29,39.46666667,21.1,40.42,25.7,37.79,23.6,36.29,23,45.66,8.39,46.96333333,23.42666667,32.79,25.89,39.95571429,22.7,38.4,8.57,761.5,97,1,44.33333333,8.1
80,0,23.29,39.4,21.07142857,40.42857143,25.7,37.79,23.6,36.4,23,45.19333333,8.39,47.22333333,23.39,32.79,25.90375,39.70625,22.7,38.53571429,8.55,761.5,97,1,43.5,8.1
90,0,23.29,39.29,21.06,40.5,25.68,37.772,23.6,36.4,23,44.72333333,8.36,47.56666667,23.39,32.86333333,25.956,39.718,22.736,38.834,8.53,761.5,97,1,42.66666667,8.1
90,0,23.23,39.23,21,40.55142857,25.6,37.7,23.6,36.5,23,44.46333333,8.36,47.83333333,23.39,32.9,26,39.72571429,22.7,39.09,8.52,761.5,97,1,41.83333333,8.1
80,0,23.2,39.23,20.978,40.612,25.6,37.7,23.6,36.5,23,44.22333333,8.3,48.13333333,23.39,32.9,26.06,39.59,22.72571429,39.19428571,8.5,761.5,97,1,41,8.1
70,0,23.2,39.29,20.89,40.7,25.58571429,37.63714286,23.6,36.5,23,44.03,8.3,48.46666667,23.39,32.9,26.08571429,39.53857143,22.7,39.44,8.47,761.4833333,97.16666667,1,39.83333333,8.08
50,0,23.2,39.29,20.89,40.736,25.5,37.634,23.53333333,36.56,22.96333333,43.76,8.3,48.65666667,23.39,32.96666667,26.08,39.554,22.7,39.62666667,8.43,761.4666667,97.33333333,1,38.66666667,8.07
60,0,23.2,39.29,20.89,40.92285714,25.5,37.59,23.5,36.59,22.89,43.62666667,8.3,48.79,23.39,33,25.96857143,39.50428571,22.7,39.79571429,8.4,761.45,97.5,1,37.5,8.05
60,0,23.1,39.3,20.82333333,41.03,25.5,37.59,23.5,36.59,22.92666667,43.46666667,8.263333333,48.76,23.39,33,25.89,39.67,22.79,40.036,8.37,761.4333333,97.66666667,1,36.33333333,8.03
50,0,23.16666667,39.5,20.79,41.03,25.40571429,37.59,23.5,36.62666667,22.92666667,43.32666667,8.263333333,48.96,23.39,33.03,25.84714286,40.08428571,22.79,40.236,8.33,761.4166667,97.83333333,1,35.16666667,8.02
50,0,23.1,39.53,20.79,41.10571429,25.39,37.59,23.5,36.7,22.89,43.26,8.3,49.2,23.39,33.09,25.87,40.254,22.77714286,40.49285714,8.3,761.4,98,1,34,8
60,0,23.1,39.59,20.79,41.2,25.39,37.59,23.5,36.7,22.89,43.2,8.226666667,49.12666667,23.39,33.09,25.76428571,40.26428571,22.754,40.59,8.25,761.4,98.16666667,1,33.33333333,7.97
50,0,23.1,39.7,20.736,41.2,25.39,37.59,23.5,36.79,22.89,43.06,8.16,49.23,23.39,33.16333333,25.7,40.09,22.79,40.59,8.2,761.4,98.33333333,1,32.66666667,7.93
50,0,23.1,39.7,20.7,41.26,25.30428571,37.59,23.42666667,36.73,22.89,43,8.1,49.43,23.39,33.2,25.68571429,40.09,22.79,40.68125,8.15,761.4,98.5,1,32,7.9
50,0,23.1,39.7,20.7,41.312,25.29,37.59,23.39,36.79,22.89,42.96666667,8.1,49.65666667,23.39,33.2,25.6,40.112,22.79,40.9,8.1,761.4,98.66666667,1,31.33333333,7.87
60,0,23.03333333,39.62666667,20.66,41.356,25.29,37.59,23.39,36.73,22.89,42.9,8.025,49.8175,23.39,33.2,25.6,40.34285714,22.79,40.95714286,8.05,761.4,98.83333333,1,30.66666667,7.83
50,0,23.03333333,39.7,20.68333333,41.4,25.29,37.59,23.39,36.79,22.89,42.86333333,8,49.9,23.39,33.2,25.5,40.536,22.79,41.018,8,761.4,99,1,30,7.8
70,0,23,39.7,20.6,41.4,25.29,37.59,23.39,36.79,22.89,42.79,8,49.93333333,23.39,33.2,25.5,40.79857143,22.79,41.12142857,7.97,761.3333333,99,1,27.83333333,7.77
50,0,23,39.7,20.58,41.42,25.29,37.59,23.39,36.79,22.89,42.7,8,50.06,23.39,33.2,25.434,40.978,22.79,41.236,7.93,761.2666667,99,1,25.66666667,7.73
60,0,23,39.7,20.56666667,41.5,25.26428571,37.59,23.39,36.79,22.84,42.6175,8,50.09,23.39,33.29,25.43714286,41.19428571,22.79,41.35285714,7.9,761.2,99,1,23.5,7.7
60,0,23,39.7,20.55,41.5,25.2,37.59,23.32333333,36.79,22.89,42.59,7.933333333,50.09,23.39,33.29,25.39,41.634,22.79,41.42,7.87,761.1333333,99,1,21.33333333,7.67
50,0,23,39.7,20.56,41.536,25.2,37.59,23.32333333,36.86333333,22.79,42.5,7.9,50.2,23.39,33.29,25.39,41.59285714,22.79,41.5,7.83,761.0666667,99,1,19.16666667,7.63
70,0,23,39.7,20.5,41.62666667,25.2,37.59,23.29,36.9,22.85666667,42.56,7.9,50.2,23.32333333,33.29,25.37,41.576,22.79,41.59,7.8,761,99,1,17,7.6
50,0,23,39.76,20.5,41.7,25.2,37.59,23.29,36.9,22.79,42.5,7.8,50.03,23.32333333,33.36333333,25.29,41.73333333,22.79,41.65285714,7.72,760.95,99,1,16.33333333,7.52
50,0,22.92666667,39.76,20.5,41.7,25.2,37.59,23.29,36.9,22.79,42.5,7.726666667,50.03,23.39,33.32666667,25.29,41.9,22.79,41.718,7.63,760.9,99,1,15.66666667,7.43
50,0,22.92666667,39.7,20.5,41.7,25.2,37.59,23.29,36.9,22.79,42.5,7.656666667,50.06,23.32333333,33.4,25.25142857,41.79285714,22.79,41.79,7.55,760.85,99,1,15,7.35
50,0,22.92666667,39.76,20.434,41.736,25.11428571,37.59,23.29,37,22.79,42.5,7.59,50,23.29,33.4,25.2,41.772,22.79,41.79,7.47,760.8,99,1,14.33333333,7.27
50,0,22.89,39.7,20.456,41.754,25.04,37.656,23.23,36.93333333,22.79,42.59,7.59,50,23.29,33.4,25.2,41.79,22.79,41.88428571,7.38,760.75,99,1,13.66666667,7.18
50,0,22.89,39.7,20.39,41.7,25,37.7,23.26,36.96666667,22.79,42.59,7.59,50.26666667,23.29,33.4,25.14285714,41.68428571,22.79,41.92,7.3,760.7,99,1,13,7.1
50,0,22.89,39.7,20.39,41.718,25,37.7,23.2,36.9,22.79,42.59,7.69,50.82666667,23.29,33.4,25.1,41.436,22.79,42,7.27,760.7,99.16666667,1,13.5,7.1
60,0,22.89,39.7,20.39,41.79,24.90571429,37.7,23.2,36.9,22.79,42.66333333,7.69,50.82666667,23.29,33.4,25.1,41.145,22.79,42.09,7.23,760.7,99.33333333,1,14,7.1
50,0,22.89,39.7,20.34714286,41.79,24.89,37.7,23.2,37,22.79,42.59,7.69,51.03,23.29,33.4,25.06,41.018,22.79,42.15285714,7.2,760.7,99.5,1,14.5,7.1
60,0,22.89,39.6725,20.29,41.9,24.89,37.7,23.2,37,22.79,42.59,7.7175,51.1725,23.29,33.4,25,40.754,22.79,42.218,7.17,760.7,99.66666667,1,15,7.1
60,0,22.89,39.66333333,20.29,41.94285714,24.83,37.59,23.2,37,22.79,42.59,7.8,51.26,23.29,33.46666667,24.945,40.6725,22.79,42.29,7.13,760.7,99.83333333,1,15.5,7.1
50,0,22.85666667,39.66333333,20.29,42,24.89,37.59,23.2,37,22.79,42.59,7.833333333,51.56666667,23.29,33.5,24.934,40.674,22.79,42.356,7.1,760.7,100,1,16,7.1
60,0,22.79,39.53,20.29,42,24.83,37.536,23.2,37.06,22.79,42.59,7.9,51.7,23.29,33.5,24.89,40.772,22.79,42.38428571,7.17,760.6833333,99.83333333,0.833333333,18.66666667,7.13
50,0,22.79,39.56,20.29,42.018,24.79,37.5,23.13333333,37.06,22.79,42.59,8,51.7,23.23,33.43333333,24.89,40.7,22.79,42.46,7.23,760.6666667,99.66666667,0.666666667,21.33333333,7.17
50,0,22.79,39.56,20.29,42.09,24.79,37.5,23.1,37.09,22.79,42.53,8,51.62666667,23.23,33.43333333,24.81,40.692,22.79,42.52571429,7.3,760.65,99.5,0.5,24,7.2
50,0,22.79,39.59,20.29,42.134,24.79,37.48571429,23.1,37.09,22.79,42.53,7.966666667,51.59,23.2,33.43333333,24.79,40.754,22.79,42.59,7.37,760.6333333,99.33333333,0.333333333,26.66666667,7.23
50,0,22.79,39.59,20.25142857,42.15285714,24.79,37.42,23.1,37.09,22.79,42.545,7.9,51.59,23.2,33.5,24.79,40.7,22.84,42.645,7.43,760.6166667,99.16666667,0.166666667,29.33333333,7.27
50,0,22.79,39.59,20.2,42.09,24.79,37.52571429,23.1,37.09,22.79,42.56,8,51.59,23.26,33.56,24.736,40.754,22.80428571,42.7,7.5,760.6,99,0,32,7.3
50,0,22.79,39.59,20.2,42.09,24.79,37.634,23.1,37.12666667,22.73,42.5,8,51.66333333,23.2,33.5,24.7,40.754,22.79,42.7,7.52,760.6166667,99,0.166666667,36.83333333,7.32
50,0,22.76,39.59,20.2,42.09,24.87571429,37.84,23.1,37.2,22.79,42.46666667,8,51.7,23.26,33.56,24.7,40.79,22.79,42.7,7.53,760.6333333,99,0.333333333,41.66666667,7.33
60,0,22.76,39.59,20.2,42.12142857,24.89,37.96,23.1,37.2,22.73,42.4,8,51.7,23.29,33.59,24.675,40.845,22.79,42.79,7.55,760.65,99,0.5,46.5,7.35
50,0,22.76,39.59,20.2,42.134,24.89,38.02571429,23.1,37.2,22.79,42.36333333,8.1,51.9,23.23,33.53,24.6,40.812,22.79,42.79,7.57,760.6666667,99,0.666666667,51.33333333,7.37
60,0,22.7,39.59,20.2,42.16857143,24.89,38.09,23.1,37.2,22.73,42.29,8.16,51.82666667,23.26,33.59,24.6,40.9,22.79,42.79,7.58,760.6833333,99,0.833333333,56.16666667,7.38
60,0,22.7,39.59,20.2,42.2,24.89,38.15285714,23.03333333,37.12666667,22.7,42.26,8.19,51.9,23.2,33.59,24.6,40.9,22.79,42.79,7.6,760.7,99,1,61,7.4
60,0,22.7,39.59,20.2,42.2,24.912,38.2,23.06666667,37.2,22.7,42.26,8.263333333,52.02666667,23.2,33.59,24.6,40.9,22.79,42.834,7.63,760.7333333,98,1,54.33333333,7.3
50,0,22.7,39.59,20.2,42.254,25,38.21125,23,37.2,22.7,42.2,8.3,52.09,23.2,33.59,24.56666667,40.96666667,22.79,42.86857143,7.67,760.7666667,97,1,47.66666667,7.2
50,0,22.7,39.59,20.2,42.22571429,25,38.29,23,37.2,22.7,42.2,8.3675,52.0225,23.2,33.59,24.5,40.9,22.79,42.9,7.7,760.8,96,1,41,7.1
90,0,22.7,39.59,20.2,42.2,25,38.29,23,37.2,22.7,42.2,8.463333333,52.06,23.2,33.59,24.5,40.9,22.81857143,42.90714286,7.73,760.8333333,95,1,34.33333333,7
60,0,22.7,40.05666667,20.2,42.60571429,24.89142857,38.01285714,23,37.26,22.7,42.12666667,8.666666667,52.15666667,23.2,33.59,24.5,41.0225,22.79,43,7.77,760.8666667,94,1,27.66666667,6.9
40,0,22.745,40.545,20.218,43.27,24.79,37.634,23,37.32666667,22.7,42.06,8.933333333,52.43,23.2,33.59,24.5,41.09,22.79,42.91428571,7.8,760.9,93,1,21,6.8
50,0,22.79,40.62666667,20.29,43.62142857,24.72571429,37.56428571,23,37.46666667,22.7,42,9.256666667,52.43333333,23.2,33.62666667,24.5,41.29,22.79,42.878,7.92,760.9333333,91.83333333,1.166666667,22.33333333,6.7
60,0,22.85666667,40.76,20.39,43.7,24.66,37.46,23,37.53,22.7,41.96666667,9.59,52.43333333,23.2,33.7,24.5,41.29,22.79,42.79,8.03,760.9666667,90.66666667,1.333333333,23.66666667,6.6
50,0,22.82333333,40.73,20.45285714,43.7,24.6,37.4,23,37.59,22.7,41.9,10.06333333,52.06666667,23.2,33.7,24.46333333,41.26,22.79,42.656,8.15,761,89.5,1.5,25,6.5
160,0,22.89,40.79,20.5,43.678,24.6,37.378,23,37.7,22.7,41.79,10.26333333,50.99333333,23.2,33.7,24.39,41.2,22.79,42.45571429,8.27,761.0333333,88.33333333,1.666666667,26.33333333,6.4
170,0,22.89,40.73,20.54285714,43.56428571,24.6,37.29,23,37.7,22.7,41.93,10.3,49.36666667,23.2,33.7,24.5,41.425,22.79,42.28,8.38,761.0666667,87.16666667,1.833333333,27.66666667,6.3
80,0,22.89,40.86333333,20.5,43.4375,24.6,37.254,22.96333333,37.79,22.7,42.36,10.36,49.16666667,23.2,33.7,24.42666667,41.43333333,22.79,42.37142857,8.5,761.1,86,2,29,6.2
60,0,22.89,40.83333333,20.6,43.356,24.6,37.236,22.96333333,37.79,22.7,42.69333333,10.53333333,49.12333333,23.2,33.7,24.39,41.44,22.89,43.44,8.47,761.15,84.83333333,2,30.83333333,5.98
50,0,22.82333333,40.62666667,20.6,43.02571429,24.6,37.2,22.96333333,37.86333333,22.7,42.9,10.6,48.59666667,23.16666667,33.59,24.39,41.42714286,22.89,43.59571429,8.43,761.2,83.66666667,2,32.66666667,5.77
50,0,22.89,40.66333333,20.6,42.812,24.66666667,37.2,22.89,37.79,22.7,42.9,10.72666667,47.66333333,23.1,33.59,24.39,41.312,22.89,43.4,8.4,761.25,82.5,2,34.5,5.55
80,10,22.89,40.59,20.67142857,42.94285714,24.56,37.2,22.89,37.79,22.7,42.82666667,10.93333333,47.59,23.1,33.56,24.39,41.496,22.89,43.09571429,8.37,761.3,81.33333333,2,36.33333333,5.33
100,20,22.89,40.59,20.7,42.856,24.5,37.2,22.89,37.79,22.6,42.66333333,11.22666667,44.75666667,23.1,33.5,24.39,41.425,22.89,42.754,8.33,761.35,80.16666667,2,38.16666667,5.12
320,30,22.89,40.59,20.75142857,42.72285714,24.434,37.116,22.92666667,37.93333333,22.6,42.66333333,11.36,43.36333333,23.1,33.5,24.39,41.22333333,22.89,42.42142857,8.3,761.4,79,2,40,4.9
160,20,22.89,40.76333333,20.79,42.476,24.39,37,23,38.06,22.6,42.59,11.53333333,42.92333333,23.1,33.5,24.39,40.774,22.89,42.00875,8.35,761.4,78.66666667,1.833333333,40,4.88
100,20,22.89,41.36333333,20.79,42.09571429,24.412,37.094,23.1,38.29,22.6,42.59,11.79333333,42.59,23.1,33.4,24.39,40.125,22.89,41.696,8.4,761.4,78.33333333,1.666666667,40,4.87
100,20,22.79,41.13333333,20.83,41.834,24.5,37.2,23.1,38.29,22.6,42.46666667,12.05,40.55,23.1,33.4,24.39,39.76666667,22.84714286,41.28571429,8.45,761.4,78,1.5,40,4.85
110,20,22.79,40.8,20.90571429,41.67857143,24.5,37.254,23.2,38.29,22.6,42.4,12.36666667,37.3,23.06666667,33.33333333,24.39,39.416,22.89,40.82,8.5,761.4,77.66666667,1.333333333,40,4.83
100,20,22.79,40.43,21,41.4,24.5,37.29,23.2675,38.2675,22.6,42.254,12.76,34.82666667,23,33.12666667,24.39,38.99428571,22.83285714,40.63714286,8.55,761.4,77.33333333,1.166666667,40,4.82
100,30,22.79,40.23,21.06666667,41.2,24.5,37.29,23.35666667,38.2,22.6,42.156,13.25666667,28.9,23.03333333,33.09,24.39,38.696,22.79,40.516,8.6,761.4,77,1,40,4.8
100,20,22.79,39.96666667,21.14,40.916,24.52,37.29,23.39,38.06,22.6,41.99857143,13.59,25.3,23.03333333,32.89,24.39,38.47142857,22.79,40.345,8.72,761.4,76,1,37.83333333,4.7
90,0,22.79,39.795,21.25142857,40.62285714,24.6,37.32142857,23.39,38,22.6,41.816,14.23333333,22.36333333,23.1,32.86333333,24.39,38.2,22.89,40.06,8.83,761.4,75,1,35.66666667,4.6
110,0,22.79,39.56666667,21.372,40.276,24.6,37.4,23.5,37.93,22.6,41.7,14.83333333,17.89,23.1,32.73,24.39,38.04,22.89,39.93333333,8.95,761.4,74,1,33.5,4.5
110,0,22.79,39.5,21.5,39.89714286,24.6,37.29,23.5,37.65666667,22.6,41.514,15.43,12.7,23.1,32.56,24.3525,37.9,22.82333333,39.66333333,9.07,761.4,73,1,31.33333333,4.4
110,0,22.79,39.43333333,21.7,39.62,24.6,37.33714286,23.35666667,37.22333333,22.6,41.12571429,15.82333333,9.233333333,23.1,32.43333333,24.39,37.92,22.82333333,39.33,9.18,761.4,72,1,29.16666667,4.3
290,0,22.79,39.13333333,21.80857143,39.21,24.6,37.29,23.23,36.69666667,22.6,40.74,15.5,1,23.1,32.19333333,24.39,37.92857143,22.82333333,38.93,9.3,761.4,71,1,27,4.2
450,0,22.79,38.86,21.976,38.6,24.6,37.29,23.16666667,36.02666667,22.6,40.39714286,15.36,1,23.1,31.8,24.39,37.754,22.82333333,38.53,9.55,761.4166667,69.66666667,1,29.16666667,4.17
160,0,22.89,38.59,22.12857143,37.99714286,24.6,37.156,23.1,35.9,22.6,40.29,15.25666667,1,23.15,31.445,24.45285714,37.81428571,22.89,38.26,9.8,761.4333333,68.33333333,1,31.33333333,4.13
100,0,22.89,38.59,22.236,37.7,24.6,37.09,23.16666667,35.76,22.6,40.16571429,15.33,1,23.2,31.29,24.52,37.9,22.89,38.2,10.1,761.45,67,1,33.5,4.1
120,0,22.89,38.56,22.36285714,37.55428571,24.62,37.09,23.16666667,35.62666667,22.6,40.116,15.03333333,1,23.2,31.29,24.55714286,37.9,22.89,38,10.3,761.4666667,65.66666667,1,35.66666667,4.07
120,0,22.96333333,38.3,22.52,37.4,24.65714286,37.05142857,23.2,35.46666667,22.6,40,15.03333333,1,23.2,31.13333333,24.6,37.7,22.89,38,10.6,761.4833333,64.33333333,1,37.83333333,4.03
120,10,23,37.96666667,22.6,37.09571429,24.7,37.09,23.2,35.32666667,22.6,39.9,15.03,1,23.26,31,24.69857143,37.62428571,22.89,38.09,10.8,761.5,63,1,40,4
330,0,23.06666667,37.96666667,22.625,36.83125,24.7,37.01285714,23.23,35.26666667,22.6,39.80571429,15.09,1,23.29,30.85666667,24.81,37.48,22.89,38.16333333,11.1,761.4333333,62,1,40,4.07
350,0,23.13333333,38.09,22.736,36.656,24.7,37,23.29,35.4,22.6,39.745,15.89,1,23.29,30.73,24.92142857,37.32142857,22.89,38.2,11.5,761.3666667,61,1,40,4.13
360,0,23.2,38.16333333,22.76428571,36.66142857,24.7,37,23.32333333,35.59,22.6,39.736,16.03,1,23.39,30.46333333,25,37.29,22.89,38.4,11.8,761.3,60,1,40,4.2
340,0,23.23,42.43,22.81,37.554,24.7,37,23.39,35.66333333,22.6,39.76428571,16.3,1,23.39,30.32333333,25,37.23857143,22.89,38.95,12.1,761.2333333,59,1,40,4.27
100,0,23.35666667,46.03,22.89,39.25428571,24.7,37,23.5,35.9475,22.6,40.036,16.56666667,1,23.42666667,30.2,25.02,37.26,22.89,38.75666667,12.5,761.1666667,58,1,40,4.33
80,0,23.39,44.36,22.89,38.58,24.68,37.036,23.5,36.045,22.6,40.44857143,16.5,1,23.5,30.13333333,25.1,37.62142857,22.89,39.29666667,12.8,761.1,57,1,40,4.4
90,10,23.39,41.43333333,22.89,37.54857143,24.57142857,36.98285714,23.6,35.79,22.62,40.718,16.35666667,1,23.5,29.96333333,25.1,37.514,22.89,39.65666667,12.8,761.0666667,56.33333333,1,40,4.25
80,0,23.5,39.86333333,22.89,36.152,24.456,37.254,23.6,35.745,22.65714286,40.72571429,16.56333333,1,23.56,29.812,25.15714286,36.95285714,22.89,39.794,12.8,761.0333333,55.66666667,1,40,4.1
80,0,23.5,39.33,22.86142857,34.94285714,24.39,36.78142857,23.6,35.52666667,22.64,40.4,17.55666667,1,23.6,29.67142857,25.2,36.516,22.89,39.62142857,12.8,761,55,1,40,3.95
100,0,23.5,37.395,22.66,33.754,24.37,36.18,23.6,35.13333333,22.7,40.11,17.89,1,23.7,29.56,25.2,36.34285714,22.89,39.79,12.8,760.9666667,54.33333333,1,40,3.8
100,0,23.5,36.69333333,22.65714286,33.55428571,24.26428571,35.41428571,23.6,34.5,22.7,39.676,17.4,1,23.7,29.34857143,25.2,35.82,22.89,39.75142857,12.8,760.9333333,53.66666667,1,40,3.65
100,0,23.5,36.16666667,22.7,33.36,24.16,34.856,23.6,33.7,22.67142857,39.26428571,16.92666667,1,23.7,29.272,25.2,35.48142857,22.89,39.772,12.8,760.9,53,1,40,3.5
80,0,23.5,36.22666667,22.7,32.89714286,24.08571429,34.71,23.55,33.6,22.66,38.856,17.26333333,1,23.7,29.17142857,25.2,35.25,22.93714286,39.66857143,13,760.85,53,1.166666667,40,3.63
210,0,23.56666667,36.69333333,22.7,32.754,24,34.38,23.53333333,33.48666667,22.68571429,38.72285714,17.39,1,23.7,29.06,25.2,35.09,22.89,39.5,13.1,760.8,53,1.333333333,40,3.77
90,10,23.6,37.36333333,22.77714286,32.60571429,24,34.44,23.51666667,33.37333333,22.7,38.572,17.66666667,1,23.75142857,28.92285714,25.14,35,22.89,39.35142857,13.3,760.75,53,1.5,40,3.9
100,0,23.66666667,37.96333333,22.772,32.53,23.956,33.9,23.5,33.26,22.7,38.5,18.26,1,23.79,28.79,25.15714286,34.89857143,22.89,39.236,13.5,760.7,53,1.666666667,40,4.03
90,0,23.6,36.23333333,22.67142857,32.22571429,23.95285714,34.1,23.42666667,32.79333333,22.7,38.356,17.89,1,23.79,28.75142857,25.14,34.79,22.89,39.16857143,13.6,760.65,53,1.833333333,40,4.17
90,0,23.6,35.23333333,22.5,31.956,24.05,34.25625,23.26,32.22333333,22.7,38.13714286,17.69666667,1,23.79,28.7,25.1,34.79,22.89,39.09,13.8,760.6,53,2,40,4.3
90,0,23.6,34.33333333,22.43714286,31.68,24.12,34.2,23.13333333,32.03,22.7,37.9,17.39,1,23.79,28.6375,25.1,34.79,22.89,39.03857143,13.9,760.55,51.66666667,2,40,4
90,0,23.6,33.86,22.35,31.412,24.15714286,34.2,23.06666667,31.82333333,22.7,37.59571429,17.39,1,23.77714286,28.55714286,25.07142857,34.7,22.89,39,13.9,760.5,50.33333333,2,40,3.7
90,0,23.6,33.76,22.42142857,31.75428571,24.2,34.2,23.06666667,32.02333333,22.7,37.254,17.5,1,23.736,28.58,25,34.7,22.89,38.92857143,14,760.45,49,2,40,3.4
80,0,23.6,33.76,22.6,32.036,24.25142857,34.25142857,23.13333333,32.46333333,22.7,37.08571429,17.76,1,23.76428571,28.5,24.978,34.634,22.89,38.79,14.1,760.4,47.66666667,2,40,3.1
90,0,23.6,33.93333333,22.61428571,32.21285714,24.29,34.312,23.26,32.86333333,22.7,36.94,17.6,1,23.736,28.5,24.92142857,34.59,22.89,38.73857143,14.1,760.35,46.33333333,2,40,2.8
90,0,23.6,34.06,22.68,32.4,24.29,34.4,23.29,33.26666667,22.7,36.86857143,17.6,1,23.71285714,28.5,24.89,34.5,22.89,38.718,14.2,760.3,45,2,40,2.5
120,0,23.5,34.15666667,22.62857143,32.35285714,24.29,34.4,23.35666667,33.46666667,22.7,36.754,17.46,1,23.7,28.478,24.89,34.44285714,22.89,38.75142857,14.3,760.3,44.83333333,2.166666667,40,2.47
110,0,23.5,34.56333333,22.7,32.5,24.23857143,34.2,23.39,33.62666667,22.75142857,36.7,17.4,1,23.7,28.39,24.89,34.4,22.89,38.736,14.3,760.3,44.66666667,2.333333333,40,2.43
110,0,23.5,34.65666667,22.65714286,32.55142857,24.18,34.054,23.39,33.7,22.736,36.754,17.13333333,1,23.7,28.39,24.89,34.4,22.89,38.58428571,14.4,760.3,44.5,2.5,40,2.4
630,0,23.5,34.73,22.6625,32.5325,24.1,33.81857143,23.39,33.545,22.7,36.79,17.32333333,1,23.7,28.39,24.89,34.356,22.89,38.4,14.5,760.3,44.33333333,2.666666667,40,2.37
400,0,23.5,36.76333333,22.6,32.738,24.14,33.46,23.5,33.62666667,22.7,36.79,17.26333333,1,23.66,28.314,24.83285714,34.32142857,22.89,38.26714286,14.5,760.3,44.16666667,2.833333333,40,2.33
350,0,23.575,40.7175,22.6,34.47857143,24.14285714,33.65285714,23.42666667,33.7,22.736,37.036,17,1,23.67142857,28.36142857,24.83,34.29,22.89,38.2,14.6,760.3,44,3,40,2.3
120,0,23.53333333,40.52666667,22.5,34.374,24.08,34.04,23.46333333,33.7,22.73857143,37.29857143,16.92666667,1,23.64,28.33,24.86142857,34.36857143,22.85,38.014,14.5,760.3,44.5,2.833333333,40,2.4
100,0,23.5,39.96666667,22.55714286,35.46857143,24.15714286,34.26428571,23.46333333,33.83333333,22.754,37.478,16.89,1,23.61428571,28.30428571,24.83,34.156,22.84714286,38.00857143,14.5,760.3,45,2.666666667,40,2.5
110,0,23.5,39.69333333,22.6,36.34,24.2,34.4,23.42666667,33.82666667,22.75142857,37.62142857,16.76333333,1,23.6,28.272,24.86142857,34.28142857,22.83,38.016,14.4,760.3,45.5,2.5,40,2.6
100,0,23.53333333,40.19333333,22.6,36.45714286,24.25142857,34.6,23.42666667,33.82666667,22.7,37.834,16.54,1,23.6,28.26428571,24.89,34.545,22.79,37.79571429,14.3,760.3,46,2.333333333,40,2.7
150,0,23.6,40.66,22.6,36.536,24.29,34.74,23.39,33.82666667,22.73857143,37.95714286,16.36285714,1,23.6,28.29,24.89,34.73,22.79,37.656,14.3,760.3,46.5,2.166666667,40,2.8
100,0,23.6,39.62333333,22.6,36.47,24.29,34.92857143,23.39,33.9,22.772,38.054,16.272,1,23.54285714,28.29,24.89,34.79,22.79,37.57857143,14.2,760.3,47,2,40,2.9
120,0,23.6,39.09666667,22.6,36.356,24.29,35.09,23.39,33.9,22.82428571,46.72142857,16.1,1,23.5,28.29,25,34.79,22.79,36.976,14.1,760.3,47,2,40,2.85
120,0,23.5,38.76,22.6,36.2,24.37571429,35.15285714,23.32333333,33.9,23.1,58.17,15.81,1,23.5,28.29,25,34.79,22.79,36.26714286,14.1,760.3,47,2,40,2.8
110,0,23.5,38.56666667,22.5,36.29,24.39,35.218,23.35666667,33.82666667,23.31,65.72285714,15.42571429,1,23.5,28.39,25,34.76,22.79,35.514,14,760.3,47,2,40,2.75
120,0,23.5,38.43,22.5,36.16571429,24.46857143,35.36857143,23.35666667,34.16,24.094,79.08,14.996,1,23.5,28.48142857,25,34.62666667,22.79,35.27,13.9,760.3,47,2,40,2.7
120,20,23.5,38.23,22.478,36.254,24.5,35.5,23.39,34.73,23.76428571,77.95428571,14.44,1,23.478,28.836,25,35.45666667,22.79,35.036,13.9,760.3,47,2,40,2.65
110,10,23.5,38.29,22.39,36.29,24.5,35.55142857,23.39,34.79,23.456,78.43,13.81,1,23.43714286,29.51428571,25,36.12333333,22.76428571,35,13.8,760.3,47,2,40,2.6
100,20,23.5,38.29,22.29,36.4,24.434,35.554,23.39,34.9,23.34714286,76.40571429,13.32285714,1,23.39,29.934,25.03333333,36.73,22.7,35,13.6,760.3,48.83333333,2,40,2.92
130,0,23.5,38.2,22.27714286,36.45714286,24.39,35.60375,23.39,34.9,23.432,76.44,12.83,1.263333333,23.39,30.1,25.075,36.845,22.7,34.92857143,13.4,760.3,50.66666667,2,40,3.23
80,0,23.42666667,38.12666667,22.2,36.58,24.39,35.7,23.39,34.9,23.49714286,76.78142857,12.42571429,2.438571429,23.35,30.376,25,36.93,22.7,35.018,13.2,760.3,52.5,2,40,3.55
80,0,23.46333333,38.13333333,22.12857143,36.97142857,24.39,35.7,23.32333333,34.96666667,23.2,63.89,11.99714286,3.911428571,23.39,30.9575,25,37.3,22.67142857,35.06428571,13,760.3,54.33333333,2,40,3.87
80,0,23.39,37.93333333,22.1,37.236,24.34714286,35.75142857,23.29,35,23.04142857,58.18285714,11.654,3.736,23.39,31.49714286,25.06666667,37.69333333,22.64,35.09,12.8,760.3,56.16666667,2,40,4.18
80,0,23.39,37.86333333,22.01428571,37.30571429,24.33,35.79,23.29,35,22.87,54.074,11.43857143,4.597142857,23.39,31.736,25.06666667,37.9,22.61428571,35.01285714,12.6,760.3,58,2,40,4.5
80,0,23.39,37.79,22,37.46,24.29,35.82142857,23.23,35,22.72571429,50.82142857,11.216,5.296,23.39,31.84714286,25,37.82666667,22.6,34.918,12.5,760.35,58.33333333,1.833333333,40,4.47
70,10,23.39,37.79,21.96857143,37.5,24.29,36,23.2,35,22.56,48.01,11.02857143,5.31,23.39,31.89,25,37.79,22.6,34.79,12.3,760.4,58.66666667,1.666666667,40,4.43
60,0,23.39,37.89,21.89,37.59,24.29,35.97142857,23.2,35,22.42285714,46.68,10.89,5.36,23.39,31.99428571,25,37.79,22.6,34.736,12.2,760.45,59,1.5,40,4.4
60,0,23.39,38.16333333,21.83285714,37.60571429,24.29,36.018,23.2,35.03,22.29,45.658,10.83857143,6.152857143,23.39,32.236,24.89,37.93333333,22.6,34.78,12.1,760.5,59.33333333,1.333333333,40,4.37
60,10,23.32333333,38.29,21.772,37.718,24.29,36.09,23.2,35.09,22.22571429,44.85,10.778,7.456,23.39,32.45428571,24.89,38.06,22.6,35.14,11.9,760.55,59.66666667,1.166666667,40,4.33
50,0,23.39,38.43,21.7,37.885,24.29,36.134,23.16666667,35.09,22.16,44.21,10.62571429,8.3,23.39,32.674,24.89,38.26666667,22.6375,35.72125,11.8,760.6,60,1,40,4.3
50,0,23.29,38.53,21.67142857,38,24.29,36.2,23.1,35.09,22.04285714,43.62571429,10.39,9.59,23.39,32.79,24.89,38.6,22.6,36.19428571,11.6,760.6,63,1,40,4.67
40,0,23.29,38.53,21.6,38.09,24.29,36.254,23.1,35.26666667,21.945,42.8225,10.23714286,11.03714286,23.39,32.9,24.85666667,39,22.6,36.736,11.3,760.6,66,1,40,5.03
60,0,23.29,38.5,21.51428571,38.19714286,24.26428571,36.29,23.16666667,35.46666667,21.87,42.296,10.08,11.496,23.39,33.13857143,24.85666667,39.19333333,22.6,36.94142857,11.1,760.6,69,1,40,5.4
40,0,23.23,38.5,21.434,38.254,24.2,36.29,23.2,35.76666667,21.79,41.79571429,9.921428571,12.19571429,23.39,33.376,24.79,39.26,22.6,37.076,10.8,760.6,72,1,40,5.77
40,10,23.2,38.56,21.39,38.32142857,24.2,36.35285714,23.2,36.02666667,21.7,41.46,9.756,12.154,23.46857143,33.59571429,24.79,39.4,22.62857143,37.22571429,10.6,760.6,75,1,40,6.13
50,0,23.2,38.56,21.35,38.5,24.18,36.4,23.2,36.23,21.64285714,40.96571429,9.638571429,12.44285714,23.5,33.7,24.76,39.33333333,22.66,37.29,10.3,760.6,78,1,40,6.5
60,10,23.2,38.59,21.29,38.55142857,24.1,36.4,23.2,36.36333333,21.54,40.494,9.6,13.418,23.5,33.84,24.7,39.2,22.6,37.36714286,10.2,760.6,77.83333333,1,40,6.43
70,0,23.2,38.59,21.272,38.656,24.1,36.5,23.2,36.56666667,21.5,40.29,9.6,14.24,23.5,33.9,24.6,39,22.6,37.518,10.2,760.6,77.66666667,1,40,6.37
60,10,23.1,38.7,21.2,38.7,24.1,36.55142857,23.26,36.76,21.39,40.2,9.56,14.68,23.5,33.97142857,24.6,39.06,22.6,37.59,10.1,760.6,77.5,1,40,6.3
70,0,23.1,38.76,21.2,38.79,24.12,36.674,23.23,36.86,21.33285714,40.13714286,9.484285714,15.46571429,23.5,34.09,24.5,39.29,22.6,37.7,10,760.6,77.33333333,1,40,6.23
50,0,23.1,38.89,21.11428571,38.95428571,24.2,36.86857143,23.29,37,21.236,40.036,9.39,16.812,23.5,34.10571429,24.5,39.29,22.64285714,37.79857143,9.97,760.6,77.16666667,1,40,6.17
40,0,23.1,39.16333333,21.08,39.156,24.236,37.036,23.29,36.9,21.2,40,9.39,17.69714286,23.5,34.24,24.5,39.29,22.6,37.876,9.9,760.6,77,1,40,6.1
50,0,23.1,39.29,21,39.22571429,24.29,37.15285714,23.2225,36.8175,21.18,39.94,9.39,18.1625,23.5,34.4,24.5,40,22.62857143,38.12142857,9.8,760.55,77.16666667,1,40,6.03
50,0,23.1,39.29,21,39.29,24.29,37.254,23.2,36.86333333,21.1,39.92857143,9.39,19.716,23.5,34.536,24.42666667,40.06666667,22.6,38.29,9.7,760.5,77.33333333,1,40,5.97
50,0,23,39.26,20.98428571,39.39857143,24.29,37.29,23.1,36.9,21,40,9.452857143,21.39571429,23.5,34.69714286,24.39,40.09,22.6,38.38,9.6,760.45,77.5,1,40,5.9
50,0,23,39.2,20.89,39.518,24.29,37.4,23.1,36.9,20.98428571,40.14,9.456,22.816,23.5,34.79,24.39,40.42333333,22.64,38.62,9.5,760.4,77.66666667,1,40,5.83
60,0,23,39.2,20.89,39.59,24.3275,37.4625,23.1,36.93333333,20.89,40.276,9.468571429,23.72857143,23.5,34.79,24.39,40.59,22.6,38.72571429,9.4,760.35,77.83333333,1,40,5.77
50,0,22.89,39.29,20.87333333,39.59,24.37571429,37.5,23.1,37,20.86142857,40.36857143,9.39,24.876,23.5,34.9,24.39,40.59,22.6,38.9,9.3,760.3,78,1,40,5.7
60,0,22.89,39.29,20.79,39.612,24.39,37.536,23,36.9,20.79,40.29,9.338571429,25.97857143,23.5,35.01875,24.32333333,40.46666667,22.6,38.97,9.27,760.2833333,78.5,1,40,5.73
50,0,22.89,39.29,20.772,39.7,24.43714286,37.56428571,23,36.96666667,20.75142857,40.30571429,9.3,26.512,23.5,35.15285714,24.32333333,40.32666667,22.62,39.112,9.23,760.2666667,79,1,40,5.77
60,0,22.89,39.29,20.736,39.718,24.5,37.7,23,37,20.7,40.4,9.268571429,27.47857143,23.5,35.254,24.29,40.06,22.7,39.26,9.2,760.25,79.5,1,40,5.8
50,0,22.89,39.29,20.7,39.79,24.5,37.66857143,22.92666667,37,20.62857143,40.35285714,9.19,28.874,23.5,35.36857143,24.29,39.93333333,22.7,39.398,9.17,760.2333333,80,1,40,5.83
60,0,22.89,39.36333333,20.7,39.9,24.5,37.7,22.89,37.03,20.6,40.536,9.19,29.76857143,23.5,35.29,24.254,39.79,22.68,39.5,9.13,760.2166667,80.5,1,40,5.87
50,0,22.85666667,39.36333333,20.7,39.93333333,24.5,37.72571429,22.89,37.09,20.54285714,40.81285714,9.172,30.974,23.5,35.3175,24.2,39.834,22.62,39.576,9.1,760.2,81,1,40,5.9
40,0,22.79,39.29,20.675,40.0675,24.5,37.79,22.89,37.09,20.5,41.094,9.164285714,32.70714286,23.5,35.438,24.2,39.9,22.7,39.78125,9.08,760.1666667,81.83333333,1.166666667,38,6.03
60,0,22.79,39.29,20.66666667,40.16333333,24.5,37.79,22.89,37.16333333,20.46857143,41.39714286,9.19,33.874,23.5,35.66333333,24.15714286,39.95714286,22.7,39.92857143,9.07,760.1333333,82.66666667,1.333333333,36,6.17
40,0,22.79,39.29,20.6,40.29,24.5,37.856,22.89,37.29,20.39,41.634,9.19,34.44857143,23.5,35.73,24.2,40.054,22.7,40.09,9.05,760.1,83.5,1.5,34,6.3
70,0,22.79,39.4,20.6,40.36333333,24.5,37.9,22.89,37.29,20.39,41.9325,9.136,35.214,23.5,35.856,24.14,40.09,22.7,40.23571429,9.03,760.0666667,84.33333333,1.666666667,32,6.43
50,0,22.79,39.4,20.53333333,40.53,24.5,37.9,22.79,37.29,20.30428571,42.38142857,9.028571429,36.33714286,23.5,35.91666667,24.1,40.112,22.7,40.376,9.02,760.0333333,85.16666667,1.833333333,30,6.57
60,0,22.79,39.4,20.6,40.59,24.58571429,37.9,22.79,37.29,20.29,42.554,9,37.634,23.5,36.045,24.04,40.152,22.7,40.52571429,9,760,86,2,28,6.7
60,0,22.79,39.4,20.5,40.73,24.6,37.9,22.79,37.4,20.26428571,42.56428571,8.937142857,38.38428571,23.5,36.2,24.05,40.245,22.7,40.59,9.1,759.9333333,86.83333333,2,33.83333333,6.95
50,0,22.79,39.5,20.5,40.79,24.6,37.9,22.79,37.4,20.2,42.634,8.872,39.172,23.5,36.25142857,24.06,40.29,22.7,40.59,9.2,759.8666667,87.66666667,2,39.66666667,7.2
60,0,22.79,39.5,20.5,40.82666667,24.6,37.9,22.745,37.5,20.18571429,42.7,8.8,39.59571429,23.5,36.356,24,40.32142857,22.7,40.612,9.3,759.8,88.5,2,45.5,7.45
40,0,22.79,39.5,20.5,40.96666667,24.6,37.9,22.76,37.5,20.1,42.754,8.654,40.28,23.5,36.4,24,40.29,22.7,40.79571429,9.4,759.7333333,89.33333333,2,51.33333333,7.7
50,0,22.79,39.56,20.39,41,24.6,37.91428571,22.7,37.56,20.1,42.79,8.51,40.8225,23.54,36.5,24,40.29,22.7,40.925,9.5,759.6666667,90.16666667,2,57.16666667,7.95
50,0,22.79,39.59,20.39,41.06,24.6,38,22.7,37.59,20.06,42.656,8.3675,40.95,23.6,36.52571429,23.90571429,40.36714286,22.7,41.054,9.6,759.6,91,2,63,8.2
50,0,22.76,39.59,20.39,41.12666667,24.6,38,22.7,37.66333333,20,42.53857143,8.234,41.216,23.6,36.518,23.89,40.418,22.7,41.10833333,9.43,759.5333333,91.5,2,61.33333333,8.12
50,0,22.7,39.59,20.39,41.2,24.56,38.036,22.7,37.7,19.978,42.5,8.116,41.88,23.52857143,36.59,23.89,40.36857143,22.7,41.2,9.27,759.4666667,92,2,59.66666667,8.03
60,0,22.7,39.66333333,20.39,41.29,24.5,38.09,22.7,37.7,19.89,42.47142857,7.916666667,41.98333333,23.5,36.5,23.89,40.46,22.7,41.236,9.1,759.4,92.5,2,58,7.95
50,0,22.7,39.59,20.39,41.29,24.52,38.09,22.7,37.79,19.85,42.356,7.8,42.3,23.52857143,36.5,23.87571429,40.41285714,22.7,41.29,8.93,759.3333333,93,2,56.33333333,7.87
60,0,22.7,39.62666667,20.29,41.29,24.6,38.09,22.7,37.79,19.79,42.23857143,7.59,42.356,23.5,36.576,23.79,40.272,22.7,41.334,8.77,759.2666667,93.5,2,54.66666667,7.78
70,0,22.7,39.62666667,20.29,41.36333333,24.56,38.09,22.63333333,37.73,19.736,42.178,7.5,42.82,23.5,36.7,23.79,40.16857143,22.7,41.41428571,8.6,759.2,94,2,53,7.7
80,0,22.7,39.69333333,20.29,41.53,24.54285714,38.07714286,22.63333333,37.79,19.7,42.09,7.375,43.0675,23.5,36.7,23.79,40.09,22.7,41.554,8.45,759.1333333,94.16666667,2,51,7.58
50,0,22.7,40.02666667,20.29,41.9475,24.48625,37.81125,22.6,37.76,19.7,42.52,7.234,43.3,23.5,36.65875,23.79,40.09,22.7,41.56428571,8.3,759.0666667,94.33333333,2,49,7.47
50,0,22.7,39.83333333,20.23,42.2,24.39,37.436,22.53333333,37.7,19.7,42.71,7.19,43.94833333,23.5,36.65285714,23.79,40.09,22.7,41.554,8.15,759,94.5,2,47,7.35
50,0,22.7,39.7,20.2,42.2,24.34714286,37.12142857,22.5,37.7,19.68,42.414,7.19,44.795,23.5,36.678,23.79,40.06428571,22.7,41.52857143,8,758.9333333,94.66666667,2,45,7.23
50,0,22.76,39.66333333,20.2,42.2,24.29,36.96,22.5,37.7,19.6,42.09,7.34,45.58,23.5,36.59,23.79,40.09,22.7,41.718,7.85,758.8666667,94.83333333,2,43,7.12
60,0,22.7,39.59,20.29,42.29,24.29,36.9,22.56666667,37.76,19.5,42.09,7.522857143,46.45,23.5,36.59,23.71285714,40.31285714,22.7,41.772,7.7,758.8,95,2,41,7
40,0,22.76,39.59,20.29,42.29,24.272,36.9,22.56666667,37.76,19.5,42.36857143,7.874,47.88,23.5,36.75142857,23.7,40.536,22.7,41.678,7.83,758.7833333,95,2.166666667,41.66666667,7.13
50,0,22.76,39.59,20.29,42.43333333,24.2,36.82142857,22.6,37.9,19.5,42.674,8.294285714,48.49714286,23.5,36.9,23.7,40.47142857,22.7,41.59,7.97,758.7666667,95,2.333333333,42.33333333,7.27
40,0,22.79,39.7,20.29,42.43333333,24.2,36.79,22.6,38.02666667,19.5,42.89714286,8.5,48.5,23.5,36.92857143,23.7,40.29,22.7,41.59,8.1,758.75,95,2.5,43,7.4
80,0,22.79,39.76,20.39,42.5,24.11428571,36.88428571,22.6,38.345,19.456,43.054,8.514285714,48.65285714,23.5,37,23.7,40.22285714,22.7,41.554,8.23,758.7333333,95,2.666666667,43.66666667,7.53
70,0,22.79,39.82666667,20.46333333,42.5,24.08,36.9,22.63333333,38.53,19.39,43.3,8.618,49.076,23.5,37.05142857,23.68,39.994,22.7,41.475,8.37,758.7166667,95,2.833333333,44.33333333,7.67
60,0,22.79,39.9,20.53333333,42.5,24.07142857,36.9,22.7,38.59,19.39,43.5925,8.794285714,49.42857143,23.5,37.152,23.6,39.76428571,22.65,41.28166667,8.5,758.7,95,3,45,7.8
70,0,22.79,39.96666667,20.66666667,42.56,24.1,36.9,22.7,38.53,19.412,44.112,9.20625,49.75,23.5,37.52857143,23.6,39.59,22.64,41.13,8.67,758.7166667,94.33333333,3.166666667,47.83333333,7.85
110,0,22.79,39.9975,20.82333333,42.36333333,24.1,36.98571429,22.7,38.66333333,19.5,44.4,10.076,50.12,23.5,37.916,23.55714286,39.49857143,22.65,41.045,8.83,758.7333333,93.66666667,3.333333333,50.66666667,7.9
50,0,22.79,40.29,21.03,42.29,24.08,36.98,22.7,38.73,19.5,44.634,10.87857143,49.15285714,23.5,37.59857143,23.58,39.4,22.6,40.725,9,758.75,93,3.5,53.5,7.95
50,0,22.82333333,40.5,21.23,42.16333333,24.07142857,37.03571429,22.7,38.93,19.5,44.82857143,11.67,45.914,23.5,37.48,23.5,39.4,22.7,40.59,9.17,758.7666667,92.33333333,3.666666667,56.33333333,8
50,0,22.89,40.43333333,21.43,41.89,24.06,37.054,22.73,39,19.5,44.978,12.45,39.94,23.5,37.29571429,23.5,39.4,22.7,40.59,9.33,758.7833333,91.66666667,3.833333333,59.16666667,8.05
50,0,22.89,40.4,21.99333333,41.09333333,24.01428571,37.01285714,22.79,39,19.5,45.12142857,13.136,31.516,23.456,37.054,23.4725,39.30875,22.7,40.59,9.5,758.8,91,4,62,8.1
70,0,22.89,40.4,22.4,40.36666667,24.1,37.09,22.79,38.9,19.5,45.09,13.34857143,29.06428571,23.39,36.83857143,23.39,39.2,22.7,40.552,9.68,758.8166667,90.16666667,4,62.16666667,8.13
50,0,22.89,40.4,22.53333333,39.86333333,24.02857143,37.09,22.79,38.82666667,19.5,45.12142857,13.454,27.394,23.39,36.678,23.39,39.2,22.7,40.32666667,9.87,758.8333333,89.33333333,4,62.33333333,8.17
60,0,22.89,40.4,23.1,39.4925,24.1,37.09,22.82333333,38.82666667,19.5,45.072,14.06571429,24.91142857,23.39,36.52571429,23.39,39.2,22.7,40.47666667,10.1,758.85,88.5,4,62.5,8.2
60,0,22.92666667,40.4,23.93333333,38.6,24.18571429,37.01285714,22.89,38.9,19.5,45.06428571,14.88,22.65,23.39,36.356,23.35,39.2,22.736,40.59,10.2,758.8666667,87.66666667,4,62.66666667,8.23
50,0,23,40.4,24.69666667,37.39333333,24.2,36.98,23,38.79,19.5,45.2,15.29285714,18.89428571,23.39,36.29,23.29,39.10571429,22.79,40.59,10.4,758.8833333,86.83333333,4,62.83333333,8.27
50,0,23,40.4,25.03,36.52666667,24.26428571,36.97142857,23.06666667,38.79,19.5,45.27714286,15.614,17.92,23.39,36.236,23.29,39.156,22.79,40.59,10.6,758.9,86,4,63,8.3
50,0,23,40.4,25.39333333,35.89333333,24.29,37,23.2,38.7,19.52,45.334,15.79428571,15.84285714,23.36142857,36.16857143,23.26428571,39.16857143,22.79,40.696,10.8,758.9,85.16666667,4,63.33333333,8.32
50,0,23.03333333,40.43333333,25.72666667,35.16666667,24.29,37.03857143,23.26,38.7,19.57142857,45.36857143,15.836,14.256,23.29,36.09,23.2,39.09,22.79,40.79,10.9,758.9,84.33333333,4,63.66666667,8.33
50,0,23.1,40.5,25.89,34.63333333,24.2225,37.045,23.32333333,38.59,19.54,45.356,15.68,13.32714286,23.33285714,36.01285714,23.2,39.18428571,22.79,40.965,11.1,758.9,83.5,4,64,8.35
50,0,23.1,40.46666667,26.03,34.56,24.2,37.112,23.39,38.59,19.57142857,45.35285714,15.934,13.64,23.315,35.9875,23.2,39.2,22.79,41.036,11.3,758.9,82.66666667,4,64.33333333,8.37
60,0,23.1,40.4,26.46,34.16,24.2,37.2,23.445,38.545,19.6,45.46,16.52285714,12.05714286,23.29,35.9,23.17142857,39.2,22.79,41.2,11.4,758.9,81.83333333,4,64.66666667,8.38
50,0,23.1,40.4,26.66666667,33.63333333,24.2,37.2,23.6,38.5,19.62857143,45.52571429,17.414,8.936,23.29,35.9,23.1,39.29,22.79,41.2,11.6,758.9,81,4,65,8.4
50,0,23.16666667,40.4,26.89,33.16333333,24.2,37.2,23.6,38.43333333,19.66,45.656,17.95428571,6.098571429,23.236,35.79,23.1,39.29,22.79,41.2,12,758.8833333,79.33333333,4,58.5,8.48
60,0,23.2,40.4,26.89,33.09,24.2,37.218,23.7,38.46666667,19.61428571,45.59,18.296,4.378,23.29,35.79,23.1,39.312,22.79,41.2,12.4,758.8666667,77.66666667,4,52,8.57
50,0,23.2,40.4,27,33.43,24.23857143,37.29,23.76,38.4,19.7,45.612,18.57142857,3.168571429,23.236,35.736,23.1,39.42857143,22.79,41.09,12.9,758.85,76,4,45.5,8.65
60,0,23.26,40.4,27,33.23,24.29,37.356,23.79,38.36333333,19.7,45.7,18.776,2.814,23.2,35.7,23.1,39.5,22.83,41.116,13.3,758.8333333,74.33333333,4,39,8.73
50,0,23.29,40.4,27.03333333,33.16333333,24.25142857,37.33714286,23.79,38.29,19.736,45.79,19.16428571,1.971428571,23.2,35.7,23.01428571,39.51285714,22.79,41,13.7,758.8166667,72.66666667,4,32.5,8.82
60,0,23.29,40.4,27.03333333,33.09,24.254,37.356,23.89,38.36333333,19.7675,45.79,19.554,1.4,23.2,35.7,23,39.612,22.79,40.9,14.1,758.8,71,4,26,8.9
40,0,23.39,40.29,27.03333333,33,24.22571429,37.36857143,23.96333333,38.29,19.79,45.88428571,19.815,1,23.2,35.7,23,39.7,22.81,40.9,14.4,758.7833333,69.83333333,4.166666667,26.33333333,8.9
60,0,23.39,40.29,27.03333333,33,24.29,37.5,23.92666667,38.26,19.79,45.9,19.86142857,1,23.2,35.7,23,39.7,22.81857143,40.82142857,14.7,758.7666667,68.66666667,4.333333333,26.66666667,8.9
40,0,23.39,40.29,27,33,24.29,37.5,24,38.2,19.79,45.9,19.714,1,23.2,35.7,23,39.7,22.79,40.754,14.9,758.75,67.5,4.5,27,8.9
60,0,23.46333333,40.36333333,26.92666667,32.66666667,24.272,37.536,24,38.2,19.89,45.96,19.36285714,1,23.2,35.7,23,39.7,22.79,40.656,15.2,758.7333333,66.33333333,4.666666667,27.33333333,8.9
50,0,23.5,40.4,26.79,32.53,24.26428571,37.52571429,24,38.12666667,19.89,45.9,19.216,1,23.2,35.62142857,23,39.7,22.79,40.59,15.5,758.7166667,65.16666667,4.833333333,27.66666667,8.9
60,0,23.5,40.4,26.6975,32.6175,24.29,37.59,24.1,38.16333333,19.89,45.9,19.1,1,23.2,35.59,23,39.7,22.79,40.59,15.8,758.7,64,5,28,8.9
50,0,23.5,40.4,26.53333333,32.76,24.29,37.59,24.1,38.09,19.89,45.82142857,19.2,1,23.2,35.59,22.90571429,39.71285714,22.79,40.59,16,758.6666667,62.66666667,5,27.5,8.75
50,0,23.56666667,40.4,26.39,32.93333333,24.29,37.59,24.1,38.2,20,45.9,19.30714286,1,23.2,35.59,22.89,39.8575,22.79,40.59,16.2,758.6333333,61.33333333,5,27,8.6
60,0,23.6,40.29,26.32333333,33.06,24.29,37.59,24.1,38.2,20,45.98571429,19.26,1,23.2,35.59,22.89,40.018,22.79,40.59,16.4,758.6,60,5,26.5,8.45
50,0,23.6,40.29,26.26,33.23,24.315,37.59,24.13333333,38.2,20.02,46.018,19.62571429,1.042857143,23.2,35.612,22.89,40.12142857,22.79,40.59,16.6,758.5666667,58.66666667,5,26,8.3
50,0,23.6,40.29,26.2,33.36333333,24.39,37.59,24.2,38.2,20.1,46.06428571,19.83,1,23.2,35.7,22.89,40.2,22.79,40.59,16.8,758.5333333,57.33333333,5,25.5,8.15
40,0,23.66666667,40.29,26.2,33.4,24.36142857,37.59,24.2,38.16333333,20.1,45.96,20.19428571,1,23.2,35.7,22.89,40.2,22.79,40.59,17,758.5,56,5,25,8
50,0,23.7,40.29,26.13333333,33.46666667,24.39,37.59,24.2,38.1725,20.1,45.91428571,20.678,1,23.2,35.7,22.89,40.2,22.79,40.59,16.9,758.45,56.66666667,5,27.5,8.05
50,0,23.7,40.29,26.06666667,33.53,24.39,37.59,24.2,38.12666667,20.12,46,20.92142857,1,23.2,35.7,22.89,40.26428571,22.79,40.59,16.7,758.4,57.33333333,5,30,8.1
40,0,23.73,40.2,26,33.66333333,24.39,37.59,24.2,38.16333333,20.2,45.92857143,20.934,1,23.2,35.7,22.89,40.29,22.79,40.59,16.6,758.35,58,5,32.5,8.15
30,0,23.79,40.2,26,33.73,24.39,37.59,24.2,38.16333333,20.2,45.9,21,1,23.2,35.7,22.89,40.25142857,22.79,40.59,16.5,758.3,58.66666667,5,35,8.2
40,0,23.79,40.2,25.92666667,33.53,24.39,37.59,24.2,38.2,20.2,45.9,20.896,1,23.2,35.7,22.89,40.254,22.79,40.59,16.3,758.25,59.33333333,5,37.5,8.25
40,0,23.79,40.09,25.82666667,33.56666667,24.39,37.59,24.13333333,38.2,20.218,45.834,20.56857143,1,23.18571429,35.7,22.89,40.25142857,22.79,40.59,16.2,758.2,60,5,40,8.3
60,0,23.79,40.09,25.7,33.745,24.39,37.62142857,24.13333333,38.2,20.26428571,45.76428571,20.39,1,23.16,35.7,22.89,40.29,22.79,40.59,16.2,758.1666667,60.16666667,5,38.16666667,8.4
60,0,23.82333333,40.09,25.7,33.93333333,24.39,37.634,24.13333333,38.2,20.29,45.754,20.76571429,1,23.15714286,35.7,22.89,40.29,22.79,40.59,16.3,758.1333333,60.33333333,5,36.33333333,8.5
50,0,23.89,40.09,25.7,34,24.39,37.7,24.1,38.2,20.29,45.7,21.12,1,23.14,35.656,22.89,40.29,22.79,40.59,16.3,758.1,60.5,5,34.5,8.6
60,0,23.89,40.09,25.56,34.036,24.39,37.7,24.1,38.2,20.33,45.66,21.17142857,1,23.11428571,35.66857143,22.89,40.29,22.79,40.59,16.3,758.0666667,60.66666667,5,32.66666667,8.7
50,0,23.89,40.09,25.5,34.19714286,24.39,37.7,24.1,38.2,20.36142857,45.47142857,21,1,23.1,35.59,22.89,40.16333333,22.79,40.572,16.4,758.0333333,60.83333333,5,30.83333333,8.8
50,0,23.89,40.09,25.414,34.312,24.39,37.7,24.03333333,38.2,20.35,45.29,20.88,1,23.1,35.59,22.89,40.09,22.79,40.5,16.4,758,61,5,29,8.9
40,0,23.89,40.03,25.29,34.4,24.39,37.66857143,24.1,38.2,20.37571429,45.06857143,20.872,1,23.1,35.5,22.89,40.02666667,22.79,40.44,16.4,757.9555556,61.25,4.944444444,29.30555556,8.91
50,0,23.89,40,25.29,34.4,24.39,37.678,24.1,38.2,20.39,44.61,21.44285714,1,23.1,35.48571429,22.89,39.76666667,22.79,40.35142857,16.3,757.9111111,61.5,4.888888889,29.61111111,8.92
60,0,23.96333333,40,25.29,34.4,24.39,37.59,24.1,38.16333333,20.412,44.356,21.64,1,23.1,35.378,22.85666667,39.36333333,22.79,40.29,16.3,757.8666667,61.75,4.833333333,29.91666667,8.93
60,0,24,39.9,25.245,34.4125,24.456,37.71,24.1,38.09,20.5,44.35285714,21.675,1,23.1,35.29,22.85666667,39.29,22.79,40.29,16.2,757.8222222,62,4.777777778,30.22222222,8.93
50,0,24,39.9,25.14,34.518,24.45285714,37.65285714,24,38.06,20.5,44.254,21.25571429,1,23.1,35.254,22.89,39.2,22.79,40.2,16.1,757.7777778,62.25,4.722222222,30.52777778,8.94
60,0,24,39.79,25.1,34.62142857,24.5,37.678,24,38,20.5,44.2,20.694,1,23.1,35.2,22.82333333,39.2,22.79,40.2,16.1,757.7333333,62.5,4.666666667,30.83333333,8.95
60,0,24,39.73,25,34.736,24.5,37.59,24,38.06,20.5,44.2,20.09428571,1,23.1,35.2,22.79,39.245,22.79,40.178,16.1,757.6888889,62.75,4.611111111,31.13888889,8.96
50,0,24,39.66333333,24.89142857,34.91,24.5,37.59,24,38.0225,20.5,44.2,19.56,1,23.1,35.2,22.79,39.29,22.79,40.16857143,16,757.6444444,63,4.555555556,31.44444444,8.97
80,0,24,39.59,24.79,35,24.5,37.59,24,38.09,20.5,44.2,19.75142857,1,23.1,35.2,22.85666667,39.36333333,22.79,40.254,15.9,757.6,63.25,4.5,31.75,8.97
70,0,23.89,39.56,24.72571429,35,24.5,37.536,24,38.09,20.54285714,44.34,19.87,1,23.1,35.2,22.89,39.83,22.79,40.08571429,15.9,757.5555556,63.5,4.444444444,32.05555556,8.98
80,0,23.96333333,39.43333333,24.6,34.94,24.46857143,37.47142857,23.92666667,38.03,20.5,44.4,19.73571429,1,23.04,35.156,22.89,40.36333333,22.79,39.918,15.9,757.5111111,63.75,4.388888889,32.36111111,8.99
80,0,23.89,39.26,24.49857143,35,24.39,37.29,23.89,38,20.5,44.4,19.254,1,23,35.2,23,40.89,22.79,39.72571429,15.8,757.4666667,64,4.333333333,32.66666667,9
80,0,23.89,39.1725,24.39,35.094,24.39,37.23857143,23.89,38,20.6,44.4,19.17142857,1,23,35.2,23.06666667,41.22333333,22.754,39.59,15.8,757.4222222,64.25,4.277777778,32.97222222,9.01
90,0,23.89,39.16333333,24.36142857,35.32142857,24.39,37.178,23.85666667,37.96666667,20.6,44.33714286,19.42,1,23,35.2,23.2,41.36,22.76428571,39.45571429,15.7,757.3777778,64.5,4.222222222,33.27777778,9.02
100,0,23.89,39.12666667,24.29,35.5,24.39,37.16857143,23.85666667,37.96666667,20.6,44.29,19.67142857,1,23,35.254,23.26,41.76666667,22.754,39.4,15.7,757.3333333,64.75,4.166666667,33.58333333,9.03
190,0,23.89,39.33333333,24.29,35.55142857,24.39,37.09,23.79,37.9,20.6,44.22571429,19.254,1,23,35.29,23.39,42.12666667,22.79,39.4,15.6,757.2888889,65,4.111111111,33.88888889,9.03
380,0,23.89,39.29,24.29,35.674,24.43714286,37.22285714,23.79,37.9,20.6,44.2,19.18571429,1,23,35.29,23.46333333,42.26,22.7,39.45,15.6,757.2444444,65.25,4.055555556,34.19444444,9.04
100,0,23.89,42.29,24.26428571,35.82142857,24.39,37.2,23.79,37.9,20.61428571,44.26714286,19.018,1,22.98428571,35.29,23.5,42.19333333,22.7,39.28285714,15.5,757.2,65.5,4,34.5,9.05
90,0,24,42.53,24.2,36.714,24.48428571,37.30714286,23.79,37.96666667,20.64,44.42,18.83571429,1,22.9725,35.30375,23.5,41.72666667,22.71285714,39.19714286,15.4,757.1555556,65.75,3.944444444,34.80555556,9.06
110,0,24,42.32333333,24.15714286,37.13857143,24.5,37.52571429,23.79,38,20.6,44.52571429,18.456,1,22.934,35.4,23.53333333,41.59,22.736,39.112,15.4,757.1111111,66,3.888888889,35.11111111,9.07
90,0,23.96333333,41.79666667,24.14,37.29,24.56,37.736,23.79,38,20.6,44.7,18.19571429,1,22.89,35.4,23.6,41.66333333,22.7,39.16857143,15.4,757.0666667,66.25,3.833333333,35.41666667,9.07
110,0,23.96333333,41.46333333,24.1,37.29,24.51428571,37.89857143,23.79,38.09,20.6,44.7,18.018,1,22.89,35.4,23.7,41.7,22.7,39.09,15.3,757.0222222,66.5,3.777777778,35.72222222,9.08
100,0,23.89,41.13333333,24,37.2,24.58,38,23.73,38.09,20.6,44.678,17.76428571,1,22.89,35.41428571,23.76,41.62666667,22.7,39.09,15.3,756.9777778,66.75,3.722222222,36.02777778,9.09
90,0,23.89,40.93333333,24,37.27714286,24.57142857,38.06428571,23.7,38.12666667,20.6,44.59,17.214,2.14,22.89,35.5,23.79,41.5,22.7,39.09,15.2,756.9333333,67,3.666666667,36.33333333,9.1
140,0,23.89,40.76,23.934,37.29,24.5,38.09,23.7,38.2,20.6,44.59,17.33714286,2.881428571,22.89,35.52571429,23.79,41.5,22.7,39.09,15.2,756.8888889,67.25,3.611111111,36.63888889,9.11
140,0,23.89,40.7,23.89,37.39714286,24.55714286,38.09,23.7,38.23,20.87142857,54.53714286,18.576,2.352,22.89,35.59,23.89,41.59,22.7,39.09,15.1,756.8444444,67.5,3.555555556,36.94444444,9.12
130,10,23.89,40.79,23.79,37.634,24.6,38.09,23.7,38.29,21.1,62.354,19.64285714,1,22.89,35.73571429,23.96333333,41.59,22.7,39.09,15.1,756.8,67.75,3.5,37.25,9.13
120,0,23.89,40.79,23.73857143,37.82857143,24.6,38.09,23.7,38.495,21.19714286,64.12285714,19.434,1,22.89,35.876,24.05,41.645,22.7,39.09,15,756.7555556,68,3.444444444,37.55555556,9.13
120,0,23.89,40.79,23.7,38.018,24.62,38.112,23.7,39,22.0475,80.45625,19.43857143,1,22.89,36.05714286,24.1,41.76666667,22.65714286,39.05142857,14.9,756.7111111,68.25,3.388888889,37.86111111,9.14
130,0,23.89,40.93,23.62857143,38.05142857,24.67142857,38.16857143,23.7,39.46,21.6,72.314,18.83333333,1,22.89,36.556,24.16666667,41.96666667,22.6,39,14.9,756.6666667,68.5,3.333333333,38.16666667,9.15
140,0,23.89,40.93333333,23.5375,38.44375,24.64,38.134,23.79,39.66333333,22.08,80.29857143,17.27142857,2.324285714,22.95285714,37.31,24.2,42.32666667,22.6,39.07714286,14.9,756.6222222,68.75,3.277777778,38.47222222,9.16
110,10,23.89,41.06,23.456,38.834,24.68571429,38.2,23.73,39.59,22.292,83.356,15.79714286,5.365714286,23,37.88,24.26,42.46666667,22.6,39.156,14.8,756.5777778,69,3.222222222,38.77777778,9.17
110,0,23.89,41.145,23.37571429,39.1,24.6,38.2,23.7,39.5,22.07142857,81.47142857,14.68,7.474,23,38.29571429,24.29,42.7,22.6,39.2,14.8,756.5333333,69.25,3.166666667,39.08333333,9.18
110,0,23.89,41.23,23.29,39.276,24.6,38.2,23.7,39.5,21.89,79.22,14.01428571,9.467142857,23.06,38.7,24.35666667,42.7,22.6,39.29,14.7,756.4888889,69.5,3.111111111,39.38888889,9.18
110,0,23.89,41.29,23.22571429,39.42857143,24.6,38.2,23.7,39.5,21.79142857,76.89428571,13.46,11.436,23.08571429,38.94142857,24.39,42.56,22.54285714,39.29,14.7,756.4444444,69.75,3.055555556,39.69444444,9.19
90,0,23.89,41.29,23.2,39.634,24.51428571,38.25142857,23.7,39.5,21.68,74.15,12.97142857,13.32571429,23.1,39.174,24.46333333,42.5,22.5,39.356,14.6,756.4,70,3,40,9.2
60,10,23.89,41.29,23.11428571,39.82857143,24.478,38.272,23.7,39.4,21.62857143,69.99285714,12.56,15.916,23.1,39.39714286,24.5,42.4,22.5,39.4,14.3,756.4166667,71.66666667,3,37.83333333,9.2
80,0,23.89,41.43333333,23.08,40.018,24.42142857,38.25714286,23.7,39.46666667,21.6,66.45,12.35428571,18.21285714,23.1,39.634,24.5,42.4,22.5,39.44,13.9,756.4333333,73.33333333,3,35.66666667,9.2
50,0,23.82333333,41.43333333,23,40.12142857,24.39,38.29,23.6,39.4,21.58571429,65.16714286,12.3,20.48,23.1,39.75142857,24.46333333,42.62666667,22.5,39.62714286,13.6,756.45,75,3,33.5,9.2
60,0,23.79,41.43333333,22.85,40.254,24.45285714,38.35285714,23.6,39.32666667,21.5,64.26,12.3,22.16857143,23.1,39.876,24.39,42.83333333,22.5,40.016,13.2,756.4666667,76.66666667,3,31.33333333,9.2
50,0,23.79,41.5,22.79,40.34,24.5,38.46,23.6,39.29,21.5,63.47142857,12.19,22.74,23.1,40.06428571,24.39,43.06666667,22.52857143,40.52571429,12.9,756.4833333,78.33333333,3,29.16666667,9.2
60,10,23.79,41.5,22.736,40.478,24.5,38.5,23.6,39.29,21.5,62.71,12.12571429,24.67142857,23.14,40.2,24.39,43.33333333,22.6,40.94,12.5,756.5,80,3,27,9.2
80,0,23.73,41.56,22.67142857,40.56428571,24.5,38.5,23.6,39.29,21.5,62.14,12.316,27.298,23.11428571,40.25142857,24.29,43.65666667,22.6,41.17,12.3,756.4666667,80.83333333,2.833333333,26.83333333,9.17
50,0,23.76,41.59,22.6,40.59,24.5,38.51285714,23.6,39.29,21.434,61.292,12.74285714,26.08285714,23.1,40.29,24.29,43.73,22.6,41.36714286,12.2,756.4333333,81.66666667,2.666666667,26.66666667,9.13
40,0,23.7,41.53,22.51428571,40.68428571,24.5,38.536,23.56666667,39.2,21.39,60.39714286,12.8,23.15,23.1,40.3725,24.26,43.4,22.6,41.518,12,756.4,82.5,2.5,26.5,9.1
20,0,23.7,41.4,22.478,40.7,24.5,38.5,23.56666667,39.12666667,21.39,59.47,12.83857143,22.03428571,23.17142857,40.4,24.26,43.26,22.6,41.59,11.8,756.3666667,83.33333333,2.333333333,26.33333333,9.07
30,10,23.7,41.4,22.39,40.7,24.5,38.52571429,23.5,39.06,21.39,58.85285714,12.854,21.274,23.2,40.4,24.2,43.23,22.6,41.7,11.7,756.3333333,84.16666667,2.166666667,26.16666667,9.03
30,0,23.7,41.26,22.29,40.79,24.39,38.5,23.5,39,21.39,58.22,12.89,20.59428571,23.2,40.41428571,24.2,43.3425,22.6,41.77714286,11.5,756.3,85,2,26,9
60,0,23.7,41.2,22.27714286,40.83714286,24.39,38.56714286,23.5,38.93333333,21.39,57.76428571,12.934,20.39,23.2,40.46,24.2,43.63333333,22.6,41.856,11.6,756.2833333,84.16666667,2,26,8.93
60,0,23.6,41.09,22.2,40.812,24.39,38.718,23.5,38.9,21.33,57.254,12.96857143,20.29428571,23.2,40.5,24.1,44.03,22.6,41.9,11.7,756.2666667,83.33333333,2,26,8.87
60,0,23.6,41.03,22.17142857,40.9,24.46857143,38.94,23.5,38.82666667,21.34714286,56.88,12.956,20.236,23.2,40.5,24.1,44.43,22.6,42,11.8,756.25,82.5,2,26,8.8
60,0,23.6,41.06,22.1,40.94,24.5,39.036,23.5,38.79,21.29,56.494,12.96857143,20.26428571,23.2,40.5,24,44.59666667,22.6,42.05142857,11.8,756.2333333,81.66666667,2,26,8.73
60,0,23.6,41,22.08571429,41.03857143,24.55714286,39.09,23.5,38.79,21.29,56.12142857,12.89,20,23.2,40.5,24,45.06333333,22.6,42.112,11.9,756.2166667,80.83333333,2,26,8.67
50,0,23.53333333,41,22,41.018,24.6,39.09,23.46333333,38.72333333,21.29,55.71,12.72,19.76875,23.2,40.5,24,45.32666667,22.6,42.2,12,756.2,80,2,26,8.6
60,0,23.5,41,22,41.09,24.6,39.09,23.39,38.59,21.29,55.42125,12.15285714,19.61,23.254,40.5,24,45.46666667,22.6,42.29,12.1,756.15,78.66666667,2,28.33333333,8.47
50,10,23.5,41,22,41.09,24.6,39.09,23.39,38.59,21.29,55.04,11.536,20.394,23.2,40.59285714,24,45.59,22.64285714,42.44,12.3,756.1,77.33333333,2,30.66666667,8.33
50,0,23.5,41.03,21.93125,41.1175,24.65714286,39.18428571,23.39,38.59,21.29,54.816,10.89285714,22.06857143,23.218,40.7,24,45.53,22.64,42.536,12.4,756.05,76,2,33,8.2
50,0,23.42666667,40.96333333,21.89,41.2,24.7,39.254,23.39,38.56,21.22571429,54.52857143,10.354,24.416,23.29,40.76428571,23.96333333,45.59,22.6,42.56428571,12.5,756,74.66666667,2,35.33333333,8.07
50,0,23.46333333,40.96666667,21.87,41.2,24.7,39.29,23.39,38.5,21.254,54.32,10.06857143,25.85285714,23.29,40.656,23.89,45.59,22.64,42.67,12.7,755.95,73.33333333,2,37.66666667,7.93
50,0,23.39,40.9,21.79,41.2,24.7,39.29,23.39,38.5,21.23857143,54.08571429,9.696,27.896,23.29,40.68428571,23.89,45.4,22.65714286,42.76428571,12.8,755.9,72,2,40,7.8
40,0,23.39,40.9,21.754,41.2,24.7,39.29,23.32333333,38.43333333,21.236,53.918,9.325714286,30.20714286,23.29,40.678,23.89,45.32666667,22.6,42.79,12.2,755.8333333,74.33333333,2,37.16666667,7.68
60,0,23.39,40.9,21.7,41.27714286,24.7,39.29,23.39,38.4,21.2,53.72571429,9.06,33.2,23.29,40.52571429,23.89,45.16333333,22.6,42.79,11.6,755.7666667,76.66666667,2,34.33333333,7.57
50,0,23.29,40.82666667,21.7,41.356,24.7,39.29,23.32333333,38.4,21.2,53.5,8.924285714,34.22857143,23.29,40.4,23.89,44.96333333,22.7,42.94,11.1,755.7,79,2,31.5,7.45
60,0,23.29,40.9,21.62857143,41.35285714,24.7,39.4,23.29,38.29,21.2,53.42714286,8.818,34.834,23.25142857,40.33714286,23.89,44.76,22.67142857,42.97142857,10.5,755.6333333,81.33333333,2,28.66666667,7.33
60,10,23.29,40.79,21.6,41.4,24.736,39.312,23.29,38.29,21.2,53.272,8.851428571,35.90714286,23.272,40.356,23.89,44.7,22.66,42.978,9.88,755.5666667,83.66666667,2,25.83333333,7.22
60,0,23.29,40.79,21.54285714,41.45714286,24.76,39.38166667,23.29,38.29,21.2,53.09571429,8.89,37.036,23.26428571,40.53571429,23.85666667,44.49,22.7,43.09,9.3,755.5,86,2,23,7.1
50,0,23.29,40.79,21.5,41.576,24.754,39.356,23.2675,38.29,21.2,52.9,8.905714286,37.71142857,23.29,40.59,23.79,44.29,22.7,43.09,9.12,755.45,86.5,2,23,6.98
60,0,23.29,40.79,21.42142857,41.65285714,24.77714286,39.29,23.2,38.29,21.2,52.82428571,8.978,38.336,23.29,40.554,23.84,44.2,22.7,43.15285714,8.93,755.4,87,2,23,6.87
50,0,23.23,40.73,21.39,41.7,24.79,39.29,23.2,38.29,21.2,52.7,8.937142857,38.92857143,23.29,40.59,23.80428571,44.10571429,22.675,43.2175,8.75,755.35,87.5,2,23,6.75
50,0,23.23,40.65666667,21.33285714,41.77714286,24.79,39.29,23.2,38.29,21.2,52.62142857,8.934,39.874,23.29,40.66333333,23.79,44.09,22.66,43.254,8.57,755.3,88,2,23,6.63
60,0,23.29,40.76,21.29,41.856,24.79,39.29,23.2,38.29,21.2,52.46,9,40.75285714,23.245,40.645,23.79,44.054,22.7,43.29,8.38,755.25,88.5,2,23,6.52
40,0,23.23,40.62666667,21.26428571,41.94285714,24.7,39.30833333,23.2,38.29,21.18571429,52.33714286,9.06,41.358,23.26,40.63333333,23.75142857,43.94285714,22.64,43.334,8.2,755.2,89,2,23,6.4
60,0,23.2,40.59,21.2,41.94,24.7,39.4,23.2,38.29,21.16,52.272,9.176,41.612,23.26,40.56,23.736,43.834,22.7,43.4,8.37,755.1,89.5,2,22.5,6.65
40,10,23.2,40.59,21.2,42.05142857,24.73,39.32666667,23.2,38.29,21.15714286,52.2,9.3,41.83333333,23.26,40.52666667,23.76428571,43.79,22.7,43.42,8.53,755,90,2,22,6.9
60,0,23.2,40.59,21.18,42.112,24.79,39.4,23.2,38.4,21.1,52.09,9.345,42.045,23.2,40.46666667,23.79,43.79,22.7,43.5,8.7,754.9,90.5,2,21.5,7.15
60,0,23.2,40.59,21.1,42.22571429,24.7,39.32666667,23.2,38.4,21.11428571,51.99857143,9.5,42,23.2,40.53,23.71285714,43.77714286,22.7,43.5,8.87,754.8,91,2,21,7.4
50,0,23.2,40.59,21.1,42.29,24.76,39.4,23.16666667,38.4,21.2,51.9,9.566666667,41.93333333,23.2,40.59,23.7,43.718,22.7,43.55142857,9.03,754.7,91.5,2,20.5,7.65
60,0,23.1,40.59,21.04285714,42.29,24.79,39.36333333,23.16666667,38.4,21.17142857,51.82142857,9.726666667,41.96666667,23.26,40.56,23.7,43.76428571,22.7,43.59,9.2,754.6,92,2,20,7.9
50,0,23.1,40.59,21,42.29,24.79,39.29,23.1,38.43333333,21.2,51.7,9.8,41.82666667,23.2,40.5,23.7,43.7,22.7,43.59,9.33,754.5,91.5,1.833333333,20,7.97
60,0,23.1,40.59,21,42.36857143,24.79,39.36333333,23.16666667,38.5,21.14285714,51.59285714,9.8,41.86333333,23.2,40.53,23.7,43.77714286,22.7,43.7,9.47,754.4,91,1.666666667,20,8.03
50,0,23.1,40.59,21,42.5,24.79,39.36333333,23.1,38.5,21.16,51.48,9.86,42.06333333,23.2,40.59,23.7,43.772,22.7,43.7,9.6,754.3,90.5,1.5,20,8.1
50,0,23.1,40.59,20.98428571,42.5,24.79,39.29,23.1,38.5,21.2,51.38625,9.89,42.5,23.2,40.62666667,23.7,43.73857143,22.7,43.7,9.73,754.2,90,1.333333333,20,8.17
40,0,23.1,40.59,20.9175,42.53375,24.79,39.29,23.1,38.59,21.12857143,51.29,9.963333333,42.43333333,23.2,40.7,23.64,43.634,22.7,43.7,9.87,754.1,89.5,1.166666667,20,8.23
80,0,23.1,40.59,20.89,42.59,24.7,39.36333333,23.1,38.53,21.16,51.2,10,42.43333333,23.2,40.7,23.62857143,43.62142857,22.7,43.754,10,754,89,1,20,8.3
70,0,23.1,40.79666667,20.89,42.72571429,24.7,39.29,23.1,38.56,21.15714286,50.62428571,10,42.56,23.2,40.62666667,23.68,43.678,22.7,43.84,10,753.9333333,88.83333333,1,20.16666667,8.28
60,0,23.16666667,41.23,20.89,43.334,24.66666667,39.13333333,23.1,38.56,21.218,49.56,10.1,42.7,23.2675,40.59,23.6,43.66857143,22.7,43.834,10.1,753.8666667,88.66666667,1,20.33333333,8.27
50,0,23.1,41.29,20.89,43.58428571,24.6,39,23.1,38.7,21.29,48.82428571,10.16,42.76,23.2,40.59,23.6,43.736,22.7,43.79,10.1,753.8,88.5,1,20.5,8.25
70,10,23.2,41.29,20.89,43.656,24.5,38.86333333,23.1,38.82666667,21.39,48.356,10.3,42.9,23.2,40.62666667,23.6,43.79,22.7,43.79,10.1,753.7333333,88.33333333,1,20.66666667,8.23
60,0,23.2,41.29,20.89,43.7,24.5,38.73,23.1,38.96666667,21.39,48.21285714,10.36,42.76666667,23.2,40.83333333,23.6,43.856,22.7,43.88428571,10.2,753.6666667,88.16666667,1,20.83333333,8.22
60,0,23.2,41.29,20.89,43.79,24.39,38.56,23.03333333,38.96333333,21.39,48.278,10.53333333,42.76,23.2,41,23.6,43.92857143,22.7,43.98,10.2,753.6,88,1,21,8.2
130,0,23.2,41.36333333,20.89,43.88428571,24.39,38.5,23.03333333,39.03,21.36142857,48.81857143,10.66,42.7,23.2675,41.575,23.6,44.09,22.7,43.82142857,10.3,753.5333333,87.33333333,1,21.66666667,8.18
60,0,23.2,41.5,20.89,44,24.445,38.5,23,39.09,21.29,49.32,10.83,42.22333333,23.29,41.5,23.6,44.02428571,22.7,43.7,10.4,753.4666667,86.66666667,1,22.33333333,8.17
70,0,23.2,41.595,20.89,44.22571429,24.39,38.4,23,39.16333333,21.34714286,48.53428571,10.9975,41.815,23.29,40.99,23.6,43.86,22.7,43.59285714,10.5,753.4,86,1,23,8.15
50,0,23.2,41.7,20.89,44.4,24.39,38.4,23,39.29,21.456,48.016,11.16,41.46333333,23.23,40.59666667,23.6,43.66857143,22.7,43.5,10.6,753.3333333,85.33333333,1,23.66666667,8.13
50,0,23.2,41.7,20.98428571,44.4,24.46333333,38.46666667,23.06666667,39.36333333,21.5,47.79571429,11.42666667,41.26,23.2,40.26,23.5,43.4,22.6875,43.47375,10.7,753.2666667,84.66666667,1,24.33333333,8.12
50,0,23.2,41.7,21,44.4,24.39,38.46666667,23,39.29,21.5,47.5,11.7,41.2,23.2,40.06666667,23.5,43.28125,22.6,43.29,10.8,753.2,84,1,25,8.1
50,0,23.2,41.7,21.02857143,44.35285714,24.39,38.5,23.06666667,39.43,21.51428571,47.33857143,12.23333333,41.02666667,23.2,39.96666667,23.48428571,43.07857143,22.6,43.2,11,753.1333333,83.5,1.333333333,25.16666667,8.18
50,0,23.26,41.76,21.14,44.2,24.39,38.5,23.03333333,39.43333333,21.6,47.16,12.7,39.83333333,23.2,39.82666667,23.412,42.9,22.61428571,43.15285714,11.1,753.0666667,83,1.666666667,25.33333333,8.27
50,0,23.2,41.73,21.2,44.13714286,24.39,38.5,23.03333333,39.5,21.6,46.97142857,13.29333333,38.45666667,23.2,39.66333333,23.5,42.94285714,22.64,43.116,11.3,753,82.5,2,25.5,8.35
60,0,23.2,41.79,21.2,44.09,24.39,38.5,23.06666667,39.59,21.6,47.134,13.56666667,36.32333333,23.2,39.53,23.39,42.79,22.6,42.95714286,11.5,752.9333333,82,2.333333333,25.66666667,8.43
60,10,23.29,41.9,21.22571429,44.14714286,24.39,38.56,23.06666667,39.59,21.65714286,47.76857143,13.9,32.93333333,23.2,39.46666667,23.39,42.73857143,22.6,42.87555556,11.6,752.8666667,81.5,2.666666667,25.83333333,8.52
50,0,23.29,41.96666667,21.33,44.156,24.32333333,38.56,23.06666667,39.7,21.7,48.06,14.43333333,30.86,23.2,39.32666667,23.37,42.7,22.6,42.79,11.8,752.8,81,3,26,8.6
70,0,23.26,41.96666667,21.45285714,44.02428571,24.32333333,38.59,23.06666667,39.76,21.7,47.59285714,15.1,28.76,23.1,39.26,23.36142857,42.62142857,22.6,42.65,12,752.75,80.33333333,3.166666667,26,8.7
70,0,23.26,41.96666667,21.58,43.816,24.39,38.59,23.1,39.79,21.6,46.82,15.63333333,26.36666667,23.1,39.12666667,23.29,42.59,22.6,42.572,12.2,752.7,79.66666667,3.333333333,26,8.8
80,0,23.2,41.9,21.72571429,43.66857143,24.39,38.59,23.1,39.79,21.54285714,46.49714286,16.13,22.7,23.1,39.06,23.29,42.60571429,22.6,42.42857143,12.4,752.65,79,3.5,26,8.9
50,0,23.2,41.9,22.08,43.21,24.39,38.59,23.1,39.95,21.478,46.378,16.72333333,19.96666667,23.1,39,23.29,42.996,22.6,42.29,12.7,752.6,78.33333333,3.666666667,26,9
50,0,23.29,42.26666667,22.51,42.73714286,24.39,38.59,23.1,40.03,21.39,46.32142857,17.52333333,14.79666667,23.1,38.9,23.29,43.35285714,22.62857143,42.27,12.9,752.55,77.66666667,3.833333333,26,9.1
50,0,23.29,42.52666667,22.974,42.238,24.39,38.59,23.16666667,40.09,21.39,46.5,18.26333333,11.19,23.1,38.9,23.29,43.4,22.64,42.236,13.1,752.5,77,4,26,9.2
40,0,23.29,42.73,23.50875,41.6175,24.39,38.7,23.2,40.4,21.3275,46.4375,18.69666667,6.69,23.1,38.86333333,23.29,43.33714286,22.6,42.16857143,13.4,752.4333333,75.66666667,4,26.16666667,9.25
90,0,23.29,42.79,23.83285714,41.35,24.39,38.76,23.26,40.46666667,21.29,46.38428571,19.09666667,4.83,23.03333333,38.73,23.29,43.236,22.66,42.156,13.8,752.3666667,74.33333333,4,26.33333333,9.3
60,0,23.39,42.9,23.6,41.036,24.29,38.845,23.29,40.4,21.236,46.236,19.26,4.066666667,23,38.645,23.26428571,43.16857143,22.6,41.95571429,14.1,752.3,73,4,26.5,9.35
80,0,23.39,42.9,23.54285714,40.82571429,24.29,38.96666667,23.29,40.33333333,21.23857143,46.34285714,19.05,3.5475,23,38.59,23.254,43.156,22.6,41.834,14.4,752.2333333,71.66666667,4,26.66666667,9.4
70,0,23.39,42.495,23.396,40.63,24.23,38.9,23.29,40.26666667,21.2,46.4,18.86,3.656666667,23,38.53,23.2,43.18428571,22.62857143,41.75142857,14.8,752.1666667,70.33333333,4,26.83333333,9.45
60,0,23.35666667,42.23,23.14,41.076,24.1,38.8175,23.29,40.2,21.2,46.48571429,18.1175,4.3925,23,38.5,23.2,43.2,22.6,41.59,15.1,752.1,69,4,27,9.5
40,0,23.29,42.49,23.03333333,41.52666667,24.03333333,38.9,23.21285714,40.16857143,21.2,46.518,17.39333333,6.433333333,22.92666667,38.5,23.2,43.2,22.62857143,41.57,15.2,752.0166667,68.66666667,4.333333333,29.16666667,9.53
60,0,23.29,42.53,22.79,42.02666667,23.79,39,23.2,40.2,21.2,46.59,17.2,8,22.89,38.5,23.2,43.254,22.6,41.48,15.3,751.9333333,68.33333333,4.666666667,31.33333333,9.57
50,0,23.29,42.59,22.85666667,42.96666667,23.85666667,39.06,23.2,40.29,21.1,46.554,17.26,7.66,22.89,38.5,23.2,43.26,22.6,41.4,15.4,751.85,68,5,33.5,9.6
50,0,23.29,42.66333333,22.96,42.19333333,23.89,39.09,23.2,40.32666667,21.12857143,46.55142857,18.16,7.426666667,22.89,38.5,23.2,43.2,22.6,41.4,15.6,751.7666667,67.66666667,5.333333333,35.66666667,9.63
90,0,23.29,42.59,23.16666667,41.46666667,23.76333333,39.16333333,23.2,40.32666667,21.12,46.59,19.03333333,4.3,22.89,38.5,23.2,43.2,22.6,41.33714286,15.7,751.6833333,67.33333333,5.666666667,37.83333333,9.67
100,0,23.2,42.43333333,23.06666667,41,23.6,39.36,23.2,40.39,21.2,46.59,19.56666667,2.833333333,22.89,38.5,23.2,43.26,22.6,41.29,15.8,751.6,67,6,40,9.7
80,0,23.2,42.63333333,23.13333333,41,23.6,39.5,23.2,41.13,21.16,46.21,19.63333333,1.166666667,22.89,38.43333333,23.1,43.13333333,22.6,41.1975,15.9,751.55,67,6.166666667,38.16666667,9.75
60,0,23.2,42.66333333,23.32333333,40.65666667,23.73,39.86,23.29,41.59,21.11428571,45.68428571,19.42666667,1,22.89,38.16333333,23.1,42.7475,22.6,40.89714286,15.9,751.5,67,6.333333333,36.33333333,9.8
70,0,23.2,42.53,23.46333333,40.65666667,23.85666667,40.06,23.29,41.53,21.18,45.316,19.83333333,1,22.89,37.96333333,23.1,42.46333333,22.6,40.656,16,751.45,67,6.5,34.5,9.85
50,0,23.2,42.46666667,23.6,40.13333333,23.92666667,40.09,23.29,41.22333333,21.1,45.12142857,20.26,1,22.89,37.86333333,23.1,42.29,22.6,40.51285714,16.1,751.4,67,6.666666667,32.66666667,9.9
60,0,23.2,42.32666667,23.53333333,39.93333333,24,40.09,23.35666667,41.03,21.1,45,20.06666667,1,22.82333333,37.73,23.1,42.23,22.62,40.518,16.1,751.35,67,6.833333333,30.83333333,9.95
50,0,23.2,42.2,23.5,39.9,24,39.96666667,23.39,40.86333333,21.1,44.94285714,19.39,1,22.82333333,37.62666667,23.1,42.09,22.62857143,40.52571429,16.2,751.3,67,7,29,10
50,0,23.2,42.12666667,23.56666667,39.76666667,24.06666667,39.9,23.32333333,40.65666667,21.1,44.96,19.86333333,1,22.89,37.62666667,23.1,42.03,22.6,40.29,16.2,751.2,65.66666667,6.833333333,29,9.68
50,0,23.2,42.09,23.7,39.43,24.1,39.79,23.34,40.5,21.1,44.92857143,20.46333333,1,22.85666667,37.56,23.1,42,22.6,40.27714286,16.2,751.1,64.33333333,6.666666667,29,9.37
40,0,23.2,42.09,23.7,39.23,24.1,39.73,23.39,40.36333333,21.16,44.9,20.59666667,1,22.79,37.5,23.03333333,41.93333333,22.6,40.236,16.2,751,63,6.5,29,9.05
80,0,23.2,42.06,23.84,38.95,24.1,39.66333333,23.39,40.29,21.1,44.83714286,20.96,1,22.79,37.4,23,41.79,22.6,40.12142857,16.2,750.9,61.66666667,6.333333333,29,8.73
70,0,23.2,42.06,24,38.72333333,24.125,39.5225,23.39,40.09,21.1,44.772,21.22,1,22.79,37.4,23.06666667,41.99,22.6,40.09,16.2,750.8,60.33333333,6.166666667,29,8.42
90,0,23.2,41.96666667,24,38.59,24.2,39.5,23.39,40.03,21.1,44.59571429,21.32666667,1,22.85666667,37.4,23.1,42.26666667,22.6,40.03857143,16.2,750.7,59,6,29,8.1
80,0,23.2,41.9,23.96333333,38.46666667,24.2,39.5,23.39,40,21.1,44.356,21.19333333,1,22.79,37.29,23.16666667,42.46666667,22.6,39.98,16.4,750.6166667,58.66666667,6.333333333,30.83333333,8.18
90,0,23.2,41.82666667,23.89,38.46666667,24.2,39.43333333,23.39,39.93333333,21.1,44.21285714,20.92666667,1,22.79,37.23,23.23,42.65666667,22.6,39.86857143,16.5,750.5333333,58.33333333,6.666666667,32.66666667,8.27
80,0,23.2,41.76,23.92666667,38.36333333,24.23,39.43333333,23.39,39.79,21.1,44.2675,20.79,1,22.79,37.16333333,23.29,42.73,22.6,39.754,16.7,750.45,58,7,34.5,8.35
90,0,23.2,41.7,24,38.23,24.29,39.5,23.39,39.73,21.1,44.236,20.85666667,1,22.79,37.03,23.39,42.63333333,22.6,39.63714286,16.9,750.3666667,57.66666667,7.333333333,36.33333333,8.43
90,0,23.2,41.66333333,24,38.02666667,24.29,39.4,23.39,39.66333333,21.17142857,44.2,20.79,1,22.79,36.86333333,23.39,42.22666667,22.6,39.536,17,750.2833333,57.33333333,7.666666667,38.16666667,8.52
90,0,23.2,41.53,24.06666667,37.9,24.29,39.4,23.39,39.59,21.1,43.856,20.79,1,22.79,36.79,23.5,42.06,22.6,39.42857143,17.2,750.2,57,8,40,8.6
80,0,23.2,41.46666667,24.1,37.72333333,24.32333333,39.26,23.5,39.56,21.14285714,43.62428571,21.13333333,1,22.79,36.66333333,23.56666667,41.86,22.6,39.254,17.3,750.1333333,56.83333333,8,38.16666667,8.6
80,0,23.26,41.4,24.16666667,37.53,24.32333333,39.2,23.5,39.43333333,21.1,43.5,21.2,1,22.79,36.53,23.6,41.56,22.6,39.12428571,17.3,750.0666667,56.66666667,8,36.33333333,8.6
80,0,23.29,41.16333333,24.16666667,37.36333333,24.32333333,39.2,23.5,39.29,21.17142857,43.47142857,21.1,1,22.79,36.26,23.66666667,41.36,22.6,38.98,17.4,750,56.5,8,34.5,8.6
80,0,23.29,41.03,24.1,37.29,24.39,39.12666667,23.5,39.23,21.16,43.174,21.03333333,1,22.79,36.12666667,23.745,41.2,22.6,38.82142857,17.4,749.9333333,56.33333333,8,32.66666667,8.6
80,0,23.29,41.16333333,24.1,37.2,24.39,39.09,23.5,39.09,21.14285714,42.99571429,20.76333333,1,22.79,36.09,23.79,41.32666667,22.6,38.7,17.4,749.8666667,56.16666667,8,30.83333333,8.6
90,0,23.35666667,41.03,24.1,37.12666667,24.32333333,39.03,23.5,39.09,21.12,42.772,20.82333333,1,22.79,36.03,23.79,41.46666667,22.6,38.59285714,17.5,749.8,56,8,29,8.6
90,0,23.39,40.96666667,24.1,37.09,24.29,38.9,23.5,39.06,21.15714286,42.7,20.86,1,22.79,35.9,23.89,41.62666667,22.6,38.5,17.6,749.7666667,55.33333333,7.833333333,30.83333333,8.45
90,0,23.39,40.9,24.1,37.03,24.29,38.82666667,23.5,39,21.2,42.736,21,1,22.79,35.82666667,23.89,41.62666667,22.6,38.42857143,17.6,749.7333333,54.66666667,7.666666667,32.66666667,8.3
80,0,23.39,40.79,24.1,36.9,24.39,38.7,23.5,38.9,21.15714286,42.52571429,20.66666667,1,22.79,35.76,24,41.4,22.6,38.29,17.6,749.7,54,7.5,34.5,8.15
80,0,23.39,40.73,24.1,36.82666667,24.39,38.62666667,23.5,38.79,21.2,42.272,20.33333333,1,22.79,35.7,24.06666667,41.6,22.6,38.2,17.7,749.6666667,53.33333333,7.333333333,36.33333333,8
70,0,23.5,40.66333333,24.1,36.79,24.39,38.5,23.5,38.79,21.17142857,42.15285714,20.1,1,22.79,35.59,24.1,41.12333333,22.6,38.13714286,17.8,749.6333333,52.66666667,7.166666667,38.16666667,7.85
70,0,23.5,40.53,24.1,36.7225,24.39,38.5,23.5,38.7,21.16,42.156,20.1,1,22.79,35.59,24.03333333,40.39666667,22.6,38.072,17.8,749.6,52,7,40,7.7
50,0,23.5,40.36333333,24.03333333,36.7,24.39,38.4,23.5,38.62666667,21.1,41.88,19.46666667,1,22.79,35.45,24,39.83333333,22.6,37.97142857,17.6,749.5333333,52.33333333,7,40,7.6
70,0,23.5,40.23,24,36.7,24.39,38.29,23.39,38.5,21.1,41.7,19.2,1,22.73,35.43333333,24,39.62666667,22.56,37.856,17.4,749.4666667,52.66666667,7,40,7.5
140,0,23.5,40.145,23.92666667,36.76,24.39,38.29,23.39,38.5,21.1,41.66857143,18.92666667,1,22.79,35.43333333,23.96333333,39.46666667,22.57142857,37.73857143,17.1,749.4,53,7,40,7.4
240,0,23.5,40.72666667,23.89,36.82666667,24.35666667,38.2,23.39,38.4,21.1,41.59,18.49666667,1,22.76,35.4,23.89,39.32666667,22.52,37.678,16.9,749.3333333,53.33333333,7,40,7.3
60,0,23.5,43.86,23.82333333,36.96666667,24.29,38.2,23.39,38.4,21.05714286,41.93428571,17.89666667,1.193333333,22.76,35.46666667,23.85666667,39.2,22.52857143,37.62142857,16.7,749.2666667,53.66666667,7,40,7.2
70,0,23.6,43.46666667,23.76,37.92666667,24.29,38.23,23.39,38.53,21.08,42.774,16.62333333,5.466666667,22.79,35.65666667,23.79,39.33333333,22.5,37.834,16.5,749.2,54,7,40,7.1
90,0,23.6,43,23.68,38.458,24.29,38.29,23.39,38.66333333,21,43.42285714,16.09666667,7.8,22.73,35.93,23.79,39.754,22.5,38.05285714,16.3,749.15,55.33333333,7,38,7.22
100,0,23.6,42.56,23.58,38.674,24.29,38.56666667,23.35666667,38.82666667,21,44.08,15.5,10.92666667,22.7,36.15666667,23.79,40.976,22.5,38.296,16.1,749.1,56.66666667,7,36,7.33
110,0,23.6,42.43333333,23.5,38.89714286,24.29,38.76,23.35666667,38.96666667,21,44.62428571,15.22666667,13.66666667,22.7,36.49,23.82333333,41.6,22.5,38.5,15.9,749.05,58,7,34,7.45
100,0,23.6,42.26,23.5,39.2,24.29,38.82666667,23.32333333,39.23,21,45.256,14.93333333,18.9,22.7,36.86,23.89,42.26666667,22.46333333,38.82666667,15.6,749,59.33333333,7,32,7.57
240,0,23.6,42.2,23.43714286,39.34,24.29,38.9,23.39,39.36333333,21,45.94,14.66666667,22.42666667,22.7,37.13333333,23.92666667,42.86,22.456,39.158,15.4,748.95,60.66666667,7,30,7.68
130,0,23.6,42.53,23.33,39.518,24.29,39,23.32333333,39.56666667,20.89,46.7425,14.53333333,27.6,22.7,37.46333333,24,43.23857143,22.456,39.456,15.2,748.9,62,7,28,7.8
150,10,23.6,42.66333333,23.29,39.89714286,24.29,39.06,23.32333333,39.83333333,20.89,47.714,14.6,28.72666667,22.7,37.72333333,24.1,43.88375,22.5,39.72571429,14.8,748.9,66.83333333,6.666666667,27.16666667,8.33
120,10,23.6,43.09,23.29,40.44,24.32333333,39.12666667,23.35666667,40.06666667,21.09857143,55.46857143,14.46333333,30.15666667,22.76,38.06666667,24.2,44.134,22.5,40.036,14.3,748.9,71.66666667,6.333333333,26.33333333,8.87
210,30,23.66666667,43.22333333,23.21285714,40.62714286,24.39,39.26,23.29,40.4,21.2,56.256,14.33,31.29666667,22.76,38.73333333,24.25142857,44.59285714,22.5,40.35571429,13.9,748.9,76.5,6,25.5,9.4
330,20,23.7,43.29,23.18,40.916,24.39,39.4,23.42666667,41.26333333,21.12857143,53.08285714,14.19,32.55666667,22.79,39.59666667,24.31,45.116,22.5,40.5,13.4,748.9,81.33333333,5.666666667,24.66666667,9.93
130,30,23.7,43.29,23.1,41.35,24.39,39.46666667,23.575,41.9925,21.1,51.09,14.19,33.16333333,22.85666667,40.06333333,24.39,45.59285714,22.5,40.68142857,12.9,748.9,86.16666667,5.333333333,23.83333333,10.5
130,30,23.66666667,43.4,23,41.736,24.39,39.62666667,23.53333333,42.19333333,21.12857143,51.42285714,14.16,33.92666667,22.89,40.43333333,24.5,46.2,22.5,41,12.5,748.9,91,5,23,11
150,20,23.66666667,43.52666667,22.93714286,41.94142857,24.39,39.76,23.6,42.53,21.1,51.938,13.96,34.73333333,22.89,40.63333333,24.51428571,46.34,22.5,41.15285714,12.5,748.8333333,91.16666667,4.833333333,23.83333333,11
140,20,23.63333333,43.62666667,22.87,42.054,24.39,39.82666667,23.66666667,42.86333333,21.1,52.29,13.595,36.495,23,40.895,24.6,46.316,22.5,41.332,12.5,748.7666667,91.33333333,4.666666667,24.66666667,11
160,30,23.63333333,43.7,22.79,42.19428571,24.39,39.9,23.7,42.76,21.1,52.2,13.32333333,38.02666667,23,41.12666667,24.6,46.2,22.5,41.52571429,12.4,748.7,91.5,4.5,25.5,11.1
140,20,23.66666667,43.86333333,22.754,42.44,24.39,39.9,23.7,42.7,21.1,52.13714286,13.13,39.02666667,23,41.26,24.6,46.2,22.43125,41.55625,12.4,748.6333333,91.66666667,4.333333333,26.33333333,11.1
140,20,23.675,43.8725,22.7,42.55142857,24.39,40,23.73,42.7,21.1,52.072,12.82333333,39.73,23,41.4,24.64285714,46.11142857,22.39,41.59,12.4,748.5666667,91.83333333,4.166666667,27.16666667,11.1
160,20,23.7,43.9,22.68,42.634,24.39,40,23.79,42.62666667,21.1,52,12.43,39.65666667,23,41.4,24.66,45.94,22.39,41.45571429,12.4,748.5,92,4,28,11.1
140,0,23.7,43.7,22.5875,42.60375,24.39,40.09,23.79,42.46666667,21.1,51.856,12,39.83333333,23,41.26,24.7,45.76428571,22.39,41.316,12.3,748.4666667,92,4.166666667,28,11
130,0,23.63333333,43.7,22.5,42.72571429,24.39,40.03,23.79,42.26666667,21.1,51.65,11.6,39.62666667,23,41.2,24.79,45.356,22.39,41.09571429,12.2,748.4333333,92,4.333333333,28,10.9
290,0,23.7,43.66333333,22.456,42.79,24.39,40,23.79,41.93,21.1,51.516,11.23333333,40.16666667,23.03333333,41.16333333,24.84714286,45.03714286,22.33,40.79,12.1,748.4,92,4.5,28,10.8
460,0,23.7,43.53,22.39,42.79,24.32333333,39.93333333,23.73,41.73,21.1,51.29571429,11.03333333,40.56,23.03333333,41.03,24.89,44.61,22.30428571,40.54142857,12,748.3666667,92,4.666666667,28,10.7
160,0,23.7,43.5,22.39,42.812,24.29,39.96666667,23.7,41.43,21.06,51.014,10.86,41.73333333,23,40.96666667,24.89,44.19428571,22.29,40.4,11.9,748.3333333,92,4.833333333,28,10.6
100,10,23.7,43.43333333,22.31857143,42.9,24.29,39.9,23.7,41.15666667,21.08571429,50.91285714,10.8,42.59333333,23.06666667,40.96666667,24.89,43.754,22.29,40.36857143,11.8,748.3,92,5,28,10.5
110,0,23.63333333,43.2,22.29,43,24.29,39.9,23.66666667,40.93,21.1,50.736,10.69,43.5,23.06666667,40.86333333,24.89,43.62428571,22.29,40.09,11.5,748.3833333,91.5,4.666666667,30,10.1
90,0,23.7,43.12666667,22.23857143,42.98571429,24.29,39.9,23.6,40.73,21.1,50.65285714,10.63,44.03333333,23.06666667,41.06333333,24.912,43.518,22.29,40.26714286,11.2,748.4666667,91,4.333333333,32,9.77
70,0,23.7,43.06,22.18,42.92,24.39,39.86333333,23.6,40.56,21.1,50.7,10.56666667,44.53,23.1,41.36333333,25,43.66857143,22.29,40.4,10.9,748.55,90.5,4,34,9.4
60,0,23.63333333,42.93333333,22.1,43.06428571,24.39,39.79,23.6,40.5,21.1,50.7,10.42666667,44.53,23.1,41.36333333,25,43.58,22.29,40.49714286,10.7,748.6333333,90,3.666666667,36,9.03
60,0,23.7,42.9,22.06,43.054,24.39,39.86333333,23.6,40.5,21.1,50.754,10.12666667,44.59666667,23.1,41.36333333,24.90571429,44.05571429,22.29,40.874,10.4,748.7166667,89.5,3.333333333,38,8.67
50,0,23.7,42.82666667,22,42.97142857,24.39,39.86333333,23.6,40.43333333,21.1,50.79,9.926666667,45.12333333,23.1,41.43,24.89,44.394,22.29,41.12714286,10.1,748.8,89,3,40,8.3
60,0,23.7,42.7,21.934,43.076,24.5,39.9,23.5,40.4,21.1,50.79,9.733333333,45.46666667,23.1,41.59,24.89,44.76428571,22.29,41.394,10.1,748.8166667,89.5,2.833333333,40,8.33
50,0,23.63333333,42.56666667,21.89,43.22571429,24.5,39.9,23.5,40.29,21.075,50.7675,9.575,45.7725,23.1,41.59,24.89,45.134,22.36142857,41.62142857,10,748.8333333,90,2.666666667,40,8.37
60,0,23.6,42.46666667,21.79,43.29,24.5,39.9,23.5,40.29,21.08571429,50.85571429,9.426666667,46.56333333,23.1,41.59,24.83285714,44.95285714,22.39,41.79,9.95,748.85,90.5,2.5,40,8.4
40,0,23.6,42.32666667,21.77714286,43.35285714,24.5,39.9,23.5,40.26,21.1,50.856,9.36,47.36,23.1,41.545,24.79,44.7,22.39,41.94142857,9.9,748.8666667,91,2.333333333,40,8.43
50,0,23.6,42.2,21.7,43.46,24.5,39.845,23.42666667,40.12666667,21.05714286,50.85285714,9.226666667,47.1,23.1,41.66333333,24.77875,44.73375,22.39,42.018,9.85,748.8833333,91.5,2.166666667,40,8.47
50,0,23.6,42.12666667,21.7,43.5,24.5,39.79,23.39,40.09,21.06,50.856,9.066666667,46.92666667,23.1,41.82666667,24.7,44.89714286,22.39,42.09,9.8,748.9,92,2,40,8.5
50,0,23.6,42.045,21.6,43.5,24.5,39.79,23.39,40.09,21.08571429,50.82142857,8.926666667,47.2,23.1,41.9,24.7,45.09,22.39,42.134,9.63,748.9333333,92.5,2.166666667,40,8.43
60,0,23.6,42,21.58571429,43.55142857,24.5,39.79,23.39,40.06,21.1,50.812,8.566666667,46.72666667,23.2,41.9,24.7,45.18428571,22.39,42.2,9.47,748.9666667,93,2.333333333,40,8.37
50,0,23.6,41.93333333,21.5,43.612,24.5,39.79,23.32333333,40,21.05714286,50.82142857,8.426666667,46.86,23.2,41.82666667,24.68,45.218,22.39,42.254,9.3,749,93.5,2.5,40,8.3
70,0,23.6,41.9,21.5,43.7,24.5,39.76,23.32333333,40,21.1,50.79,8.16,46.7,23.2,41.66333333,24.6,45.22571429,22.39,42.29,9.13,749.0333333,94,2.666666667,40,8.23
60,0,23.53333333,41.82666667,21.39,43.59,24.5,39.7,23.32333333,39.93333333,21.1,50.79,8.033333333,46.9,23.2,41.53,24.5,45.334,22.456,42.4,8.97,749.0666667,94.5,2.833333333,40,8.17
60,0,23.56666667,41.76,21.34714286,43.65285714,24.6,39.7,23.29,39.9,21.1,50.772,7.9,47.42666667,23.2,41.36333333,24.5,45.36714286,22.39,42.425,8.8,749.1,95,3,40,8.1
50,0,23.5,41.7,21.33,43.7,24.6,39.7,23.29,39.82666667,21.1,50.7,7.9,47.96,23.2,41.23,24.5,45.54,22.39,42.51285714,8.73,749.1166667,95,3,38.16666667,8.03
60,0,23.5,41.66333333,21.26428571,43.66857143,24.6,39.7,23.29,39.79,21.1,50.79,7.763333333,47.86333333,23.2,41.16333333,24.42142857,45.55714286,22.412,42.63,8.67,749.1333333,95,3,36.33333333,7.97
40,0,23.5,41.59,21.23375,43.7,24.6,39.62666667,23.29,39.79,21.1,50.71285714,7.563333333,47.65666667,23.2,41.09,24.39,45.5,22.42142857,42.72571429,8.6,749.15,95,3,34.5,7.9
50,0,23.46333333,41.56,21.2,43.7,24.6,39.59,23.26,39.76,21.06,50.656,7.466666667,47.53,23.2,40.96666667,24.39,45.42714286,22.39,42.79,8.53,749.1666667,95,3,32.66666667,7.83
50,0,23.39,41.43333333,21.11428571,43.73857143,24.6,39.59,23.2,39.62666667,21.1,50.66857143,7.26,47.39,23.2,40.82666667,24.37,45.236,22.43714286,42.83714286,8.47,749.1833333,95,3,30.83333333,7.77
40,0,23.39,41.4,21.08,43.7,24.6,39.56,23.2,39.59,21.1,50.59,7.09,47.36666667,23.2,40.76,24.29,45.15285714,22.5,42.9,8.4,749.2,95,3,29,7.7
50,0,23.39,41.4,21,43.7,24.6,39.5,23.2,39.59,21.1,50.59,7.115,48.4,23.2,40.62666667,24.29,45,22.45285714,42.88142857,8.25,749.1833333,95.16666667,2.833333333,28.83333333,7.57
50,0,23.39,41.29,21,43.7,24.5,39.5,23.2,39.7,21.1,50.536,7.263333333,49.23333333,23.16666667,40.59,24.29,44.8,22.5,43,8.1,749.1666667,95.33333333,2.666666667,28.66666667,7.43
60,0,23.39,41.29,20.98428571,43.71285714,24.56666667,39.5,23.2,39.79,21.1,50.5,7.333333333,49.63333333,23.16666667,40.53,24.29,44.616,22.5,43,7.95,749.15,95.5,2.5,28.5,7.3
50,0,23.29,41.2,20.89,43.79,24.56666667,39.5,23.13333333,39.86333333,21.1,50.5,7.466666667,50.16,23.2,40.5,24.29,44.39714286,22.5,43.018,7.8,749.1333333,95.66666667,2.333333333,28.33333333,7.17
60,0,23.29,41.2,20.89,43.79,24.56666667,39.5,23.1,40,21.1,50.53857143,7.56,50.36333333,23.2,40.43333333,24.2,44.09,22.5,43.09,7.65,749.1166667,95.83333333,2.166666667,28.16666667,7.03
50,0,23.29,41.2,20.85,43.754,24.6,39.46666667,23.1,40.06,21.1,50.5,7.5,50.23,23.2,40.4,24.2,44.02428571,22.5,43.134,7.5,749.1,96,2,28,6.9
50,0,23.23,41.12666667,20.79,43.71285714,24.6,39.4,23.1,40.09,21.1,50.5,7.4,50.13333333,23.2,40.36333333,24.2,43.816,22.5,43.2,7.6,749.1166667,96.16666667,2,27.66666667,7.02
50,0,23.2,41.09,20.772,43.754,24.6,39.4,23.1,40.09,21.1,50.5,7.466666667,50.6,23.13333333,40.23,24.2,43.7,22.5,43.2,7.7,749.1333333,96.33333333,2,27.33333333,7.13
50,0,23.2,41.0225,20.73857143,43.79,24.6,39.4,23.1,40.09,21.1,50.5,7.53,50.9,23.2,40.26,24.2,43.59,22.5,43.2,7.8,749.15,96.5,2,27,7.25
60,0,23.2,41,20.7,43.79,24.6,39.4,23.1,40.16333333,21.06,50.46,7.59,50.9,23.2,40.2,24.11666667,43.545,22.5,43.29,7.9,749.1666667,96.66666667,2,26.66666667,7.37
40,0,23.2,41,20.7,43.79,24.6,39.4,23,40.12666667,21.1,50.4875,7.5,50.79666667,23.2,40.2,24.1,43.46,22.5,43.30571429,8,749.1833333,96.83333333,2,26.33333333,7.48
50,0,23.13333333,41,20.7,43.79,24.6,39.4,23.06666667,40.26,21.1,50.4,7.366666667,50.46333333,23.2,40.2,24.1,43.4,22.5,43.4,8.1,749.2,97,2,26,7.6
40,0,23.1,41,20.6,43.7,24.6,39.32666667,23,40.2,21.1,50.4,7.226666667,50.42666667,23.2,40.156,24.08,43.294,22.5,43.4,8.08,749.2333333,97,2,25.33333333,7.58
60,0,23.1,41,20.6,43.7,24.6,39.4,23,40.2,21.1,50.4,7.366666667,50.9,23.18571429,40.09,24.03333333,43.09666667,22.5,43.4,8.07,749.2666667,97,2,24.66666667,7.57
40,0,23.1,41,20.6,43.7,24.56666667,39.29,23,40.2,21.1,50.4,7.4,51,23.14,40.054,24,42.91428571,22.5,43.48571429,8.05,749.3,97,2,24,7.55
60,0,23.1,41,20.53333333,43.7,24.5,39.29,23,40.2,21.1,50.4,7.4,51.06,23.17142857,40.06428571,24,42.86857143,22.5,43.5,8.03,749.3333333,97,2,23.33333333,7.53
60,0,23.03333333,40.93333333,20.5,43.7,24.5,39.29,23,40.2,21.06,50.356,7.366666667,51.06,23.16,40,24,42.754,22.5,43.52571429,8.02,749.3666667,97,2,22.66666667,7.52
60,0,23.03333333,40.86,20.56666667,43.7,24.56666667,39.29,23,40.2,21.1,50.356,7.2725,50.825,23.15714286,40.03857143,24,42.65285714,22.5,43.59,8,749.4,97,2,22,7.5
60,0,23,40.79,20.5,43.7,24.6,39.29,22.92666667,40.2,21.1,50.29,7.063333333,50.3,23.16,40,24,42.616,22.5,43.59,8,749.4333333,96.83333333,2,22,7.48
50,0,23,40.86333333,20.5,43.795,24.53333333,39.29,22.92666667,40.2,21.1,50.272,6.966666667,50.2,23.2,39.89714286,23.92142857,42.47142857,22.5,43.75875,8,749.4666667,96.66666667,2,22,7.47
60,0,23,40.96666667,20.5,43.9,24.5,39.29,22.89,40.2,21.07142857,50.2,6.9,50.2,23.1,39.656,23.89,42.2,22.5,43.79,8,749.5,96.5,2,22,7.45
50,0,23,40.9,20.46333333,43.96666667,24.42666667,39.23,22.89,40.1175,21.1,50.236,6.9,50.5,23.1,39.65285714,23.89,41.99714286,22.5,43.79,8,749.5333333,96.33333333,2,22,7.43
60,0,23,40.86333333,20.39,43.9,24.39,39.2,22.89,40.09,21.1,50.2,6.833333333,50.5,23.1,39.7,23.87,41.794,22.5,43.736,8,749.5666667,96.16666667,2,22,7.42
50,0,23,40.79,20.39,43.9,24.39,39.2,22.89,40.06,21.1,50.13714286,6.73,50.13333333,23.1,39.76428571,23.83285714,41.61142857,22.5,43.79,8,749.6,96,2,22,7.4
80,0,23,40.95666667,20.39,43.9,24.35666667,39.13333333,22.89,40,21.1,50.09,6.59,50,23.1,39.754,23.79,41.334,22.5,43.856,7.92,749.6666667,96.16666667,2,22,7.33
40,0,23,41.29,20.39,44.23,24.29,38.72666667,22.85666667,39.86333333,21.1,50.09,6.56,50,23.1,39.77714286,23.79,41.47,22.5,43.9,7.83,749.7333333,96.33333333,2,22,7.27
50,0,23,41.2,20.32333333,44.36333333,24.15,38.345,22.79,39.79,21.1,50.09,6.5,50,23.1,39.79,23.79,41.59,22.5,44,7.75,749.8,96.5,2,22,7.2
50,0,23,41.06666667,20.39,44.29,24,38.09,22.79,39.79,21.1,50.03857143,6.5,50.06666667,23.1,39.86857143,23.79,41.59,22.5,44,7.67,749.8666667,96.66666667,2,22,7.13
60,0,23,40.845,20.39,44.23,24,37.96333333,22.79,39.79,21.1,50,6.56,50.33333333,23.1,39.96,23.79,41.736,22.5,44,7.58,749.9333333,96.83333333,2,22,7.07
60,0,23,40.66333333,20.39,44.06,23.89,37.86,22.79,39.7,21.1,50,6.623333333,50.53,23.1,40.11285714,23.71285714,41.73857143,22.5,44,7.5,750,97,2,22,7
60,0,23,40.66333333,20.39,43.93333333,23.96333333,38.06,22.79,39.7,21.04,49.79,6.763333333,50.93,23.16666667,40.63,23.7,41.714,22.5,43.9,7.57,750.1,96.66666667,1.833333333,22,7.02
70,0,23,40.82666667,20.5,43.96666667,24,38.2,22.79,39.7,21.1,49.79,7.063333333,51.56666667,23.2,40.65428571,23.67142857,41.46571429,22.5,43.79285714,7.63,750.2,96.33333333,1.666666667,22,7.03
60,0,23,40.9,20.5,43.9,24,38.26,22.79,39.7,21.06,49.736,7.396666667,51.96,23.2,40.32142857,23.6,41.09,22.5,43.678,7.7,750.3,96,1.5,22,7.05
50,0,23,40.93,20.6,43.9,24.03333333,38.32666667,22.79,39.79,21.1,49.7,7.76,52.23,23.14,40.054,23.55714286,40.99857143,22.5,43.52571429,7.77,750.4,95.66666667,1.333333333,22,7.07
50,0,23,40.79,20.66666667,43.96666667,24.1,38.4,22.79,39.86333333,21.1,49.656,8.0725,52.4475,23.11428571,39.83857143,23.58,40.816,22.5,43.356,7.83,750.5,95.33333333,1.166666667,22,7.08
50,0,23,40.79,20.7,43.79,24.2,38.43333333,22.79,39.82666667,21.1,49.59,8.263333333,52.56,23.1,39.616,23.5,40.62142857,22.40571429,43.13714286,7.9,750.6,95,1,22,7.1
40,0,22.92666667,40.79,20.7,43.79,24.13333333,38.5,22.79,39.9,21.1,49.49857143,8.6,52.86,23.1,39.39714286,23.5,40.46,22.39,42.98,8.02,750.7166667,95,1.166666667,22,7.22
60,0,23,40.79,20.82333333,43.66333333,24.2,38.5,22.73,39.82666667,21.1,49.378,9.06,53.19333333,23.1,39.2,23.43714286,40.28571429,22.43714286,42.86857143,8.13,750.8333333,95,1.333333333,22,7.33
40,0,23,40.79,20.9975,43.5225,24.2,38.5,22.73,39.9,21.1,49.29,10.03333333,53.69333333,23.1,39.05428571,23.39,40.2,22.5,42.754,8.25,750.95,95,1.5,22,7.45
60,0,22.92666667,40.9,21.29333333,43.43333333,24.23,38.5,22.79,39.9,21.14,49.2,10.9,54.1,23.1,38.94,23.31857143,40.2,22.5,42.63714286,8.37,751.0666667,95,1.666666667,22,7.57
50,0,23,40.96666667,22.36666667,42.19333333,24.29,38.43333333,22.79,39.925,21.15714286,49.13714286,11.96666667,54.63333333,23.1,38.86857143,23.29,40.2,22.5,42.572,8.48,751.1833333,95,1.833333333,22,7.68
60,0,22.96333333,41.03,22.7,40.93333333,24.29,38.46666667,22.79,40,21.14,49.072,12.3,54.76666667,23.1,38.754,23.2675,40.1725,22.5,42.47142857,8.6,751.3,95,2,22,7.8
50,0,22.96333333,41.09,22.46333333,40.76666667,24.29,38.4,22.79,40,21.12857143,49,12.53333333,54.52666667,23.1,38.7,23.2,40.15285714,22.5,42.356,8.77,751.425,93.91666667,1.916666667,23.5,7.79
60,0,23,41.12666667,22.32333333,41.02666667,24.29,38.5,22.79,40,21.14,48.9,12.73333333,54.13333333,23.08,38.616,23.2,40.2,22.5,42.23857143,8.93,751.55,92.83333333,1.833333333,25,7.78
50,0,22.92666667,41.2,22.2,41.23,24.29,38.5,22.79,40,21.12857143,48.83714286,13.06333333,54.43333333,23.02857143,38.52571429,23.17142857,40.2,22.5,42.16333333,9.1,751.675,91.75,1.75,26.5,7.78
50,0,22.92666667,41.23,22.32666667,41.29,24.29,38.5,22.79,40.06,21.14,48.772,13.32333333,53.22666667,23,38.4,23.1,40.29,22.5,42.07714286,9.27,751.8,90.66666667,1.666666667,28,7.77
50,0,23,41.29,22.76333333,40.79666667,24.365,38.5,22.79,40.2,21.14285714,48.66857143,13.93,50.99,23.02857143,38.41285714,23.1,40.29,22.5,42,9.43,751.925,89.58333333,1.583333333,29.5,7.76
50,0,23,41.4,22.89,40.39,24.32333333,38.5,22.79,40.12666667,21.2,48.59,14.26333333,45.65666667,23.04,38.334,23.04,40.236,22.5,41.9,9.6,752.05,88.5,1.5,31,7.75
40,0,22.9725,41.4,22.76,40.26666667,24.29,38.5,22.79,40.09,21.17142857,48.53857143,14.19666667,41.72333333,23,38.22571429,23.04285714,40.23857143,22.5,41.83714286,9.77,752.175,87.41666667,1.416666667,32.5,7.74
20,0,22.96333333,41.4,22.63333333,40.46666667,24.29,38.56,22.79,40.16333333,21.16,48.48,14.53,38.79666667,23,38.2,23,40.29,22.5,41.79,9.93,752.3,86.33333333,1.333333333,34,7.73
40,0,23,41.43333333,22.99,40.46666667,24.29,38.59,22.82333333,40.32666667,21.2,48.36857143,15.09333333,34.73333333,23.01428571,38.2,23,40.29,22.5,41.76428571,10.1,752.425,85.25,1.25,35.5,7.72
30,0,23,41.5,23.65666667,39.52666667,24.29,38.59,22.89,40.4,21.2,48.29,15.7,30.86666667,23.08,38.16,23,40.29,22.5,41.7,10.3,752.55,84.16666667,1.166666667,37,7.72
40,0,23,41.53,24.13,38.9,24.29,38.59,22.92666667,40.4,21.2,48.21285714,15.845,27.045,23.07142857,38.06428571,22.95285714,40.26428571,22.54285714,41.65285714,10.4,752.675,83.08333333,1.083333333,38.5,7.71
60,0,23.06666667,41.66333333,24.72333333,38.23333333,24.29,38.59,23,40.4,21.2,48.116,16.13,23.89333333,23.1,38,22.89,40.156,22.52,41.7,10.6,752.8,82,1,40,7.7
50,0,23.1,41.73,25.39333333,37.05666667,24.2,38.56,23.1,40.36333333,21.2,48,16.72333333,21.96,23.1,37.94285714,22.89,40.03857143,22.6,41.7,10.8,752.9,80.83333333,1.166666667,40,7.65
60,0,23.1,41.79,25.72666667,36.25666667,24.26,38.56,23.16666667,40.29,21.2,47.9,17.46,15.83333333,23.1,37.878,22.89,40,22.6,41.736,11,753,79.66666667,1.333333333,40,7.6
50,0,23.1,41.79,25.96,35.76666667,24.29,38.7,23.29,40.26,21.23857143,47.88142857,17.86666667,11.16,23.1,37.72571429,22.89,39.92857143,22.6,42.06857143,11.2,753.1,78.5,1.5,40,7.55
50,0,23.16666667,41.79,26.03333333,35.69333333,24.29,38.7,23.35666667,40.12666667,21.254,47.798,17.72333333,6.06,23.025,37.5225,22.85,39.856,22.64,42.416,11.4,753.2,77.33333333,1.666666667,40,7.5
60,0,23.2,41.79,25.695,35.395,24.29,38.7,23.39,40,21.26428571,47.69428571,17.26333333,8,23.1,37.5,22.79,39.77714286,22.64285714,42.53857143,11.6,753.3,76.16666667,1.833333333,40,7.45
40,0,23.2,41.79,25.35666667,35.8,24.29,38.76,23.39,39.93333333,21.236,47.634,16.79333333,6.833333333,23.07142857,37.45714286,22.79,39.678,22.6,42.29,11.8,753.4,75,2,40,7.4
50,0,23.2,41.7,25.29,36,24.29,38.79,23.39,39.9,21.22571429,47.56714286,16.66666667,4.96,23.06,37.334,22.79,39.62142857,22.6,42.41,12,753.5,73.66666667,2,40,7.3
50,0,23.2,41.7,25.2,36.06,24.29,38.79,23.39,39.86333333,21.29,47.572,16.99333333,5.096666667,23.1,37.29,22.79,39.656,22.6,42.554,12.1,753.6,72.33333333,2,40,7.2
50,0,23.2,41.7,25.13333333,36.06,24.29,38.79,23.39,39.79,21.29,47.4875,17.13333333,4.29,23,37.2,22.79,39.62142857,22.6,42.59,12.3,753.7,71,2,40,7.1
60,0,23.2,41.7,25,36.2,24.29,38.79,23.39,39.79,21.29,47.4,17,3.56,23.08571429,37.2,22.79,39.612,22.66,42.514,12.5,753.8,69.66666667,2,40,7
60,0,23.2,41.59,25,36.26,24.29,38.79,23.39,39.79,21.29,47.29,17.19333333,3.693333333,23.1,37.2,22.76428571,39.66857143,22.64285714,42.45714286,12.6,753.9,68.33333333,2,40,6.9
60,0,23.2,41.59,24.92666667,36.29,24.29,38.79,23.5,39.9,21.29,47.23857143,18.09333333,2.633333333,23.1,37.16857143,22.79,39.7,22.6,42.518,12.8,754,67,2,40,6.8
50,0,23.23,41.59,25,36.23,24.39,38.7,23.5,39.9,21.29,47.178,18.83333333,1.166666667,23.1,37.054,22.79,39.68428571,22.6,42.59,13.2,754.1,65,2,40,6.72
70,0,23.29,41.59,24.89,36.09,24.39,38.7,23.5,39.79,21.31857143,47.09,18.86666667,1,23.1,36.98571429,22.736,39.59,22.6,42.59,13.6,754.2,63,2,40,6.63
50,0,23.29,41.59,24.82333333,36.09,24.39,38.7,23.5,39.73,21.29,47.054,18.26666667,1,23.1,36.9,22.7,39.59,22.67142857,42.71,14.1,754.3,61,2,40,6.55
60,0,23.39,41.59,24.79,36.23,24.39,38.7,23.53333333,39.7,21.33285714,47,17.66666667,1,23.1,36.9,22.72571429,39.66857143,22.6,42.7,14.5,754.4,59,2,40,6.47
40,0,23.39,41.59,24.79,36.29,24.39,38.7,23.6,39.7,21.31,47,17.72666667,1,23.1,36.9,22.754,39.7,22.6,42.7,14.9,754.5,57,2,40,6.38
50,0,23.39,41.5,24.76,36.43333333,24.39,38.7,23.6,39.66333333,21.34714286,47,17.445,1,23.1,36.80571429,22.7,39.72571429,22.6375,42.73375,15.3,754.6,55,2,40,6.3
40,0,23.39,41.5,24.7,36.5,24.46333333,38.76,23.53333333,39.59,21.39,46.96,17.26,1,23.1,36.79,22.718,39.7,22.6,42.7,15.4,754.6,54.16666667,1.833333333,40,6.18
50,0,23.39,41.5,24.6,36.53,24.39,38.7,23.5,39.59,21.39,46.9,17.26,1,23.1,36.72571429,22.76428571,39.7,22.61428571,42.7,15.6,754.6,53.33333333,1.666666667,40,6.07
50,0,23.39,41.5,24.6,36.59,24.46333333,38.76,23.5,39.59,21.39,46.9,17.66333333,1,23.1,36.7,22.754,39.59,22.64,42.616,15.8,754.6,52.5,1.5,40,5.95
50,0,23.5,41.5,24.5,36.59,24.39,38.7,23.5,39.56,21.39,46.82142857,17.99666667,1,23.15714286,36.59285714,22.77714286,39.52428571,22.6,42.47142857,15.9,754.6,51.66666667,1.333333333,40,5.83
60,0,23.5,41.5,24.5,36.59,24.39,38.7,23.56666667,39.5,21.39,46.7,18.73,1,23.2,36.48,22.754,39.4,22.6,42.2,16.1,754.6,50.83333333,1.166666667,40,5.72
50,0,23.5,41.5,24.5,36.62666667,24.5,38.79,23.6,39.5,21.39,46.68428571,19.12333333,1,23.2,36.32142857,22.76428571,39.36857143,22.6,41.99714286,16.2,754.6,50,1,40,5.6
60,0,23.5,41.43333333,24.5,36.6725,24.5,38.73,23.6,39.43333333,21.39,46.572,19.73333333,1,23.2,36.2,22.79,39,22.6,41.878,16.4,754.6666667,49.16666667,1,40,5.55
50,0,23.6,41.36333333,24.5,36.59,24.56666667,38.7,23.6,39.4,21.42142857,46.52571429,20.06666667,1,23.27714286,36.12428571,22.79,38.76857143,22.6,41.72571429,16.6,754.7333333,48.33333333,1,40,5.5
60,0,23.6,41.23,24.5,36.5,24.56666667,38.7,23.6,39.29,21.39,46.4,20.22666667,1,23.35,35.98,22.79,38.56,22.6,41.59,16.8,754.8,47.5,1,40,5.45
80,0,23.6,41.2,24.5,36.5,24.6,38.62666667,23.6,39.23,21.45285714,46.4,19.96,1,23.39,35.82142857,22.79,38.34285714,22.6,41.44,17,754.8666667,46.66666667,1,40,5.4
80,0,23.66666667,41.2,24.42666667,36.53,24.6,38.7,23.6,39.2,21.5,46.378,20.06666667,1,23.39,35.656,22.79,38.09,22.6,41.272,17.2,754.9333333,45.83333333,1,40,5.35
80,0,23.73,41.06,24.434,36.536,24.6,38.59,23.66666667,39.2,21.5,46.272,20.2,1,23.45285714,35.57714286,22.91,38.29857143,22.6,41.178,17.4,755,45,1,40,5.3
80,0,23.79,41,24.39,36.5,24.6,38.66333333,23.7,39.2,21.5,46.2,20.06666667,1,23.5,35.5,23.08,38.5,22.6,41.03,17.3,755.05,46.16666667,1.333333333,40,5.52
80,0,23.79,40.86333333,24.39,36.634,24.6,38.59,23.7,39.12666667,21.5,46.12142857,19.73333333,1,23.5,35.41666667,23.22571429,38.75714286,22.63333333,40.93333333,17.1,755.1,47.33333333,1.666666667,40,5.73
80,0,23.85666667,40.86333333,24.39,36.68428571,24.6,38.59,23.7,39.09,21.5,46.09,19.46,1,23.54,35.356,23.33,39.09,22.63333333,40.86,16.9,755.15,48.5,2,40,5.95
90,0,23.89,40.86333333,24.39,36.634,24.6,38.59,23.7,39.03,21.5,46.01285714,19.79333333,1,23.6,35.2675,23.45285714,39.29428571,22.66666667,40.83333333,16.8,755.2,49.66666667,2.333333333,40,6.17
80,0,23.9175,40.7675,24.39,36.66857143,24.6,38.59,23.7,39,21.55,46,19.96,1,23.6,35.2,23.56,39.716,22.6,40.7,16.6,755.25,50.83333333,2.666666667,40,6.38
100,0,24,40.7,24.39,36.7,24.6,38.59,23.7,39,21.6,46,20.22666667,1,23.6,35.112,23.67142857,40.26714286,22.6,40.56,16.5,755.3,52,3,40,6.6
90,0,24,40.7,24.33285714,36.77714286,24.6,38.59,23.7,39,21.6,45.97142857,20.16666667,1,23.6,35.09,23.736,40.52,22.6,40.5,16.7,755.3333333,50.83333333,3,40,6.38
90,0,24,40.56666667,24.29,36.636,24.6,38.59,23.7,38.93333333,21.6,45.9,20.2425,1,23.6,35.09,23.79,41.02428571,22.66666667,40.56,16.8,755.3666667,49.66666667,3,40,6.17
80,0,24,40.19333333,24.22571429,36.02857143,24.63333333,38.5,23.7,38.9,21.61428571,45.70714286,20.16333333,1,23.64,35.036,23.79,41.29,22.6,40.5,17,755.4,48.5,3,40,5.95
100,0,24,39.8,24.1,36,24.7,38.36,23.7,38.9,21.7,45.616,20.2,1,23.6,34.96666667,23.86142857,41.22571429,22.6,40.5,17.2,755.4333333,47.33333333,3,40,5.73
80,10,24,39.53,24.18571429,36.07714286,24.7,38.26,23.7,38.86333333,21.7,45.32428571,20.32666667,1,23.6,34.74833333,23.934,40.754,22.6,40.46666667,17.3,755.4666667,46.16666667,3,40,5.52
70,0,24.06666667,39.59,24.2,35.994,24.7,38.26,23.7,38.73,21.79,44.96,20.558,1,23.6,34.498,24,40.54,22.6,40.19333333,17.5,755.5,45,3,40,5.3
90,0,24.06666667,39.33333333,24.12857143,35.55428571,24.66666667,38.22333333,23.7,38.66333333,21.79,44.67857143,20.26333333,1,23.6,34.32666667,24.05,40.38625,22.6,39.96666667,17.6,755.5333333,45.33333333,3,40,5.47
70,0,24,38.86,24,35.054,24.6,37.96333333,23.7,38.59,21.81,44.356,20.29,1,23.6,34.245,24.12,40.214,22.66666667,39.9,17.7,755.5666667,45.66666667,3,40,5.63
100,0,24,38.36333333,23.945,34.86166667,24.6,37.63333333,23.6,38.46666667,21.89,44.02857143,20.35666667,1,23.6,34.156,24.2,39.99714286,22.6,39.66333333,17.8,755.6,46,3,40,5.8
400,0,24,38.36333333,23.79,34.736,24.6,37.43333333,23.6,38.2225,21.934,43.754,20.26333333,1,23.6,34.09,24.236,39.79,22.6,39.59,17.8,755.6333333,46.33333333,3,40,5.97
520,0,24,39.02666667,23.79,34.82,24.56666667,37.02666667,23.6,38.03,22,43.45571429,20.59666667,1,23.6,34.09,24.27714286,39.76142857,22.6,39.5,17.9,755.6666667,46.66666667,3,40,6.13
160,0,24,41.76666667,23.79,35.238,24.5,36.82666667,23.6,38.03,22,43.312,20.46666667,1,23.58,34.09,24.254,39.516,22.6,39.5,18,755.7,47,3,40,6.3
100,0,24,43.12666667,23.79,36.01,24.5,37,23.6,38.09,22,43.49714286,19.86666667,1,23.5,34.09,24.29,39.29571429,22.6,39.46666667,17.9,755.7333333,47.16666667,3,40,6.3
210,0,24,41.66666667,23.745,36.30375,24.56666667,37.06,23.6,38.2,22,43.7,19.15666667,1,23.5,34.09,24.29,39.2,22.6,39.46666667,17.9,755.7666667,47.33333333,3,40,6.3
110,0,24,40.89333333,23.7,36.4,24.6,37.23,23.53333333,38.26,22,43.75142857,18.82333333,1,23.5,34.236,24.29,39.2,22.6,39.5,17.8,755.8,47.5,3,40,6.3
70,0,24,40.1,23.54142857,36.45714286,24.6,37.3725,23.5,38.4,22,43.772,18.46333333,1,23.5,34.418,24.29,39.218,22.6,39.56,17.7,755.8333333,47.66666667,3,40,6.3
70,0,23.89,39.52666667,23.37,36.612,24.6,37.4,23.5,38.46666667,22,43.7,18.26333333,1,23.43714286,34.59285714,24.26428571,39.29,22.6,39.7,17.7,755.8666667,47.83333333,3,40,6.3
70,0,23.89,39.4,23.29,36.895,24.6,37.4,23.5,38.53,22,43.554,17.85666667,1,23.39,34.776,24.236,39.334,22.6,39.76,17.6,755.9,48,3,40,6.3
100,0,23.89,39.4,23.245,37.24166667,24.6,37.4,23.5,38.66333333,22,43.5,17.66333333,1.526666667,23.39,35.03375,24.23857143,39.45571429,22.6,39.9,17.4,756.0166667,49.66666667,3,40,6.58
110,0,23.79,39.62666667,23.16,37.58,24.46333333,37.5,23.46333333,38.82666667,22,43.5,17.33066667,3.448666667,23.37,35.276,24.254,40.094,22.6,39.82666667,17.2,756.1333333,51.33333333,3,40,6.87
100,0,23.79,39.76,23,37.925,24.32333333,37.63333333,23.39,38.96666667,22,43.5,17.175,4.815,23.36142857,35.49714286,24.31857143,41.81142857,22.6,40.36,16.9,756.25,53,3,40,7.15
110,0,23.79,40.03,22.92666667,38.28333333,24.23,37.82666667,23.39,39.12666667,22,43.58,17.1,5.396666667,23.29,35.736,24.39,42.054,22.6,40.5,16.7,756.3666667,54.66666667,3,40,7.43
100,0,23.73,40.16333333,22.87,38.754,24.29,37.96666667,23.39,39.2,23.01428571,70.02285714,16.85,5.795,23.29,36,24.39,41.73714286,22.63333333,40.59666667,16.5,756.4833333,56.33333333,3,40,7.72
170,0,23.7,40.5,22.79,38.995,24.26,38.15666667,23.39,39.23,23.998,82.674,16.22333333,7.966666667,23.29,36.19142857,24.39,41.876,22.625,40.9475,16.3,756.6,58,3,40,8
110,10,23.7,40.63333333,22.665,39.31166667,24.26,38.36333333,23.39,39.29,23.52285714,82.91142857,15.63,8.833333333,23.29,36.29,24.39,42.49714286,22.6,41.13333333,16.2,756.6666667,59.83333333,3,37.33333333,8.32
130,0,23.6,40.82666667,22.5,39.58,24.29,38.4,23.32333333,39.43333333,22.9775,84.35625,15,9.863333333,23.29,36.39714286,24.5,42.94,22.6,41.4,16,756.7333333,61.66666667,3,34.66666667,8.63
120,0,23.6,40.9,22.5,39.82666667,24.29,38.4,23.39,39.56,23.66,88.95,14.72666667,11.33,23.2,36.44,24.5,43.15285714,22.6,41.06666667,15.9,756.8,63.5,3,32,8.95
90,0,23.6,41,22.56666667,40.1,24.29,38.4,23.35666667,39.62666667,23.31142857,86.83714286,14.43333333,12.82333333,23.2,36.61428571,24.56,43.376,22.66666667,40.9,15.8,756.8666667,65.33333333,3,29.33333333,9.27
90,0,23.6,41.13333333,22.54,40.358,24.29,38.46666667,23.29,39.7,23.14,83.918,14.1,15.15666667,23.2,36.718,24.55714286,43.45714286,22.6,40.7,15.6,756.9333333,67.16666667,3,26.66666667,9.58
70,0,23.53333333,41.32666667,22.5,40.59,24.29,38.53,23.29,39.79,22.99714286,80.05142857,13.73333333,17.62666667,23.2,36.82142857,24.6,44.334,22.56666667,40.5,15.5,757,69,3,24,9.9
80,0,23.53333333,41.4,22.5,40.7675,24.29,38.59,23.29,39.93333333,22.79,74,13.53333333,20.89333333,23.2,37,24.6,45.03714286,22.5,40.5,15.2,757.1,70.83333333,2.833333333,24,9.92
70,10,23.5,41.53,22.478,40.96,24.29,38.62666667,23.29,40.06,22.73857143,71.10857143,13.2,22.83,23.17142857,36.94285714,24.6,45.59,22.5,40.5,14.8,757.2,72.66666667,2.666666667,24,9.93
60,0,23.5,41.72333333,22.39,41,24.29,38.7,23.29,40.09,22.68,69.256,12.86666667,22.29,23.2,36.9,24.6,45.66857143,22.5,40.5,14.5,757.3,74.5,2.5,24,9.95
60,0,23.5,41.76,22.445,41.045,24.39,38.79,23.23,40.03,22.6,67.12428571,12.39666667,22.42666667,23.2,36.86857143,24.6,45.7,22.5,40.56666667,14.2,757.4,76.33333333,2.333333333,24,9.97
60,0,23.5,41.62666667,22.37,41.076,24.39,38.79,23.23,40.03,22.56,65.29,11.99,24.3,23.2,36.79,24.53333333,45.32666667,22.5,40.96,13.8,757.5,78.16666667,2.166666667,24,9.98
50,0,23.5,41.62666667,22.29,41.2,24.39,38.9,23.23,40.09,22.61428571,63.35571429,11.62666667,27.02333333,23.17142857,36.79,24.478,44.598,22.5,41.56666667,13.5,757.6,80,2,24,10
50,0,23.5,41.62666667,22.2675,41.23375,24.39,38.9,23.2,40.23,22.64,62.48,11.42666667,29.23,23.14,36.79,24.39,44.52666667,22.5,41.76,13.3,757.6333333,79.83333333,2.166666667,26.66666667,9.77
50,0,23.39,41.5,22.2,41.2,24.39,38.9,23.2,40.29,22.57142857,62.26428571,11.12666667,30.13,23.1,36.79,24.39,44.834,22.56666667,41.93333333,13.1,757.6666667,79.66666667,2.333333333,29.33333333,9.53
50,0,23.39,41.475,22.14285714,41.2,24.39,38.9,23.2,40.32666667,22.5,62.2,10.86666667,30.53,23.1,36.79,24.39,45.036,22.5,42.06,12.9,757.7,79.5,2.5,32,9.3
50,0,23.39,41.4,22.08,41.2,24.39,38.9,23.2,40.4,22.43714286,62.05571429,10.53,31.3,23.1,36.77714286,24.39,45.2,22.5,42.12666667,12.6,757.7333333,79.33333333,2.666666667,34.66666667,9.07
50,0,23.39,41.4,22,41.22571429,24.39,38.9,23.2,40.43333333,22.39,61.75,10.24,32.525,23.1,36.7,24.33,45.2,22.5,42.26,12.4,757.7666667,79.16666667,2.833333333,37.33333333,8.83
60,0,23.39,41.4,22,41.29,24.39,38.9,23.2,40.5,22.39,61.45428571,10.13,34.52666667,23.1,36.7,24.29,45.16,22.53333333,42.32666667,12.2,757.8,79,3,40,8.6
50,0,23.29,41.36333333,21.90571429,41.44142857,24.32333333,38.93333333,23.1,40.5,22.33,61.054,10.06666667,35.46666667,23.1,36.7,24.29,44.95,22.575,42.475,11.9,757.7833333,80.16666667,3,40,8.55
60,0,23.35666667,41.29,21.87,41.5,24.39,39,23.1,40.5,22.30428571,60.77142857,9.926666667,36.19333333,23.1,36.7,24.218,44.812,22.56666667,42.56,11.7,757.7666667,81.33333333,3,40,8.5
60,0,23.29,41.29,21.79,41.56428571,24.39,39,23.16666667,40.56,22.29,60.44,9.86,37.16666667,23.1,36.7225,24.1,44.834,22.6,42.7,11.4,757.75,82.5,3,40,8.45
50,0,23.29,41.29,21.7,41.59,24.39,39,23.1,40.56,22.29,60.34285714,9.8,37.96666667,23.08,36.678,24.15,44.95,22.6,42.76,11.1,757.7333333,83.66666667,3,40,8.4
60,0,23.29,41.29,21.7,41.66571429,24.42666667,39.15666667,23.1,40.59,22.29,60.254,9.66,38.1,23.02857143,36.62142857,24.1,44.9,22.6,42.82666667,10.9,757.7166667,84.83333333,3,40,8.35
40,0,23.29,41.29,21.68,41.79,24.5,39.29,23.1,40.59,22.21285714,59.88,9.46,38.3,23,36.59,24.04,44.798,22.6,42.96666667,10.6,757.7,86,3,40,8.3
50,0,23.26,41.26,21.6,41.79,24.5,39.4,23.1,40.59,22.2,59.552,9.263333333,38.26,23.02857143,36.60857143,24,44.79,22.6,43,10.5,757.7333333,86,3,40,8.23
50,0,23.2,41.2,21.56,41.9,24.56666667,39.4,23.1,40.59,22.2,59.26428571,9.13,38.46,23,36.5,24,44.71,22.6,43.06,10.4,757.7666667,86,3,40,8.17
60,0,23.2,41.2,21.5,41.94285714,24.6,39.5,23.03333333,40.46333333,22.2,58.856,8.963333333,39.23,23,36.5,23.956,44.554,22.6,43.12666667,10.4,757.8,86,3,40,8.1
40,0,23.2,41.2,21.478,41.94,24.6,39.56,23.06666667,40.5,22.2,58.49428571,8.83,39.49,23,36.5,23.96333333,44.46666667,22.6,43.2,10.3,757.8333333,86,3,40,8.03
70,0,23.2,41.2,21.39,41.9,24.6,39.66333333,23,40.5,22.1875,58.05875,8.66,39.82666667,23,36.5,23.89,44.316,22.6,43.29,10.2,757.8666667,86,3,40,7.97
50,0,23.2,41.2,21.39,42,24.6,39.66333333,23,40.4,22.1,57.75,8.533333333,40.16,23,36.5,23.89,44.178,22.6,43.29,10.1,757.9,86,3,40,7.9
50,0,23.1,41.2,21.33285714,42,24.6,39.7,23,40.4,22.1,57.42285714,8.463333333,40.43333333,23,36.47142857,23.89,44.09,22.6,43.4,9.97,757.8833333,86.16666667,3,40,7.8
60,0,23.1,41.2,21.29,42,24.625,39.7225,23,40.4,22.1,57.09,8.33,41.02666667,23,36.4,23.89,43.978,22.6,43.46666667,9.83,757.8666667,86.33333333,3,40,7.7
50,0,23.1,41.16333333,21.26428571,42.03857143,24.63333333,39.73,23,40.4,22.1,56.88,8.3,41.69666667,23,36.4,23.79,43.7,22.6,43.5,9.7,757.85,86.5,3,40,7.6
60,0,23.1,41.09,21.2,42,24.7,39.79,22.96333333,40.36333333,22.1,56.645,8.42,42.815,22.956,36.4,23.79,43.7,22.6,43.5,9.57,757.8333333,86.66666667,3,40,7.5
40,0,23.1,41.2,21.2,42.05142857,24.7,39.79,22.89,40.29,22.08571429,56.28428571,8.793333333,43.99666667,22.92142857,36.32142857,23.79,43.645,22.6,43.59,9.43,757.8166667,86.83333333,3,40,7.4
50,0,23.03333333,41.06666667,21.14,42.09,24.7,39.79,22.89,40.29,22,55.958,9.256666667,44.12666667,22.89,36.29,23.715,43.545,22.6,43.66333333,9.3,757.8,87,3,40,7.3
40,0,23.03333333,41.12666667,21.1,42.12142857,24.7,39.79,22.89,40.29,22,55.745,9.53,44,22.89,36.29,23.754,43.46,22.63333333,43.73,9.38,757.7833333,86.83333333,3,40,7.33
30,0,23.06666667,41.16333333,21.1,42.2,24.7,39.79,22.89,40.29,22,55.49714286,9.83,43.4,22.89,36.29,23.7,43.3725,22.625,43.79,9.47,757.7666667,86.66666667,3,40,7.37
20,0,23,41.09,21.0125,42.13125,24.7,39.73,22.89,40.29,22,55.272,9.89,43.2,22.89,36.33714286,23.7,43.275,22.6,43.86333333,9.55,757.75,86.5,3,40,7.4
30,0,23,41.09,21,42.25142857,24.66666667,39.76,22.89,40.2,22,55.09,9.963333333,44.66666667,22.89,36.29,23.68,43.236,22.6,43.93333333,9.63,757.7333333,86.33333333,3,40,7.43
50,0,23,41.09,21,42.312,24.6,39.7,22.89,40.2,22,55.09,9.963333333,45.59333333,22.89,36.35285714,23.66,43.254,22.6,44,9.72,757.7166667,86.16666667,3,40,7.47
70,0,23,41.12666667,21,42.47142857,24.6,39.79,22.89,40.29,22,55.06,10.03333333,46.6,22.89,36.4,23.65,43.30833333,22.66666667,44.16333333,9.8,757.7,86,3,40,7.5
60,0,22.92666667,41.2,21,42.536,24.6,39.86333333,22.89,40.29,22,54.975,10.1,47,22.89,36.47142857,23.64,43.356,22.6,44.09,9.83,757.7,87.5,3.333333333,38.16666667,7.78
50,0,22.89,41.23,20.93714286,42.69714286,24.6,39.9,22.85666667,40.26,21.978,54.816,10.22666667,47.36666667,22.89,36.5,23.6,43.42,22.6,44.12666667,9.87,757.7,89,3.666666667,36.33333333,8.07
60,0,22.89,41.29,20.89,42.812,24.66666667,39.96666667,22.79,40.2675,21.945,54.7,10.3,48.03333333,22.89,36.55142857,23.6,43.52571429,22.6,44.2,9.9,757.7,90.5,4,34.5,8.35
60,0,22.92666667,41.29,20.89,42.9,24.7,40,22.79,40.29,21.912,54.5,10.33,48.56666667,22.87,36.59,23.6,43.7,22.6,44.29,9.93,757.7,92,4.333333333,32.66666667,8.63
50,0,22.92666667,41.29,20.89,43.036,24.7,40,22.79,40.32666667,21.89,54.356,10.39,49.02666667,22.86142857,36.66857143,23.58571429,43.75142857,22.6,44.29,9.97,757.7,93.5,4.666666667,30.83333333,8.92
50,0,22.89,41.4,20.89,43.15285714,24.7,40,22.79,40.4,21.89,54.17833333,10.53333333,49.76666667,22.815,36.7225,23.54,43.876,22.66666667,44.4,10,757.7,95,5,29,9.2
50,0,22.89,41.4,20.89,43.218,24.7,40,22.79,40.5,21.89,54,10.66,50.1,22.79,36.7,23.5,44,22.6,44.4,10.1,757.65,94.5,5,28.5,9.23
50,0,22.89,41.5,20.89,43.36857143,24.7,40.03,22.79,40.5,21.89,53.918,10.8,50.2,22.79,36.77714286,23.5,44.09,22.6,44.5,10.2,757.6,94,5,28,9.27
50,0,22.89,41.5,20.89,43.4,24.7,40.09,22.79,40.53,21.89,53.71166667,10.8225,50.2675,22.79,36.812,23.5,44.15285714,22.6,44.56,10.3,757.55,93.5,5,27.5,9.3
50,0,22.89,41.53,20.86142857,43.50857143,24.7,40.09,22.79,40.59,21.89,53.59,10.89,50.29,22.79,36.9,23.5,44.276,22.6,44.62666667,10.4,757.5,93,5,27,9.33
60,0,22.89,41.59,20.87,43.572,24.7,40.2,22.79,40.59,21.89,53.44285714,10.92666667,50.62666667,22.79,37,23.5,44.42857143,22.6,44.7,10.5,757.45,92.5,5,26.5,9.37
80,0,22.89,41.59,20.81857143,43.55714286,24.7,40.12666667,22.79,40.66333333,21.89,53.316,11,50.7,22.79,37,23.5,44.59,22.63333333,44.73,10.6,757.4,92,5,26,9.4
80,10,22.89,41.815,20.79,43.736,24.66666667,40.1,22.76,40.7,21.89,52.98333333,11.03333333,50.93333333,22.79,37.018,23.40571429,44.65285714,22.7,44.99,10.7,757.3833333,91.83333333,4.833333333,26.5,9.47
50,0,22.89,42.22333333,20.79,43.93857143,24.66666667,39.82666667,22.7,40.76,21.89,51.356,11.16,50.93333333,22.79,37.09,23.39,44.7,22.6,45.06,10.8,757.3666667,91.66666667,4.666666667,27,9.53
60,0,22.89,42.86333333,20.81,44.438,24.6,39.66333333,22.7,40.79,21.89,50.114,11.1,50.7,22.79,37.09,23.39,44.72571429,22.6,45,10.9,757.35,91.5,4.5,27.5,9.6
60,10,22.89,42.79,20.84714286,44.78285714,24.6,39.53,22.7,40.79,21.89,49.51333333,11.1,50.76,22.79,37.15285714,23.39,44.79,22.6,44.845,11.1,757.3333333,91.33333333,4.333333333,28,9.67
40,0,22.92666667,42.79,20.89,45,24.6,39.5,22.76,40.79,21.89,49.62,11.22666667,50.96333333,22.79,37.276,23.39,44.9775,22.6,45,11.2,757.3166667,91.16666667,4.166666667,28.5,9.73
60,0,23,42.79,20.89,44.97142857,24.6,39.43333333,22.7,40.79,21.89,49.978,11.36,51.09,22.72571429,37.42857143,23.39,45.18428571,22.6,44.86,11.3,757.3,91,4,29,9.8
50,0,23,42.96333333,20.89,45,24.6,39.5,22.7,40.79,21.87333333,50.09,11.6,51.09,22.7,37.634,23.39,45.074,22.6,44.66333333,11.4,757.35,90.5,4,30.83333333,9.8
50,0,23,43.03,20.92142857,45,24.53333333,39.5,22.7,40.79,21.81,50.156,11.93333333,51.09,22.7,37.75142857,23.36142857,44.69428571,22.6,44.59,11.5,757.4,90,4,32.66666667,9.8
60,10,23,43.09,21,45,24.5,39.5,22.7,40.9,21.81857143,50.12142857,12.3,50.49666667,22.7,37.812,23.29,44.356,22.63333333,44.5,11.6,757.45,89.5,4,34.5,9.8
90,30,23,43.09,21,45.03375,24.5,39.5,22.7,40.9475,21.83,50.09,12.36,49.69666667,22.7,37.9,23.27714286,44.16285714,22.63333333,44.43333333,11.6,757.5,89,4,36.33333333,9.8
90,20,23,43,21,45,24.39,39.4,22.76,41.22333333,21.79,49.96,12.42666667,49.16333333,22.7,38,23.2,43.98,22.6,44.26,11.7,757.55,88.5,4,38.16666667,9.8
80,20,22.92666667,42.93333333,21.02,45,24.39,39.4,22.82333333,41.56666667,21.79,49.83714286,12.56666667,48.75666667,22.7,38.05142857,23.2,43.9,22.6,44.2,11.8,757.6,88,4,40,9.8
90,20,23,42.93333333,21.1,44.92857143,24.39,39.4,22.96333333,41.76,21.79,49.772,12.9,48.36333333,22.7,38.156,23.2,43.856,22.6,44.06,11.9,757.6166667,88,4.166666667,38,9.88
80,20,23,43,21.2,44.79,24.39,39.4,23.03333333,41.93333333,21.79,49.616,13.23333333,47.75666667,22.7,38.26428571,23.2,43.80571429,22.6,44,12,757.6333333,88,4.333333333,36,9.97
70,30,23,43,21.2,44.72285714,24.46333333,39.4,23.1,41.93333333,21.79,49.42857143,13.65,45.895,22.7,38.4,23.14,43.92,22.6,43.9,12.1,757.65,88,4.5,34,10.1
80,0,22.92666667,43.06,21.296,44.652,24.39,39.32666667,23.1,41.9,21.79,49.29,14.23333333,43.22333333,22.67142857,38.38285714,23.1,44.02571429,22.53333333,43.82666667,12.1,757.6666667,88,4.666666667,32,10.1
80,0,22.89,43.15666667,21.57142857,44.35,24.39,39.4,23.16666667,41.9,21.79,49.2,14.62666667,40.09,22.7,38.5,23.1,44.09,22.6,43.76,12.2,757.6833333,88,4.833333333,30,10.2
110,0,22.89,43.29,21.7,44.156,24.39,39.425,23.2,42.03,21.79,49.09285714,14.99,37.25666667,22.7,38.56428571,23.1,44.09,22.6,43.7,12.3,757.7,88,5,28,10.3
130,20,22.89,43.4,21.80857143,44.03714286,24.39,39.43333333,23.2,42.16333333,21.79,48.98,15.32333333,35.19666667,22.7,38.7,23.08,44.09,22.6,43.59,12.5,757.7166667,87.66666667,4.833333333,28,10.4
170,20,22.89,43.4,21.912,43.816,24.39,39.4,23.29,42.29,21.79,48.82142857,15.9,33.32666667,22.7,38.75142857,23,44.09,22.6,43.59,12.7,757.7333333,87.33333333,4.666666667,28,10.6
130,20,22.89,43.4,22,43.7,24.39,39.46666667,23.29,42.29,21.79,48.7,16.16666667,31.06,22.7,38.885,23,44.29,22.6,43.53,12.9,757.75,87,4.5,28,10.8
130,30,22.89,43.53,21.934,43.79,24.39,39.5,23.32333333,42.36333333,21.79,48.63714286,16.26,30.46,22.7,39.018,23,44.35285714,22.6,43.59,13.2,757.7666667,86.66666667,4.333333333,28,10.9
90,20,22.89,43.59,21.92142857,43.88428571,24.39,39.5,23.39,42.43,21.79,48.572,16.13333333,29.79333333,22.7,39.09,23,44.46,22.55,43.59,13.4,757.7833333,86.33333333,4.166666667,28,11.1
70,20,22.89,43.7,21.978,43.92,24.39,39.5,23.5,42.76,21.79,48.5,16.16666667,30.02666667,22.7,39.2,23,44.59571429,22.56666667,43.59,13.6,757.8,86,4,28,11.2
60,20,22.89,43.76,21.89,44.06428571,24.39,39.5,23.56666667,42.62666667,21.79,48.5,16.03333333,29.56666667,22.7,39.25142857,22.89,44.736,22.5,43.59,13.6,757.8333333,85.83333333,4.166666667,30,11.2
90,20,22.89,43.82666667,21.934,44.236,24.39,39.59,23.5,42.59,21.79,48.46,16.06666667,30.26333333,22.7,39.356,22.89,44.85285714,22.53333333,43.59,13.7,757.8666667,85.66666667,4.333333333,32,11.2
80,20,22.89,43.9,21.98428571,44.35285714,24.39,39.59,23.5,42.59,21.79,48.42857143,16.26,30.39666667,22.7,39.47142857,22.89,44.978,22.6,43.59,13.7,757.9,85.5,4.5,34,11.3
80,30,22.89,44.03,21.912,44.42,24.39,39.7,23.53333333,42.69333333,21.79,48.4,16.16666667,30.13333333,22.7,39.59,22.89,45.09,22.6,43.7,13.7,757.9333333,85.33333333,4.666666667,36,11.3
60,20,22.96333333,44.16333333,21.92142857,44.42857143,24.39,39.76,23.6,43.02666667,21.79,48.4,16.03333333,30.33333333,22.7,39.65285714,22.79,45.2,22.53333333,43.7,13.8,757.9666667,85.16666667,4.833333333,38,11.3
100,20,22.96333333,44.23,21.956,44.4,24.39,39.82666667,23.7,43.145,21.79,48.29,16,30.76666667,22.7,39.718,22.79,45.27714286,22.5,43.7,13.8,758,85,5,40,11.3
80,20,22.89,44.36333333,21.96857143,44.45714286,24.39,39.9,23.79,42.96666667,21.79,48.32142857,16.06666667,31.16666667,22.7,39.82142857,22.79,45.332,22.5,43.7,13.9,758.0166667,85,4.833333333,38.16666667,11.4
70,20,22.89,44.43333333,21.89,44.554,24.39,39.93333333,23.79,42.82666667,21.79,48.29,16.1,31.39333333,22.7,40,22.79,45.52571429,22.5,43.79,13.9,758.0333333,85,4.666666667,36.33333333,11.4
90,30,22.89,44.5,21.89,44.59,24.39,40,23.79,42.79,21.79,48.29,16.16666667,31.39333333,22.7,40.05142857,22.79,45.65875,22.5,43.79,13.9,758.05,85,4.5,34.5,11.4
70,20,22.89,44.59,21.89,44.7,24.39,40.03,23.85666667,42.86333333,21.79,48.29,16.1,32.35,22.7,40.174,22.79,45.834,22.5,43.82666667,14,758.0666667,85,4.333333333,32.66666667,11.5
80,20,22.89,44.66333333,21.89,44.77714286,24.39,40.09,23.89,42.9,21.79,48.29,15.86,35.89666667,22.7,40.36857143,22.77714286,46.11285714,22.5,43.9,14.1,758.0833333,85,4.166666667,30.83333333,11.6
70,20,22.89,44.73,21.912,44.832,24.5,40.2,23.89,42.9,21.79,48.356,15.93333333,37.82333333,22.7,40.634,22.718,46.394,22.5,43.93333333,14.1,758.1,85,4,29,11.6
80,30,22.89,44.93,21.9175,45.01125,24.5,40.2,23.89,42.9,21.79,48.4,15.96333333,39.36333333,22.7,40.85428571,22.72571429,46.69428571,22.5,44.06,14.1,758.15,86.16666667,4,30.16666667,11.8
60,20,22.89,45.29,21.96857143,45.26428571,24.5,40.245,23.96333333,42.96666667,21.79,48.4,15.75666667,41.09666667,22.7,41.076,22.7,47.036,22.5,44.23,14.1,758.2,87.33333333,4,31.33333333,12
60,20,22.96333333,45.36333333,22.04,45.634,24.5,40.4,23.89,42.9,21.79,48.41428571,15.9,41.89333333,22.7,41.29571429,22.7,47.31285714,22.5,44.29,14.1,758.25,88.5,4,32.5,12.2
120,30,23,45.4,22.11428571,45.73857143,24.5,40.4,23.82333333,42.96666667,21.85,48.554,16.29333333,41.89333333,22.7,41.536,22.7,47.54,22.5,44.46333333,14,758.3,89.66666667,4,33.66666667,12.3
50,20,23.025,45.525,22.218,45.718,24.42666667,40.39,23.79,43.09,21.89,48.59,17.02333333,41.22333333,22.7,41.78142857,22.7,47.79571429,22.5,44.66333333,14,758.35,90.83333333,4,34.83333333,12.5
70,20,23.1,45.83333333,22.29,45.76428571,24.42666667,40.53,23.85666667,43.22333333,21.89,48.7,17.56333333,38.89,22.7,42.018,22.7,48.134,22.5,44.66333333,14,758.4,92,4,36,12.7
60,20,23,45.82666667,22.29,45.7,24.39,40.62666667,23.89,43.43333333,21.89,48.71285714,17.63333333,36.03333333,22.72571429,42.16857143,22.7,48.26714286,22.5,44.695,14.1,758.4166667,91.83333333,4.166666667,34.83333333,12.8
90,20,23.06666667,45.96666667,22.29,45.78142857,24.39,40.76,23.96333333,43.56,21.83,48.754,17.63333333,35.09333333,22.736,42.29,22.7,48.4,22.5,44.86333333,14.3,758.4333333,91.66666667,4.333333333,33.66666667,12.9
70,30,23.1,46.46333333,22.31,46.138,24.39,40.96333333,24,43.59,21.83285714,48.79,17.55666667,34.75666667,22.76428571,42.36714286,22.7,48.4,22.5,44.86333333,14.4,758.45,91.5,4.5,32.5,13
70,0,23.1,46.66333333,22.46857143,46.23285714,24.39,41.22333333,24,43.72333333,21.89,48.9,18.63,35.55666667,22.79,42.5,22.7,48.44,22.5,44.79,14.5,758.4666667,91.33333333,4.666666667,31.33333333,13.1
70,0,23.1,46.79,22.6,45.9,24.42666667,41.43333333,24,43.96666667,21.89,48.9,19.29,26.32333333,22.79,42.5,22.7,48.57714286,22.5,44.82666667,14.7,758.4833333,91.16666667,4.833333333,30.16666667,13.2
70,0,23.1,46.86333333,22.68571429,45.71,24.5,41.56,24,43.96666667,21.89,48.92,19.29,24.39,22.79,42.45714286,22.7,48.572,22.56666667,44.9,14.8,758.5,91,5,29,13.3
60,0,23.1,46.93333333,22.7,45.638,24.5,41.59,23.89,44.22666667,21.89,49.02571429,18.93,23,22.79,42.46,22.7,48.5,22.56666667,44.93333333,15,758.4833333,90.33333333,4.833333333,30.83333333,13.4
70,0,23.03333333,47.06,22.76428571,45.69428571,24.56666667,41.59,23.815,44.5725,21.89,49.09,18.99666667,23.53333333,22.83285714,42.44285714,22.7,48.5,22.5,45,15.2,758.4666667,89.66666667,4.666666667,32.66666667,13.5
60,0,23.06666667,47.06,22.79,45.46,24.53333333,41.62666667,23.79,44.93,21.89,49.09,19.12333333,21.3,22.79,42.4,22.7,48.57714286,22.53333333,45,15.4,758.45,89,4.5,34.5,13.6
50,0,23.06666667,47,22.73857143,45.53714286,24.53333333,41.7,23.85666667,45.06,21.89,49.09,18.52333333,21.36666667,22.79,42.42857143,22.7,48.612,22.53333333,45,15.6,758.4333333,88.33333333,4.333333333,36.33333333,13.7
60,0,23,46.9,22.7,45.674,24.6,41.76,23.79,45,21.89,49.134,18.19333333,23.9,22.79,42.5,22.7,48.65285714,22.6,45,15.8,758.4166667,87.66666667,4.166666667,38.16666667,13.8
60,0,23,46.9,22.72571429,45.76428571,24.53333333,41.76,23.79,44.9,21.89,49.09,18.2425,25.8475,22.86142857,42.56428571,22.7,48.736,22.53333333,45,16,758.4,87,4,40,13.9
70,0,23.06666667,47,22.79,45.59,24.5,41.79,23.79,44.9,21.89,49.09,18.19666667,24.43,22.79,42.518,22.7,48.85285714,22.53333333,45,16,758.3833333,86.5,4.166666667,40,13.8
60,0,23.06666667,47.06,22.71285714,45.66571429,24.5,41.79,23.79,44.79,21.89,49.09,17.76333333,29,22.79,42.62142857,22.7,48.9,22.53333333,45,15.9,758.3666667,86,4.333333333,40,13.6
60,0,23.1,47.09,22.774,45.772,24.6,41.86333333,23.79,44.79,21.89,49.09,18.36333333,32.19333333,22.89,42.856,22.7,48.97142857,22.53333333,45.09,15.9,758.35,85.5,4.5,40,13.4
50,0,23.1,47.16333333,22.92142857,45.59571429,24.6,41.8175,23.79,44.7,21.96857143,49.09,19.45666667,28.53333333,22.89,42.79,22.7,49.09,22.53333333,45.09,15.9,758.3333333,85,4.666666667,40,13.3
60,0,23.06666667,47.2,23.1,45.356,24.6,41.82666667,23.79,44.62666667,21.934,49.2,19.93,23.53333333,22.89,42.79,22.7,49.10571429,22.6,45.12666667,15.8,758.3166667,84.5,4.833333333,40,13.2
50,0,23.06666667,47.26,23.15714286,45.09857143,24.6,41.82666667,23.79,44.59,22,49.2,20.23,20.96666667,22.96857143,42.83714286,22.7,49.25875,22.6,45.12666667,15.8,758.3,84,5,40,13
40,0,23.05,47.245,23.218,45,24.6,41.9,23.79,44.53,22,49.2,20.43,20.16666667,23,42.9,22.7,49.478,22.6,45.2,16,758.3,82.83333333,4.833333333,40,12.9
50,0,23.1,47.29,23.29,44.97142857,24.6,41.79,23.79,44.5,22,49.2,20.7,18.82333333,23,42.99857143,22.7,49.55142857,22.6,45.2,16.1,758.3,81.66666667,4.666666667,40,12.9
50,0,23.1,47.29,23.29,44.9,24.6,41.79,23.79,44.5,22,49.2,20.7,16.76333333,23,43.036,22.7,49.7,22.6,45.2,16.3,758.3,80.5,4.5,40,12.9
50,0,23.1,47.2,23.32333333,44.86333333,24.6,41.9,23.79,44.4,22,49.2,20.86,12.66666667,23,42.97142857,22.7,49.59285714,22.6,45.2,16.5,758.3,79.33333333,4.333333333,40,12.8
40,0,23.1,47.2,23.39,44.63714286,24.6,41.9,23.79,44.4,22,49.2,20.86,9.193333333,23.1,42.9,22.736,49.458,22.6,45.2,16.6,758.3,78.16666667,4.166666667,40,12.8
30,0,23.16666667,47.09,23.39,44.48,24.6,41.93333333,23.79,44.36333333,22,49.2,20.8,6.933333333,23.07142857,42.65285714,22.72571429,49.16857143,22.6,45.16333333,16.8,758.3,77,4,40,12.7
40,0,23.16666667,47.03,23.39,44.36857143,24.6,41.93333333,23.79,44.23,22.1,49.254,21,5.533333333,23.1,42.4,22.736,48.754,22.6,45.09,17,758.25,75.5,4.166666667,40,12.6
30,0,23.2,46.96666667,23.39,44.156,24.6,41.86333333,23.79,44.09,22.11428571,49.13714286,21.36,2.833333333,23.1,42.09571429,22.79,48.48142857,22.63333333,45.09,17.2,758.2,74,4.333333333,40,12.4
60,0,23.2,46.82666667,23.39,43.98142857,24.53333333,41.86333333,23.79,43.9975,22.14,49.072,21.3,1.36,23.2,41.754,22.79,48.196,22.7,45.09,17.4,758.15,72.5,4.5,40,12.3
60,0,23.29,46.66333333,23.39,43.86,24.5,41.79,23.79,43.82666667,22.1,48.97142857,20.96333333,1.926666667,23.2,41.57142857,22.76428571,47.82428571,22.6,44.86333333,17.6,758.1,71,4.666666667,40,12.2
70,0,23.29,46.53,23.39,43.66857143,24.5,41.79,23.79,43.7,22.2,48.856,20.89,1.2,23.2,41.294,22.79,47.46,22.6,44.79,17.8,758.05,69.5,4.833333333,40,12
90,0,23.29,46.4,23.39,43.46,24.5,41.66333333,23.79,43.62666667,22.2,48.72285714,21.03333333,1,23.2,41.06428571,22.79,47.52428571,22.66666667,44.72333333,18,758,68,5,40,11.9
60,0,23.29,46.12666667,23.42142857,43.31428571,24.5,41.59,23.73,43.46666667,22.254,48.656,21.16666667,1,23.2,40.856,22.81,47.74,22.6,44.53,18.1,758.0166667,66.5,5,40,11.6
80,0,23.39,45.96666667,23.39,43.178,24.5,41.56,23.73,43.4,22.29,48.66857143,20.795,1.1,23.2,40.6425,22.89,47.92857143,22.63333333,44.5,18.1,758.0333333,65,5,40,11.3
70,0,23.39,45.76666667,23.43714286,43.11142857,24.5,41.5,23.7,43.36333333,22.474,54.954,20.85666667,1,23.2,40.52428571,23,47.916,22.63333333,44.43333333,18.1,758.05,63.5,5,40,11.1
80,0,23.39,45.59,23.434,43.036,24.5,41.4,23.7,43.23,23.97142857,80.54857143,20.66333333,1,23.2,40.378,23.05714286,47.76857143,22.6,44.36333333,18.2,758.0666667,62,5,40,10.8
70,0,23.46333333,45.59,23.45285714,42.95571429,24.5,41.32666667,23.7,43.2,24.456,85.474,20.46666667,1,23.2,40.22571429,23.12,48.314,22.6,44.29,18.3,758.0833333,60.5,5,40,10.5
90,10,23.5,45.62666667,23.5,42.878,24.6,41.2,23.7,43.2,23.96857143,87.26857143,20.26,1,23.2,40.09,23.22571429,48.62142857,22.6,44.2,18.3,758.1,59,5,40,10.2
80,0,23.5,45.62666667,23.5,42.79,24.6,41.09,23.7,43.2,23.6125,86.69625,20.26,1,23.2,40.02428571,23.29,48.656,22.6,44.12666667,18.3,758.0833333,58.66666667,5,40,10.1
80,0,23.5,45.56,23.39,42.7,24.6,41.09,23.7,43.12666667,23.5,83.99,20.06666667,1,23.2,39.878,23.34714286,48.36428571,22.66666667,44.16333333,18.3,758.0666667,58.33333333,5,40,10.1
70,0,23.5,45.425,23.39,42.7,24.7,41.2,23.7,43.2,23.46857143,81.38285714,20,1,23.2,39.79,23.39,47.954,22.6,44.0225,18.4,758.05,58,5,40,10
70,0,23.56666667,45.32666667,23.39,42.7,24.7,41.2,23.7,43.12666667,23.5,79.276,20,1,23.2,39.7,23.39,47.42285714,22.6,44,18.4,758.0333333,57.66666667,5,40,9.93
80,0,23.6,45.16333333,23.34714286,42.62142857,24.7,41.06,23.7,43,23.42142857,76.35714286,19.9,1,23.2,39.63714286,23.39,46.916,22.66666667,44.06,18.4,758.0166667,57.33333333,5,40,9.87
70,0,23.6,45.03,23.29,42.59,24.7,41,23.7,43,23.39,73,19.96666667,1.193333333,23.2,39.59,23.39,46.58428571,22.6,44,18.4,758,57,5,40,9.8
60,0,23.6,44.86333333,23.27714286,42.57714286,24.73,40.86333333,23.7,42.86333333,23.37571429,70.38142857,21.23333333,1,23.2,39.59,23.412,46.334,22.6,43.96666667,18.2,758.0166667,56.83333333,4.833333333,40,9.58
60,0,23.6,44.79,23.2,42.5,24.73,40.79,23.7,42.79,23.236,67.478,21.49333333,1,23.2,39.5,23.42142857,46.12142857,22.66666667,43.96666667,18,758.0333333,56.66666667,4.666666667,40,9.37
70,0,23.6,44.66333333,23.2,42.5,24.66666667,40.76,23.66666667,42.76,23.2,64.82285714,20.36666667,1,23.14285714,39.5,23.39,45.7475,22.6,43.79,17.9,758.05,56.5,4.5,40,9.15
60,0,23.6,44.53,23.1,42.536,24.6,40.76,23.6,42.7,23.16,62.76,19.16,1.193333333,23.14,39.5,23.39,45.59,22.6,43.79,17.7,758.0666667,56.33333333,4.333333333,40,8.93
70,0,23.5,44.46666667,23.04285714,42.51285714,24.56666667,40.79,23.6,42.7,23.1,61.08428571,18.26,2.93,23.1,39.5,23.39,45.59,22.6,43.79,17.5,758.0833333,56.16666667,4.166666667,40,8.72
70,0,23.5,44.32666667,22.98625,42.6,24.5,40.73,23.6,42.7,23.1,60.176,17.73333333,4.53,23.1,39.536,23.39,45.59,22.6,43.79,17.3,758.1,56,4,40,8.5
70,0,23.5,44.29,22.89,42.776,24.46333333,40.7,23.6,42.76,23.07142857,59.61428571,17.03333333,7.563333333,23.1,39.70428571,23.39,45.76428571,22.6,43.9,17.1,758.1,58.16666667,3.666666667,40,8.75
70,0,23.5,44.29,22.81857143,42.9,24.39,40.62666667,23.6,42.9,23,58.276,16.36666667,9.63,23.1,39.876,23.39,46.036,22.6,43.96666667,16.8,758.1,60.33333333,3.333333333,40,9
70,0,23.5,44.29,22.7,43.09,24.39,40.59,23.53333333,42.9,23,57.31285714,15.66333333,11.93333333,23.1,40.06428571,23.39,46.15285714,22.6,44,16.6,758.1,62.5,3,40,9.25
80,0,23.5,44.29,22.65714286,43.25142857,24.39,40.59,23.5,43.03,22.934,56.44,15.165,14.42,23.1,40.2,23.33,46.218,22.6,44.06,16.3,758.1,64.66666667,2.666666667,40,9.5
60,0,23.5,44.4,22.64,43.42,24.39,40.59,23.5,43.09,22.89,55.72857143,14.75666667,17.16666667,23.05714286,40.21285714,23.31857143,46.25142857,22.6,44.06,16.1,758.1,66.83333333,2.333333333,40,9.75
70,0,23.5,44.4,22.52857143,43.55714286,24.39,40.59,23.5,43.09,22.89,55.014,14.46333333,21.15666667,23.04,40.312,23.29,46.29,22.6,44,15.8,758.1,69,2,40,10
60,0,23.5,44.4,22.5,43.79,24.39,40.59,23.5,43.16333333,22.89,54.48142857,14.25666667,24.09666667,23,40.4,23.29,46.38428571,22.56666667,43.9,15.4,758.1333333,71.5,1.833333333,40,10.1
80,10,23.5,44.4,22.46857143,43.91142857,24.365,40.6725,23.5,43.23,22.87,54.056,14.06666667,26.29333333,23,40.5,23.29,46.42,22.5,43.9,15,758.1666667,74,1.666666667,40,10.3
70,0,23.5,44.53,22.29,44.134,24.35666667,40.7,23.5,43.29,22.79,53.62142857,13.86666667,27.7,23,40.44285714,23.36142857,46.66857143,22.5,43.9,14.7,758.2,76.5,1.5,40,10.4
50,0,23.42666667,44.72333333,22.254,44.272,24.39,40.82666667,23.5,43.29,22.79,53.5,13.76333333,28.93,23,40.334,23.434,47.02,22.5,43.9,14.3,758.2333333,79,1.333333333,40,10.5
60,0,23.39,45.19,22.22571429,44.39857143,24.39,40.9,23.5,43.29,22.79,53.35142857,13.56333333,29.86333333,23,40.2225,23.5,47.42571429,22.55,44,13.9,758.2666667,81.5,1.166666667,40,10.7
40,0,23.39,45.06,22.18,44.518,24.5,41.12666667,23.5,43.29,22.79,53.214,13.36,31.19333333,23,40.16857143,23.5,47.76,22.56666667,44.12666667,13.5,758.3,84,1,40,10.8
60,10,23.39,44.93333333,22.1,44.66857143,24.5,41.26,23.42666667,43.23,22.75142857,52.99714286,13.16666667,32.8,23,40.09,23.5,48.16857143,22.5,44.26,13.4,758.3,84.33333333,1,40,10.8
50,0,23.39,44.9,22.06,44.754,24.6,41.43333333,23.39,43.2,22.736,52.754,13.06666667,34.43333333,22.98428571,40.09,23.5,48.634,22.53333333,44.32666667,13.4,758.3,84.66666667,1,40,10.8
60,0,23.39,44.9,22,44.834,24.6,41.5,23.39,43.2,22.71285714,52.58571429,13,35.49333333,22.934,40.112,23.5,48.89714286,22.53333333,44.46666667,13.4,758.3,85,1,40,10.9
60,0,23.29,44.79,22,44.99857143,24.7,41.62666667,23.39,43.2,22.7,52.5,13,36.73333333,22.92142857,40.15285714,23.5,49.138,22.53333333,44.5,13.3,758.3,85.33333333,1,40,10.9
50,0,23.29,44.79,21.934,45.112,24.7,41.76,23.39,43.2,22.7,52.39857143,13,37.86,23,40.2,23.5,49.39714286,22.53333333,44.56,13.3,758.3,85.66666667,1,40,10.9
50,0,23.29,44.79,21.89,45.24,24.73,41.79,23.39,43.2,22.7,52.26428571,13.03333333,39.3,22.90571429,40.21285714,23.5,49.67,22.53333333,44.62666667,13.2,758.3,86,1,40,10.9
50,0,23.29,44.86333333,21.81857143,45.4,24.79,41.79,23.34,43.2225,22.7,52.054,13.16,40.43333333,22.89,40.29,23.46857143,50.05285714,22.6,44.7,13.4,758.25,86.83333333,1.166666667,38.16666667,11.2
50,0,23.26,44.86333333,21.79,45.536,24.79,41.79,23.32333333,43.29,22.7,51.65428571,13.22666667,41.86333333,22.89,40.36857143,23.478,50.478,22.56666667,44.79,13.5,758.2,87.66666667,1.333333333,36.33333333,11.5
50,0,23.2,44.79,21.79,45.634,24.79,41.86333333,23.29,43.4,22.7,51.418,13.36,43.05666667,22.89,40.44,23.39,50.79285714,22.56666667,44.86333333,13.7,758.15,88.5,1.5,34.5,11.8
40,0,23.2,44.9,21.71285714,45.84,24.79,41.79,23.29,43.4,22.62857143,51.22571429,13.345,44.05,22.89,40.55142857,23.39,51.29,22.6,44.9,13.8,758.1,89.33333333,1.666666667,32.66666667,12
30,0,23.2,44.9,21.7,45.978,24.79,41.86333333,23.29,43.43333333,22.6,50.9,13.19,44.86666667,22.89,40.612,23.445,51.47666667,22.6,44.96666667,13.9,758.05,90.16666667,1.833333333,30.83333333,12.3
40,0,23.2,44.93333333,21.7,46.12142857,24.79,41.9,23.29,43.5,22.6,50.67857143,13.13,45.53333333,22.89,40.7,23.445,51.745,22.6,45,14.1,758,91,2,29,12.6
40,0,23.2,45,21.64,46.236,24.79,41.9,23.29,43.5,22.6,50.4,13.06666667,46.22666667,22.89,40.7,23.39,52.03571429,22.6,45.06,14.1,757.95,91,2.166666667,28.83333333,12.6
40,0,23.2,45.03,21.6125,46.3175,24.79,41.93333333,23.29,43.5,22.6,50.12142857,13,46.76666667,22.89,40.73857143,23.39,52.23571429,22.6,45.2,14.1,757.9,91,2.333333333,28.66666667,12.6
60,0,23.2,45.09,21.6,46.45,24.79,42,23.29,43.59,22.6,50,13,47.45666667,22.89,40.79,23.39,52.332,22.6,45.2,14.1,757.85,91,2.5,28.5,12.7
60,0,23.2,45.12666667,21.6,46.536,24.79,42.09,23.29,43.66333333,22.6,49.89857143,13,48.32333333,22.89,40.79,23.42142857,52.52571429,22.6,45.29,14.1,757.8,91,2.666666667,28.33333333,12.7
50,0,23.13333333,45.2,21.54285714,46.68428571,24.82333333,42.06666667,23.29,43.7,22.6,49.714,13.06666667,48.92666667,22.89,40.9,23.5,52.46,22.6,45.36333333,14.1,757.75,91,2.833333333,28.16666667,12.7
60,0,23.1,45.23,21.5,46.776,24.89,42.2,23.29,43.76,22.6,49.49714286,13.06666667,49.4,22.89,40.91428571,23.5,52.28571429,22.6,45.63333333,14.1,757.7,91,3,28,12.7
50,0,23.1,45.29,21.5,46.9,24.89,42.09,23.26,43.76,22.6,49.2,13.13,50.06666667,22.89,40.96,23.5,52.16,22.6,45.776,14.1,757.6166667,90.83333333,3.166666667,30,12.7
50,0,23.1,45.29,21.46333333,46.96666667,24.89,42.16333333,23.2,43.76,22.55714286,49.05428571,13.19,50.4,22.89,41,23.5,52,22.6,45.92857143,14.2,757.5333333,90.66666667,3.333333333,32,12.7
50,0,23.1,45.4,21.39,46.96666667,24.89,42.2,23.2,43.79,22.5,48.918,13.33,50.96333333,22.89,41.09,23.5,51.96,22.6,46.09,14.2,757.45,90.5,3.5,34,12.7
50,0,23.1,45.4,21.46333333,47.2,24.89,42.2,23.2,43.79,22.5,48.79,13.39,50.96333333,22.86142857,41.15285714,23.5,51.83714286,22.6,46.19714286,14.2,757.3666667,90.33333333,3.666666667,36,12.6
50,0,23,45.4,21.39,47.2,24.89,42.2,23.2,43.9,22.5,48.7,13.36,50.7,22.83,41.134,23.5,51.736,22.66,46.378,14.3,757.2833333,90.16666667,3.833333333,38,12.6
60,0,23.06666667,45.52666667,21.39,47.23,24.89,42.26,23.2,43.9,22.5,48.60571429,13.3,50.9,22.83285714,41.13714286,23.5,51.7,22.6,46.42,14.3,757.2,90,4,40,12.6
50,0,23.1,45.59,21.39,47.36333333,24.89,42.26,23.2,43.9,22.52,48.536,13.1,50.8,22.89,41.2,23.5,51.59,22.62857143,46.52571429,14.3,757.15,90.16666667,4,40,12.6
60,0,23.03333333,45.59,21.35666667,47.4,24.96333333,42.26,23.2,43.9,22.52857143,48.47142857,13.03333333,50.72666667,22.8025,41.10375,23.5,51.53857143,22.64,46.634,14.2,757.1,90.33333333,4,40,12.6
50,0,23,45.59,21.35666667,47.4,25,42.29,23.2,43.95,22.54,48.4,12.89,50.93,22.79,41.09,23.5,51.5,22.65714286,46.79285714,14.2,757.05,90.5,4,40,12.6
60,0,23,45.59,21.29,47.5,25,42.29,23.2,43.9,22.51428571,48.30571429,12.74,50.8175,22.79,41.09,23.5,51.5,22.7,46.92,14.2,757,90.66666667,4,40,12.6
60,0,22.96333333,45.7,21.29,47.5,25,42.29,23.2,43.9,22.5,48.29,12.63,50.76666667,22.79,41.09,23.5,51.4,22.65714286,46.95714286,14.1,756.95,90.83333333,4,40,12.6
40,0,22.89,45.7,21.29,47.59,25,42.29,23.2,44,22.5,48.22571429,12.5,50.96333333,22.79,41.09,23.5,51.29285714,22.7,47.134,14.1,756.9,91,4,40,12.6
50,0,22.92666667,45.79,21.29,47.59,25,42.2,23.2,44,22.5,48.2,12.42666667,51.22333333,22.79,41.13714286,23.478,51.178,22.7,47.26714286,14,756.85,91.16666667,4,38.16666667,12.6
50,0,23,45.79,21.23,47.56666667,25,42.2,23.13333333,44,22.5,48.2,12.39,51.63333333,22.79,41.09,23.46857143,51.13714286,22.7,47.42,13.9,756.8,91.33333333,4,36.33333333,12.5
40,0,22.89,45.73,21.23,47.62666667,25,42.2,23.2,44,22.5,48.18428571,12.39,51.9,22.79,41.09,23.5,51.09,22.65714286,47.45714286,13.9,756.75,91.5,4,34.5,12.4
60,0,22.96333333,45.79,21.29,47.745,25,42.2,23.1,44,22.5,48.09,12.36,51.93333333,22.79,41.2,23.5,51.02571429,22.7,47.536,13.8,756.7,91.66666667,4,32.66666667,12.4
50,0,22.89,45.82666667,21.2,47.7,25,42.23,23.1,43.93333333,22.5,48.06428571,12.3,52.19333333,22.79,41.2,23.5,51,22.7,47.73571429,13.7,756.65,91.83333333,4,30.83333333,12.4
60,0,22.89,45.9,21.2,47.76,25,42.2675,23.13333333,44,22.5,48,12.19,52.03,22.79,41.134,23.5,50.96,22.7,47.79,13.6,756.6,92,4,29,12.3
60,0,22.89,45.9,21.2,47.79,25,42.26,23.13333333,44,22.5,48,12.19,51.96333333,22.79,41.09,23.5,50.9,22.7,47.79,13.5,756.5666667,92.33333333,3.833333333,28.16666667,12.2
60,0,22.89,45.9,21.2,47.79,25,42.26,23.1,44,22.5,48,12.1,52.23,22.79,41.09,23.5,50.834,22.7,47.79,13.3,756.5333333,92.66666667,3.666666667,27.33333333,12.2
50,0,22.89,45.9,21.1,47.82666667,25.06666667,42.2,23.1,44,22.5,47.92857143,12.1,52.36333333,22.79,41.09,23.5,50.73,22.7,47.79,13.2,756.5,93,3.5,26.5,12.1
60,0,22.89,45.9,21.1,47.9,25.1,42.2,23.1,44,22.5,47.9,12.19,52.82666667,22.79,41.09,23.5,50.65285714,22.7,47.812,13.1,756.4666667,93.33333333,3.333333333,25.66666667,12
50,0,22.89,45.9,21.1,47.93333333,25.1,42.2,23.1,44,22.5,47.9,12.19,53.02666667,22.79,41.09,23.5,50.56428571,22.7,47.9,12.9,756.4333333,93.66666667,3.166666667,24.83333333,12
70,0,22.89,45.9,21.1,48,25.1,42.2,23.1,43.96666667,22.5,47.9,12.22666667,53.23,22.79,41.09,23.39,50.334,22.7,47.94,12.8,756.4,94,3,24,11.9
40,0,22.89,45.9,21.1,48.03,25.1,42.2,23.1,43.96666667,22.46857143,47.86857143,12.36,53.43,22.79,41.09,23.39,50.334,22.73857143,48.05142857,12.8,756.4,94,3.166666667,24.16666667,11.9
50,0,22.89,45.9,21.1,48.09,25.1,42.2,23.1,44,22.5,47.9,12.42666667,53.65666667,22.79,41.09,23.39,50.63857143,22.7675,48.10375,12.9,756.4,94,3.333333333,24.33333333,12
50,0,22.89,45.96666667,21,48,25.1,42.2,23.1,44,22.5,47.85285714,12.56666667,53.86333333,22.79,41.09,23.39,50.812,22.79,48.218,12.9,756.4,94,3.5,24.5,12
50,0,22.89,46,21.06666667,48.13333333,25.1,42.23,23.1,44,22.5,47.856,12.79,54.1,22.79,41.09,23.39,50.9,22.79,48.29,12.9,756.4,94,3.666666667,24.66666667,12
50,0,22.89,46,21.1,48.2,25.1,42.23,23.1,44,22.5,47.82142857,13.03333333,54.26666667,22.79,41.15285714,23.39,50.9,22.79,48.4,13,756.4,94,3.833333333,24.83333333,12.1
50,0,22.85666667,45.96666667,21.1,48.26,25.1,42.2,23.03333333,43.93333333,22.5,47.79,13.16,54.4,22.79,41.2,23.39,50.98,22.79,48.45714286,13,756.4,94,4,25,12.1
60,0,22.85666667,45.96666667,21.1,48.26,25.1,42.2,23.06666667,44,22.48428571,47.83714286,13.42666667,54.56666667,22.79,41.23857143,23.39,51,22.79,48.5,13.1,756.4166667,94,4,25,12.2
60,0,22.89,46,21.16666667,48.2,25.1,42.2,23.06666667,44.06,22.412,47.876,13.56666667,54.7,22.736,41.2,23.39,51,22.79,48.56428571,13.2,756.4333333,94,4,25,12.3
50,0,22.89,46,21.2,48.09,25.1,42.2,23,44,22.46857143,48.03857143,13.75666667,54.73,22.76428571,41.27714286,23.39,51.094,22.79,48.634,13.3,756.45,94,4,25,12.4
60,0,22.82333333,45.93333333,21.2,48.09,25.1,42.12666667,23,44.06,22.5,48.2,14.03,54.79,22.79,41.29,23.39,51.2,22.79,48.75142857,13.3,756.4666667,94,4,25,12.4
80,0,22.89,46,21.29,48.16333333,25.16666667,42.2,23.06666667,44.16333333,22.5,48.2,14.25666667,54.7,22.77714286,41.33714286,23.39,51.46166667,22.79,48.932,13.4,756.4833333,94,4,25,12.5
80,0,22.82333333,46.1,21.315,48.09,25.16666667,42.06,23,44.16333333,22.5,48.178,14.53,54.7,22.76428571,41.52857143,23.39,51.634,22.79,49.62142857,13.5,756.5,94,4,25,12.6
50,0,22.89,46.63333333,21.46333333,48.22333333,25.03333333,42,23,44.23,22.5,48.06428571,14.86666667,54.46666667,22.736,41.94,23.39,51.6725,22.79,49.94,13.7,756.4666667,93.5,4,25.16666667,12.7
50,0,23,46.96333333,21.63333333,48.29,24.89,42,23.06666667,44.36333333,22.5,47.96,15.2,54.32666667,22.75142857,42.19142857,23.39,51.51333333,22.80428571,50,13.8,756.4333333,93,4,25.33333333,12.8
60,0,23,47.22333333,21.76,48.29,24.89,42.12666667,23.06666667,44.46666667,22.5,47.95714286,15.79333333,53.62666667,22.754,42.394,23.33,51.4,22.89,49.98,14,756.4,92.5,4,25.5,12.9
50,0,23,47.495,22.06666667,48.36333333,24.89,42.26,23.06666667,44.52666667,22.5,48,16.26,51.29333333,22.79,42.62142857,23.34,51.4,22.89,49.79571429,14.2,756.3666667,92,4,25.66666667,12.9
50,0,23.1,47.86,22.4,48.29,24.79,42.23,23.06666667,44.59,22.5,48.12142857,16.83333333,48.66,22.754,42.834,23.37333333,51.55833333,22.89,49.514,14.3,756.3333333,91.5,4,25.83333333,13
80,0,23.1,48.06,23.13,47.79666667,24.79,42.43,23.06666667,44.72333333,22.412,48.334,17.36666667,45.46666667,22.73857143,43.03714286,23.39,51.554,22.89,48.93428571,14.5,756.3,91,4,26,13.1
330,10,23.1,48.45666667,23.65666667,47.19666667,24.66666667,42.96666667,23.1,45.03,22.48166667,48.695,18.23333333,38.19666667,22.79,43.156,23.39,51.4,22.89,48.494,14.7,756.3166667,90,4,26.5,13.2
280,0,23.1,48.86333333,24.23,46.46,24.46,43.69333333,23.16666667,45.16333333,22.39,48.976,18.76,31.66333333,22.79,43.22571429,23.39,51.48166667,22.89,48.19428571,15,756.3333333,89,4,27,13.2
130,0,23.06666667,49.06666667,24.49666667,45.79333333,24.29,44.46333333,23.2,45.46333333,22.434,49.214,19.26666667,28.73333333,22.79,43.334,23.39,51.832,22.956,47.9,15.2,756.35,88,4,27.5,13.3
330,0,23.06666667,49.33333333,24.89333333,45.03333333,24.29,44.59,23.26,45.79666667,22.5,49.52833333,19.93333333,26,22.79,43.4,23.46857143,52.32428571,22.89,47.88428571,15.4,756.3666667,87,4,28,13.3
100,0,23,49.32666667,25.22666667,44.29333333,24.32333333,44.29666667,23.29,46.6,22.434,49.67,20.42666667,20.49666667,22.79,43.46,23.5,52.46,22.89,47.754,15.7,756.3833333,86,4,28.5,13.4
100,0,23,49.6,25.56666667,43.53333333,24.39,44.29666667,23.29,47.27,22.46333333,49.86333333,20.82,17.4175,22.79,43.5,23.40571429,51.88285714,22.93714286,47.72571429,15.9,756.4,85,4,29,13.4
80,0,23.06666667,49.76,25.82666667,42.92666667,24.29,44.5,23.29,47.56,22.445,49.93,21.26,14.39333333,22.79,43.59,23.39,51.398,23,47.59,16.1,756.3833333,83.66666667,4.166666667,28.83333333,13.4
90,0,23,49.76,25.85666667,42.53,24.35666667,44.36,23.42666667,47.5,22.478,50.094,21.86,12.09666667,22.83285714,43.69142857,23.37,51.236,23,47.57,16.4,756.3666667,82.33333333,4.333333333,28.66666667,13.4
390,0,23,50.12666667,25.79,42.73,24.39,44.29,23.5,47.43333333,22.5,50.26,22.06666667,9.963333333,22.85,43.82,23.33285714,51.2,23,47.48,16.6,756.35,81,4.5,28.5,13.4
790,0,23,50.26,25.53,43.13333333,24.39,44.49,23.6,47.26,22.5,50.43166667,22.2,7.493333333,22.89,43.9,23.29,51.09,23,47.4625,16.9,756.3333333,79.66666667,4.666666667,28.33333333,13.3
410,0,23,50.26,25.26333333,43.6,24.46,45.39333333,23.53333333,47.2,22.5,50.5,22.26,6.826666667,22.89,43.9,23.29,51.03857143,23,47.4,17.1,756.3166667,78.33333333,4.833333333,28.16666667,13.3
270,0,22.92666667,50.26,24.96333333,44.26666667,24.79333333,46.46666667,23.53333333,47.15666667,22.5,50.5225,22.2,5.53,22.89,43.9,23.29,50.98,23,47.4,17.4,756.3,77,5,28,13.3
340,0,23,50.36333333,24.89,44.4,25.26333333,46.93333333,23.6,47.29,22.5,50.59,22.4,5.53,22.89,43.9,23.29,50.86857143,23,47.4,17.6,756.2666667,75.33333333,5.166666667,30,13.1
270,0,23,50.49,25.1,44.145,25.46333333,46.86,23.63333333,47.12666667,22.5,50.59,22.42666667,4.233333333,22.89,43.9,23.29,50.79,23,47.378,17.8,756.2333333,73.66666667,5.333333333,32,13
340,0,23,50.69333333,25.32333333,43.56333333,25.7,46.26666667,23.7,47.06666667,22.5,50.545,22.69333333,3.366666667,23,43.79,23.21285714,50.63714286,23,47.29,17.9,756.2,72,5.5,34,12.8
610,0,23,50.69333333,25.32333333,43.23,25.6725,45.7925,23.7,46.76,22.5,50.5,22.96333333,2.193333333,23,43.79,23.218,50.518,23,47.2,18.1,756.1666667,70.33333333,5.666666667,36,12.6
470,0,23.1,51,25.1,43.63333333,25.79,45.46333333,23.7,46.56666667,22.5,50.5,22.96333333,2.193333333,23,43.79,23.22571429,50.52571429,23,47.2,18.3,756.1333333,68.66666667,5.833333333,38,12.5
110,0,23.05,50.9675,25.03333333,44.23333333,25.79,44.99,23.73,46.29,22.5,50.575,23.13333333,2.16,23,43.82142857,23.2,50.5,23,47.178,18.5,756.1,67,6,40,12.3
590,0,23.1,51.62333333,25.1,44.4,25.79,44.86333333,23.79,46.62333333,22.575,50.7225,23.26,1.7,23.05,43.95,23.2,50.59285714,23,47.09,18.6,756.0333333,66.66666667,6.166666667,40,12.3
720,0,23.1,51.99,25.1,44.4,25.92666667,45.23333333,23.79,47,22.54,50.812,23.13333333,1.333333333,23.07142857,44.01,23.2,50.7,23,47.09,18.8,755.9666667,66.33333333,6.333333333,40,12.4
600,0,23.15271429,51.82585714,25.1,44.34380952,25.94147619,45.12095238,23.79,47,22.5,50.9,23,1,23.1022449,43.94735714,23.22571429,50.64285714,23.00285714,47.07028571,18.9,755.9,66,6.5,40,12.4
260,0,23.20542857,51.66171429,25.1,44.28761905,25.95628571,45.00857143,23.80205882,46.94117647,22.51911765,50.90492647,23.07352941,1,23.13306122,43.88471429,23.25142857,50.58571429,23.00571429,47.05057143,19,755.8333333,65.66666667,6.666666667,40,12.4
310,0,23.25814286,51.49757143,25.1,44.23142857,25.97109524,44.89619048,23.81411765,46.88235294,22.53823529,50.90985294,23.14705882,1,23.16387755,43.82207143,23.27714286,50.52857143,23.00857143,47.03085714,19.2,755.7666667,65.33333333,6.833333333,40,12.5
270,0,23.31085714,51.33342857,25.1,44.1752381,25.98590476,44.78380952,23.82617647,46.82352941,22.55735294,50.91477941,23.22058824,1,23.19469388,43.75942857,23.30285714,50.47142857,23.01142857,47.01114286,19.3,755.7,65,7,40,12.5
250,0,23.36357143,51.16928571,25.1,44.11904762,26.00071429,44.67142857,23.83823529,46.76470588,22.57647059,50.91970588,23.29411765,1,23.2255102,43.69678571,23.32857143,50.41428571,23.01428571,46.99142857,19.4,755.6166667,64.83333333,7,40,12.6
270,0,23.41628571,51.00514286,25.1,44.06285714,26.01552381,44.55904762,23.85029412,46.70588235,22.59558824,50.92463235,23.36764706,1,23.25632653,43.63414286,23.35428571,50.35714286,23.01714286,46.97171429,19.6,755.5333333,64.66666667,7,40,12.7
230,0,23.469,50.841,25.1,44.00666667,26.03033333,44.44666667,23.86235294,46.64705882,22.61470588,50.92955882,23.44117647,1,23.28714286,43.5715,23.38,50.3,23.02,46.952,19.7,755.45,64.5,7,40,12.8
200,0,23.52171429,50.67685714,25.1,43.95047619,26.04514286,44.33428571,23.87441176,46.58823529,22.63382353,50.93448529,23.51470588,1,23.31795918,43.50885714,23.40571429,50.24285714,23.02285714,46.93228571,19.8,755.3666667,64.33333333,7,40,12.8
150,0,23.57442857,50.51271429,25.1,43.89428571,26.05995238,44.22190476,23.88647059,46.52941176,22.65294118,50.93941176,23.58823529,1,23.34877551,43.44621429,23.43142857,50.18571429,23.02571429,46.91257143,20,755.2833333,64.16666667,7,40,12.9
80,0,23.62714286,50.34857143,25.1,43.83809524,26.0747619,44.10952381,23.89852941,46.47058824,22.67205882,50.94433824,23.66176471,1,23.37959184,43.38357143,23.45714286,50.12857143,23.02857143,46.89285714,20.1,755.2,64,7,40,13
550,10,23.67985714,50.18442857,25.1,43.78190476,26.08957143,43.99714286,23.91058824,46.41176471,22.69117647,50.94926471,23.73529412,1,23.41040816,43.32092857,23.48285714,50.07142857,23.03142857,46.87314286,20.3,755.1666667,62.83333333,7,40,12.9
620,0,23.73257143,50.02028571,25.1,43.72571429,26.10438095,43.8847619,23.92264706,46.35294118,22.71029412,50.95419118,23.80882353,1,23.44122449,43.25828571,23.50857143,50.01428571,23.03428571,46.85342857,20.6,755.1333333,61.66666667,7,40,12.9
250,0,23.78528571,49.85614286,25.1,43.66952381,26.11919048,43.77238095,23.93470588,46.29411765,22.72941176,50.95911765,23.88235294,1,23.47204082,43.19564286,23.53428571,49.95714286,23.03714286,46.83371429,20.8,755.1,60.5,7,40,12.8
300,0,23.838,49.692,25.1,43.61333333,26.134,43.66,23.94676471,46.23529412,22.74852941,50.96404412,23.95588235,1,23.50285714,43.133,23.56,49.9,23.04,46.814,21,755.0666667,59.33333333,7,40,12.7
260,0,23.89071429,49.52785714,25.1,43.55714286,26.14880952,43.54761905,23.95882353,46.17647059,22.76764706,50.96897059,24.02941176,1,23.53367347,43.07035714,23.58571429,49.84285714,23.04285714,46.79428571,21.3,755.0333333,58.16666667,7,40,12.7
220,0,23.94342857,49.36371429,25.1,43.50095238,26.16361905,43.4352381,23.97088235,46.11764706,22.78676471,50.97389706,24.10294118,1,23.5644898,43.00771429,23.61142857,49.78571429,23.04571429,46.77457143,21.5,755,57,7,40,12.6
270,10,23.99614286,49.19957143,25.1,43.4447619,26.17842857,43.32285714,23.98294118,46.05882353,22.80588235,50.97882353,24.17647059,1,23.59530612,42.94507143,23.63714286,49.72857143,23.04857143,46.75485714,21.6,754.9666667,56.83333333,7,40,12.6
220,0,24.04885714,49.03542857,25.1,43.38857143,26.1932381,43.21047619,23.995,46,22.825,50.98375,24.25,1,23.62612245,42.88242857,23.66285714,49.67142857,23.05142857,46.73514286,21.7,754.9333333,56.66666667,7,40,12.7
110,0,24.10157143,48.87128571,25.1,43.33238095,26.20804762,43.09809524,24.00705882,45.94117647,22.84411765,50.98867647,24.32352941,1,23.65693878,42.81978571,23.68857143,49.61428571,23.05428571,46.71542857,21.8,754.9,56.5,7,40,12.7
480,0,24.15428571,48.70714286,25.1,43.27619048,26.22285714,42.98571429,24.01911765,45.88235294,22.86323529,50.99360294,24.39705882,1,23.6877551,42.75714286,23.71428571,49.55714286,23.05714286,46.69571429,21.9,754.8666667,56.33333333,7,40,12.7
520,0,24.207,48.543,25.1,43.22,26.23766667,42.87333333,24.03117647,45.82352941,22.88235294,50.99852941,24.47058824,1,23.71857143,42.6945,23.74,49.5,23.06,46.676,22,754.8333333,56.16666667,7,40,12.8
380,0,24.25971429,48.37885714,25.1,43.16380952,26.25247619,42.76095238,24.04323529,45.76470588,22.90147059,51.00345588,24.54411765,1,23.74938776,42.63185714,23.76571429,49.44285714,23.06285714,46.65628571,22.1,754.8,56,7,40,12.8
550,0,24.31242857,48.21471429,25.1,43.10761905,26.26728571,42.64857143,24.05529412,45.70588235,22.92058824,51.00838235,24.61764706,1,23.78020408,42.56921429,23.79142857,49.38571429,23.06571429,46.63657143,22.2,754.7166667,55,7,40,12.6
540,0,24.36514286,48.05057143,25.1,43.05142857,26.28209524,42.53619048,24.06735294,45.64705882,22.93970588,51.01330882,24.69117647,1,23.81102041,42.50657143,23.81714286,49.32857143,23.06857143,46.61685714,22.3,754.6333333,54,7,40,12.4
340,10,24.41785714,47.88642857,25.1,42.9952381,26.29690476,42.42380952,24.07941176,45.58823529,22.95882353,51.01823529,24.76470588,1,23.84183673,42.44392857,23.84285714,49.27142857,23.07142857,46.59714286,22.4,754.55,53,7,40,12.3
220,0,24.47057143,47.72228571,25.1,42.93904762,26.31171429,42.31142857,24.09147059,45.52941176,22.97794118,51.02316176,24.83823529,1,23.87265306,42.38128571,23.86857143,49.21428571,23.07428571,46.57742857,22.5,754.4666667,52,7,40,12.1
140,0,24.52328571,47.55814286,25.1,42.88285714,26.32652381,42.19904762,24.10352941,45.47058824,22.99705882,51.02808824,24.91176471,1,23.90346939,42.31864286,23.89428571,49.15714286,23.07714286,46.55771429,22.6,754.3833333,51,7,40,11.9
110,0,24.576,47.394,25.1,42.82666667,26.34133333,42.08666667,24.11558824,45.41176471,23.01617647,51.03301471,24.98529412,1,23.93428571,42.256,23.92,49.1,23.08,46.538,22.7,754.3,50,7,40,11.7
90,0,24.62871429,47.22985714,25.1,42.77047619,26.35614286,41.97428571,24.12764706,45.35294118,23.03529412,51.03794118,25.05882353,1,23.96510204,42.19335714,23.94571429,49.04285714,23.08285714,46.51828571,22.8,754.25,49.83333333,7,40,11.7
110,10,24.68142857,47.06571429,25.1,42.71428571,26.37095238,41.86190476,24.13970588,45.29411765,23.05441176,51.04286765,25.13235294,1,23.99591837,42.13071429,23.97142857,48.98571429,23.08571429,46.49857143,22.8,754.2,49.66666667,7,40,11.8
100,0,24.73414286,46.90157143,25.1,42.65809524,26.3857619,41.74952381,24.15176471,45.23529412,23.07352941,51.04779412,25.20588235,1,24.02673469,42.06807143,23.99714286,48.92857143,23.08857143,46.47885714,22.9,754.15,49.5,7,40,11.8
90,0,24.78685714,46.73742857,25.1,42.60190476,26.40057143,41.63714286,24.16382353,45.17647059,23.09264706,51.05272059,25.27941176,1,24.05755102,42.00542857,24.02285714,48.87142857,23.09142857,46.45914286,23,754.1,49.33333333,7,40,11.8
100,0,24.83957143,46.57328571,25.1,42.54571429,26.41538095,41.5247619,24.17588235,45.11764706,23.11176471,51.05764706,25.35294118,1,24.08836735,41.94278571,24.04857143,48.81428571,23.09428571,46.43942857,23,754.05,49.16666667,7,40,11.9
120,0,24.89228571,46.40914286,25.1,42.48952381,26.43019048,41.41238095,24.18794118,45.05882353,23.13088235,51.06257353,25.42647059,1,24.11918367,41.88014286,24.07428571,48.75714286,23.09714286,46.41971429,23.1,754,49,7,40,11.9
110,0,24.945,46.245,25.1,42.43333333,26.445,41.3,24.2,45,23.15,51.0675,25.5,1,24.15,41.8175,24.1,48.7,23.1,46.4,23.1,753.9333333,49.83333333,6.833333333,40,12.1
90,0,24.89,46.4,25.08288288,42.53834835,26.39,41.4,24.1954955,45.04225225,23.14504505,51.10103604,25.43099099,1.461666667,24.14414414,41.86328829,24.1,48.7,23.1,46.4,23,753.8666667,50.66666667,6.666666667,40,12.3
80,0,24.88545455,46.46990909,25.06576577,42.64336336,26.40009091,41.45545455,24.19099099,45.0845045,23.14009009,51.13457207,25.36198198,1.923333333,24.13828829,41.90907658,24.10718182,48.75727273,23.10172727,46.44545455,22.9,753.8,51.5,6.5,40,12.4
90,10,24.88090909,46.53981818,25.04864865,42.74837838,26.41018182,41.51090909,24.18648649,45.12675676,23.13513514,51.16810811,25.29297297,2.385,24.13243243,41.95486486,24.11436364,48.81454545,23.10345455,46.49090909,22.9,753.7333333,52.33333333,6.333333333,40,12.6
80,0,24.87636364,46.60972727,25.03153153,42.85339339,26.42027273,41.56636364,24.18198198,45.16900901,23.13018018,51.20164414,25.22396396,2.846666667,24.12657658,42.00065315,24.12154545,48.87181818,23.10518182,46.53636364,22.9,753.6666667,53.16666667,6.166666667,40,12.8
150,0,24.87181818,46.67963636,25.01441441,42.95840841,26.43036364,41.62181818,24.17747748,45.21126126,23.12522523,51.23518018,25.15495495,3.308333333,24.12072072,42.04644144,24.12872727,48.92909091,23.10690909,46.58181818,22.8,753.6,54,6,40,13
130,0,24.86727273,46.74954545,24.9972973,43.06342342,26.44045455,41.67727273,24.17297297,45.25351351,23.12027027,51.26871622,25.08594595,3.77,24.11486486,42.09222973,24.13590909,48.98636364,23.10863636,46.62727273,22.7,753.55,54.33333333,6.166666667,40,13
120,10,24.86272727,46.81945455,24.98018018,43.16843844,26.45054545,41.73272727,24.16846847,45.29576577,23.11531532,51.30225225,25.01693694,4.231666667,24.10900901,42.13801802,24.14309091,49.04363636,23.11036364,46.67272727,22.6,753.5,54.66666667,6.333333333,40,13
120,0,24.85818182,46.88936364,24.96306306,43.27345345,26.46063636,41.78818182,24.16396396,45.33801802,23.11036036,51.33578829,24.94792793,4.693333333,24.10315315,42.18380631,24.15027273,49.10090909,23.11209091,46.71818182,22.4,753.45,55,6.5,40,13
120,0,24.85363636,46.95927273,24.94594595,43.37846847,26.47072727,41.84363636,24.15945946,45.38027027,23.10540541,51.36932432,24.87891892,5.155,24.0972973,42.22959459,24.15745455,49.15818182,23.11381818,46.76363636,22.3,753.4,55.33333333,6.666666667,40,13
110,10,24.84909091,47.02918182,24.92882883,43.48348348,26.48081818,41.89909091,24.15495495,45.42252252,23.10045045,51.40286036,24.80990991,5.616666667,24.09144144,42.27538288,24.16463636,49.21545455,23.11554545,46.80909091,22.2,753.35,55.66666667,6.833333333,40,13
110,10,24.84454545,47.09909091,24.91171171,43.5884985,26.49090909,41.95454545,24.15045045,45.46477477,23.0954955,51.4363964,24.7409009,6.078333333,24.08558559,42.32117117,24.17181818,49.27272727,23.11727273,46.85454545,22.1,753.3,56,7,40,13
110,10,24.84,47.169,24.89459459,43.69351351,26.501,42.01,24.14594595,45.50702703,23.09054054,51.46993243,24.67189189,6.54,24.07972973,42.36695946,24.179,49.33,23.119,46.9,21.9,753.2166667,57.16666667,6.5,40,13.1
110,10,24.83545455,47.23890909,24.87747748,43.79852853,26.51109091,42.06545455,24.14144144,45.54927928,23.08558559,51.50346847,24.60288288,7.001666667,24.07387387,42.41274775,24.18618182,49.38727273,23.12072727,46.94545455,21.6,753.1333333,58.33333333,6,40,13.1
110,10,24.83090909,47.30881818,24.86036036,43.90354354,26.52118182,42.12090909,24.13693694,45.59153153,23.08063063,51.5370045,24.53387387,7.463333333,24.06801802,42.45853604,24.19336364,49.44454545,23.12245455,46.99090909,21.4,753.05,59.5,5.5,40,13.2
110,10,24.82636364,47.37872727,24.84324324,44.00855856,26.53127273,42.17636364,24.13243243,45.63378378,23.07567568,51.57054054,24.46486486,7.925,24.06216216,42.50432432,24.20054545,49.50181818,23.12418182,47.03636364,21.2,752.9666667,60.66666667,5,40,13.3
100,10,24.82181818,47.44863636,24.82612613,44.11357357,26.54136364,42.23181818,24.12792793,45.67603604,23.07072072,51.60407658,24.39585586,8.386666667,24.05630631,42.55011261,24.20772727,49.55909091,23.12590909,47.08181818,20.9,752.8833333,61.83333333,4.5,40,13.3
110,10,24.81727273,47.51854545,24.80900901,44.21858859,26.55145455,42.28727273,24.12342342,45.71828829,23.06576577,51.63761261,24.32684685,8.848333333,24.05045045,42.5959009,24.21490909,49.61636364,23.12763636,47.12727273,20.7,752.8,63,4,40,13.4
100,20,24.81272727,47.58845455,24.79189189,44.3236036,26.56154545,42.34272727,24.11891892,45.76054054,23.06081081,51.67114865,24.25783784,9.31,24.04459459,42.64168919,24.22209091,49.67363636,23.12936364,47.17272727,20.4,752.85,65.16666667,3.666666667,40,13.6
100,10,24.80818182,47.65836364,24.77477477,44.42861862,26.57163636,42.39818182,24.11441441,45.80279279,23.05585586,51.70468468,24.18882883,9.771666667,24.03873874,42.68747748,24.22927273,49.73090909,23.13109091,47.21818182,20.1,752.9,67.33333333,3.333333333,40,13.7
100,0,24.80363636,47.72827273,24.75765766,44.53363363,26.58172727,42.45363636,24.10990991,45.84504505,23.0509009,51.73822072,24.11981982,10.23333333,24.03288288,42.73326577,24.23645455,49.78818182,23.13281818,47.26363636,19.8,752.95,69.5,3,40,13.9
70,10,24.79909091,47.79818182,24.74054054,44.63864865,26.59181818,42.50909091,24.10540541,45.8872973,23.04594595,51.77175676,24.05081081,10.695,24.02702703,42.77905405,24.24363636,49.84545455,23.13454545,47.30909091,19.4,753,71.66666667,2.666666667,40,14.1
90,10,24.79454545,47.86809091,24.72342342,44.74366366,26.60190909,42.56454545,24.1009009,45.92954955,23.04099099,51.80529279,23.9818018,11.15666667,24.02117117,42.82484234,24.25081818,49.90272727,23.13627273,47.35454545,19.1,753.05,73.83333333,2.333333333,40,14.2
100,10,24.79,47.938,24.70630631,44.84867868,26.612,42.62,24.0963964,45.9718018,23.03603604,51.83882883,23.91279279,11.61833333,24.01531532,42.87063063,24.258,49.96,23.138,47.4,18.8,753.1,76,2,40,14.4
110,10,24.78545455,48.00790909,24.68918919,44.95369369,26.62209091,42.67545455,24.09189189,46.01405405,23.03108108,51.87236486,23.84378378,12.08,24.00945946,42.91641892,24.26518182,50.01727273,23.13972727,47.44545455,18.8,753.05,75.33333333,2,40,14.3
340,0,24.78090909,48.07781818,24.67207207,45.05870871,26.63218182,42.73090909,24.08738739,46.05630631,23.02612613,51.9059009,23.77477477,12.54166667,24.0036036,42.96220721,24.27236364,50.07454545,23.14145455,47.49090909,18.8,753,74.66666667,2,40,14.2
90,0,24.77636364,48.14772727,24.65495495,45.16372372,26.64227273,42.78636364,24.08288288,46.09855856,23.02117117,51.93943694,23.70576577,13.00333333,23.99774775,43.0079955,24.27954545,50.13181818,23.14318182,47.53636364,18.9,752.95,74,2,40,14.1
90,0,24.77181818,48.21763636,24.63783784,45.26873874,26.65236364,42.84181818,24.07837838,46.14081081,23.01621622,51.97297297,23.63675676,13.465,23.99189189,43.05378378,24.28672727,50.18909091,23.14490909,47.58181818,18.9,752.9,73.33333333,2,40,14
80,0,24.76727273,48.28754545,24.62072072,45.37375375,26.66245455,42.89727273,24.07387387,46.18306306,23.01126126,52.00650901,23.56774775,13.92666667,23.98603604,43.09957207,24.29390909,50.24636364,23.14663636,47.62727273,18.9,752.85,72.66666667,2,40,13.9
90,0,24.76272727,48.35745455,24.6036036,45.47876877,26.67254545,42.95272727,24.06936937,46.22531532,23.00630631,52.04004505,23.49873874,14.38833333,23.98018018,43.14536036,24.30109091,50.30363636,23.14836364,47.67272727,18.9,752.8,72,2,40,13.8
60,0,24.75818182,48.42736364,24.58648649,45.58378378,26.68263636,43.00818182,24.06486486,46.26756757,23.00135135,52.07358108,23.42972973,14.85,23.97432432,43.19114865,24.30827273,50.36090909,23.15009091,47.71818182,18.9,752.6833333,72.33333333,2.166666667,40,13.9
80,0,24.75363636,48.49727273,24.56936937,45.6887988,26.69272727,43.06363636,24.06036036,46.30981982,22.9963964,52.10711712,23.36072072,15.31166667,23.96846847,43.23693694,24.31545455,50.41818182,23.15181818,47.76363636,18.9,752.5666667,72.66666667,2.333333333,40,13.9
70,0,24.74909091,48.56718182,24.55225225,45.79381381,26.70281818,43.11909091,24.05585586,46.35207207,22.99144144,52.14065315,23.29171171,15.77333333,23.96261261,43.28272523,24.32263636,50.47545455,23.15354545,47.80909091,18.9,752.45,73,2.5,40,13.9
70,0,24.74454545,48.63709091,24.53513514,45.89882883,26.71290909,43.17454545,24.05135135,46.39432432,22.98648649,52.17418919,23.2227027,16.235,23.95675676,43.32851351,24.32981818,50.53272727,23.15527273,47.85454545,18.9,752.3333333,73.33333333,2.666666667,40,14
70,0,24.74,48.707,24.51801802,46.00384384,26.723,43.23,24.04684685,46.43657658,22.98153153,52.20772523,23.15369369,16.69666667,23.9509009,43.3743018,24.337,50.59,23.157,47.9,18.9,752.2166667,73.66666667,2.833333333,40,14.1
70,0,24.73545455,48.77690909,24.5009009,46.10885886,26.73309091,43.28545455,24.04234234,46.47882883,22.97657658,52.24126126,23.08468468,17.15833333,23.94504505,43.42009009,24.34418182,50.64727273,23.15872727,47.94545455,18.9,752.1,74,3,40,14.1
160,0,24.73090909,48.84681818,24.48378378,46.21387387,26.74318182,43.34090909,24.03783784,46.52108108,22.97162162,52.2747973,23.01567568,17.62,23.93918919,43.46587838,24.35136364,50.70454545,23.16045455,47.99090909,18.8,752.0833333,74.83333333,2.833333333,40,14.1
410,0,24.72636364,48.91672727,24.46666667,46.31888889,26.75327273,43.39636364,24.03333333,46.56333333,22.96666667,52.30833333,22.94666667,18.08166667,23.93333333,43.51166667,24.35854545,50.76181818,23.16218182,48.03636364,18.6,752.0666667,75.66666667,2.666666667,40,14.2
140,0,24.72181818,48.98663636,24.44954955,46.4239039,26.76336364,43.45181818,24.02882883,46.60558559,22.96171171,52.34186937,22.87765766,18.54333333,23.92747748,43.55745495,24.36572727,50.81909091,23.16390909,48.08181818,18.4,752.05,76.5,2.5,40,14.2
60,0,24.71727273,49.05654545,24.43243243,46.52891892,26.77345455,43.50727273,24.02432432,46.64783784,22.95675676,52.37540541,22.80864865,19.005,23.92162162,43.60324324,24.37290909,50.87636364,23.16563636,48.12727273,18.3,752.0333333,77.33333333,2.333333333,40,14.2
50,0,24.71272727,49.12645455,24.41531532,46.63393393,26.78354545,43.56272727,24.01981982,46.69009009,22.9518018,52.40894144,22.73963964,19.46666667,23.91576577,43.64903153,24.38009091,50.93363636,23.16736364,48.17272727,18.1,752.0166667,78.16666667,2.166666667,40,14.3
60,0,24.70818182,49.19636364,24.3981982,46.73894895,26.79363636,43.61818182,24.01531532,46.73234234,22.94684685,52.44247748,22.67063063,19.92833333,23.90990991,43.69481982,24.38727273,50.99090909,23.16909091,48.21818182,18,752,79,2,40,14.3
60,0,24.70363636,49.26627273,24.38108108,46.84396396,26.80372727,43.67363636,24.01081081,46.77459459,22.94189189,52.47601351,22.60162162,20.39,23.90405405,43.74060811,24.39445455,51.04818182,23.17081818,48.26363636,17.9,751.8833333,79.83333333,2,40,14.3
60,0,24.69909091,49.33618182,24.36396396,46.94897898,26.81381818,43.72909091,24.00630631,46.81684685,22.93693694,52.50954955,22.53261261,20.85166667,23.8981982,43.7863964,24.40163636,51.10545455,23.17254545,48.30909091,17.7,751.7666667,80.66666667,2,40,14.4
60,0,24.69454545,49.40609091,24.34684685,47.05399399,26.82390909,43.78454545,24.0018018,46.8590991,22.93198198,52.54308559,22.4636036,21.31333333,23.89234234,43.83218468,24.40881818,51.16272727,23.17427273,48.35454545,17.6,751.65,81.5,2,40,14.4
60,0,24.69,49.476,24.32972973,47.15900901,26.834,43.84,23.9972973,46.90135135,22.92702703,52.57662162,22.39459459,21.775,23.88648649,43.87797297,24.416,51.22,23.176,48.4,17.5,751.5333333,82.33333333,2,40,14.4
60,0,24.68545455,49.54590909,24.31261261,47.26402402,26.84409091,43.89545455,23.99279279,46.9436036,22.92207207,52.61015766,22.32558559,22.23666667,23.88063063,43.92376126,24.42318182,51.27727273,23.17772727,48.44545455,17.3,751.4166667,83.16666667,2,40,14.5
50,0,24.68090909,49.61581818,24.2954955,47.36903904,26.85418182,43.95090909,23.98828829,46.98585586,22.91711712,52.64369369,22.25657658,22.69833333,23.87477477,43.96954955,24.43036364,51.33454545,23.17945455,48.49090909,17.2,751.3,84,2,40,14.5
60,0,24.67636364,49.68572727,24.27837838,47.47405405,26.86427273,44.00636364,23.98378378,47.02810811,22.91216216,52.67722973,22.18756757,23.16,23.86891892,44.01533784,24.43754545,51.39181818,23.18118182,48.53636364,17.3,751.1833333,82.83333333,2.166666667,40,14.4
60,0,24.67181818,49.75563636,24.26126126,47.57906907,26.87436364,44.06181818,23.97927928,47.07036036,22.90720721,52.71076577,22.11855856,23.62166667,23.86306306,44.06112613,24.44472727,51.44909091,23.18290909,48.58181818,17.4,751.0666667,81.66666667,2.333333333,40,14.2
50,0,24.66727273,49.82554545,24.24414414,47.68408408,26.88445455,44.11727273,23.97477477,47.11261261,22.90225225,52.7443018,22.04954955,24.08333333,23.85720721,44.10691441,24.45190909,51.50636364,23.18463636,48.62727273,17.5,750.95,80.5,2.5,40,14.1
60,0,24.66272727,49.89545455,24.22702703,47.7890991,26.89454545,44.17272727,23.97027027,47.15486486,22.8972973,52.77783784,21.98054054,24.545,23.85135135,44.1527027,24.45909091,51.56363636,23.18636364,48.67272727,17.6,750.8333333,79.33333333,2.666666667,40,14
60,0,24.65818182,49.96536364,24.20990991,47.89411411,26.90463636,44.22818182,23.96576577,47.19711712,22.89234234,52.81137387,21.91153153,25.00666667,23.8454955,44.19849099,24.46627273,51.62090909,23.18809091,48.71818182,17.7,750.7166667,78.16666667,2.833333333,40,13.8
50,0,24.65363636,50.03527273,24.19279279,47.99912913,26.91472727,44.28363636,23.96126126,47.23936937,22.88738739,52.84490991,21.84252252,25.46833333,23.83963964,44.24427928,24.47345455,51.67818182,23.18981818,48.76363636,17.8,750.6,77,3,40,13.7
50,0,24.64909091,50.10518182,24.17567568,48.10414414,26.92481818,44.33909091,23.95675676,47.28162162,22.88243243,52.87844595,21.77351351,25.93,23.83378378,44.29006757,24.48063636,51.73545455,23.19154545,48.80909091,17.8,750.5333333,77,2.833333333,40,13.7
50,0,24.64454545,50.17509091,24.15855856,48.20915916,26.93490909,44.39454545,23.95225225,47.32387387,22.87747748,52.91198198,21.7045045,26.39166667,23.82792793,44.33585586,24.48781818,51.79272727,23.19327273,48.85454545,17.7,750.4666667,77,2.666666667,40,13.6
50,0,24.64,50.245,24.14144144,48.31417417,26.945,44.45,23.94774775,47.36612613,22.87252252,52.94551802,21.6354955,26.85333333,23.82207207,44.38164414,24.495,51.85,23.195,48.9,17.7,750.4,77,2.5,40,13.6
50,0,24.63545455,50.31490909,24.12432432,48.41918919,26.95509091,44.50545455,23.94324324,47.40837838,22.86756757,52.97905405,21.56648649,27.315,23.81621622,44.42743243,24.50218182,51.90727273,23.19672727,48.94545455,17.7,750.3333333,77,2.333333333,40,13.5
60,0,24.63090909,50.38481818,24.10720721,48.5242042,26.96518182,44.56090909,23.93873874,47.45063063,22.86261261,53.01259009,21.49747748,27.77666667,23.81036036,44.47322072,24.50936364,51.96454545,23.19845455,48.99090909,17.6,750.2666667,77,2.166666667,40,13.4
50,0,24.62636364,50.45472727,24.09009009,48.62921922,26.97527273,44.61636364,23.93423423,47.49288288,22.85765766,53.04612613,21.42846847,28.23833333,23.8045045,44.51900901,24.51654545,52.02181818,23.20018182,49.03636364,17.6,750.2,77,2,40,13.4
50,0,24.62181818,50.52463636,24.07297297,48.73423423,26.98536364,44.67181818,23.92972973,47.53513514,22.8527027,53.07966216,21.35945946,28.7,23.79864865,44.5647973,24.52372727,52.07909091,23.20190909,49.08181818,17.5,750.0166667,77.66666667,1.833333333,40,13.4
60,0,24.61727273,50.59454545,24.05585586,48.83924925,26.99545455,44.72727273,23.92522523,47.57738739,22.84774775,53.1131982,21.29045045,29.16166667,23.79279279,44.61058559,24.53090909,52.13636364,23.20363636,49.12727273,17.3,749.8333333,78.33333333,1.666666667,40,13.4
50,0,24.61272727,50.66445455,24.03873874,48.94426426,27.00554545,44.78272727,23.92072072,47.61963964,22.84279279,53.14673423,21.22144144,29.62333333,23.78693694,44.65637387,24.53809091,52.19363636,23.20536364,49.17272727,17.2,749.65,79,1.5,40,13.4
60,0,24.60818182,50.73436364,24.02162162,49.04927928,27.01563636,44.83818182,23.91621622,47.66189189,22.83783784,53.18027027,21.15243243,30.085,23.78108108,44.70216216,24.54527273,52.25090909,23.20709091,49.21818182,17.1,749.4666667,79.66666667,1.333333333,40,13.4
50,0,24.60363636,50.80427273,24.0045045,49.15429429,27.02572727,44.89363636,23.91171171,47.70414414,22.83288288,53.21380631,21.08342342,30.54666667,23.77522523,44.74795045,24.55245455,52.30818182,23.20881818,49.26363636,16.9,749.2833333,80.33333333,1.166666667,40,13.4
60,0,24.59909091,50.87418182,23.98738739,49.25930931,27.03581818,44.94909091,23.90720721,47.7463964,22.82792793,53.24734234,21.01441441,31.00833333,23.76936937,44.79373874,24.55963636,52.36545455,23.21054545,49.30909091,16.8,749.1,81,1,40,13.4
50,0,24.59454545,50.94409091,23.97027027,49.36432432,27.04590909,45.00454545,23.9027027,47.78864865,22.82297297,53.28087838,20.94540541,31.47,23.76351351,44.83952703,24.56681818,52.42272727,23.21227273,49.35454545,16.4,749.25,83,1.5,40,13.4
60,0,24.59,51.014,23.95315315,49.46933934,27.056,45.06,23.8981982,47.8309009,22.81801802,53.31441441,20.8763964,31.93166667,23.75765766,44.88531532,24.574,52.48,23.214,49.4,16.1,749.4,85,2,40,13.4
50,0,24.58545455,51.08390909,23.93603604,49.57435435,27.06609091,45.11545455,23.89369369,47.87315315,22.81306306,53.34795045,20.80738739,32.39333333,23.7518018,44.9311036,24.58118182,52.53727273,23.21572727,49.44545455,15.8,749.55,87,2.5,40,13.4
60,0,24.58090909,51.15381818,23.91891892,49.67936937,27.07618182,45.17090909,23.88918919,47.91540541,22.80810811,53.38148649,20.73837838,32.855,23.74594595,44.97689189,24.58836364,52.59454545,23.21745455,49.49090909,15.4,749.7,89,3,40,13.5
50,0,24.57636364,51.22372727,23.9018018,49.78438438,27.08627273,45.22636364,23.88468468,47.95765766,22.80315315,53.41502252,20.66936937,33.31666667,23.74009009,45.02268018,24.59554545,52.65181818,23.21918182,49.53636364,15.1,749.85,91,3.5,40,13.5
60,0,24.57181818,51.29363636,23.88468468,49.8893994,27.09636364,45.28181818,23.88018018,47.99990991,22.7981982,53.44855856,20.60036036,33.77833333,23.73423423,45.06846847,24.60272727,52.70909091,23.22090909,49.58181818,14.7,750,93,4,40,13.5
50,0,24.56727273,51.36354545,23.86756757,49.99441441,27.10645455,45.33727273,23.87567568,48.04216216,22.79324324,53.48209459,20.53135135,34.24,23.72837838,45.11425676,24.60990909,52.76636364,23.22263636,49.62727273,14.6,749.8333333,93.83333333,3.5,37.66666667,13.6
50,0,24.56272727,51.43345455,23.85045045,50.09942943,27.11654545,45.39272727,23.87117117,48.08441441,22.78828829,53.51563063,20.46234234,34.70166667,23.72252252,45.16004505,24.61709091,52.82363636,23.22436364,49.67272727,14.5,749.6666667,94.66666667,3,35.33333333,13.6
40,0,24.55818182,51.50336364,23.83333333,50.20444444,27.12663636,45.44818182,23.86666667,48.12666667,22.78333333,53.54916667,20.39333333,35.16333333,23.71666667,45.20583333,24.62427273,52.88090909,23.22609091,49.71818182,14.4,749.5,95.5,2.5,33,13.7
50,0,24.55363636,51.57327273,23.81621622,50.30945946,27.13672727,45.50363636,23.86216216,48.16891892,22.77837838,53.5827027,20.32432432,35.625,23.71081081,45.25162162,24.63145455,52.93818182,23.22781818,49.76363636,14.3,749.3333333,96.33333333,2,30.66666667,13.7
50,0,24.54909091,51.64318182,23.7990991,50.41447447,27.14681818,45.55909091,23.85765766,48.21117117,22.77342342,53.61623874,20.25531532,36.08666667,23.70495495,45.29740991,24.63863636,52.99545455,23.22954545,49.80909091,14.2,749.1666667,97.16666667,1.5,28.33333333,13.8
50,0,24.54454545,51.71309091,23.78198198,50.51948949,27.15690909,45.61454545,23.85315315,48.25342342,22.76846847,53.64977477,20.18630631,36.54833333,23.6990991,45.3431982,24.64581818,53.05272727,23.23127273,49.85454545,14.1,749,98,1,26,13.8
50,0,24.54,51.783,23.76486486,50.6245045,27.167,45.67,23.84864865,48.29567568,22.76351351,53.68331081,20.1172973,37.01,23.69324324,45.38898649,24.653,53.11,23.233,49.9,14.2,749.1666667,97.83333333,1.333333333,25.83333333,13.9
60,0,24.53545455,51.85290909,23.74774775,50.72951952,27.17709091,45.72545455,23.84414414,48.33792793,22.75855856,53.71684685,20.04828829,37.47166667,23.68738739,45.43477477,24.66018182,53.16727273,23.23472727,49.94545455,14.3,749.3333333,97.66666667,1.666666667,25.66666667,13.9
70,0,24.53090909,51.92281818,23.73063063,50.83453453,27.18718182,45.78090909,23.83963964,48.38018018,22.7536036,53.75038288,19.97927928,37.93333333,23.68153153,45.48056306,24.66736364,53.22454545,23.23645455,49.99090909,14.4,749.5,97.5,2,25.5,13.9
60,0,24.52636364,51.99272727,23.71351351,50.93954955,27.19727273,45.83636364,23.83513514,48.42243243,22.74864865,53.78391892,19.91027027,38.395,23.67567568,45.52635135,24.67454545,53.28181818,23.23818182,50.03636364,14.4,749.6666667,97.33333333,2.333333333,25.33333333,14
60,0,24.52181818,52.06263636,23.6963964,51.04456456,27.20736364,45.89181818,23.83063063,48.46468468,22.74369369,53.81745495,19.84126126,38.85666667,23.66981982,45.57213964,24.68172727,53.33909091,23.23990909,50.08181818,14.5,749.8333333,97.16666667,2.666666667,25.16666667,14.1
60,0,24.51727273,52.13254545,23.67927928,51.14957958,27.21745455,45.94727273,23.82612613,48.50693694,22.73873874,53.85099099,19.77225225,39.31833333,23.66396396,45.61792793,24.68890909,53.39636364,23.24163636,50.12727273,14.6,750,97,3,25,14.1
60,0,24.51272727,52.20245455,23.66216216,51.25459459,27.22754545,46.00272727,23.82162162,48.54918919,22.73378378,53.88452703,19.70324324,39.78,23.65810811,45.66371622,24.69609091,53.45363636,23.24336364,50.17272727,14.7,750.0166667,96.83333333,3.166666667,27.5,14.2
60,0,24.50818182,52.27236364,23.64504505,51.35960961,27.23763636,46.05818182,23.81711712,48.59144144,22.72882883,53.91806306,19.63423423,40.24166667,23.65225225,45.7095045,24.70327273,53.51090909,23.24509091,50.21818182,14.8,750.0333333,96.66666667,3.333333333,30,14.2
70,0,24.50363636,52.34227273,23.62792793,51.46462462,27.24772727,46.11363636,23.81261261,48.63369369,22.72387387,53.9515991,19.56522523,40.70333333,23.6463964,45.75529279,24.71045455,53.56818182,23.24681818,50.26363636,14.9,750.05,96.5,3.5,32.5,14.3
70,0,24.49909091,52.41218182,23.61081081,51.56963964,27.25781818,46.16909091,23.80810811,48.67594595,22.71891892,53.98513514,19.49621622,41.165,23.64054054,45.80108108,24.71763636,53.62545455,23.24854545,50.30909091,14.9,750.0666667,96.33333333,3.666666667,35,14.3
60,0,24.49454545,52.48209091,23.59369369,51.67465465,27.26790909,46.22454545,23.8036036,48.7181982,22.71396396,54.01867117,19.42720721,41.62666667,23.63468468,45.84686937,24.72481818,53.68272727,23.25027273,50.35454545,15,750.0833333,96.16666667,3.833333333,37.5,14.4
60,10,24.49,52.552,23.57657658,51.77966967,27.278,46.28,23.7990991,48.76045045,22.70900901,54.05220721,19.3581982,42.08833333,23.62882883,45.89265766,24.732,53.74,23.252,50.4,15.1,750.1,96,4,40,14.4
50,0,24.48545455,52.62190909,23.55945946,51.88468468,27.28809091,46.33545455,23.79459459,48.8027027,22.70405405,54.08574324,19.28918919,42.55,23.62297297,45.93844595,24.73918182,53.79727273,23.25372727,50.44545455,15.1,750.1166667,95.5,3.833333333,40,14.4
60,0,24.48090909,52.69181818,23.54234234,51.9896997,27.29818182,46.39090909,23.79009009,48.84495495,22.6990991,54.11927928,19.22018018,43.01166667,23.61711712,45.98423423,24.74636364,53.85454545,23.25545455,50.49090909,15.2,750.1333333,95,3.666666667,40,14.3
220,0,24.47636364,52.76172727,23.52522523,52.09471471,27.30827273,46.44636364,23.78558559,48.88720721,22.69414414,54.15281532,19.15117117,43.47333333,23.61126126,46.03002252,24.75354545,53.91181818,23.25718182,50.53636364,15.2,750.15,94.5,3.5,40,14.3
490,0,24.47181818,52.83163636,23.50810811,52.19972973,27.31836364,46.50181818,23.78108108,48.92945946,22.68918919,54.18635135,19.08216216,43.935,23.60540541,46.07581081,24.76072727,53.96909091,23.25890909,50.58181818,15.2,750.1666667,94,3.333333333,40,14.3
260,0,24.46727273,52.90154545,23.49099099,52.30474474,27.32845455,46.55727273,23.77657658,48.97171171,22.68423423,54.21988739,19.01315315,44.39666667,23.59954955,46.1215991,24.76790909,54.02636364,23.26063636,50.62727273,15.3,750.1833333,93.5,3.166666667,40,14.2
120,0,24.46272727,52.97145455,23.47387387,52.40975976,27.33854545,46.61272727,23.77207207,49.01396396,22.67927928,54.25342342,18.94414414,44.85833333,23.59369369,46.16738739,24.77509091,54.08363636,23.26236364,50.67272727,15.3,750.2,93,3,40,14.2
120,0,24.45818182,53.04136364,23.45675676,52.51477477,27.34863636,46.66818182,23.76756757,49.05621622,22.67432432,54.28695946,18.87513514,45.32,23.58783784,46.21317568,24.78227273,54.14090909,23.26409091,50.71818182,15.4,750.2666667,93,3.166666667,40,14.3
100,0,24.45363636,53.11127273,23.43963964,52.61978979,27.35872727,46.72363636,23.76306306,49.09846847,22.66936937,54.3204955,18.80612613,45.78166667,23.58198198,46.25896396,24.78945455,54.19818182,23.26581818,50.76363636,15.5,750.3333333,93,3.333333333,40,14.4
130,0,24.44909091,53.18118182,23.42252252,52.7248048,27.36881818,46.77909091,23.75855856,49.14072072,22.66441441,54.35403153,18.73711712,46.24333333,23.57612613,46.30475225,24.79663636,54.25545455,23.26754545,50.80909091,15.7,750.4,93,3.5,40,14.5
100,0,24.44454545,53.25109091,23.40540541,52.82981982,27.37890909,46.83454545,23.75405405,49.18297297,22.65945946,54.38756757,18.66810811,46.705,23.57027027,46.35054054,24.80381818,54.31272727,23.26927273,50.85454545,15.8,750.4666667,93,3.666666667,40,14.6
110,0,24.44,53.321,23.38828829,52.93483483,27.389,46.89,23.74954955,49.22522523,22.6545045,54.4211036,18.5990991,47.16666667,23.56441441,46.39632883,24.811,54.37,23.271,50.9,15.9,750.5333333,93,3.833333333,40,14.7
80,0,24.43545455,53.39090909,23.37117117,53.03984985,27.39909091,46.94545455,23.74504505,49.26747748,22.64954955,54.45463964,18.53009009,47.62833333,23.55855856,46.44211712,24.81818182,54.42727273,23.27272727,50.94545455,16,750.6,93,4,40,14.8
90,0,24.43090909,53.46081818,23.35405405,53.14486486,27.40918182,47.00090909,23.74054054,49.30972973,22.64459459,54.48817568,18.46108108,48.09,23.5527027,46.48790541,24.82536364,54.48454545,23.27445455,50.99090909,16,750.6333333,93.16666667,3.833333333,40,14.8
80,0,24.42636364,53.53072727,23.33693694,53.24987988,27.41927273,47.05636364,23.73603604,49.35198198,22.63963964,54.52171171,18.39207207,48.55166667,23.54684685,46.53369369,24.83254545,54.54181818,23.27618182,51.03636364,15.9,750.6666667,93.33333333,3.666666667,40,14.8
150,0,24.42181818,53.60063636,23.31981982,53.35489489,27.42936364,47.11181818,23.73153153,49.39423423,22.63468468,54.55524775,18.32306306,49.01333333,23.54099099,46.57948198,24.83972727,54.59909091,23.27790909,51.08181818,15.9,750.7,93.5,3.5,40,14.8
490,0,24.41727273,53.67054545,23.3027027,53.45990991,27.43945455,47.16727273,23.72702703,49.43648649,22.62972973,54.58878378,18.25405405,49.475,23.53513514,46.62527027,24.84690909,54.65636364,23.27963636,51.12727273,15.9,750.7333333,93.66666667,3.333333333,40,14.8
320,0,24.41272727,53.74045455,23.28558559,53.56492492,27.44954545,47.22272727,23.72252252,49.47873874,22.62477477,54.62231982,18.18504505,49.93666667,23.52927928,46.67105856,24.85409091,54.71363636,23.28136364,51.17272727,15.8,750.7666667,93.83333333,3.166666667,40,14.8
360,0,24.40818182,53.81036364,23.26846847,53.66993994,27.45963636,47.27818182,23.71801802,49.52099099,22.61981982,54.65585586,18.11603604,50.39833333,23.52342342,46.71684685,24.86127273,54.77090909,23.28309091,51.21818182,15.8,750.8,94,3,40,14.8
470,0,24.40363636,53.88027273,23.25135135,53.77495495,27.46972727,47.33363636,23.71351351,49.56324324,22.61486486,54.68939189,18.04702703,50.86,23.51756757,46.76263514,24.86845455,54.82818182,23.28481818,51.26363636,15.8,750.7666667,93.5,3.333333333,38.16666667,14.8
410,0,24.39909091,53.95018182,23.23423423,53.87996997,27.47981818,47.38909091,23.70900901,49.6054955,22.60990991,54.72292793,17.97801802,51.32166667,23.51171171,46.80842342,24.87563636,54.88545455,23.28654545,51.30909091,15.9,750.7333333,93,3.666666667,36.33333333,14.7
290,0,24.39454545,54.02009091,23.21711712,53.98498498,27.48990909,47.44454545,23.7045045,49.64774775,22.60495495,54.75646396,17.90900901,51.78333333,23.50585586,46.85421171,24.88281818,54.94272727,23.28827273,51.35454545,15.9,750.7,92.5,4,34.5,14.7
280,0,24.39,54.09,23.2,54.09,27.5,47.5,23.7,49.69,22.6,54.79,17.84,52.245,23.5,46.9,24.89,55,23.29,51.4,15.9,750.6666667,92,4.333333333,32.66666667,14.7
250,0,24.42666667,53.79666667,23.26,54.09,27.66333333,47.56,23.7,49.86333333,22.62857143,54.89714286,17.89,51.79333333,23.5,46.92857143,24.96857143,54.89714286,23.29,51.4,16,750.6333333,91.5,4.666666667,30.83333333,14.6
190,0,24.5,53.66333333,23.32333333,53.83333333,27.85666667,47.43333333,23.79,49.76,22.64,55.036,17.85666667,50.95666667,23.5,47.09,25,54.7,23.29,51.4,16,750.6,91,5,29,14.6
130,0,24.5,53.36333333,23.32333333,53.62666667,28.03333333,47.69333333,23.73,49.7,22.7,55.09,17.79,50.76333333,23.5,47.15285714,25.04285714,54.55428571,23.29,51.4,16,750.6,91,4.666666667,29,14.6
110,0,24.42666667,53.15666667,23.39,53.4,28.1,47.22666667,23.79,49.59,22.7,55.072,18.13,51.46333333,23.5,47.218,25.1,54.5,23.29,51.4,15.9,750.6,91,4.333333333,29,14.5
110,0,24.42666667,52.86333333,23.46333333,53.2,27.96333333,46.49666667,23.79,49.59,22.7,55,18.53,50.92333333,23.5,47.29,25.11428571,54.48571429,23.29,51.4,15.9,750.6,91,4,29,14.5
120,0,24.5,53.73,23.6,52.9,27.89,45.96333333,23.79,49.62666667,22.7,54.9,18.92666667,48.32666667,23.5,47.4,25.15714286,54.36857143,23.29,51.4,15.9,750.6,91,3.666666667,29,14.5
100,0,24.53333333,54.66666667,23.66666667,52.76,27.72666667,45.66333333,23.79,49.83333333,22.7,54.9,19.06666667,46.66,23.54285714,47.4,25.2,54.156,23.29,51.5,15.8,750.6,91,3.333333333,29,14.4
100,0,24.6,53.86666667,23.7,52.93333333,27.53333333,45.59,23.79,50.03,22.7,54.92,19.23,46.22333333,23.5,47.46,25.21285714,54.09,23.29,51.44285714,15.8,750.6,91,3,29,14.4
100,0,24.6,53.33333333,23.7,52.875,27.26,45.46666667,23.85666667,50.22333333,22.7,55,19.49666667,45.16333333,23.54285714,47.5,25.236,53.954,23.29,51.4,15.9,750.55,90.66666667,3,30.83333333,14.4
110,0,24.66666667,53.12666667,23.76,52.62666667,27.13333333,45.46666667,23.92666667,50.4,22.736,55,19.73,42.6,23.6,47.5,25.2,53.56428571,23.29,51.41142857,16,750.5,90.33333333,3,32.66666667,14.4
110,0,24.7,52.83333333,23.79,52.46666667,26.96333333,45.3,24,50.26666667,22.79,55.07714286,19.93,41.52666667,23.6,47.5,25.29,53.4,23.29,50.96,16.1,750.45,90,3,34.5,14.4
100,0,24.7,52.62666667,23.79,52.26666667,26.82333333,44.96666667,24,50.06,22.79,55.09,20.06666667,40.9,23.6,47.554,25.29,53.38428571,23.29,50.75428571,16.1,750.4,89.66666667,3,36.33333333,14.4
100,0,24.7,52.46666667,23.89,52.26,26.76,45.2,24,49.86,22.79,55.09,19.86,39.43333333,23.6,47.59,25.29,53.272,23.29,50.634,16.2,750.35,89.33333333,3,38.16666667,14.4
110,0,24.7,52.4,23.96333333,52.06666667,26.625,45.2225,24,49.76,22.79,55.054,19.73,39.15666667,23.6,47.5,25.31857143,53.16857143,23.33285714,50.52571429,16.3,750.3,89,3,40,14.4
110,0,24.7,52.545,23.96333333,52,26.6,45.29,24,49.62666667,22.79,55,19.79,38.82333333,23.6,47.5,25.39,53.054,23.29,50.634,16.4,750.2833333,88.33333333,3,40,14.4
110,0,24.7,52.7,23.89,51.93333333,26.7,45.2,24,49.56,22.79,54.98,19.49666667,38.56,23.6,47.5,25.39,53.03857143,23.31857143,50.76714286,16.5,750.2666667,87.66666667,3,40,14.4
110,0,24.7,52.56666667,23.89,51.9,26.7,45.12666667,24,49.43333333,22.79,54.86857143,19.09666667,39.02666667,23.6,47.5,25.456,53.054,23.33,50.9,16.6,750.25,87,3,40,14.4
100,0,24.66666667,52.33333333,23.82333333,51.82666667,26.7,45.09,24,49.36333333,22.79,54.79,18.745,39.995,23.6,47.5,25.46857143,53.05142857,23.29,50.97142857,16.7,750.2333333,86.33333333,3,40,14.4
100,0,24.6,52.12666667,23.82333333,51.79,26.76,45.09,24,49.29,22.79,54.73857143,18.66333333,40.29666667,23.6,47.5,25.39,53,23.29,51,16.8,750.2166667,85.66666667,3,40,14.4
90,0,24.63333333,52.4,23.89,51.73,26.76,45.03,24,49.49,22.815,54.7225,19.12333333,41.49666667,23.6,47.5,25.39,52.94285714,23.29,51.07714286,16.9,750.2,85,3,40,14.4
100,0,24.7,52.26666667,24,51.43,26.63333333,45.16333333,24,49.76666667,22.85,54.754,19.73,39.06666667,23.6,47.5,25.39,52.9,23.29,51.09,16.8,750.2,85.83333333,3,37.83333333,14.4
100,0,24.7,52.16333333,24.06666667,51.29,26.56666667,45.23,24,49.96666667,22.89,54.76428571,19.85666667,37.86666667,23.6,47.52571429,25.39,52.9,23.29,51.09,16.7,750.2,86.66666667,3,35.66666667,14.5
110,0,24.7,52.16333333,24.06666667,51.16333333,26.5,45.29,24.1,50.03,22.89,54.7,20.13333333,36.02666667,23.6,47.59,25.5,52.79,23.29,50.754,16.6,750.2,87.5,3,33.5,14.5
90,0,24.63333333,52.2,24,51.16333333,26.39,45.4,24.1,50.16333333,22.89,54.7,20.2,33.89333333,23.67142857,47.68428571,25.5,52.75142857,23.30428571,50.62428571,16.4,750.2,88.33333333,3,31.33333333,14.5
90,0,24.7,52.2,24.03333333,51.23,26.39,45.46666667,24.13333333,50.06,22.89,54.7,20.63,30.92666667,23.62,47.718,25.52,52.812,23.33,50.576,16.3,750.2,89.16666667,3,29.16666667,14.6
90,0,24.7,52.16333333,24.1,51.23,26.39,45.59,24.2,49.93333333,22.92142857,54.62142857,21.03,28.2,23.7,47.79,25.6,52.97142857,23.29,50.76428571,16.2,750.2,90,3,27,14.6
80,0,24.7,52.09,24.23,51.2,26.32333333,45.59,24.2,49.79,22.89,54.59,21.2,25.5,23.7,47.79,25.64,53.236,23.35,50.94,16.3,750.2,90,2.833333333,29.16666667,14.6
100,0,24.7,52.09,24.29,51.12666667,26.29,45.59,24.2,49.79,22.90571429,54.59,20.99333333,24.56666667,23.7,47.88428571,25.7,53.45428571,23.29,51.05625,16.3,750.2,90,2.666666667,31.33333333,14.7
90,0,24.7,52.09,24.29,51.045,26.29,45.66333333,24.2,49.76666667,22.956,54.59,20.79,26.42666667,23.7,47.96,25.718,53.63,23.29,51.10571429,16.4,750.2,90,2.5,33.5,14.7
90,0,24.7,51.96666667,24.2,50.9,26.2,45.62666667,24.2,49.96666667,23,54.59,20.73,27.03333333,23.7,48,25.79,53.82142857,23.29,51.218,16.4,750.2,90,2.333333333,35.66666667,14.7
80,0,24.7,51.9,24.2,50.9,26.13333333,45.7,24.2,50.03,22.934,54.59,20.49666667,27.26333333,23.7,48.09,25.79,54,23.29,51.29,16.4,750.2,90,2.166666667,37.83333333,14.8
210,0,24.7,51.9,24.2,50.79,26.1,45.7,24.2,50.09,23,54.57714286,20.09666667,27.26333333,23.7,48.09,25.87571429,53.85142857,23.35,51.4,16.5,750.2,90,2,40,14.8
440,0,24.7,51.9,24.13333333,50.79,26.1,45.83333333,24.2,49.96666667,23,54.5,19.63333333,29.35666667,23.7,48.112,25.89,53.6675,23.29,51.32428571,16.4,750.1666667,90.66666667,2,37.5,14.8
340,0,24.7,51.96333333,24.1,50.93333333,26.1,45.79,24.2,49.96666667,23,54.5,19.36,31.16333333,23.7,48.26428571,25.89,53.516,23.29,51.276,16.3,750.1333333,91.33333333,2,35,14.8
240,0,24.7225,52.1925,24.1,51.06,26.1,45.745,24.23,50.3,23,54.44,19.22666667,32.5,23.7,48.29,25.89,53.4,23.29,51.4,16.1,750.1,92,2,32.5,14.8
200,0,24.79,52.63333333,24,51.45666667,26.1,45.79,24.29,50.63333333,23,54.5,18.96,33.16666667,23.7,48.29,26,53.754,23.29,51.536,16,750.0666667,92.66666667,2,30,14.8
160,0,24.82333333,52.65666667,24,52.12333333,26.2,45.82666667,24.29,50.62666667,23,54.56714286,18.43,34.16666667,23.7,48.29,25.95285714,53.19142857,23.33285714,51.51285714,15.9,750.0333333,93.33333333,2,27.5,14.8
130,0,24.89,52.93,24,52.89,26.2,45.9,24.29,50.76,23,54.718,18.07,35.2,23.7,48.26428571,25.956,52.836,23.29,51.5,15.8,750,94,2,25,14.8
110,0,24.89,53.15666667,24,53.09,26.29,45.9,24.29,50.745,23,54.876,17.52333333,35.56666667,23.7,48.09,25.92142857,52.61428571,23.29,51.47142857,15.9,749.9833333,94,2,25.16666667,14.9
120,0,24.89,53.36333333,23.96333333,53.02666667,26.29,45.96666667,24.29,50.66333333,23.04,55.036,17.16666667,36.49666667,23.7,47.95571429,26,53.236,23.29,51.356,15.9,749.9666667,94,2,25.33333333,14.9
110,0,24.89,53.16333333,23.89,52.82666667,26.29,46,24.29,50.53,23.05,55.045,17.03333333,37.29666667,23.7,47.834,26.01428571,53.49285714,23.29,51.23857143,15.9,749.95,94,2,25.5,14.9
120,0,24.89,53.03,23.89,52.59,26.29,46.06,24.29,50.4,23,55,16.89,38.02666667,23.7,47.72571429,26.1,53.652,23.29,51.178,16,749.9333333,94,2,25.66666667,15
130,10,24.89,52.63333333,23.82333333,52.46333333,26.29,46.06,24.29,50.4,23,54.856,16.76333333,38.89333333,23.7,47.59,26.1,53.9,23.29,51.09,16.1,749.9166667,94,2,25.83333333,15.1
110,0,24.89,52.43333333,23.79,52.22333333,26.29,46,24.29,50.26,23,54.79,16.46666667,38.89666667,23.7,47.52428571,26.1,53.754,23.254,51.054,16.1,749.9,94,2,26,15.1
110,0,24.89,52.29,23.73,52.03,26.29,46,24.29,50.12666667,23,54.7675,15.46,38.43,23.7,47.13111111,26.1,53.28142857,23.2,50.69625,16,749.9166667,94,2,28.33333333,15
110,0,24.89,52.23,23.66666667,51.69333333,26.23,45.93333333,24.29,49.83333333,23.07142857,55.16857143,14.46333333,43.2,23.7,46.73888889,26.08,53.018,23.2,50.356,15.8,749.9333333,94,2,30.66666667,14.9
90,0,24.89,51.9,23.6,51.36,26.16666667,45.86333333,24.29,49.7,23.1,55.59,14.06333333,46.73333333,23.68,46.378,26,53.26428571,23.2,50.12285714,15.7,749.95,94,2,33,14.8
80,0,24.89,51.56666667,23.56666667,51.59,26.1,45.86333333,24.29,49.46666667,23.1,55.59,13.62666667,48.25666667,23.64285714,46.03571429,26,53.12,23.2,49.794,15.6,749.9666667,94,2,35.33333333,14.6
80,0,24.96333333,51.36333333,23.5,51.5675,26,45.9,24.23,49.19333333,23.1,55.3725,13.36666667,49.05666667,23.7,45.754,25.95285714,52.57,23.12857143,49.46571429,15.4,749.9833333,94,2,37.66666667,14.5
90,0,24.89,51.23,23.5,51.43333333,26,45.9,24.2,48.86333333,23.1,55.11,13.16,50.9,23.65,45.4125,25.934,52.194,23.06,49.014,15.3,750,94,2,40,14.4
120,0,24.89,50.96666667,23.39,51.2,25.89,45.5,24.2,48.65666667,23.1,54.69666667,13.03333333,52.42666667,23.61111111,45.16333333,25.89,51.69428571,23.08571429,48.82428571,14.9,750.0666667,94.33333333,2.666666667,36.83333333,14.1
120,0,24.89,50.82666667,23.39,51.12666667,25.82333333,45.5,24.2,48.46666667,23.1,54.4,12.76333333,53.03,23.6,45,25.89,51.254,23.08,48.596,14.5,750.1333333,94.66666667,3.333333333,33.66666667,13.7
130,0,24.89,50.59,23.35666667,51.06,25.79,45.46666667,24.2,48.32666667,23.1,54.11166667,12.63,53.03,23.6,44.754,25.89,50.82857143,23,48.29571429,14.2,750.2,95,4,30.5,13.4
120,10,24.96333333,50.39,23.29,51,25.79,45.4,24.2,48.16333333,23.1,53.88,12.46333333,52.96666667,23.6,44.54,25.89,50.516,23,48.054,13.8,750.2666667,95.33333333,4.666666667,27.33333333,13
120,0,24.945,50.09,23.26,50.83333333,25.79,45.345,24.2,48.03166667,23.1,53.616,12.33,52.9,23.6,44.4,25.92142857,50.40714286,22.9725,47.82125,13.4,750.3333333,95.66666667,5.333333333,24.16666667,12.7
90,0,24.89,50.12666667,23.2,50.7,25.82333333,45.16333333,24.2,47.9,23.08333333,53.415,12.26333333,52.86333333,23.6,44.25428571,26.04,50.356,22.89,47.71285714,13,750.4,96,6,21,12.3
100,10,24.89,50.2,23.16666667,50.66333333,25.82333333,45.03,24.16666667,47.86333333,23,53.29,12.1225,52.695,23.6,44.116,26.1,50.19714286,22.912,47.876,12.9,750.55,95.66666667,6,27.83333333,12.1
100,0,24.89,50.06,23.1,50.59,25.89,44.93333333,24.1,47.73,23.01428571,53.22571429,12.03333333,52.46333333,23.6,44,26.1,50.13,22.96857143,48,12.8,750.7,95.33333333,6,34.66666667,12
90,0,24.89,49.93333333,23.06666667,50.56,25.89,44.93333333,24.1,47.59,23.08,53.272,11.96333333,52.4,23.6,43.9,26.17142857,50.36857143,23,48.2,12.7,750.85,95,6,41.5,11.8
80,0,24.89,49.86333333,23,50.5,25.89,44.79,24.03333333,47.4,23,53.12666667,11.89,52.32666667,23.6,43.83714286,26.2,50.254,23.01428571,48.45714286,12.5,751,94.66666667,6,48.33333333,11.6
70,0,24.82333333,49.73,22.89,50.59,25.89,44.73,24.01428571,47.22857143,23,53.09,11.8,52.2,23.6,43.73,26.27714286,49.92142857,23.06,48.674,12.4,751.15,94.33333333,6,55.16666667,11.5
80,0,24.85666667,49.66333333,22.89,50.59,25.89,44.66333333,24,47.16333333,23,53.09,11.72666667,52.26,23.6,43.59,26.29,49.5725,23.05714286,48.82142857,12.3,751.3,94,6,62,11.3
60,0,24.79,49.53,22.79,50.59,25.89,44.59,24,47.03,23,53.03,11.66,52.26,23.6,43.49857143,26.29,49.44,23.1,49,12.2,751.35,94.33333333,5.833333333,55.5,11.3
80,0,24.79,49.4,22.73,50.59,25.89,44.59,24,47,23,53,11.6,52.2,23.6,43.378,26.25142857,49.36857143,23.1,49.07714286,12.1,751.4,94.66666667,5.666666667,49,11.2
100,0,24.79,49.32666667,22.7,50.59,25.89,44.66333333,24,46.93333333,23,52.94,11.56666667,52.29,23.6,43.29,26.29,49.29,23.1,49.09,12.1,751.45,95,5.5,42.5,11.2
80,0,24.76,49.2,22.63333333,50.59,25.92666667,44.89666667,24,46.9,23,52.86857143,11.5,52.36333333,23.6,43.29,26.25142857,49.23857143,23.1,49.12142857,12,751.5,95.33333333,5.333333333,36,11.2
70,0,24.7,49.12666667,22.6,50.59,26,45.29,24,46.82666667,23,52.79,11.5,52.36333333,23.6,43.2225,26.254,49.178,23.1,49.2,11.9,751.55,95.66666667,5.166666667,29.5,11.1
60,0,24.7,49,22.6,50.59,26,45.29,23.92666667,46.76,23,52.754,11.5,52.36333333,23.6,43.116,26.25142857,49.22571429,23.1,49.25142857,11.8,751.6,96,5,23,11.1
60,0,24.7,48.93333333,22.5,50.59,26.06666667,45.29,23.92666667,46.7,23,52.66333333,11.5,52.5,23.6,42.97142857,26.2,49.736,23.1,49.312,11.8,751.6333333,96,4.833333333,29.66666667,11.1
60,0,24.66666667,48.83333333,22.5,50.59,26.1,45.29,23.89,46.66333333,23,52.572,11.5,52.5,23.6,42.9,26.2,49.96333333,23.12857143,49.4,11.7,751.6666667,96,4.666666667,36.33333333,11
60,0,24.6,48.7,22.42666667,50.53,26.1,45.29,23.89,46.59,23,52.5,11.5,52.59,23.6,42.83125,26.13333333,50.09,23.2,49.4,11.7,751.7,96,4.5,43,11
60,0,24.6,48.59,22.39,50.56,26.1,45.29,23.89,46.5,23,52.46666667,11.5,52.59,23.6,42.77714286,26.06666667,50.2,23.2,49.41428571,11.7,751.7333333,96,4.333333333,49.66666667,11
60,0,24.6,48.59,22.39,50.56,26.16666667,45.23,23.82333333,46.43333333,23,52.4,11.5,52.59,23.6,42.7,26,50.2,23.2,49.5,11.6,751.7666667,96,4.166666667,56.33333333,10.9
60,0,24.6,48.5,22.35666667,50.59,26.2,45.2,23.79,46.36333333,23,52.36333333,11.5,52.59,23.55714286,42.66857143,25.96333333,49.89333333,23.2,49.5,11.6,751.8,96,4,63,10.9
60,0,24.53333333,48.5,22.29,50.59,26.2,45.145,23.79,46.29,22.92666667,52.29,11.5,52.645,23.56,42.59,25.89,49.56,23.2,49.5,11.6,751.8833333,96.16666667,4,61.66666667,10.9
60,0,24.5,48.5,22.29,50.59,26.2,45.12666667,23.79,46.29,23,52.2,11.39,52.59,23.52857143,42.53857143,25.79,49.93333333,23.2,49.5,11.5,751.9666667,96.33333333,4,60.33333333,10.9
60,0,24.5,48.4,22.29,50.59,26.29,45.09,23.79,46.29,23,52.2,11.33,52.59,23.52,42.5,25.79,50.06,23.2,49.5,11.4,752.05,96.5,4,59,10.9
60,0,24.5,48.32666667,22.2,50.4,26.29,45.03,23.79,46.2,23,52.16333333,11.3,52.59,23.57142857,42.47142857,25.79,50.26666667,23.2,49.5,11.4,752.1333333,96.66666667,4,57.66666667,10.8
50,0,24.46333333,48.22333333,22.2,50.46666667,26.29,45,23.79,46.12666667,23,52.09,11.22666667,52.53,23.6,42.4,25.73,50.4,23.2,49.5,11.4,752.2166667,96.83333333,4,56.33333333,10.8
50,0,24.39,48.09,22.16666667,50.4,26.29,45,23.745,46.09,23,52.06,11.19,52.56,23.55714286,42.33714286,25.7,50.5,23.2,49.51285714,11.3,752.3,97,4,55,10.8
50,0,24.39,48.09,22.1,50.4,26.29,44.9,23.76,46.06,23,52,11.13,52.5,23.5,42.272,25.7,50.43333333,23.2,49.545,11.3,752.3333333,96.83333333,4,56,10.7
50,0,24.39,48.09,22.1,50.4,26.29,44.9,23.7,46,22.92666667,51.96666667,11.06666667,52.56,23.57142857,42.2,25.66666667,50.43333333,23.2,49.5,11.2,752.3666667,96.66666667,4,57,10.7
50,0,24.39,48.09,22.1,50.4,26.29,44.9,23.7,45.96666667,23,51.9,11,52.56,23.5,42.09,25.6,50.76666667,23.2,49.53857143,11.2,752.4,96.5,4,58,10.6
50,0,24.39,48.03,22.06666667,50.36333333,26.23,44.9,23.7,45.9,22.96333333,51.86333333,11,52.53,23.5,42.03857143,25.6,50.9,23.2,49.536,11.2,752.4333333,96.33333333,4,59,10.5
60,0,24.35666667,47.96666667,22,50.29,26.26,44.79,23.7,45.9,22.96333333,51.79,10.92666667,52.59,23.5,42,25.6,50.8725,23.2,49.59,11.1,752.4666667,96.16666667,4,60,10.5
50,0,24.29,47.96666667,22,50.26,26.26,44.79,23.7,45.9,22.89,51.76,10.89,52.59,23.5,41.92857143,25.6,50.79,23.218,49.612,11.1,752.5,96,4,61,10.4
60,0,24.29,47.9,22,50.2,26.26,44.76,23.7,45.79,22.89,51.7,10.89,52.59,23.5,41.9,25.5,50.76,23.25142857,49.7,11.1,752.5666667,95.66666667,4,61.16666667,10.4
60,0,24.29,47.82666667,21.96333333,50.2,26.26,44.76,23.7,45.79,22.89,51.66333333,10.89,52.59,23.5,41.9,25.5,50.62666667,23.29,49.754,11.1,752.6333333,95.33333333,4,61.33333333,10.3
60,0,24.2,47.7,21.89,50.2,26.29,44.7,23.6,45.59,22.89,51.59,10.89,52.59,23.5,41.834,25.39,50.43,23.29,49.75142857,11.1,752.7,95,4,61.5,10.3
60,0,24.2,47.62666667,21.89,50.2,26.29,44.7,23.66666667,45.66333333,22.89,51.5,10.8,52.5,23.5,41.79,25.39,50.23,23.29,49.79,11.1,752.7666667,94.66666667,4,61.66666667,10.3
60,0,24.2,47.66333333,21.89,50.16333333,26.29,44.66333333,23.6,45.56,22.89,51.5,10.8,52.5,23.5,41.7,25.39,50.02666667,23.29,49.75142857,11.1,752.8333333,94.33333333,4,61.83333333,10.2
50,0,24.2,47.66333333,21.89,50.09,26.29,44.59,23.6,45.5,22.89,51.5,10.8,52.5,23.5,41.7,25.39,49.82666667,23.236,49.634,11.1,752.9,94,4,62,10.2
60,0,24.2,47.59,21.79,50,26.29,44.56,23.6,45.5,22.89,51.4,10.745,52.5,23.5,41.678,25.35666667,49.79,23.29,49.7,11.1,752.8833333,94.16666667,3.833333333,61.83333333,10.2
50,0,24.13333333,47.59,21.79,50,26.29,44.56,23.6,45.5,22.89,51.32666667,10.8,52.5,23.5,41.59,25.29,49.79,23.29,49.736,11,752.8666667,94.33333333,3.666666667,61.66666667,10.2
50,0,24.1,47.59,21.79,50,26.29,44.5,23.6,45.5,22.96333333,51.29,10.8,52.46666667,23.5,41.59,25.29,49.7,23.29,49.73857143,11,752.85,94.5,3.5,61.5,10.2
50,0,24.1,47.59,21.79,50,26.29,44.5,23.6,45.43333333,22.89,51.29,10.8,52.46666667,23.5,41.51285714,25.29,49.62666667,23.29,49.79,11,752.8333333,94.66666667,3.333333333,61.33333333,10.2
50,0,24.1,47.59,21.76,49.96666667,26.29,44.5,23.6,45.4,22.89,51.2,10.8,52.5,23.5,41.5,25.2,49.52666667,23.29,49.79,10.9,752.8166667,94.83333333,3.166666667,61.16666667,10.2
50,0,24.1,47.59,21.7,49.9,26.29,44.5,23.6,45.4,22.89,51.2,10.8,52.5,23.5,41.5,25.2,49.4,23.29,49.79,10.9,752.8,95,3,61,10.2
50,0,24.1,47.59,21.7,49.9,26.29,44.5,23.6,45.36333333,22.89,51.09,10.76333333,52.5,23.45285714,41.41,25.2,49.26,23.29,49.86857143,10.9,752.9,95,3,60.33333333,10.2
40,0,24,47.5,21.7,49.9,26.26,44.4,23.575,45.29,22.89,51.09,10.76333333,52.5,23.5,41.4,25.2,49.2,23.29,49.9,10.9,753,95,3,59.66666667,10.2
50,0,24,47.5,21.7,49.9,26.2,44.4,23.5,45.29,22.89,51,10.8,52.5,23.45285714,41.35285714,25.16666667,49.2,23.29,49.9,10.9,753.1,95,3,59,10.2
50,0,24,47.5,21.7,49.9,26.2,44.4,23.5,45.29,22.89,51,10.72666667,52.5,23.456,41.334,25.1,49.26,23.29,49.92,10.9,753.2,95,3,58.33333333,10.2
60,0,23.92666667,47.43333333,21.7,49.82666667,26.2,44.4,23.5,45.29,22.89,50.9,10.8,52.5,23.5,41.33714286,25.1,49.29,23.29,49.95714286,10.9,753.3,95,3,57.66666667,10.2
90,0,23.89,47.46666667,21.7,49.9,26.2,44.32666667,23.5,45.26,22.89,50.9,10.8,52.5,23.456,41.254,25.1,49.29,23.29,49.96,10.9,753.4,95,3,57,10.2
60,0,23.89,47.66,21.66666667,49.86,26.2,44.32666667,23.5,45.26,22.89,50.9,10.72666667,52.5,23.40571429,41.21285714,25.1,49.2,23.29,49.98571429,10.9,753.4333333,95,3,56.83333333,10.2
70,0,23.92666667,47.96666667,21.6,50.19333333,26.1,44.02666667,23.5,45.2225,22.89,50.9,10.8,52.43333333,23.434,41.236,25.075,49.1725,23.29,50,10.9,753.4666667,95,3,56.66666667,10.2
70,10,24,47.82666667,21.6,50.5,26.03333333,43.69333333,23.5,45.29,22.89,50.69333333,10.89,52.5,23.43714286,41.2,25.06666667,49.09,23.29,50.095,10.9,753.5,95,3,56.5,10.2
50,0,24,47.79,21.6,50.5,26,43.36333333,23.5,45.4,22.89,50.43333333,10.96333333,52.43333333,23.39,41.134,25,49.09,23.29,50.14714286,10.9,753.5333333,95,3,56.33333333,10.2
60,0,24,47.79,21.6,50.59,25.92666667,43.03,23.5,45.46666667,22.96333333,50.32666667,11.03333333,52.43333333,23.39,41.16857143,25,49.16333333,23.33,50.356,10.9,753.5666667,95,3,56.16666667,10.2
60,0,23.96333333,47.82666667,21.63333333,50.65666667,25.79,43,23.42666667,45.43333333,22.89,50.52666667,11.16,52.56,23.39,41.156,25,49.46333333,23.30428571,50.21285714,10.9,753.6,95,3,56,10.2
60,0,23.96333333,47.9,21.63333333,50.73,25.73,43,23.5,45.5,23,50.645,11.345,52.645,23.39,41.12142857,25,49.53,23.29,50.134,10.9,753.6666667,95.16666667,2.833333333,54.33333333,10.3
50,10,24,47.76,21.66666667,50.7,25.7,43,23.39,45.43333333,22.89,50.73,11.39,52.73,23.39,41.2,24.96333333,49.26,23.29,50.09,11,753.7333333,95.33333333,2.666666667,52.66666667,10.3
80,0,24,47.7,21.6,50.7,25.7,43,23.39,45.5,22.89,50.79,11.46333333,52.79,23.39,41.10571429,24.89,49.06666667,23.29,50.2,11,753.8,95.5,2.5,51,10.4
50,0,24,47.62666667,21.7,50.79,25.7,43,23.5,45.73,22.89,50.79,11.5,52.9,23.39,41.134,24.89,48.86333333,23.29,50.2,11,753.8666667,95.66666667,2.333333333,49.33333333,10.4
60,0,24,47.76,21.7,50.86333333,25.63333333,42.93333333,23.42666667,45.79,22.89,50.86333333,11.56666667,52.9,23.39,41.09,24.89,48.65666667,23.29,50.134,11.1,753.9333333,95.83333333,2.166666667,47.66666667,10.4
60,0,24,47.79,21.7,50.9,25.6,42.79,23.5,46,22.89,50.9,11.63,52.93333333,23.39,41.156,24.85666667,48.43,23.29,50.02571429,11.1,754,96,2,46,10.5
50,0,24,47.79,21.7,50.9,25.6,42.7,23.42666667,45.93333333,22.89,50.9,11.76333333,53,23.39,41.18428571,24.79,48.23,23.29,49.9,11.2,754.1,96,2,46.16666667,10.6
70,0,24,47.79,21.7,50.9,25.6,42.7,23.5,46,22.89,50.79,12.03333333,53.12666667,23.39,41.156,24.79,48.06,23.29,49.79285714,11.2,754.2,96,2,46.33333333,10.6
50,0,24.1,47.9,21.7,50.82666667,25.6,42.7,23.4725,45.975,22.89,50.79,12.16,53.2,23.39,41.15285714,24.79,47.93333333,23.272,49.66,11.3,754.3,96,2,46.5,10.7
60,0,24.1,47.9,21.79,50.79,25.53333333,42.7,23.46333333,45.9,22.89,50.79,12.39,53.29,23.39,41.156,24.79,47.83333333,23.2,49.47142857,11.4,754.4,96,2,46.66666667,10.7
50,10,24.1,47.9,21.73,50.79,25.56666667,42.7,23.39,45.79,22.89,50.79,12.33,53.36333333,23.39,41.16857143,24.79,47.7,23.2,49.29,11.4,754.5,96,2,46.83333333,10.8
50,0,24.03333333,47.82666667,21.79,50.79,25.5,42.7,23.39,45.79,22.89,50.79,12.19,53.4,23.39,41.156,24.7,47.66333333,23.23,49.245,11.5,754.6,96,2,47,10.8
50,0,24.1,47.86333333,21.79,50.79,25.5,42.7,23.39,45.79,22.89,50.79,12.19,53.4,23.39,41.2,24.7,47.59,23.2,49.06,11.6,754.65,95.33333333,2,49.33333333,10.8
50,0,24.1,47.79,21.79,50.79,25.5,42.7,23.39,45.73,22.89,50.73,12.19,53.29,23.39,41.2,24.66666667,47.46666667,23.2,49,11.6,754.7,94.66666667,2,51.66666667,10.8
50,0,24.1,47.82666667,21.79,50.79,25.39,42.79,23.39,45.7,22.89,50.73,12.13,53.29,23.39,41.2,24.6,47.4,23.2,48.8725,11.7,754.75,94,2,54,10.8
60,0,24.1,47.82666667,21.79,50.79,25.39,42.79,23.39,45.7,22.89,50.7,11.93333333,53.16333333,23.39,41.2,24.6,47.29,23.2,48.79,11.8,754.8,93.33333333,2,56.33333333,10.7
50,0,24.1,47.86333333,21.79,50.73,25.39,42.79,23.39,45.66333333,22.89,50.7,11.66666667,52.96333333,23.39,41.2,24.6,47.29,23.2,48.66333333,11.8,754.85,92.66666667,2,58.66666667,10.7
60,0,24.1,47.79,21.79,50.7,25.39,42.73,23.39,45.59,22.89,50.7,11.3,52.79,23.39,41.2,24.53333333,47.23,23.2,48.59,11.9,754.9,92,2,61,10.7
50,0,24.1,47.79,21.8925,50.595,25.39,42.59,23.39,45.56,22.89,50.62666667,11.4975,52.7675,23.39,41.09,24.5,47.09,23.2,48.46666667,12,754.95,90.66666667,2,57.5,10.6
60,10,24.1,47.79,21.92666667,50.36,25.39,42.59,23.39,45.5,22.89,50.59,11.89666667,52.7,23.39,41.03,24.5,47.03,23.13333333,48.32666667,12.1,755,89.33333333,2,54,10.4
50,0,24.1,47.7,22,50.26,25.39,42.59,23.39,45.4,22.89,50.59,12.29333333,52.82666667,23.39,41,24.5,46.96666667,23.2,48.145,12.2,755.05,88,2,50.5,10.3
60,0,24.1,47.7,22.06666667,50.2,25.39,42.59,23.39,45.4,22.89,50.545,12.83333333,52.9,23.39,40.93333333,24.5,46.9,23.1,48.06,12.3,755.1,86.66666667,2,47,10.2
50,0,24.1,47.7,22.16333333,49.96666667,25.39,42.59,23.35666667,45.4,22.89,50.5,13.49,53.36666667,23.39,40.9,24.46333333,46.86333333,23.16666667,47.93333333,12.4,755.15,85.33333333,2,43.5,10
50,0,24.1,47.7,22.29,49.76666667,25.39,42.59,23.35666667,45.4,22.89,50.43333333,13.76333333,53.9,23.39,40.9,24.39,46.79,23.1,47.66333333,12.5,755.2,84,2,40,9.9
50,0,24.1,47.7,22.39,49.46666667,25.39,42.59,23.39,45.4,22.89,50.4,14.16666667,54.33,23.39,40.9,24.39,46.79,23.16666667,47.53,12.6,755.2833333,84,2.166666667,40,9.97
40,0,24.1,47.7,22.46333333,49.32666667,25.39,42.66333333,23.39,45.4,22.89,50.4,14.7,54.59,23.39,40.9,24.39,46.79,23.16666667,47.46666667,12.7,755.3666667,84,2.333333333,40,10
60,0,24.1,47.7,22.6,49.06,25.34,42.7,23.39,45.29,22.89,50.29,14.89666667,52.96333333,23.39,41,24.39,46.9,23.1,47.4,12.8,755.45,84,2.5,40,10.1
50,0,24.1,47.73,22.53333333,49,25.39,42.7,23.39,45.36333333,22.89,50.29,14.35666667,48.96333333,23.32333333,41,24.39,46.9,23.16666667,47.4,12.8,755.5333333,84,2.666666667,40,10.2
60,0,24.1,47.79,22.5,49.12666667,25.32333333,42.7,23.39,45.4,22.89,50.29,13.82333333,48.4,23.39,41,24.29,46.9,23.1,47.4,12.9,755.6166667,84,2.833333333,40,10.2
50,10,24.1,47.76,22.42666667,49.12666667,25.29,42.73,23.35666667,45.4,22.89,50.29,13.49,47.8,23.39,41,24.29,46.9,23.1,47.32666667,13,755.7,84,3,40,10.3
60,0,24.1,47.7,22.39,49.2,25.29,42.73,23.35666667,45.4,22.89,50.26,13.22666667,49.83333333,23.39,41,24.29,46.9,23.1,47.4,13,755.7666667,84,3.333333333,37.5,10.3
50,0,24.1,47.7,22.46333333,49.2,25.39,42.7,23.39,45.32666667,22.89,50.2,13.5,48.83333333,23.39,41,24.29,46.9,23.1,47.26,13,755.8333333,84,3.666666667,35,10.3
60,0,24.1,47.7,22.53333333,49.02666667,25.32333333,42.7,23.39,45.4,22.89,50.2,13.96,47.12333333,23.39,41,24.29,46.9,23.1,47.12666667,12.9,755.9,84,4,32.5,10.3
60,0,24.1,47.7,22.66666667,48.82666667,25.39,42.7,23.39,45.32666667,22.89,50.2,14.23333333,40.19666667,23.39,41,24.29,46.9,23.1,46.96666667,12.9,755.9666667,84,4.333333333,30,10.2
60,0,24.1,47.7,22.82333333,48.56,25.32333333,42.7,23.39,45.4,22.92666667,50.09,14.46,37.1,23.39,40.9,24.23,46.82666667,23.1,46.82666667,12.9,756.0333333,84,4.666666667,27.5,10.2
40,0,24.1,47.86,22.89,48.36,25.32333333,42.7,23.46333333,45.46666667,22.92666667,50.09,14.86666667,38.63333333,23.39,40.9,24.29,46.82666667,23.1,46.66333333,12.9,756.1,84,5,25,10.2
50,0,24.1,48.26666667,22.92666667,48.26,25.39,42.7,23.39,45.4,22.92666667,50,15.85,34.45,23.39,40.9,24.245,46.895,23.1,46.59,13.1,756.1166667,82,5,27.5,10
60,0,24.1,48.19333333,23.075,48.07,25.39,42.62666667,23.39,45.53,23,50,16.06666667,28.4,23.39,40.9,24.2,47,23.1,46.59,13.4,756.1333333,80,5,30,9.87
60,10,24.1,48.26666667,23.16666667,47.82666667,25.46333333,42.7,23.39,45.59,23,50,16.06666667,22.59333333,23.39,40.9,24.2,47.06,23.1,46.59,13.6,756.15,78,5,32.5,9.7
80,0,24.1,48.06,23.32333333,47.6,25.5,42.66333333,23.5,45.7,23,50,16.36,17.79,23.42666667,40.79,24.2,47.09,23.1,46.45,13.8,756.1666667,76,5,35,9.53
80,0,24.1,47.86,23.39,47.26666667,25.5,42.59,23.5,45.7,23,49.9,16.56666667,14.46333333,23.5,40.718,24.2,47.09,23.1,46.254,14.1,756.1833333,74,5,37.5,9.37
50,0,24.1,47.56,23.53333333,47.02666667,25.5,42.59,23.5,45.7,23,49.80833333,16.92666667,14.73333333,23.5,40.634,24.2,47.06,23.1,46.09,14.3,756.2,72,5,40,9.2
60,0,24.16666667,47.5,23.66666667,46.82666667,25.5,42.59,23.5,45.62666667,23.02857143,49.80857143,17.26,10.93333333,23.5,40.56428571,24.2,47,23.1,46.03,14.5,756.2666667,71.83333333,5,40,9.33
60,0,24.2,47.36333333,23.73,46.43,25.6,42.59,23.53333333,45.5,23.02,49.754,17.69666667,7.93,23.6,40.46,24.2,46.96666667,23.13333333,45.9,14.6,756.3333333,71.66666667,5,40,9.47
50,0,24.2,47.15666667,23.79,46.15666667,25.6,42.59,23.6,45.36,23.1,49.79,17.89,4.063333333,23.6,40.33714286,24.2,46.82666667,23.13333333,45.82666667,14.8,756.4,71.5,5,40,9.6
60,0,24.23,47.03,24,45.9,25.63333333,42.59,23.6,45.26,23.1,49.7,18.32333333,1.193333333,23.6,40.214,24.2,46.76,23.1,45.7,15,756.4666667,71.33333333,5,40,9.73
60,0,24.29,46.9975,24.06666667,45.7,25.7,42.5225,23.6,45.2,23.1,49.68428571,18.32333333,1,23.6,40.09,24.2,46.7,23.1,45.62666667,15.1,756.5333333,71.16666667,5,40,9.87
60,0,24.29,46.9,24.1,45.33333333,25.7,42.5,23.63333333,45.09,23.1,49.59,17.93,1,23.6,39.96,24.2,46.56,23.2,45.46666667,15.3,756.6,71,5,40,10
50,0,24.35666667,46.86333333,24.1,45.12666667,25.7,42.5,23.7,45.0675,23.1,49.59,17.73,1,23.68571429,39.92857143,24.2,46.5,23.13333333,45.32666667,15.3,756.65,70.66666667,5.166666667,40,9.93
60,0,24.35666667,46.79,24.16666667,45,25.7,42.5,23.7,45,23.1,49.59,17.49666667,1,23.7,39.834,24.13333333,46.4,23.1,45.26,15.3,756.7,70.33333333,5.333333333,40,9.87
40,0,24.39,46.66333333,24.16666667,44.93333333,25.7,42.5,23.7,45,23.1,49.51285714,17.29,2.193333333,23.7,39.73125,24.2,46.32666667,23.16666667,45.12666667,15.3,756.75,70,5.5,40,9.8
70,0,24.39,46.59,24.29,44.72333333,25.7,42.5,23.7,44.93333333,23.1,49.48,17.63333333,2.093333333,23.7,39.59,24.2,46.4,23.2,45.06,15.2,756.8,69.66666667,5.666666667,40,9.73
70,0,24.5,46.96666667,24.29,44.53,25.7,42.5,23.7,44.86333333,23.12857143,49.4,17.76,1.233333333,23.73857143,39.59,24.13333333,46.4,23.13333333,45,15.2,756.85,69.33333333,5.833333333,40,9.67
70,0,24.42666667,46.82666667,24.29,44.65666667,25.76,42.43333333,23.7,44.79,23.2,49.356,17.53,1,23.7,39.5,24.1,46.36333333,23.2,44.9,15.2,756.9,69,6,40,9.6
70,0,24.5,46.79,24.29,44.79,25.7,42.4,23.7,44.73,23.17142857,49.29,17.26333333,1,23.7,39.5,24.1,46.23,23.13333333,44.82666667,15.1,756.9666667,69.66666667,6,40,9.67
80,0,24.5,46.73,24.32333333,44.66333333,25.76,42.4,23.76,44.99,23.2,49.29,17.32333333,1.6,23.7,39.48,24.1,46.2,23.1,44.76,15.1,757.0333333,70.33333333,6,40,9.73
60,0,24.5,46.66333333,24.39,44.53,25.7,42.36333333,23.79,45.32666667,23.2,49.29,17.4975,1,23.7,39.4,24.1,46.2,23.1,44.7,15,757.1,71,6,40,9.8
90,0,24.5,46.59,24.39,44.4,25.7,42.23,23.85666667,45.52666667,23.2,49.29,17.66666667,1,23.79,39.356,24.1,46.2,23.13333333,44.59,14.9,757.1666667,71.66666667,6,40,9.87
70,0,24.53333333,46.5,24.39,44.2675,25.7,42.16333333,23.89,45.5,23.2,49.29,17.59666667,1,23.79,39.29,24.1,46.23,23.2,44.59,14.9,757.2333333,72.33333333,6,40,9.93
70,0,24.6,46.36,24.39,44.09,25.7,42.09,23.96333333,45.56,23.2,49.29,17.53,1,23.79,39.2225,24.1,46.36333333,23.15,44.5,14.8,757.3,73,6,40,10
60,0,24.6,46.26,24.39,43.96666667,25.7,42.06,24,45.7,23.22571429,49.32142857,17.89,1.6,23.83,39.178,24,46.2,23.16666667,44.4,14.8,757.35,72.33333333,6.166666667,40,9.88
70,0,24.6,46.2,24.39,43.9,25.76,42,24.06666667,45.76,23.29,49.4,17.82333333,1.993333333,23.86142857,39.13714286,24.06666667,46.26,23.16666667,44.4,14.8,757.4,71.66666667,6.333333333,40,9.77
100,0,24.6,46.2,24.39,43.9,25.79,42,24.1,45.76,23.29,49.28571429,17.32666667,1.76,23.79,38.9,24.03333333,46.23,23.16666667,44.22333333,14.9,757.45,71,6.5,40,9.65
290,0,24.6,46.12666667,24.39,43.82666667,25.79,42,24.1,45.62666667,23.29,49.096,17.2,3.293333333,23.80428571,38.85285714,24.1,46.29,23.1,44.03,14.9,757.5,70.33333333,6.666666667,40,9.53
350,0,24.6,45.83333333,24.32333333,43.66333333,25.79,41.96666667,24.1,45.56,23.31857143,48.79571429,17.26333333,3.89,23.89,38.878,24.13333333,46.43333333,23.1,43.86333333,14.9,757.55,69.66666667,6.833333333,40,9.42
270,0,24.6,45.62666667,24.32333333,43.53,25.79,41.9,24.1,45.5,23.39,48.554,17.32333333,3.756666667,23.81857143,38.72571429,24.2,46.56,23.1,43.73,14.9,757.6,69,7,40,9.3
230,0,24.6,45.795,24.29,43.43333333,25.79,41.95,24.2,45.4,23.39,48.33857143,17.06333333,3.09,23.79,38.59,24.32333333,47.15666667,23.1,43.56,14.9,757.65,69.83333333,7,40,9.43
240,0,24.66666667,46.99666667,24.29,43.63333333,25.79,42,24.2,45.32666667,23.39,48.178,16.66333333,5.03,23.79,38.59,24.39,47.36333333,23.1,43.425,14.8,757.7,70.66666667,7,40,9.57
590,0,24.66666667,46.59,24.2,43.82666667,25.79,41.93333333,24.2,45.145,23.39,48.02571429,16.73,5.46,23.79,38.59,24.5,47.56,23.1,43.36333333,14.8,757.75,71.5,7,40,9.7
490,0,24.79,47.33,24.26,44.02666667,25.79,41.9,24.2,45.12666667,23.445,47.9,17.06333333,4.793333333,23.83285714,38.59,24.5,47.5,23.1,43.245,14.8,757.8,72.33333333,7,40,9.83
460,0,24.85666667,49.66333333,24.29,45.06,25.79,41.96666667,24.2,45.26,23.5,47.92857143,17.2675,3.59,23.79,38.5,24.6,47.19333333,23.1,43.2,14.7,757.85,73.16666667,7,40,9.97
160,0,25.3,49.66,24.29,46.66666667,25.89,42.32666667,24.2,45.13333333,23.64285714,48.25428571,17.06666667,2.163333333,23.79,38.39857143,24.6,46.8,23.1,43.1175,14.7,757.9,74,7,40,10.1
120,0,25.5,49.26666667,24.29,47.36,25.96333333,42.73333333,24.2,44.86,23.718,48.478,16.76,2.36,23.79,38.272,24.63333333,46.79,23.1,42.83333333,14.6,757.95,74,6.833333333,40,10
110,0,25.46333333,48.33333333,24.35666667,47.36,26,42.93333333,24.2,44.66333333,23.79,48.59,16.36,2.566666667,23.79,38.12142857,24.76,46.73,23.1,42.56666667,14.5,758,74,6.666666667,40,9.93
120,0,25.39,47.72666667,24.35666667,46.86333333,25.92666667,42.72666667,24.2,44.66333333,24.316,75.434,15.96333333,3.766666667,23.79,38,24.73,46.49,23.075,42.24,14.4,758.05,74,6.5,40,9.85
120,0,25.35666667,47.02666667,24.29,46.39,25.92666667,42.53,24.2,44.93333333,25.18285714,83.61,15.3225,5.1475,23.79,37.94285714,24.79,46.15666667,23,41.97090909,14.4,758.1,74,6.333333333,40,9.77
110,0,25.29,46.63333333,24.16666667,45.69333333,26,42.73,24.2,45,24.654,83.076,14.86666667,6.63,23.754,37.878,24.79,46.83,23.01428571,42.01428571,14.3,758.15,74,6.166666667,40,9.68
170,0,25.29,46.19333333,24.1,45.36,25.89,42.2,24.2,45.12666667,24.45,84.86714286,14.56666667,9.066666667,23.72571429,37.79,24.815,47.0225,23.05,42.245,14.2,758.2,74,6,40,9.6
110,0,25.29,45.86,24,44.95,25.96333333,42.46,24.2,45.2,24.6,85.314,15.16666667,10.12666667,23.7,37.9,24.89,46.93333333,23,42,14,758.2833333,74.5,5.833333333,40,9.53
110,0,25.29,45.59,23.96333333,44.79,26,42.56,24.2,45.2,24.6,83.2,17.36333333,4.593333333,23.7,37.9,24.89,46.83333333,22.9175,41.925,13.8,758.3666667,75,5.666666667,40,9.47
110,0,25.29,45.53,23.89,44.73,26,42.5,24.2,45.2,24.58,81.32,18.22333333,1.466666667,23.7,37.9,24.96333333,46.7,22.89,41.9,13.7,758.45,75.5,5.5,40,9.4
110,0,25.29,45.36333333,23.85666667,44.52666667,25.89,42,24.2,45.2,24.5,79.32571429,18.12333333,1,23.7,37.9,25,46.53,22.85666667,41.63333333,13.5,758.5333333,76,5.333333333,40,9.33
110,0,25.23,45.29,23.79,44.4,25.89,42,24.2,45.2,24.39,77.26,17.26333333,1.26,23.7,37.9,25.06666667,46.46333333,22.85666667,41.5,13.3,758.6166667,76.5,5.166666667,40,9.27
110,0,25.2,45.13333333,23.7,44.32666667,25.85666667,42,24.2,45.06,24.26571429,75.69428571,16.19333333,3.963333333,23.64285714,37.82428571,25.1,46.19333333,22.79,41.36333333,13.1,758.7,77,5,40,9.2
110,0,25.2,45,23.7,44.46666667,25.79,42,24.2,44.86,24.236,73.896,15.59333333,4.963333333,23.6,37.736,25.1,45.8,22.79,41.23,13,758.7833333,77.16666667,5.166666667,40,9.1
100,0,25.2,44.96666667,23.6,44.4,25.76,42.09,24.2,44.66333333,24.17142857,71.42571429,14.29666667,8.466666667,23.6,37.7,25.1,45.4,22.79,41.16333333,12.8,758.8666667,77.33333333,5.333333333,40,9
110,0,25.2,44.9,23.6,44.4,25.7,42.03,24.2,44.53,24.1,68.854,13.63,11.39333333,23.6,37.7,25.1,45.06666667,22.73,41.03,12.7,758.95,77.5,5.5,40,8.9
100,0,25.15,44.745,23.46333333,44.4,25.7,41.9,24.2,44.26,24.04285714,67.19571429,13,16.9,23.6,37.62142857,25.13333333,44.86333333,22.7,41,12.6,759.0333333,77.66666667,5.666666667,40,8.8
100,20,25.16666667,44.7,23.39,44.4,25.7,41.86333333,24.125,44.095,24,65.42,12.6,21.09333333,23.6,37.7,25.2,44.73,22.63333333,40.93333333,12.4,759.1166667,77.83333333,5.833333333,40,8.7
80,20,25.1,44.62666667,23.35666667,44.5,25.7,41.79,24.1,44,23.92142857,63.49714286,12.36,24.86666667,23.6,37.74,25.2,44.76666667,22.6,40.9,12.3,759.2,78,6,40,8.6
70,20,25.1,44.62666667,23.29,44.56,25.7,41.79,24.13333333,44.12666667,23.89,61.21,12.22666667,26.06,23.6,37.9,25.26,45.49333333,22.6,40.96666667,12.1,759.2166667,78.5,5.666666667,40,8.52
70,20,25.1,44.7,23.2,44.59,25.7,41.79,24.2,44.26,23.89,60.88,11.93333333,26.26,23.6,38,25.23,46.39,22.6,41,12,759.2333333,79,5.333333333,40,8.43
60,30,25.06666667,44.7,23.13333333,44.66333333,25.7,41.79,24.2,44.29,23.83,60.538,11.66666667,26.4,23.6,38.03857143,25.29,46.79666667,22.6,41.06,11.8,759.25,79.5,5,40,8.35
70,20,25,44.7,23.06666667,44.93333333,25.7,41.79,24.2,44.36333333,23.79,60.16857143,11.46333333,26.16333333,23.58,38.054,25.2,47.03,22.66666667,41.62666667,11.6,759.2666667,80,4.666666667,40,8.27
60,20,25,44.7,23,45.06,25.7,41.79,24.29,44.5,23.79,59.62,11.2725,27.5725,23.54285714,38.09,25.2,47.03,22.6,41.83333333,11.5,759.2833333,80.5,4.333333333,40,8.18
60,20,24.92666667,44.7,22.89,45.15666667,25.7,41.86333333,24.29,44.56,23.75142857,59.15571429,11.03333333,29.33333333,23.5,38.09,25.2,47.09,22.7,42.15666667,11.3,759.3,81,4,40,8.1
70,20,24.89,44.73,22.82333333,45.29,25.7,42.03,24.29,44.7,23.736,58.592,11.1,29.93,23.5,38.15285714,25.13333333,47.09,22.7,42.36333333,11.3,759.3166667,81.5,3.833333333,40,8.15
70,30,24.89,44.79,22.76,45.32666667,25.76,42.16333333,24.35666667,44.7,23.7,58.06714286,11.1,29.93,23.5,38.178,25.1,47.26666667,22.7,42.56666667,11.2,759.3333333,82,3.666666667,40,8.2
70,10,24.89,44.76,22.7,45.5425,25.79,42.23,24.39,44.73,23.7,58.24625,11.1,30.23333333,23.5,38.16857143,25.075,47.525,22.7,42.76,11.2,759.35,82.5,3.5,40,8.25
60,0,24.89,44.62666667,22.63333333,45.66333333,25.79,42.29,24.39,44.73,23.7,59.09,11.16,30.9,23.5,38.2,25,47.83333333,22.79,42.995,11.2,759.3666667,83,3.333333333,40,8.3
50,0,24.79,44.65666667,22.6,45.73,25.82333333,42.4,24.39,44.59,23.7,58.96571429,11.1,31.52666667,23.5,38.2,24.96333333,47.9,22.79,43.23,11.1,759.3833333,83.5,3.166666667,40,8.35
70,0,24.79,44.86333333,22.53333333,45.86333333,25.89,42.4,24.39,44.59,23.64,58.574,11.1,32.33333333,23.5,38.2,24.89,47.96666667,22.79,43.43,11.1,759.4,84,3,40,8.4
50,0,24.79,44.9,22.5,45.96333333,25.89,42.5,24.35666667,44.46666667,23.62857143,58.14714286,11.19,33.15666667,23.5,38.2,24.89,47.93333333,22.79,43.65666667,11.1,759.45,84.16666667,3.166666667,40,8.43
60,0,24.73,44.9,22.42666667,46.09,25.89,42.5,24.29,44.4,23.6,57.79,11.19,33.69666667,23.5,38.2,24.89,48.13333333,22.79,43.86333333,11.1,759.5,84.33333333,3.333333333,40,8.47
60,0,24.76,44.79,22.39,46.12666667,25.89,42.5,24.29,44.26,23.6,57.52571429,11.22666667,33.82666667,23.5,38.22571429,24.89,48.36,22.79,44.12666667,11.1,759.55,84.5,3.5,40,8.5
50,0,24.7,44.79,22.39,46.26,25.96333333,42.83333333,24.29,44.12666667,23.6,57.25,11.3,33.82666667,23.5,38.254,24.89,48.56,22.79,44.33333333,11.1,759.6,84.66666667,3.666666667,40,8.53
60,0,24.66666667,44.79,22.29,46.29,26,43,24.2,43.86333333,23.57142857,56.96571429,11.3,33.82666667,23.5,38.29,24.79,48.82666667,22.79,44.53,11.1,759.65,84.83333333,3.833333333,40,8.57
60,0,24.6,44.745,22.29,46.36333333,26,43,24.2,43.73,23.5,56.21,11.3,33.96666667,23.5,38.29,24.79,48.96666667,22.79,44.66333333,11.1,759.7,85,4,40,8.6
50,0,24.6,44.79,22.26,46.46666667,26,43,24.2,43.545,23.5,55.79714286,11.33,34.46333333,23.48428571,38.29,24.79,49.09,22.79,44.86,11.1,759.7166667,85.33333333,3.833333333,38.16666667,8.67
40,0,24.6,44.79,22.2,46.4,26,42.9,24.1,43.5,23.5,55.454,11.39,34.72333333,23.434,38.29,24.79,49.09,22.85666667,45.13333333,11.1,759.7333333,85.66666667,3.666666667,36.33333333,8.73
50,0,24.6,44.79,22.2,46.53,26,42.9,24.1,43.43333333,23.5,55.19428571,11.3,35,23.43714286,38.33714286,24.79,49.09,22.89,45.32666667,11.1,759.75,86,3.5,34.5,8.8
50,0,24.56666667,44.79,22.13333333,46.59,25.96333333,42.73333333,24.1,43.29,23.5,54.856,11.3,35.4,23.5,38.4,24.73,49.03,22.89,45.46666667,11.1,759.7666667,86.33333333,3.333333333,32.66666667,8.87
50,0,24.5,44.79,22.1,46.59,25.89,42.4,24.03333333,43.23,23.5,54.63714286,11.3,35.495,23.43714286,38.38428571,24.7,48.93,22.89,45.62666667,11.1,759.7833333,86.66666667,3.166666667,30.83333333,8.93
50,0,24.5,44.79,22.1,46.66333333,25.89,42.43333333,24,43.2,23.478,54.4,11.19,34.69333333,23.434,38.356,24.7,48.79,22.89,45.76,11.1,759.8,87,3,29,9
60,0,24.5,44.86333333,22.1,46.73,25.89,42.5,24,43.12666667,23.42142857,54.12142857,11.13,34.43333333,23.39,38.3175,24.7,48.59,22.89,45.93333333,11.1,759.7833333,86.83333333,3.333333333,29,8.92
60,0,24.46333333,44.79,22.03333333,46.73,25.89,42.5,24,43.09,23.39,53.856,11.1,34.36333333,23.39,38.29,24.7,48.59,22.89,46.06,11,759.7666667,86.66666667,3.666666667,29,8.83
60,0,24.39,44.79,22,46.7,25.89,42.5,24,43.03,23.39,53.72285714,11.1,33.83,23.39,38.356,24.7,48.46666667,22.89,46.15666667,10.9,759.75,86.5,4,29,8.75
60,0,24.39,44.73,22,46.7,25.89,42.46666667,23.92666667,43,23.39,53.572,11,32.76,23.39,38.29,24.7,48.4,22.89,46.36333333,10.9,759.7333333,86.33333333,4.333333333,29,8.67
50,0,24.39,44.79,22,46.745,25.89,42.4,23.92666667,43,23.39,53.42857143,11,32.56666667,23.39,38.29,24.65,48.1,22.945,46.6,10.9,759.7166667,86.16666667,4.666666667,29,8.58
60,0,24.39,44.79,22,46.79,25.89,42.4,23.89,42.9,23.39,53.254,10.89,32.73333333,23.39,38.29,24.63333333,47.82666667,22.92666667,46.79,10.8,759.7,86,5,29,8.5
50,0,24.32333333,44.79,21.92666667,46.79,25.89,42.32666667,23.89,42.9,23.39,53.12428571,10.89,33.93333333,23.39,38.236,24.63333333,47.82666667,22.92666667,46.86333333,10.8,759.6833333,86,4.833333333,28.5,8.48
60,0,24.29,44.79,21.89,46.79,25.96333333,42.66,23.82333333,42.79,23.39,52.98,10.83,34.45666667,23.39,38.25142857,24.6,47.79,22.89,46.93333333,10.7,759.6666667,86,4.666666667,28,8.47
50,0,24.29,44.79,21.89,46.79,25.89,42.32666667,23.82333333,42.73,23.39,52.82142857,10.83,34.86333333,23.39,38.236,24.6,47.73,22.89,47,10.7,759.65,86,4.5,27.5,8.45
60,0,24.26,44.76,21.85666667,46.76,25.89,42.29,23.79,42.7,23.35,52.754,10.8,35.09666667,23.39,38.2,24.6,47.66333333,23,47.09,10.7,759.6333333,86,4.333333333,27,8.43
50,0,24.26,44.76,21.79,46.7,25.89,42.29,23.79,42.7,23.33285714,52.59285714,10.8,35.43,23.39,38.2,24.6,47.53,23,47.16333333,10.6,759.6166667,86,4.166666667,26.5,8.42
50,0,24.2,44.7,21.79,46.73,25.89,42.29,23.79,42.7,23.29,52.48,10.8,35.26,23.39,38.2,24.6,47.46666667,22.89,47.23,10.6,759.6,86,4,26,8.4
50,0,24.2,44.7,21.73,46.79,25.96333333,42.56333333,23.79,42.7,23.29,52.44285714,10.8,35.33333333,23.35,38.2,24.6,47.4,22.89,47.36333333,10.6,759.6166667,86,3.833333333,26,8.35
50,0,24.2,44.7,21.76,46.79,25.92666667,42.42666667,23.76,42.7,23.29,52.33125,10.69,35.56666667,23.34714286,38.2,24.6,47.36333333,22.92666667,47.43333333,10.5,759.6333333,86,3.666666667,26,8.3
50,0,24.2,44.7,21.76,46.79,25.9175,42.325,23.7,42.7,23.29,52.254,10.69,35.76,23.33,38.2,24.53333333,47.23,22.92666667,47.5,10.4,759.65,86,3.5,26,8.25
60,0,24.2,44.7,21.7,46.79,25.89,42.2,23.7,42.7,23.29,52.13714286,10.69,36.19,23.33285714,38.2,24.56666667,47.16333333,22.89,47.53,10.4,759.6666667,86,3.333333333,26,8.2
60,0,24.1,44.7,21.7,46.79,25.89,42.2,23.7,42.7,23.29,52.072,10.63,36.46333333,23.29,38.2,24.5,47.03,22.96333333,47.66333333,10.4,759.6833333,86,3.166666667,26,8.15
50,0,24.1,44.76,21.7,46.79,25.89,42.2,23.7,42.7,23.26428571,51.94,10.69,36.86333333,23.29,38.2,24.5,46.9,23,47.66333333,10.3,759.7,86,3,26,8.1
50,0,24.1,44.73,21.7,46.79,25.89,42.2,23.7,42.7,23.2,51.754,10.6,37.26,23.29,38.2,24.5,46.82666667,23,47.66333333,10.3,759.6833333,85.66666667,3,28.33333333,8.02
50,0,24.1,44.73,21.7,46.79,25.89,42.2,23.7,42.7,23.2,51.72571429,10.6,37.33333333,23.31857143,38.2,24.5,46.79,23,47.59,10.3,759.6666667,85.33333333,3,30.66666667,7.93
60,0,24,44.62666667,21.63333333,46.79,25.89,42.16333333,23.63333333,42.62666667,23.2,51.634,10.6,37.42666667,23.29,38.2,24.5,46.79,23,47.59,10.3,759.65,85,3,33,7.85
60,0,24,44.7,21.63333333,46.73,25.89,42.16333333,23.7,42.7,23.2,51.59,10.6,37.7,23.29,38.2,24.5,46.7,23,47.7,10.3,759.6333333,84.66666667,3,35.33333333,7.77
50,0,24,44.7,21.63333333,46.73,25.89,42.09,23.6,42.59,23.2,51.5,10.6,37.86333333,23.29,38.2,24.5,46.62666667,23,47.76,10.3,759.6166667,84.33333333,3,37.66666667,7.68
90,0,24,44.62666667,21.6,46.79,25.89,42.09,23.6,42.59,23.2,51.41428571,10.6,37.59666667,23.29,38.2,24.5,46.56,23,47.79,10.3,759.6,84,3,40,7.6
50,0,24,44.8,21.6,46.92666667,25.89,42.06,23.6,42.59,23.2,51.278,10.6,36.76666667,23.29,38.2,24.5,46.43333333,23,47.8725,10.3,759.6,84.16666667,3,40,7.6
40,0,24,45.06,21.6,47.4,25.82333333,41.8,23.6,42.66333333,23.2,50.59285714,10.6,36.16666667,23.29,38.2,24.5,46.345,23,47.9,10.2,759.6,84.33333333,3,40,7.6
60,0,24,45.03,21.6,47.73,25.7,41.49,23.6,42.79,23.2,49.776,10.6,35.66,23.29,38.2,24.46333333,46.22333333,23,47.9,10.2,759.6,84.5,3,40,7.6
340,0,24,45.03,21.6,47.86333333,25.63333333,41.23,23.6,42.86333333,23.2,49.44857143,10.6,35.13333333,23.29,38.10375,24.39,46.09,23,47.9,10.2,759.6,84.66666667,3,40,7.6
60,0,24,45.03,21.6,47.9,25.56666667,41.29,23.6,42.93333333,23.2,49.594,10.63,33.99,23.22571429,38.06428571,24.39,46.09,23,47.79,10.1,759.6,84.83333333,3,40,7.6
70,0,24,45.09,21.6,47.9,25.5,41.09666667,23.6,43,23.2,49.89714286,10.69,33.32333333,23.236,38.036,24.39,46.09,23,47.73,10.1,759.6,85,3,40,7.6
70,0,24,45.12666667,21.6,47.96666667,25.46333333,41.09,23.53333333,43,23.2,50.134,10.72666667,32.63333333,23.2,38,24.32333333,46.12666667,23,47.59,10.1,759.6,84.66666667,3.166666667,40,7.55
70,0,24,45.2,21.6,47.9,25.39,41.03,23.53333333,43,23.15714286,50.25142857,10.8,32.09333333,23.2,38,24.39,46.2,23,47.53,10.1,759.6,84.33333333,3.333333333,40,7.5
70,0,24,45.06,21.6,47.79,25.39,41.2,23.5,43.03,23.14,50.312,10.83,30.96666667,23.2,37.91428571,24.29,46.12666667,23,47.46666667,10.1,759.6,84,3.5,40,7.45
80,0,24,44.8975,21.66666667,47.79,25.32333333,41.2,23.5,42.96333333,23.12857143,50.4,10.9175,30.55,23.2,37.9,24.29,46.26,23,47.4,10.1,759.6,83.66666667,3.666666667,40,7.4
70,0,24,44.45666667,21.6,47.49,25.29,41.09,23.5,42.6,23.16,50.4,11,29.76,23.2,37.9,24.29,46.4,23,47.26,10.1,759.6,83.33333333,3.833333333,40,7.35
90,0,24,44.16333333,21.6,47.15666667,25.2,40.76,23.39,42.4,23.15714286,50.4,11.03333333,28.66,23.2,37.9,24.29,46.32666667,23,47.12666667,10.1,759.6,83,4,40,7.3
70,20,24,44.03,21.6,46.96666667,25.2,40.76,23.39,42.4,23.18,50.4,11.16,27.86666667,23.2,37.83714286,24.29,46.5,23,46.93,10.1,759.6,82.5,4,40,7.25
80,20,24,43.76,21.6,46.82666667,25.2,40.79666667,23.39,42.045,23.14285714,50.32142857,11.22666667,27.55666667,23.2,37.79,24.29,46.5,23,46.65666667,10.2,759.6,82,4,40,7.2
120,20,24,43.56666667,21.7,46.66333333,25.2,40.59,23.434,42.28,23.1,50.29,11.43333333,27.29666667,23.2,37.79,24.29,46.41428571,23,46.46666667,10.2,759.6,81.5,4,40,7.15
400,0,24,43.4,21.7,46.46333333,25.16666667,40.52666667,23.5,42.57125,23.1,50.29,11.63,25.73,23.2,37.79,24.29,46.42,22.92666667,46.26666667,10.2,759.6,81,4,40,7.1
210,0,24.06666667,43.46666667,21.73,46.36333333,25.1,40.4,23.5,42.736,23.1,50.2,11.69,24.45666667,23.2,37.79,24.29,46.5,22.89,45.96666667,10.3,759.6,80.5,4,40,7.05
60,0,24,43.53,21.79,46.23,25.1,40.46666667,23.5,42.79,23.1,50.16333333,11.8,23.09333333,23.2,37.73,24.29,46.46,22.89,45.76666667,10.3,759.6,80,4,40,7
60,0,24,43.59,21.82333333,46.12666667,25.03333333,40.4,23.5,42.79,23.1,50.09,11.86,22.7,23.2,37.73,24.29,46.44285714,22.89,45.56,10.3,759.5666667,80.33333333,4,40,7.08
60,0,24.06666667,43.59,21.89,46.2,25.1,40.53,23.5,42.79,23.1,50.06,11.96333333,21.36666667,23.2,37.7,24.29,46.5,22.89,45.375,10.4,759.5333333,80.66666667,4,40,7.17
50,0,24.06666667,43.59,21.89,46.2,25.1,40.59,23.5,42.73375,23.1,50,11.96333333,20.63333333,23.2,37.7,24.29,46.42857143,22.89,45.12666667,10.4,759.5,81,4,40,7.25
60,0,24.1,43.59,22,46.16333333,25,40.59,23.5,42.656,23.1,49.9,12.06666667,19.5,23.2,37.66333333,24.29,46.334,22.89,44.96666667,10.4,759.4666667,81.33333333,4,40,7.33
50,0,24.1,43.59,21.92666667,46.09,25,40.59,23.5,42.57714286,23.1,49.82666667,11.92666667,19.3,23.2,37.59,24.26428571,46.58428571,22.89,44.82666667,10.5,759.4333333,81.66666667,4,40,7.42
30,0,24.1,43.5,21.89,46.09,25.03333333,40.46666667,23.5,42.48,23.1,49.76,12.03333333,19.59666667,23.2,37.59,24.29,46.894,22.89,44.66333333,10.5,759.4,82,4,40,7.5
30,0,24.1,43.5,21.96333333,46.03,25.03333333,40.4,23.5,42.4,23.1,49.7,12.1,19.39,23.2,37.53,24.29,47.09,22.89,44.53,10.5,759.4,82,4,40,7.52
30,0,24.1,43.5,22,46,25,40.29,23.5,42.29,23.1,49.66333333,12.19,18.26666667,23.2,37.5,24.29,47.09,22.82333333,44.32666667,10.5,759.4,82,4,40,7.53
30,0,24.1,43.5,22,45.93333333,25,40.23,23.5,42.27714286,23.1,49.59,12.245,17.6,23.2,37.5,24.2,47,22.82333333,44.26666667,10.6,759.4,82,4,40,7.55
60,0,24.1,43.4,22,45.79,24.96333333,40.26,23.5,42.2,23.1,49.5,12.3,16.59,23.2,37.5,24.236,47.16,22.79,44.06,10.6,759.4,82,4,40,7.57
50,0,24.1,43.4,22.06666667,45.79,24.89,40.26,23.5,42.2,23.1,49.5,12.36666667,16.22333333,23.2,37.46666667,24.29,47.5,22.79,43.93333333,10.6,759.4,82,4,40,7.58
60,0,24.13333333,43.29,22.1,45.76,24.89,40.26666667,23.39,42,23.1,49.46666667,12.56666667,15.75666667,23.2,37.4,24.35666667,47.5,22.82333333,43.79,10.6,759.4,82,4,40,7.6
60,0,24.125,43.2175,22.1,45.62666667,24.89,40.475,23.39,42,23.1,49.4,12.8,14.89,23.2,37.22333333,24.39,47.63333333,22.82333333,43.59666667,10.6,759.4166667,81.66666667,4,40,7.55
60,0,24.1,42.66666667,22.2,45.16,24.89,40.5,23.5,42.02666667,23.1,49.1,12.86,14.22333333,23.13333333,36.96333333,24.39,47.22666667,22.79,42.99,10.6,759.4333333,81.33333333,4,40,7.5
60,0,24.1,41.96,22.2,44.49333333,24.85666667,40.23333333,23.42666667,41.76666667,23.1,48.69333333,13,13.8,23.1,36.79,24.39,46.56333333,22.79,42.59666667,10.7,759.45,81,4,40,7.45
70,0,24.1,41.5,22.2,43.55666667,24.79,39.63333333,23.39,41.56,24.12666667,79.49333333,13,13.538,23.1,36.645,24.32333333,46.15666667,22.79,42.2,10.7,759.4666667,80.66666667,4,40,7.4
90,0,24.06666667,41.1,22.2,42.83,24.92666667,39.29666667,23.39,41.3,24.33333333,80.16,13.2,12.75666667,23.1,36.36333333,24.29,46.16333333,22.79,41.76666667,10.7,759.4833333,80.33333333,4,40,7.35
90,0,24,40.82666667,22.23,42.26,25,39.03,23.39,41.2,23.76,79.26666667,13.75666667,10.79333333,23.1,36.29,24.29,46.09,22.79,41.43,10.7,759.5,80,4,40,7.3
100,0,24,40.7,22.35666667,42.06666667,25,39,23.39,41.23,23.5,75.6,14.03,6.593333333,23.1,36.16333333,24.32333333,45.93,22.79,41.09666667,10.9,759.5166667,79.16666667,3.833333333,38.16666667,7.3
110,0,24,40.7,22.42666667,41.72333333,25,39,23.39,41.29,23.5,69.4,14.33,4.163333333,23.1,36.03,24.39,45.65666667,22.79,40.72333333,11,759.5333333,78.33333333,3.666666667,36.33333333,7.3
100,0,24,40.7,22.5,41.59,25.03333333,39.09,23.42666667,41.46333333,23.46333333,64.73333333,14.39,4.896666667,23.1,35.9,24.42666667,45.43,22.79,40.59,11.2,759.55,77.5,3.5,34.5,7.3
110,0,24,40.7,22.55,41.545,25.1,39.09,23.5,41.59,23.39,61.92666667,14.72666667,4.23,23.1,35.82666667,24.56666667,45.09666667,22.79,40.495,11.4,759.5666667,76.66666667,3.333333333,32.66666667,7.3
100,0,24,40.7,22.6,41.36333333,25.1,39.09,23.5,41.66333333,23.39,60.16666667,14.86,3.756666667,23.1,35.76,24.63333333,44.52666667,22.79,40.22333333,11.5,759.5833333,75.83333333,3.166666667,30.83333333,7.3
170,0,24,40.76,22.66666667,41.29,25.1,39.09,23.5,41.66333333,23.39,59.29333333,15.03,1.8,23.1,35.7,24.7,44.19333333,22.73,40.03,11.7,759.6,75,3,29,7.3
180,0,24,40.79,22.76333333,41.2,25.1,39.12666667,23.6,41.66333333,23.39,58.16857143,15.09,1.4,23.1,35.56,24.79,43.634,22.79,39.86333333,11.9,759.5333333,74,3.166666667,30.83333333,7.27
110,0,24.06666667,40.99,22.96333333,41.12666667,25.16666667,39.2,23.6,41.53,23.33,57.216,15.86666667,1,23.1,35.43333333,24.73857143,43.04142857,22.79,39.73,12.1,759.4666667,73,3.333333333,32.66666667,7.23
100,0,24.06666667,41,23.03333333,40.96666667,25.2,39.09,23.6,41.33333333,23.33285714,56.12142857,15.85,1,23.1,35.26,24.7,42.696,22.79,39.59,12.3,759.4,72,3.5,34.5,7.2
110,0,24.06666667,41.26666667,23.16666667,40.76666667,25.2,39.09,23.6,41.12666667,23.29,54.434,15.82,1,23.1,35.2,24.7,42.39714286,22.73,39.53,12.4,759.3333333,71,3.666666667,36.33333333,7.17
100,0,24.1,41.2,23.23,40.56,25.2,39.12666667,23.63333333,41,23.31857143,53.29571429,16.4,1,23.13333333,35.2,24.7,42.054,22.745,39.425,12.6,759.2666667,70,3.833333333,38.16666667,7.13
110,0,24.1,41.2,23.35666667,40.5,25.2,39.2,23.7,40.93333333,23.29,52.336,16.69666667,1,23.2,35.2,24.6375,41.8125,22.7,39.4,12.8,759.2,69,4,40,7.1
100,0,24.13333333,41.2,23.42666667,40.29,25.2,39.2,23.7,40.82666667,23.29,52.78571429,16.82333333,1,23.2,35.2,24.6,41.55428571,22.76,39.36333333,12.9,759.15,69.16666667,4.166666667,38.16666667,7.28
110,0,24.2,41.2,23.5,40.15666667,25.2,39.2,23.7,40.9,23.29,52.21,16.76,1,23.2,35.16333333,24.6,41.458,22.7,39.29,13.1,759.1,69.33333333,4.333333333,36.33333333,7.47
110,0,24.2,41.09,23.6,39.96666667,25.2,39.2,23.7,41.03,23.29,51.75142857,16.56666667,1,23.2,35.09,24.6,41.26428571,22.7,39.2,13.2,759.05,69.5,4.5,34.5,7.65
140,0,24.23,41.03,23.6,39.82666667,25.2,39.2,23.7,41.09,23.29,51.24,16.63333333,1,23.23,35,24.6,41.134,22.7,39.12666667,13.3,759,69.66666667,4.666666667,32.66666667,7.83
140,0,24.29,40.96333333,23.63333333,39.6,25.2,39.2,23.79,41.09,23.29,50.89714286,16.7675,1,23.29,34.93333333,24.6,40.68428571,22.79,39,13.5,758.95,69.83333333,4.833333333,30.83333333,8.02
150,0,24.29,40.66333333,23.7,39.19333333,25.2,39.23,23.79,41.09,23.29,50.554,16.63,1,23.32333333,34.9,24.58,40.152,22.79,38.95,13.6,758.9,70,5,29,8.2
150,0,24.29,40.39,23.7,38.79666667,25.26,39.29,23.79,41.145,23.23857143,50.12428571,16.76333333,1,23.39,34.9,24.5,39.89714286,22.7,38.9,13.8,758.8833333,69.5,5,30.83333333,8.22
150,0,24.32333333,39.99,23.7,38.39,25.29,39.29,23.79,41.09,23.236,49.712,16.63333333,1,23.39,34.8175,24.5,39.656,22.7,38.9,13.9,758.8666667,69,5,32.66666667,8.23
150,0,24.39,39.73,23.79,38.06,25.29,39.23,23.85666667,41.16333333,23.2,49.2,16.63333333,1,23.39,34.79,24.5,39.45571429,22.7,38.79,14.1,758.85,68.5,5,34.5,8.25
150,0,24.32333333,39.56,23.85666667,37.93333333,25.29,39.2,23.89,41.16333333,23.254,48.674,16.85666667,1,23.42666667,34.73,24.5,39.36,22.76,38.79,14.2,758.8333333,68,5,36.33333333,8.27
150,0,24.39,39.43333333,24,37.63333333,25.29,39.2,23.96333333,41.09,23.22571429,48.14,16.6475,1,23.434,34.652,24.5,39.09571429,22.745,38.745,14.4,758.8166667,67.5,5,38.16666667,8.28
160,0,24.42666667,39.4,24,37.32,25.29,39.09,23.92666667,40.96666667,23.2,47.614,16.65,1,23.46333333,34.5,24.5,38.79,22.7,38.59,14.5,758.8,67,5,40,8.3
140,0,24.42666667,39.19333333,23.92666667,37.06666667,25.29,38.89,24,40.4425,23.2,47.08285714,16.65,1,23.5,34.5,24.5,38.73857143,22.7,38.59,14.4,758.75,66.66666667,4.833333333,38,8.18
140,10,24.39,38.63,23.79,36.72333333,25.2,38.76,23.89,39.99666667,23.2,47.156,16.73333333,1,23.5,34.475,24.5,38.634,22.76,38.5,14.4,758.7,66.33333333,4.666666667,36,8.07
140,30,24.32333333,38.09,23.73,36.53,25.2,38.62666667,23.82333333,39.33,23.22571429,46.96571429,16.92666667,1,23.5,34.4,24.5,38.59,22.7,38.5,14.4,758.65,66,4.5,34,7.95
140,20,24.29,37.93333333,23.73,36.56,25.23,38.56,23.82333333,40.1,23.2,46.5825,16.96,1,23.5,34.36333333,24.5,38.59,22.79,38.4,14.3,758.6,65.66666667,4.333333333,32,7.83
130,20,24.35666667,38.13333333,23.85666667,36.56,25.29,38.5,23.96333333,40.83333333,23.236,46.338,17.03333333,1,23.5,34.29,24.5,38.60571429,22.73,38.4,14.3,758.55,65.33333333,4.166666667,30,7.72
140,20,24.35666667,38.26,23.89,36.59,25.29,38.5,24.03333333,41.16333333,23.2,45.99714286,17.1,1,23.5,34.29,24.5,38.66,22.7,38.4,14.2,758.5,65,4,28,7.6
140,20,24.29,38.4,23.82333333,36.53,25.29,38.56,24.1,40.96333333,23.2,45.656,16.845,1,23.56666667,34.23,24.5,38.53857143,22.76,38.32666667,14.2,758.4833333,65.33333333,4,30,7.63
140,20,24.39,38.59666667,23.82333333,36.73,25.2,38.4,24.13333333,40.59,23.25142857,45.49857143,16.82666667,1,23.5,34.2,24.5,38.554,22.7,38.29,14.1,758.4666667,65.66666667,4,32,7.67
150,30,24.39,38.93,23.89,36.93,25.2,38.12666667,24.2,40.53,23.236,45.316,17.03333333,1,23.53333333,34.09,24.5,38.52571429,22.7,38.29,14.1,758.45,66,4,34,7.7
140,20,24.39,39.09,23.89,37.2,25.2,37.86333333,24.2,40.43333333,23.2,45.2,16.89333333,1,23.53333333,34.09,24.5,38.536,22.7,38.2,14,758.4333333,66.33333333,4,36,7.73
140,20,24.39,39.09,23.82333333,37.2,25.2,37.7675,24.2,40.5,23.29,45.2,16.7,1,23.53333333,34.09,24.5,38.5,22.7,38.2,13.9,758.4166667,66.66666667,4,38,7.77
150,20,24.39,39.09,23.89,37.29,25.2,37.62666667,24.29,40.59,23.34714286,45.09285714,16.7,1,23.53333333,34.03,24.5,38.4,22.7,38.16333333,13.9,758.4,67,4,40,7.8
150,20,24.42666667,40.09,23.96333333,37.29,25.2,37.59,24.29,40.53,23.39,45,16.63333333,1,23.6,34,24.52857143,38.4,22.7,38.09,13.9,758.35,66.83333333,4.166666667,40,7.8
150,30,24.5,39.89,23.92666667,37.5,25.2,37.66333333,24.34,40.5,23.39,44.97142857,16.36,1,23.6,34,24.5,38.42,22.7,38.06,14,758.3,66.66666667,4.333333333,40,7.8
130,20,24.5,39.76,24,37.56,25.2,37.66333333,24.365,40.5,23.5,44.9,16.29,1,23.6,34,24.5,38.5,22.7,38.06,14.1,758.25,66.5,4.5,40,7.8
160,20,24.5,39.7,23.89,37.82666667,25.2,37.66333333,24.39,40.5,23.51428571,44.75428571,16.16333333,1,23.6,34,24.5,38.5,22.7,38.09,14.1,758.2,66.33333333,4.666666667,40,7.8
480,20,24.6,40.39333333,23.89,37.82666667,25.26,37.7,24.35666667,39.99333333,23.6,44.634,16,1,23.5,34,24.5,38.59,22.7,38.09,14.2,758.15,66.16666667,4.833333333,40,7.8
260,10,24.53333333,40.46666667,23.79,37.73,25.2,37.76,24.29,39.32666667,23.55714286,44.59,15.625,1,23.5,33.93333333,24.5,38.59,22.7,38.09,14.2,758.1,66,5,40,7.8
100,0,24.63333333,41.93,23.79,38.19666667,25.29,37.82666667,24.29,39.62666667,23.64,44.44,15.525,1,23.6,34,24.5,38.59,22.7,38.0225,14.1,758.0833333,65.83333333,5.166666667,38.16666667,7.65
110,0,24.7,41.73,23.79,39.1,25.29,37.9,24.29,39.7,23.71285714,44.44285714,15.525,1,23.53333333,33.93333333,24.5,38.76428571,22.7,38,13.9,758.0666667,65.66666667,5.333333333,36.33333333,7.5
110,0,24.7,41.59666667,23.79,39.32666667,25.29,37.93333333,24.29,39.7,23.79,44.378,15.23333333,1,23.5,33.9,24.54,39.334,22.7,37.96666667,13.8,758.05,65.5,5.5,34.5,7.35
120,0,24.76,41.59666667,23.79,39.32666667,25.35666667,38.06,24.29,39.76,23.79,44.29,15.03333333,1,23.5,33.9,24.65714286,40.02428571,22.7,37.76666667,13.6,758.0333333,65.33333333,5.666666667,32.66666667,7.2
120,0,24.79,41.46666667,23.7,39.2,25.39,38.09,24.29,39.96333333,23.79,44.156,15,1,23.5,33.9,24.754,40.68,22.66666667,37.56,13.4,758.0166667,65.16666667,5.833333333,30.83333333,7.05
110,0,24.79,41.32666667,23.7,39.2,25.46333333,38.09,24.29,40.22333333,24.29,61.27857143,14.92666667,1,23.5,33.9,24.83285714,40.81428571,22.6,37.5,13.3,758,65,6,29,6.9
160,0,24.76,41.22333333,23.66666667,39.06,25.5,38.2,24.29,40.43333333,25.336,79.334,14.96666667,1,23.5,33.86333333,24.79,40.52,22.66666667,37.66333333,13.2,757.9666667,66,6,28.83333333,6.95
110,0,24.7,41.09,23.6,39,25.5,38.26,24.29,40.545,24.89571429,78.62571429,15.95,1,23.5,33.86333333,24.79,41.11,22.6,37.53,13,757.9333333,67,6,28.66666667,7
110,0,24.7,40.9,23.6,39,25.5,38.32666667,24.29,40.62666667,24.39,76.814,16.9,1,23.42666667,33.79,24.79,41.42,22.6,37.4,12.9,757.9,68,6,28.5,7.05
120,0,24.7,40.9,23.53333333,39.06,25.5,38.4,24.29,40.57,24.42142857,74.86714286,16.83333333,1,23.4725,33.7675,24.79,41.56428571,22.53333333,37.32666667,12.7,757.8666667,69,6,28.33333333,7.1
130,0,24.7,40.83333333,23.5,39.12666667,25.46333333,38.43333333,24.29,40.51333333,24.37,72.736,15.83333333,1,23.39,33.7,24.79,41.5,22.5,37.16333333,12.6,757.8333333,70,6,28.16666667,7.15
120,0,24.7,40.7,23.42666667,39.12666667,25.39,38.5,24.29,40.45666667,24.26428571,68.89571429,14.76666667,1,23.39,33.59,24.86142857,41.39857143,22.5,37.045,12.4,757.8,71,6,28,7.2
100,0,24.7,40.745,23.29,39.23,25.39,38.545,24.29,40.4,24.29,71.236,13.76666667,1.066666667,23.39,33.59,24.85,41.434,22.42666667,36.93333333,12.2,757.85,71,5.833333333,28.16666667,7.02
90,0,24.7,40.79,23.29,39.43,25.29,38.59,24.29,40.32666667,24.02142857,60.68142857,12.66333333,4.033333333,23.39,33.59,24.89,41.76428571,22.42666667,36.93333333,12,757.9,71,5.666666667,28.33333333,6.83
110,0,24.7,40.73,23.2,39.62666667,25.29,38.66333333,24.29,40.22333333,23.66,53.4375,12.19666667,6.1,23.39,33.59,24.89,42.334,22.42666667,36.93333333,11.9,757.95,71,5.5,28.5,6.65
80,0,24.7,40.76,23.2,39.76,25.26,38.7,24.23,40.03,23.414,50.016,11.7,8.096666667,23.35666667,33.59,24.95285714,42.55,22.42666667,36.93333333,11.7,758,71,5.333333333,28.66666667,6.47
80,0,24.7,40.7,23.1,39.9,25.2,38.7,24.2,39.86333333,23.22571429,47.73857143,11.36666667,9.43,23.29,33.59,25,42.6,22.42666667,36.82666667,11.5,758.05,71,5.166666667,28.83333333,6.28
80,10,24.66666667,40.66333333,23.03333333,39.82666667,25.16666667,38.73,24.2,39.73,23.1,45.656,11.03,11.39666667,23.29,33.59,25.02857143,43.2,22.42666667,36.76666667,11.3,758.1,71,5,29,6.1
90,0,24.6,40.53,22.96333333,40.03,25.16666667,38.79,24.13333333,39.66333333,22.95142857,44.50428571,10.89,12.79666667,23.29,33.59,25.1,44.49,22.39,36.7,11.1,758.1,71,5,29,5.97
80,0,24.6,40.4,22.89,40.09,25.13333333,38.7,24.12,39.572,22.812,43.614,10.89,14.33333333,23.29,33.82666667,25.1,45.11,22.39,36.775,11,758.1,71,5,29,5.83
70,10,24.6,40.32666667,22.79,40.23,25.2,38.7,24.1,39.5,22.67142857,42.73285714,10.83,14.93333333,23.29,34.02666667,25.1,45.178,22.39,37.19333333,10.8,758.1,71,5,29,5.7
60,20,24.6,40.29,22.7675,40.47,25.2,38.7,24.1,39.65666667,22.456,41.836,10.66,13.66333333,23.29,34.2,25.1,45.02571429,22.42666667,37.69333333,10.6,758.1,71,5,29,5.57
80,20,24.6,40.29,22.7,40.59,25.2,38.7,24.1,39.93,22.33285714,41.31285714,10.46,13.39,23.29,34.26,25.1,45.134,22.5,38.02666667,10.5,758.1,71,5,29,5.43
60,30,24.56666667,40.2,22.6,40.62666667,25.2,38.79,24.2,40.26666667,22.29,40.98,10.12666667,14.02666667,23.29,34.425,25.05714286,45.35428571,22.42666667,38.26666667,10.3,758.1,71,5,29,5.3
70,20,24.5,40.26,22.53333333,40.7,25.2,38.79,24.2,40.46666667,22.29,40.32428571,9.926666667,15.3,23.29,34.5,25.08,45.638,22.5,38.46666667,10.2,758.1,72.33333333,4.666666667,29,5.45
60,20,24.56666667,40.16333333,22.46333333,40.7,25.2,38.82666667,24.23,40.56666667,22.29,39.856,9.745,17.195,23.29,34.59,25,46.03571429,22.42666667,38.62666667,10.1,758.1,73.66666667,4.333333333,29,5.6
60,20,24.5,40.09,22.39,40.76,25.2,38.9,24.29,40.7,22.23857143,39.54142857,9.6,18.46,23.29,34.59,24.9725,46.00875,22.5,38.76,10,758.1,75,4,29,5.75
70,20,24.5,40.09,22.35666667,40.93333333,25.2,38.9,24.29,40.73,22.18,39.316,9.533333333,18.93333333,23.2,34.59,24.89,45.79,22.5,38.93333333,9.9,758.1,76.33333333,3.666666667,29,5.9
50,20,24.42666667,40.03,22.29,41.06,25.2,38.96666667,24.29,40.79,22.1,39.16857143,9.5,19.73333333,23.2,34.66333333,24.83285714,45.76714286,22.5,39.06,9.8,758.1,77.66666667,3.333333333,29,6.05
70,10,24.39,40,22.26,41.16333333,25.2,39,24.39,40.82666667,22,38.834,9.426666667,20.19333333,23.26,34.76,24.81,46,22.5,39.2225,9.7,758.1,79,3,29,6.2
50,0,24.39,40.06,22.2,41.16333333,25.2,39.06,24.39,40.82666667,21.98428571,38.79285714,9.39,20.8,23.2,34.7675,24.81857143,46.2,22.5,39.345,9.63,758.1166667,79.33333333,2.666666667,29,6.18
60,0,24.35666667,40.32666667,22.16666667,41.32666667,25.2,39.06,24.39,40.86333333,21.87,38.7,9.345,21.35,23.2,34.79,24.79,46.09,22.5,39.525,9.57,758.1333333,79.66666667,2.333333333,29,6.17
60,0,24.29,40.4,22.1,41.4,25.2,39.06,24.32333333,40.79,21.79,38.62142857,9.3,22.175,23.2,34.82666667,24.79,46.09,22.5,39.83333333,9.5,758.15,80,2,29,6.15
50,0,24.29,40.4,22,41.43333333,25.2,39.145,24.29,40.59,21.79,38.7,9.226666667,22.56666667,23.2,34.9,24.736,46.112,22.5,40.15666667,9.43,758.1666667,80.33333333,1.666666667,29,6.13
60,0,24.26,40.36333333,22,41.56,25.29,39.32666667,24.29,40.53,21.71285714,38.71285714,9.1,23.25833333,23.2,34.9,24.7,46.2,22.5,40.458,9.37,758.1833333,80.66666667,1.333333333,29,6.12
60,0,24.26,40.36333333,21.96333333,41.7,25.29,39.4,24.2,40.36333333,21.68,38.772,9.055555556,23.94111111,23.2,34.98,24.7,46.09,22.5,40.5,9.3,758.2,81,1,29,6.1
50,0,24.2,40.29,21.89,41.76,25.39,39.43333333,24.2,40.23,21.57142857,38.7,9,24.59666667,23.2,35,24.7,46.01285714,22.5,40.55,9.22,758.1833333,81.83333333,1,29,6.17
60,0,24.2,40.29,21.85666667,41.9,25.39,39.5,24.2,40.06,21.5,38.7,8.963333333,25.26333333,23.2,35,24.64,45.94,22.5,40.83333333,9.13,758.1666667,82.66666667,1,29,6.23
50,0,24.2,40.32666667,21.79,41.9,25.39,39.53,24.13333333,39.93333333,21.43714286,38.71285714,8.89,26.06333333,23.2,35,24.6,45.9,22.5,41.06666667,9.05,758.15,83.5,1,29,6.3
50,0,24.2,40.4,21.79,42.03,25.39,39.59,24.1,39.845,21.39,38.772,8.763333333,26.49333333,23.2,35.09,24.6,46,22.525,41.32,8.97,758.1333333,84.33333333,1,29,6.37
50,0,24.16666667,40.4,21.73,42.09,25.39,39.62666667,24.06666667,39.76,21.31857143,38.76428571,8.63,27.23333333,23.2,35.09,24.6,46.05142857,22.53333333,41.56,8.88,758.1166667,85.16666667,1,29,6.43
50,0,24.1,40.4,21.7,42.245,25.39,39.7,24,39.62666667,21.2675,38.8725,8.566666667,27.96,23.1,35.09,24.6,46.076,22.5,41.76666667,8.8,758.1,86,1,29,6.5
50,0,24.1,40.4,21.7,42.29,25.39,39.7,24,39.59,21.2,38.79,8.426666667,28.89333333,23.1,35.09,24.57142857,46.16857143,22.56666667,41.96666667,8.65,758.05,87,1,29,6.52
50,0,24.1,40.4,21.7,42.36333333,25.39,39.7,24,39.53,21.14285714,38.79,8.29,29.645,23.2,35.12666667,24.5,45.856,22.6,42.26666667,8.5,758,88,1,29,6.53
50,0,24.1,40.4,21.6,42.4,25.39,39.73,24,39.5,21.1,38.79,7.933333333,29.55666667,23.13333333,35.2,24.54285714,45.69714286,22.53333333,42.52666667,8.35,757.95,89,1,29,6.55
70,0,24.03333333,40.32666667,21.6,42.46666667,25.39,39.79,24,39.5,21.02857143,38.72571429,7.726666667,30.09666667,23.1,35.2,24.54,45.494,22.6,42.82666667,8.2,757.9,90,1,29,6.57
50,0,24,40.29,21.56666667,42.53,25.39,39.79,23.89,39.5,20.956,38.7,7.433333333,30.76333333,23.1,35.2,24.5,45.19428571,22.6,42.96666667,8.05,757.85,91,1,29,6.58
60,0,24,40.29,21.56666667,42.59,25.46333333,39.86333333,23.89,39.5,20.89,38.7,7.16,31.89666667,23.1,35.2,24.5,44.9,22.6,43.12666667,7.9,757.8,92,1,29,6.6
50,0,24,40.29,21.5,42.59,25.5,39.86333333,23.82333333,39.43333333,20.83,38.58,6.896666667,32.66666667,23.1,35.2,24.5,44.73857143,22.6,43.2,7.83,757.7666667,92,1,29,6.55
50,0,24,40.29,21.42666667,42.59,25.5,39.86333333,23.82333333,39.43333333,20.72571429,38.42857143,6.623333333,33.13333333,23.1,35.26,24.5,44.634,22.6,43.32666667,7.77,757.7333333,92,1,29,6.5
60,0,24,40.4,21.42666667,42.65666667,25.5,39.9,23.79,39.29,20.7,38.29,6.366666667,33.92666667,23.1,35.2,24.46857143,44.56428571,22.6,43.46666667,7.7,757.7,92,1,29,6.45
60,0,24,40.32666667,21.42666667,42.73,25.5,39.9,23.79,39.29,20.65714286,38.19714286,6.16,34.33333333,23.1,35.26,24.39,44.29,22.6,43.62666667,7.63,757.6666667,92,1,29,6.4
60,0,23.89,40.4,21.35666667,42.7,25.5,39.9,23.79,39.26,20.58,38.09,5.966666667,34.92666667,23.1,35.2,24.39,44.22285714,22.6,43.7,7.57,757.6333333,92,1,29,6.35
40,0,23.89,40.345,21.29,42.7,25.445,39.9,23.79,39.2,20.5,38.02571429,5.833333333,35.4,23.1,35.2,24.39,44.06,22.6,43.82666667,7.5,757.6,92,1,29,6.3
50,0,23.82333333,40.32666667,21.29,42.79,25.5,39.9,23.76,39.2,20.434,37.9,5.656666667,35.69333333,23.1,35.2,24.39,43.86714286,22.6,43.9,7.32,757.55,92.16666667,1,28.5,6.13
50,0,23.85666667,40.29,21.23,42.73,25.39,39.82666667,23.7,39.2,20.36285714,37.80571429,5.53,36.23333333,23.1,35.2,24.39,43.72571429,22.6,44.03,7.13,757.5,92.33333333,1,28,5.97
50,0,23.79,40.29,21.2,42.79,25.39,39.9,23.7,39.12666667,20.33,37.736,5.433333333,37.26666667,23.06666667,35.16333333,24.33,43.7,22.6,44.16333333,6.95,757.45,92.5,1,27.5,5.8
50,0,23.79,40.29,21.2,42.79,25.39,39.9,23.7,39.12666667,20.22571429,37.66857143,5.5,38.19333333,23.06666667,35.16333333,24.30428571,43.68428571,22.6,44.2,6.77,757.4,92.66666667,1,27,5.63
50,0,23.79,40.29,21.16666667,42.79,25.39,39.9,23.7,39.09,20.2,37.7,5.5,38.56666667,23.06666667,35.16333333,24.29,43.656,22.65,44.3225,6.58,757.35,92.83333333,1,26.5,5.47
50,0,23.76,40.29,21.1,42.79,25.39,39.93333333,23.7,39.09,20.14285714,37.75142857,5.425,38.85,23,35.09,24.29,43.7,22.6,44.36333333,6.4,757.3,93,1,26,5.3
60,0,23.7,40.29,21.05,42.845,25.39,40,23.63333333,39.03,20.08,37.79,5.4,39.02666667,23,35.09,24.254,43.554,22.6,44.5,6.37,757.2833333,93.16666667,1,25.83333333,5.3
60,0,23.7,40.29,21,42.9,25.39,40,23.66666667,39.06,20,37.82142857,5.433333333,39.59666667,23,35.09,24.26428571,43.56428571,22.6,44.56,6.33,757.2666667,93.33333333,1,25.66666667,5.3
50,0,23.7,40.29,21,42.9,25.32333333,40,23.6,39,19.89,37.9,5.5,39.65666667,23,35.09,24.2,43.44,22.6,44.59,6.3,757.25,93.5,1,25.5,5.3
50,0,23.7,40.29,21,42.9,25.39,40,23.6,39,19.89,37.9,5.5,39.89,23,35.09,24.2,43.4,22.6,44.59,6.27,757.2333333,93.66666667,1,25.33333333,5.3
60,0,23.63333333,40.23,20.92666667,42.9,25.39,40,23.6,39,19.83,37.9,5.5,40.09,23,35.09,24.2,43.29,22.6,44.7,6.23,757.2166667,93.83333333,1,25.16666667,5.3
60,0,23.6,40.2,20.89,43,25.39,39.9,23.6,39,19.79,37.97142857,5.4,40.13333333,23,35.09,24.2,43.29,22.6,44.7,6.2,757.2,94,1,25,5.3
80,0,23.6,40.33333333,20.89,43.06,25.39,39.96666667,23.53333333,39,19.7,38.09,5.466666667,40.86,23,35.09,24.2,43.272,22.6,44.73,6.18,757.1666667,94.5,1,24.83333333,5.37
50,10,23.6,40.83333333,20.85666667,43.56666667,25.26,39.26666667,23.5,39,19.7,39.08125,5.563333333,41.6,23,35.09,24.17142857,43.26428571,22.6,44.79,6.17,757.1333333,95,1,24.66666667,5.43
50,0,23.66666667,40.56666667,20.79,43.7,25.13333333,38.66666667,23.5,38.93333333,19.65714286,40.41,5.763333333,42.19333333,23,35.09,24.16,43.4,22.6,44.76,6.15,757.1,95.5,1,24.5,5.5
50,0,23.6,40.09333333,20.7,43.29666667,24.96333333,37.83333333,23.46333333,38.56333333,19.68,41.094,6.123333333,43.06666667,22.92666667,35.09,24.1,43.32428571,22.6,44.76,6.13,757.0666667,96,1,24.33333333,5.57
40,0,23.6,39.42666667,20.63333333,42.83,24.82333333,37.56666667,23.39,38.09666667,19.6,41.10857143,6.33,43.52666667,22.945,35.045,24.1,43.254,22.6,44.7,6.12,757.0333333,96.5,1,24.16666667,5.63
30,0,23.6,39.02666667,20.6,42.33333333,24.76,36.93,23.39,38,19.56,40.254,6.563333333,44.06666667,22.89,34.76,24.1,43.33714286,22.6,44.62666667,6.1,757,97,1,24,5.7
50,0,23.53333333,38.9,20.6,42.12666667,24.7,36.79,23.39,38,19.5,40.53714286,6.83,44.33333333,22.89,34.7,24.1,43.356,22.6,44.29666667,6.22,757.0333333,97,1,24,5.82
50,0,23.5,38.9,20.7,42.16333333,24.65,36.95,23.39,38.09,19.478,40.75,7.123333333,44.8,22.85666667,34.63333333,24.08571429,43.05571429,22.6,44.03,6.33,757.0666667,97,1,24,5.93
50,0,23.5,38.79,20.7,42.03,24.7,37.12666667,23.32333333,38.16333333,19.39,40.66857143,7.33,45.19333333,22.79,34.56,24,42.66,22.6,43.72333333,6.45,757.1,97,1,24,6.05
80,0,23.42666667,38.79,20.7,42.03,24.7,37.26,23.39,38.23,19.29,40.94,7.693333333,45.46333333,22.79,34.59,24,42.39714286,22.6,43.46333333,6.57,757.1333333,97,1,24,6.17
70,0,23.39,38.82666667,20.7,42.09,24.7,37.43333333,23.32333333,38.36333333,19.29,41.19142857,8.1,45.47,22.79,34.59,24,42.156,22.5,43.13333333,6.68,757.1666667,97,1,24,6.28
70,0,23.39,38.96666667,20.7,42.2,24.7,37.56,23.29,38.4,19.254,41.254,8.433333333,45.43,22.79,34.59,23.95285714,41.98142857,22.5,42.86,6.8,757.2,97,1,24,6.4
90,0,23.39,39.12666667,20.7,42.2,24.79,37.62666667,23.29,38.5425,19.26428571,41.26428571,8.756666667,45.16,22.79,34.59,23.89,41.878,22.5,42.545,7.05,757.2166667,96.33333333,1,24.16666667,6.55
50,0,23.39,39.33333333,20.79,42.26,24.79,37.7,23.29,38.59,19.2,41.236,9.03,44.56666667,22.79,34.59,23.89,41.72571429,22.5,42.26,7.3,757.2333333,95.66666667,1,24.33333333,6.7
60,0,23.39,39.72666667,20.815,42.3425,24.79,37.79,23.26,38.59,19.28142857,42.59428571,9.4,43.62333333,22.79,34.59,23.89,41.59,22.5,42.06666667,7.55,757.25,95,1,24.5,6.85
60,0,23.39,40,20.89,42.59,24.79,37.79,23.2,38.66333333,19.7,44.656,9.733333333,42.82333333,22.7,34.62666667,23.84,41.43375,22.5,41.72333333,7.8,757.2666667,94.33333333,1,24.66666667,7
60,10,23.39,40,20.92666667,42.53,24.7,37.7,23.26,38.79,20.19714286,45.78571429,10.25666667,41.32333333,22.7,34.7,23.79,41.35285714,22.5,41.53,8.05,757.2833333,93.66666667,1,24.83333333,7.15
70,20,23.39,40.06,21,42.59,24.7,37.76,23.2,38.86333333,20.434,45.59,10.46333333,38.39666667,22.76,34.59,23.79,41.356,22.46333333,41.43,8.3,757.3,93,1,25,7.3
110,30,23.39,40.16333333,21,42.63333333,24.7,37.93333333,23.16666667,38.26666667,20.5,45.19142857,10.75666667,35.56,22.7,34.59,23.79,41.36857143,22.39,41.23,8.47,757.3,91.66666667,1,25.66666667,7.23
60,20,23.39,40.03,21.06666667,42.5,24.7,38,23.1,38.52666667,20.396,44.078,11.09,33.1,22.7,35,23.79,41.29,22.39,41.06,8.63,757.3,90.33333333,1,26.33333333,7.17
110,20,23.39,39.96666667,21.13333333,42.22333333,24.79,38,23.2,38.93333333,20.12857143,42.52285714,11.36666667,29.12333333,22.7,35.46,23.71285714,41.02285714,22.39,40.86,8.8,757.3,89,1,27,7.1
70,20,23.39,39.9,21.2,42.03,24.79,38.13333333,23.2,39,19.956,41.82,11.62666667,26.52333333,22.66666667,35.26666667,23.7,40.396,22.46333333,40.3,8.97,757.3,87.66666667,1,27.66666667,7.03
80,20,23.32333333,39.9,21.23,41.83333333,24.79,38.29,23.29,39.2,19.83285714,41.55428571,12.05666667,25.66,22.6,34.8,23.7,40.91142857,22.32333333,39.63333333,9.13,757.3,86.33333333,1,28.33333333,6.97
100,30,23.39,39.82666667,21.35666667,41.56666667,24.79,38.29,23.29,39.26,19.772,41.418,12.46333333,22.53333333,22.6,34.56,23.6,41.156,22.2,38.99,9.3,757.3,85,1,29,6.9
110,20,23.35666667,39.59,21.56666667,41.19333333,24.82333333,38.32666667,23.39,39.29,19.7,41.14,12.92666667,18.53,22.525,34.425,23.62857143,40.91857143,22.2,38.86333333,9.47,757.2833333,83.5,1,28.83333333,6.78
70,20,23.29,39.46333333,21.96666667,40.66666667,24.89,38.4,23.46333333,39.29,19.6,40.416,13.2,12.79666667,22.5,34.32666667,23.6,40.732,22.16666667,40.43333333,9.63,757.2666667,82,1,28.66666667,6.67
90,20,23.39,39.7,22.46,40.06,24.89,38.36333333,23.5,39.32666667,19.51428571,40.16285714,13.49,11.25666667,22.5,34.29,23.6,40.44,22.1,39.43333333,9.8,757.25,80.5,1,28.5,6.55
80,20,23.39,39.75,23.12666667,40,24.89,38.29,23.56666667,39.4,19.445,39.7125,14.02333333,6.33,22.5,34.29,23.6,40.2,22,38.42333333,9.97,757.2333333,79,1,28.33333333,6.43
90,30,23.39,40.02666667,24.13333333,38.73333333,24.89,38.36333333,23.63333333,39.43333333,19.39,39.4,14.345,3.3,22.5,34.16333333,23.58571429,39.99714286,22,37.89,10.1,757.2166667,77.5,1,28.16666667,6.32
50,20,23.39,40.86666667,24.13333333,38,24.89,38.4,23.7,39.5,19.39,39.25714286,14.62666667,2.596666667,22.5,34.03,23.54,39.834,21.96333333,37.26666667,10.3,757.2,76,1,28,6.2
100,20,23.46333333,41.33333333,24.09666667,37.86333333,24.89,38.4,23.79,39.36,19.39,39.82,14.83333333,2.79,22.5,34.13333333,23.5,39.82142857,21.89,36.93333333,10.7,757.1666667,73.5,1,28.16666667,6.05
70,0,23.39,41.05666667,24.35666667,37.06333333,24.92666667,38.4,23.745,38.595,19.39,40.44142857,15.56333333,1,22.5,34.52666667,23.5,40,21.89,36.845,11.1,757.1333333,71,1,28.33333333,5.9
120,10,23.39,40.05666667,24.29,36.03,24.92666667,38.32666667,23.66,37.854,19.39,40.436,15.56333333,1,22.56666667,34.59,23.5,39.89857143,21.89,36.83333333,11.4,757.1,68.5,1,28.5,5.75
80,0,23.39,39.26666667,24.23,35.75666667,24.92666667,38.26,23.6,37.52666667,19.34714286,40.26428571,15.4,1,22.5,34.53,23.5,39.772,21.89,36.56666667,11.8,757.0666667,66,1,28.66666667,5.6
50,0,23.39,38.8,24.2,34.84,25,38.2,23.6,37.26666667,19.39,40.356,16,1,22.5,34.46666667,23.5,39.7,21.89,36.33333333,12.2,757.0333333,63.5,1,28.83333333,5.45
60,0,23.39,38.83333333,24.42666667,34.63333333,24.85666667,37.93,23.6,37.09,19.39,40.10571429,16.79333333,1,22.5,34.32666667,23.5,39.554,21.82333333,36.12666667,12.6,757,61,1,29,5.3
50,0,23.39,38.7,24.56666667,34.82666667,24.85666667,38.06333333,23.66666667,37.16333333,19.37,39.856,16.26666667,1,22.53333333,34.22333333,23.48428571,39.47,21.79,36.2,12.7,756.9666667,61.33333333,1,28.33333333,5.48
50,0,23.39,38.59,24.63333333,34.66333333,24.89,38.23,23.7,37.29,19.29,39.7,16.7,1,22.6,33.96333333,23.456,39.316,21.79,35.92666667,12.8,756.9333333,61.66666667,1,27.66666667,5.67
50,0,23.39,38.46333333,24.76,34.46333333,24.96333333,38.23,23.76,37.29,19.35,39.634,17.03333333,1,22.56666667,33.79,23.5,39.16857143,21.7,35.76666667,12.9,756.9,62,1,27,5.85
50,0,23.39,38.36333333,24.79,34.26,24.96333333,38.29,23.79,37.4,19.29,39.75142857,16.46333333,1,22.56666667,33.79,23.456,39.09,21.7,35.96666667,13.1,756.8666667,62.33333333,1,26.33333333,6.03
40,0,23.39,38.29,24.79,34.12666667,24.89,38.29,23.79,37.46666667,19.29,39.834,16.53,1,22.6,33.9,23.43714286,39.05142857,21.7,36.23,13.2,756.8333333,62.66666667,1,25.66666667,6.22
60,0,23.39,38.2,24.79,34,24.96333333,38.29,23.79,37.5,19.29,39.79,16.53333333,1,22.6,33.9,23.39,39,21.7,36.29,13.3,756.8,63,1,25,6.4
60,0,23.39,38.2,24.79,34,24.89,38.23,23.79,37.56,19.29,40.134,16.79333333,1,22.6,33.9,23.39,39,21.7,36.4,13.4,756.7833333,63.33333333,1,27.5,6.55
60,0,23.39,38.2,24.7,34,25,38.26,23.82333333,37.62666667,19.29,40.26428571,17.16333333,1,22.6,33.9,23.39,38.9375,21.7,36.4,13.5,756.7666667,63.66666667,1,30,6.7
50,0,23.46333333,38.26,24.63333333,33.93333333,25,38.2,23.89,37.76,19.29,40.218,17.16333333,1,22.6,33.9,23.39,38.9,21.7,36.29,13.6,756.75,64,1,32.5,6.85
60,0,23.5,38.16333333,24.6,33.93333333,25,38.2,23.89,37.79,19.29,40.32142857,17.06666667,1,22.6,33.9,23.39,38.88428571,21.63333333,36.29,13.7,756.7333333,64.33333333,1,35,7
70,0,23.5,38.09,24.6,34,25,38.2,23.89,37.79,19.29,40.32,16.78375,1,22.6,33.9,23.39,38.856,21.6,36.4,13.8,756.7166667,64.66666667,1,37.5,7.15
50,0,23.5,38.045,24.6,34,25,38.2,23.89,37.79,19.30857143,43.42428571,16.63181818,1,22.675,33.93333333,23.39,38.9,21.6,36.4,13.9,756.7,65,1,40,7.3
70,0,23.6,38.02666667,24.53333333,34,25.025,38.1725,23.89,37.79,20.398,72.772,16.97444444,1,22.7,33.9,23.39,38.834,21.63333333,36.495,14,756.6666667,63.66666667,1.166666667,38,7.12
80,0,23.6,37.9,24.56666667,34.09,25.1,38.09,23.92666667,37.79,21.66857143,81.92142857,16.97357143,1,22.7,33.9,23.39,39.21285714,21.63529412,36.61588235,14.2,756.6333333,62.33333333,1.333333333,36,6.93
70,0,23.6,37.79,24.5,34.09,25.1,38.06,24,37.79,21.06,81.276,17.17375,1,22.765,33.9,23.456,39.814,21.58461538,36.58923077,14.3,756.6,61,1.5,34,6.75
90,0,23.66666667,37.86333333,24.5,34.23,25.1,38,24,37.82666667,20.83571429,81.05142857,17.31461538,1,22.79,33.9,23.57142857,40.16857143,21.5375,36.640625,14.4,756.5666667,59.66666667,1.666666667,32,6.57
70,0,23.7,37.82666667,24.5,34.29,25.1,38.03,24,37.8725,20.64,81.216,16.87117647,1,22.79,33.9,23.7,40.4,21.575,36.79,14.6,756.5333333,58.33333333,1.833333333,30,6.38
80,0,23.7,37.82666667,24.39,34.32666667,25.1,38.09,24,37.845,20.58,81.016,16.83777778,1,22.815,33.925,23.76571429,40.35285714,21.51764706,36.74764706,14.7,756.5,57,2,28,6.2
80,0,23.73,37.79,24.4175,34.425,25.1,38,24,37.9,20.42666667,79.53333333,17.41875,1,22.87333333,33.98333333,23.85,40.334,21.58823529,36.79647059,14.7,756.4666667,57.16666667,2,30,6.25
80,0,23.79,37.79,24.5,34.5,25.1,38.06,24,37.9,20.39,76.02,17.56666667,1,22.89,34,23.89,40.22571429,21.6,36.89846154,14.7,756.4333333,57.33333333,2,32,6.3
80,0,23.82333333,37.82666667,24.42666667,34.43333333,25.1,38,24.03333333,37.93333333,20.39,72.44285714,17.67666667,1,22.90833333,33.96111111,24.04,40.236,21.60625,36.9875,14.7,756.4,57.5,2,34,6.35
70,0,23.89,37.9,24.42666667,34.43333333,25.1,38,24.05,37.95,20.39,68.36,18.03,1,23,33.9,24.07142857,40.38428571,21.64285714,37.005,14.7,756.3666667,57.66666667,2,36,6.4
90,0,23.92666667,37.93333333,24.5,34.53,25.1,38.06,24.1,38,20.39,64.01142857,18.34333333,1,23,33.9,24.16,40.48,21.62777778,37.00222222,14.7,756.3333333,57.83333333,2,38,6.45
80,0,24,38.06,24.56666667,34.66333333,25.1,38.045,24.1,38.13333333,20.39,60.854,18.6725,1,23,33.9,24.2,40.47142857,21.6,36.81444444,14.7,756.3,58,2,40,6.5
90,0,24.03333333,38.15666667,24.56666667,34.73,25.1,38.0675,24.13333333,38.56666667,20.39,59.52714286,18.89,1,23.025,33.925,24.29,40.416,21.6,36.95714286,14.9,756.2833333,57.66666667,2,40,6.6
70,0,24.1,38.23,24.5,34.79,25.1,38.09,24.2,38.7,20.39,58.434,18.92142857,1,23.1,34.06428571,24.29,40.23857143,21.67375,37.045,15.1,756.2666667,57.33333333,2,40,6.7
80,0,24.1,38.26666667,24.5,34.9,25.1,38.09,24.2,38.7,20.39,57.22571429,18.73666667,1,23.1,34.09,24.31,40.178,21.71588235,36.99411765,15.3,756.25,57,2,40,6.8
80,0,24.1,38.46666667,24.42666667,34.76666667,25.1,38.09,24.2,38.83333333,20.39,56.134,18.36222222,1,23.1,34.09,24.39,40.06428571,21.79,36.85,15.5,756.2333333,56.66666667,2,40,6.9
80,0,24.2,38.2,24.5,34.79,25.1,38.02571429,24.2,39.12666667,20.39,55.35285714,18.495625,1,23.16,34.09,24.33,39.96,21.79,36.735,15.7,756.2166667,56.33333333,2,40,7
90,0,24.2,38.12666667,24.5,34.73,25.1,37.9,24.26,39.33333333,20.456,54.756,18.71454545,1,23.2,34.156,24.39,39.9,21.79,36.7,15.9,756.2,56,2,40,7.1
420,0,24.2,38.16333333,24.46333333,34.76,25.04285714,37.88428571,24.32333333,39.65666667,20.5,54.2,18.70636364,1,23.2,34.2,24.5,39.9,21.79,36.7,15.9,756.2,55.16666667,1.833333333,37.83333333,6.88
240,0,24.2675,38.1725,24.39,34.7,25.02,37.79,24.39,39.86333333,20.6,53.62,18.76,1,23.2,34.16333333,24.5,39.82666667,21.79,36.7,15.9,756.2,54.33333333,1.666666667,35.66666667,6.67
270,0,24.29,38.12666667,24.29,34.59,25.1,37.79,24.46333333,39.63333333,20.6,53.12428571,18.56666667,1,23.2,34.09,24.6,39.7,21.79,36.7,15.9,756.2,53.5,1.5,33.5,6.45
190,0,24.39,37.99,24.29,34.59,25.1,37.79,24.39,39.43333333,20.6,52.732,18.56666667,1,23.2,34.09,24.6,39.545,21.85666667,36.76,16,756.2,52.66666667,1.333333333,31.33333333,6.23
180,0,24.39,37.79,24.23,34.62666667,25.1625,37.79,24.39,38.9,20.67142857,52.44,18.76333333,1,23.254,34.2,24.56,39.2,21.82333333,36.73,16,756.2,51.83333333,1.166666667,29.16666667,6.02
70,0,24.5,37.82666667,24.29,34.62666667,25.2,37.79,24.39,38.56666667,20.736,52.054,18.96333333,1,23.22571429,34.23857143,24.5,39.05428571,21.89,36.79,16,756.2,51,1,27,5.8
80,0,24.5,37.69333333,24.26,34.56,25.2,37.714,24.39,38.4,20.79,51.82285714,19.3,1,23.236,34.29,24.5,39,21.89,36.96333333,16.1,756.1833333,51.83333333,1.166666667,29.16666667,6.12
120,0,24.5,37.22333333,24.13333333,34.3,25.2,37.63714286,24.35666667,38.29,20.85,51.59,19.56666667,1,23.23857143,34.29,24.5,38.97142857,21.89,37.03,16.2,756.1666667,52.66666667,1.333333333,31.33333333,6.43
190,0,24.5,37.16333333,24.1,34.3,25.2,37.554,24.29,38.15666667,20.89,51.59,19.26,1,23.2,34.29,24.39,38.79,21.89,37.2,16.3,756.15,53.5,1.5,33.5,6.75
160,0,24.5,37.43333333,24.1,34.43333333,25.14285714,37.28428571,24.29,38,21,51.59,19.2,1,23.25142857,34.45428571,24.39,38.73857143,21.89,37.33333333,16.3,756.1333333,54.33333333,1.666666667,35.66666667,7.07
90,0,24.5,37.63333333,24.03333333,34.43333333,25.1,36.994,24.29,37.93333333,21.05714286,51.55142857,19.2,1,23.29,34.59,24.39,38.7,22,37.36333333,16.4,756.1166667,55.16666667,1.833333333,37.83333333,7.38
100,0,24.5,38,24,34.4,25.1,36.72571429,24.29,37.86333333,21.12,51.48,19.26,1,23.29,34.59,24.39,38.79571429,22,37.36333333,16.5,756.1,56,2,40,7.7
170,0,24.5,37.86,24,34.26666667,25,36.7,24.29,37.79,21.2,51.36857143,19.32333333,1,23.29,34.7,24.39,39.134,22,37.23,16.5,756.1,55.83333333,2,38.16666667,7.62
310,0,24.5,37.29666667,23.85666667,34.33333333,24.93714286,36.67142857,24.29,37.79,21.29,51.145,19.39,1,23.315,34.75625,24.40571429,39.62142857,22,37.36333333,16.5,756.1,55.66666667,2,36.33333333,7.53
120,0,24.5,36.96333333,23.73,34.33333333,24.85,36.5,24.29,37.79,21.31857143,50.72857143,19.43,1,23.36142857,34.94142857,24.5,40.34,22.03333333,37.39,16.4,756.1,55.5,2,34.5,7.45
120,0,24.5,37,23.7,34.4,24.84,36.45,24.29,37.9,21.39,50.3475,19.35666667,1,23.39,35,24.55,40.545,22.1,37.72333333,16.4,756.1,55.33333333,2,32.66666667,7.37
120,0,24.48831169,37.0661039,23.68305195,34.51558442,24.84207792,36.48896104,24.27831169,37.92987013,21.3887013,50.35077922,19.25463203,1.661038961,23.38753247,35.05454545,24.53896104,40.58857143,22.1,37.80744589,16.4,756.1,55.16666667,2,30.83333333,7.28
120,0,24.47662338,37.13220779,23.6661039,34.63116883,24.84415584,36.52792208,24.26662338,37.95974026,21.3874026,50.35405844,19.1525974,2.322077922,23.38506494,35.10909091,24.52792208,40.63214286,22.1,37.89155844,16.4,756.1,55,2,29,7.2
120,0,24.46493506,37.19831169,23.64915584,34.74675325,24.84623377,36.56688312,24.25493506,37.98961039,21.3861039,50.35733766,19.05056277,2.983116883,23.3825974,35.16363636,24.51688312,40.67571429,22.1,37.975671,16.4,756.1,55.33333333,1.833333333,30.83333333,7.27
130,0,24.45324675,37.26441558,23.63220779,34.86233766,24.84831169,36.60584416,24.24324675,38.01948052,21.38480519,50.36061688,18.94852814,3.644155844,23.38012987,35.21818182,24.50584416,40.71928571,22.1,38.05978355,16.3,756.1,55.66666667,1.666666667,32.66666667,7.33
110,0,24.44155844,37.33051948,23.61525974,34.97792208,24.85038961,36.64480519,24.23155844,38.04935065,21.38350649,50.3638961,18.84649351,4.305194805,23.37766234,35.27272727,24.49480519,40.76285714,22.1,38.1438961,16.3,756.1,56,1.5,34.5,7.4
120,0,24.42987013,37.39662338,23.59831169,35.09350649,24.85246753,36.68376623,24.21987013,38.07922078,21.38220779,50.36717532,18.74445887,4.966233766,23.37519481,35.32727273,24.48376623,40.80642857,22.1,38.22800866,16.3,756.1,56.33333333,1.333333333,36.33333333,7.47
110,0,24.41818182,37.46272727,23.58136364,35.20909091,24.85454545,36.72272727,24.20818182,38.10909091,21.38090909,50.37045455,18.64242424,5.627272727,23.37272727,35.38181818,24.47272727,40.85,22.1,38.31212121,16.2,756.1,56.66666667,1.166666667,38.16666667,7.53
110,0,24.40649351,37.52883117,23.56441558,35.32467532,24.85662338,36.76168831,24.19649351,38.13896104,21.37961039,50.37373377,18.54038961,6.288311688,23.37025974,35.43636364,24.46168831,40.89357143,22.1,38.39623377,16.2,756.1,57,1,40,7.6
240,0,24.39480519,37.59493506,23.54746753,35.44025974,24.8587013,36.80064935,24.18480519,38.16883117,21.37831169,50.37701299,18.43835498,6.949350649,23.36779221,35.49090909,24.45064935,40.93714286,22.1,38.48034632,16,756.1333333,58.16666667,1.166666667,37.66666667,7.73
440,0,24.38311688,37.66103896,23.53051948,35.55584416,24.86077922,36.83961039,24.17311688,38.1987013,21.37701299,50.38029221,18.33632035,7.61038961,23.36532468,35.54545455,24.43961039,40.98071429,22.1,38.56445887,15.8,756.1666667,59.33333333,1.333333333,35.33333333,7.87
160,0,24.37142857,37.72714286,23.51357143,35.67142857,24.86285714,36.87857143,24.16142857,38.22857143,21.37571429,50.38357143,18.23428571,8.271428571,23.36285714,35.6,24.42857143,41.02428571,22.1,38.64857143,15.7,756.2,60.5,1.5,33,8
80,0,24.35974026,37.79324675,23.49662338,35.78701299,24.86493506,36.91753247,24.14974026,38.25844156,21.37441558,50.38685065,18.13225108,8.932467532,23.36038961,35.65454545,24.41753247,41.06785714,22.1,38.73268398,15.5,756.2333333,61.66666667,1.666666667,30.66666667,8.13
110,10,24.34805195,37.85935065,23.47967532,35.9025974,24.86701299,36.95649351,24.13805195,38.28831169,21.37311688,50.39012987,18.03021645,9.593506494,23.35792208,35.70909091,24.40649351,41.11142857,22.1,38.81679654,15.3,756.2666667,62.83333333,1.833333333,28.33333333,8.27
70,20,24.33636364,37.92545455,23.46272727,36.01818182,24.86909091,36.99545455,24.12636364,38.31818182,21.37181818,50.39340909,17.92818182,10.25454545,23.35545455,35.76363636,24.39545455,41.155,22.1,38.90090909,15.1,756.3,64,2,26,8.4
70,0,24.32467532,37.99155844,23.44577922,36.13376623,24.87116883,37.03441558,24.11467532,38.34805195,21.37051948,50.39668831,17.82614719,10.91558442,23.35298701,35.81818182,24.38441558,41.19857143,22.1,38.98502165,14.8,756.35,65.83333333,1.833333333,28.33333333,8.47
50,0,24.31298701,38.05766234,23.42883117,36.24935065,24.87324675,37.07337662,24.10298701,38.37792208,21.36922078,50.39996753,17.72411255,11.57662338,23.35051948,35.87272727,24.37337662,41.24214286,22.1,39.0691342,14.4,756.4,67.66666667,1.666666667,30.66666667,8.53
50,0,24.3012987,38.12376623,23.41188312,36.36493506,24.87532468,37.11233766,24.0912987,38.40779221,21.36792208,50.40324675,17.62207792,12.23766234,23.34805195,35.92727273,24.36233766,41.28571429,22.1,39.15324675,14.1,756.45,69.5,1.5,33,8.6
60,0,24.28961039,38.18987013,23.39493506,36.48051948,24.8774026,37.1512987,24.07961039,38.43766234,21.36662338,50.40652597,17.52004329,12.8987013,23.34558442,35.98181818,24.3512987,41.32928571,22.1,39.23735931,13.8,756.5,71.33333333,1.333333333,35.33333333,8.67
40,0,24.27792208,38.25597403,23.37798701,36.5961039,24.87948052,37.19025974,24.06792208,38.46753247,21.36532468,50.40980519,17.41800866,13.55974026,23.34311688,36.03636364,24.34025974,41.37285714,22.1,39.32147186,13.4,756.55,73.16666667,1.166666667,37.66666667,8.73
50,0,24.26623377,38.32207792,23.36103896,36.71168831,24.88155844,37.22922078,24.05623377,38.4974026,21.36402597,50.41308442,17.31597403,14.22077922,23.34064935,36.09090909,24.32922078,41.41642857,22.1,39.40558442,13.1,756.6,75,1,40,8.8
50,0,24.25454545,38.38818182,23.34409091,36.82727273,24.88363636,37.26818182,24.04454545,38.52727273,21.36272727,50.41636364,17.21393939,14.88181818,23.33818182,36.14545455,24.31818182,41.46,22.1,39.48969697,12.9,756.6166667,76.83333333,1.333333333,37.16666667,8.88
60,0,24.24285714,38.45428571,23.32714286,36.94285714,24.88571429,37.30714286,24.03285714,38.55714286,21.36142857,50.41964286,17.11190476,15.54285714,23.33571429,36.2,24.30714286,41.50357143,22.1,39.57380952,12.6,756.6333333,78.66666667,1.666666667,34.33333333,8.97
50,0,24.23116883,38.52038961,23.31019481,37.05844156,24.88779221,37.3461039,24.02116883,38.58701299,21.36012987,50.42292208,17.00987013,16.2038961,23.33324675,36.25454545,24.2961039,41.54714286,22.1,39.65792208,12.4,756.65,80.5,2,31.5,9.05
60,0,24.21948052,38.58649351,23.29324675,37.17402597,24.88987013,37.38506494,24.00948052,38.61688312,21.35883117,50.4262013,16.9078355,16.86493506,23.33077922,36.30909091,24.28506494,41.59071429,22.1,39.74203463,12.1,756.6666667,82.33333333,2.333333333,28.66666667,9.13
50,0,24.20779221,38.6525974,23.2762987,37.28961039,24.89194805,37.42402597,23.99779221,38.64675325,21.35753247,50.42948052,16.80580087,17.52597403,23.32831169,36.36363636,24.27402597,41.63428571,22.1,39.82614719,11.9,756.6833333,84.16666667,2.666666667,25.83333333,9.22
60,0,24.1961039,38.7187013,23.25935065,37.40519481,24.89402597,37.46298701,23.9861039,38.67662338,21.35623377,50.43275974,16.70376623,18.18701299,23.32584416,36.41818182,24.26298701,41.67785714,22.1,39.91025974,11.6,756.7,86,3,23,9.3
50,0,24.18441558,38.78480519,23.2424026,37.52077922,24.8961039,37.50194805,23.97441558,38.70649351,21.35493506,50.43603896,16.6017316,18.84805195,23.32337662,36.47272727,24.25194805,41.72142857,22.1,39.99437229,11.5,756.75,87,2.833333333,29.5,9.35
60,0,24.17272727,38.85090909,23.22545455,37.63636364,24.89818182,37.54090909,23.96272727,38.73636364,21.35363636,50.43931818,16.49969697,19.50909091,23.32090909,36.52727273,24.24090909,41.765,22.1,40.07848485,11.3,756.8,88,2.666666667,36,9.4
50,0,24.16103896,38.91701299,23.20850649,37.75194805,24.90025974,37.57987013,23.95103896,38.76623377,21.35233766,50.4425974,16.39766234,20.17012987,23.31844156,36.58181818,24.22987013,41.80857143,22.1,40.1625974,11.2,756.85,89,2.5,42.5,9.45
50,0,24.14935065,38.98311688,23.19155844,37.86753247,24.90233766,37.61883117,23.93935065,38.7961039,21.35103896,50.44587662,16.29562771,20.83116883,23.31597403,36.63636364,24.21883117,41.85214286,22.1,40.24670996,11.1,756.9,90,2.333333333,49,9.5
50,0,24.13766234,39.04922078,23.17461039,37.98311688,24.90441558,37.65779221,23.92766234,38.82597403,21.34974026,50.44915584,16.19359307,21.49220779,23.31350649,36.69090909,24.20779221,41.89571429,22.1,40.33082251,10.9,756.95,91,2.166666667,55.5,9.55
50,0,24.12597403,39.11532468,23.15766234,38.0987013,24.90649351,37.69675325,23.91597403,38.85584416,21.34844156,50.45243506,16.09155844,22.15324675,23.31103896,36.74545455,24.19675325,41.93928571,22.1,40.41493506,10.8,757,92,2,62,9.6
50,0,24.11428571,39.18142857,23.14071429,38.21428571,24.90857143,37.73571429,23.90428571,38.88571429,21.34714286,50.45571429,15.98952381,22.81428571,23.30857143,36.8,24.18571429,41.98285714,22.1,40.49904762,10.8,757,92.16666667,2,62,9.58
50,0,24.1025974,39.24753247,23.12376623,38.32987013,24.91064935,37.77467532,23.8925974,38.91558442,21.34584416,50.45899351,15.88748918,23.47532468,23.3061039,36.85454545,24.17467532,42.02642857,22.1,40.58316017,10.7,757,92.33333333,2,62,9.57
60,0,24.09090909,39.31363636,23.10681818,38.44545455,24.91272727,37.81363636,23.88090909,38.94545455,21.34454545,50.46227273,15.78545455,24.13636364,23.30363636,36.90909091,24.16363636,42.07,22.1,40.66727273,10.7,757,92.5,2,62,9.55
50,0,24.07922078,39.37974026,23.08987013,38.56103896,24.91480519,37.8525974,23.86922078,38.97532468,21.34324675,50.46555195,15.68341991,24.7974026,23.30116883,36.96363636,24.1525974,42.11357143,22.1,40.75138528,10.7,757,92.66666667,2,62,9.53
60,0,24.06753247,39.44584416,23.07292208,38.67662338,24.91688312,37.89155844,23.85753247,39.00519481,21.34194805,50.46883117,15.58138528,25.45844156,23.2987013,37.01818182,24.14155844,42.15714286,22.1,40.83549784,10.6,757,92.83333333,2,62,9.52
60,0,24.05584416,39.51194805,23.05597403,38.79220779,24.91896104,37.93051948,23.84584416,39.03506494,21.34064935,50.47211039,15.47935065,26.11948052,23.29623377,37.07272727,24.13051948,42.20071429,22.1,40.91961039,10.6,757,93,2,62,9.5
60,0,24.04415584,39.57805195,23.03902597,38.90779221,24.92103896,37.96948052,23.83415584,39.06493506,21.33935065,50.47538961,15.37731602,26.78051948,23.29376623,37.12727273,24.11948052,42.24428571,22.1,41.00372294,10.5,757,93.33333333,2,61.83333333,9.42
50,0,24.03246753,39.64415584,23.02207792,39.02337662,24.92311688,38.00844156,23.82246753,39.09480519,21.33805195,50.47866883,15.27528139,27.44155844,23.2912987,37.18181818,24.10844156,42.28785714,22.1,41.0878355,10.3,757,93.66666667,2,61.66666667,9.33
50,0,24.02077922,39.71025974,23.00512987,39.13896104,24.92519481,38.0474026,23.81077922,39.12467532,21.33675325,50.48194805,15.17324675,28.1025974,23.28883117,37.23636364,24.0974026,42.33142857,22.1,41.17194805,10.2,757,94,2,61.5,9.25
60,0,24.00909091,39.77636364,22.98818182,39.25454545,24.92727273,38.08636364,23.79909091,39.15454545,21.33545455,50.48522727,15.07121212,28.76363636,23.28636364,37.29090909,24.08636364,42.375,22.1,41.25606061,10.1,757,94.33333333,2,61.33333333,9.17
50,0,23.9974026,39.84246753,22.97123377,39.37012987,24.92935065,38.12532468,23.7874026,39.18441558,21.33415584,50.48850649,14.96917749,29.42467532,23.2838961,37.34545455,24.07532468,42.41857143,22.1,41.34017316,9.93,757,94.66666667,2,61.16666667,9.08
50,0,23.98571429,39.90857143,22.95428571,39.48571429,24.93142857,38.16428571,23.77571429,39.21428571,21.33285714,50.49178571,14.86714286,30.08571429,23.28142857,37.4,24.06428571,42.46214286,22.1,41.42428571,9.8,757,95,2,61,9
40,0,23.97402597,39.97467532,22.93733766,39.6012987,24.93350649,38.20324675,23.76402597,39.24415584,21.33155844,50.49506494,14.76510823,30.74675325,23.27896104,37.45454545,24.05324675,42.50571429,22.1,41.50839827,9.67,757,95,1.833333333,58.66666667,8.88
50,0,23.96233766,40.04077922,22.92038961,39.71688312,24.93558442,38.24220779,23.75233766,39.27402597,21.33025974,50.49834416,14.66307359,31.40779221,23.27649351,37.50909091,24.04220779,42.54928571,22.1,41.59251082,9.53,757,95,1.666666667,56.33333333,8.77
50,0,23.95064935,40.10688312,22.90344156,39.83246753,24.93766234,38.28116883,23.74064935,39.3038961,21.32896104,50.50162338,14.56103896,32.06883117,23.27402597,37.56363636,24.03116883,42.59285714,22.1,41.67662338,9.4,757,95,1.5,54,8.65
60,0,23.93896104,40.17298701,22.88649351,39.94805195,24.93974026,38.32012987,23.72896104,39.33376623,21.32766234,50.5049026,14.45900433,32.72987013,23.27155844,37.61818182,24.02012987,42.63642857,22.1,41.76073593,9.27,757,95,1.333333333,51.66666667,8.53
50,0,23.92727273,40.23909091,22.86954545,40.06363636,24.94181818,38.35909091,23.71727273,39.36363636,21.32636364,50.50818182,14.3569697,33.39090909,23.26909091,37.67272727,24.00909091,42.68,22.1,41.84484848,9.13,757,95,1.166666667,49.33333333,8.42
60,0,23.91558442,40.30519481,22.8525974,40.17922078,24.9438961,38.39805195,23.70558442,39.39350649,21.32506494,50.51146104,14.25493506,34.05194805,23.26662338,37.72727273,23.99805195,42.72357143,22.1,41.92896104,9,757,95,1,47,8.3
50,0,23.9038961,40.3712987,22.83564935,40.29480519,24.94597403,38.43701299,23.6938961,39.42337662,21.32376623,50.51474026,14.15290043,34.71298701,23.26415584,37.78181818,23.98701299,42.76714286,22.1,42.01307359,8.93,757,95,1,47.5,8.23
60,0,23.89220779,40.4374026,22.8187013,40.41038961,24.94805195,38.47597403,23.68220779,39.45324675,21.32246753,50.51801948,14.0508658,35.37402597,23.26168831,37.83636364,23.97597403,42.81071429,22.1,42.09718615,8.87,757,95,1,48,8.17
50,0,23.88051948,40.50350649,22.80175325,40.52597403,24.95012987,38.51493506,23.67051948,39.48311688,21.32116883,50.5212987,13.94883117,36.03506494,23.25922078,37.89090909,23.96493506,42.85428571,22.1,42.1812987,8.8,757,95,1,48.5,8.1
60,0,23.86883117,40.56961039,22.78480519,40.64155844,24.95220779,38.5538961,23.65883117,39.51298701,21.31987013,50.52457792,13.84679654,36.6961039,23.25675325,37.94545455,23.9538961,42.89785714,22.1,42.26541126,8.73,757,95,1,49,8.03
60,0,23.85714286,40.63571429,22.76785714,40.75714286,24.95428571,38.59285714,23.64714286,39.54285714,21.31857143,50.52785714,13.7447619,37.35714286,23.25428571,38,23.94285714,42.94142857,22.1,42.34952381,8.67,757,95,1,49.5,7.97
50,0,23.84545455,40.70181818,22.75090909,40.87272727,24.95636364,38.63181818,23.63545455,39.57272727,21.31727273,50.53113636,13.64272727,38.01818182,23.25181818,38.05454545,23.93181818,42.985,22.1,42.43363636,8.6,757,95,1,50,7.9
50,0,23.83376623,40.76792208,22.73396104,40.98831169,24.95844156,38.67077922,23.62376623,39.6025974,21.31597403,50.53441558,13.54069264,38.67922078,23.24935065,38.10909091,23.92077922,43.02857143,22.1,42.51774892,8.5,756.95,95.5,1,50.5,7.87
50,0,23.82207792,40.83402597,22.71701299,41.1038961,24.96051948,38.70974026,23.61207792,39.63246753,21.31467532,50.53769481,13.43865801,39.34025974,23.24688312,38.16363636,23.90974026,43.07214286,22.1,42.60186147,8.4,756.9,96,1,51,7.83
50,0,23.81038961,40.90012987,22.70006494,41.21948052,24.9625974,38.7487013,23.60038961,39.66233766,21.31337662,50.54097403,13.33662338,40.0012987,23.24441558,38.21818182,23.8987013,43.11571429,22.1,42.68597403,8.3,756.85,96.5,1,51.5,7.8
50,0,23.7987013,40.96623377,22.68311688,41.33506494,24.96467532,38.78766234,23.5887013,39.69220779,21.31207792,50.54425325,13.23458874,40.66233766,23.24194805,38.27272727,23.88766234,43.15928571,22.1,42.77008658,8.2,756.8,97,1,52,7.77
50,0,23.78701299,41.03233766,22.66616883,41.45064935,24.96675325,38.82662338,23.57701299,39.72207792,21.31077922,50.54753247,13.13255411,41.32337662,23.23948052,38.32727273,23.87662338,43.20285714,22.1,42.85419913,8.1,756.75,97.5,1,52.5,7.73
60,0,23.77532468,41.09844156,22.64922078,41.56623377,24.96883117,38.86558442,23.56532468,39.75194805,21.30948052,50.55081169,13.03051948,41.98441558,23.23701299,38.38181818,23.86558442,43.24642857,22.1,42.93831169,8,756.7,98,1,53,7.7
50,0,23.76363636,41.16454545,22.63227273,41.68181818,24.97090909,38.90454545,23.55363636,39.78181818,21.30818182,50.55409091,12.92848485,42.64545455,23.23454545,38.43636364,23.85454545,43.29,22.1,43.02242424,8.12,756.7333333,98.33333333,1,44.33333333,7.87
60,0,23.75194805,41.23064935,22.61532468,41.7974026,24.97298701,38.94350649,23.54194805,39.81168831,21.30688312,50.55737013,12.82645022,43.30649351,23.23207792,38.49090909,23.84350649,43.33357143,22.1,43.1065368,8.23,756.7666667,98.66666667,1,35.66666667,8.03
50,0,23.74025974,41.29675325,22.59837662,41.91298701,24.97506494,38.98246753,23.53025974,39.84155844,21.30558442,50.56064935,12.72441558,43.96753247,23.22961039,38.54545455,23.83246753,43.37714286,22.1,43.19064935,8.35,756.8,99,1,27,8.2
60,0,23.72857143,41.36285714,22.58142857,42.02857143,24.97714286,39.02142857,23.51857143,39.87142857,21.30428571,50.56392857,12.62238095,44.62857143,23.22714286,38.6,23.82142857,43.42071429,22.1,43.2747619,8.47,756.8333333,99.33333333,1,18.33333333,8.37
60,0,23.71688312,41.42896104,22.56448052,42.14415584,24.97922078,39.06038961,23.50688312,39.9012987,21.30298701,50.56720779,12.52034632,45.28961039,23.22467532,38.65454545,23.81038961,43.46428571,22.1,43.35887446,8.58,756.8666667,99.66666667,1,9.666666667,8.53
60,0,23.70519481,41.49506494,22.54753247,42.25974026,24.9812987,39.09935065,23.49519481,39.93116883,21.30168831,50.57048701,12.41831169,45.95064935,23.22220779,38.70909091,23.79935065,43.50785714,22.1,43.44298701,8.7,756.9,100,1,1,8.7
70,0,23.69350649,41.56116883,22.53058442,42.37532468,24.98337662,39.13831169,23.48350649,39.96103896,21.30038961,50.57376623,12.31627706,46.61168831,23.21974026,38.76363636,23.78831169,43.55142857,22.1,43.52709957,8.67,756.9166667,100,1,1,8.67
100,0,23.68181818,41.62727273,22.51363636,42.49090909,24.98545455,39.17727273,23.47181818,39.99090909,21.29909091,50.57704545,12.21424242,47.27272727,23.21727273,38.81818182,23.77727273,43.595,22.1,43.61121212,8.63,756.9333333,100,1,1,8.63
40,0,23.67012987,41.69337662,22.49668831,42.60649351,24.98753247,39.21623377,23.46012987,40.02077922,21.29779221,50.58032468,12.11220779,47.93376623,23.21480519,38.87272727,23.76623377,43.63857143,22.1,43.69532468,8.6,756.95,100,1,1,8.6
50,0,23.65844156,41.75948052,22.47974026,42.72207792,24.98961039,39.25519481,23.44844156,40.05064935,21.29649351,50.5836039,12.01017316,48.59480519,23.21233766,38.92727273,23.75519481,43.68214286,22.1,43.77943723,8.57,756.9666667,100,1,1,8.57
50,10,23.64675325,41.82558442,22.46279221,42.83766234,24.99168831,39.29415584,23.43675325,40.08051948,21.29519481,50.58688312,11.90813853,49.25584416,23.20987013,38.98181818,23.74415584,43.72571429,22.1,43.86354978,8.53,756.9833333,100,1,1,8.53
80,0,23.63506494,41.89168831,22.44584416,42.95324675,24.99376623,39.33311688,23.42506494,40.11038961,21.2938961,50.59016234,11.8061039,49.91688312,23.2074026,39.03636364,23.73311688,43.76928571,22.1,43.94766234,8.5,757,100,1,1,8.5
50,0,23.62337662,41.95779221,22.4288961,43.06883117,24.99584416,39.37207792,23.41337662,40.14025974,21.2925974,50.59344156,11.70406926,50.57792208,23.20493506,39.09090909,23.72207792,43.81285714,22.1,44.03177489,8.67,757.025,99.91666667,1,3.583333333,8.66
180,0,23.61168831,42.0238961,22.41194805,43.18441558,24.99792208,39.41103896,23.40168831,40.17012987,21.2912987,50.59672078,11.60203463,51.23896104,23.20246753,39.14545455,23.71103896,43.85642857,22.1,44.11588745,8.83,757.05,99.83333333,1,6.166666667,8.82
90,0,23.6,42.09,22.395,43.3,25,39.45,23.39,40.2,21.29,50.6,11.5,51.9,23.2,39.2,23.7,43.9,22.1,44.2,9,757.075,99.75,1,8.75,8.97
70,0,23.6,42.09,23.116,42.47,24.92666667,39.4,23.5,40.59666667,21.29,50.5,12.2,52.15666667,23.2,39.2,23.63333333,43.82666667,22.1,44.2,9.17,757.1,99.66666667,1,11.33333333,9.13
130,0,23.6,42.03,23.59571429,41.49428571,24.76,38.93333333,23.5,40.79,21.29,50.26,13.12666667,52.29,23.2,39.21285714,23.6,43.82666667,22.2,44.06,9.33,757.125,99.58333333,1,13.91666667,9.29
360,0,23.6,42.19666667,24.294,40.576,24.7,39,23.5,41,21.29,50.2,14.03333333,47.56666667,23.18,39.236,23.6,43.9,22.2,43.925,9.5,757.15,99.5,1,16.5,9.45
160,0,23.6,42.59,25.09428571,39.49714286,24.76,39.19333333,23.56666667,41.33333333,21.32333333,50,14.16,39.62666667,23.14285714,39.26428571,23.6,43.9,22.245,43.9,9.67,757.175,99.41666667,1,19.08333333,9.61
90,0,23.6,42.65666667,25.54,38.47,24.7,39.46666667,23.63333333,41.62666667,21.315,49.925,14.62428571,35.93857143,23.16,39.29,23.6,43.96666667,22.29,43.812,9.83,757.2,99.33333333,1,21.66666667,9.77
90,0,23.6,42.93,25.81,38.02142857,24.79,39.4,23.76,41.76,21.29,49.9,15.2,32.54,23.17142857,39.30571429,23.6,44.03,22.35666667,43.79,10,757.225,99.25,1,24.25,9.93
110,0,23.6,43.03,26.098,37.914,24.79,39.4,23.82333333,42.06666667,21.29,49.9,15.9,30.69666667,23.1,39.4,23.53333333,44.16333333,22.39,43.79,10.2,757.25,99.16666667,1,26.83333333,10.1
130,0,23.53333333,43.22333333,26.39285714,37.46571429,24.79,39.5,23.89,42.33333333,21.29,49.9,16.55,26.8425,23.1,39.47142857,23.5,44.23,22.39,43.79,10.3,757.275,99.08333333,1,29.41666667,10.2
100,0,23.56666667,43.4,26.83,36.62,24.79,39.56,24.03333333,42.53,21.39,49.9,16.96666667,24.46666667,23.1,39.59,23.5,44.36333333,22.39,43.79,10.5,757.3,99,1,32,10.4
110,0,23.575,43.4975,27.20857143,36.40857143,24.82333333,39.62666667,24.1,42.59,21.39,49.96666667,17.37,22.1975,23.11428571,39.60571429,23.5,44.46333333,22.46333333,43.9,11.1,757.3,96.83333333,1,36.16666667,10.6
90,0,23.6,43.66333333,27.5,35.936,24.89,39.76,24.2,42.66333333,21.39,50,17.79333333,19.35666667,23.14,39.718,23.5,44.59,22.46333333,43.9,11.7,757.3,94.66666667,1,40.33333333,10.8
80,0,23.6,43.86,27.57142857,35.73857143,24.89,39.93333333,24.26,42.59,21.39,50.06,18.15,15.49,23.1,39.75142857,23.5,44.73,22.5,44.03,12.3,757.3,92.5,1,44.5,11.1
460,0,23.6,44.06,27.7,35.5,24.89,40,24.2,42.46333333,21.39,50.09,18.46333333,13.16666667,23.14,39.79,23.5,44.79,22.5,44.16333333,12.9,757.3,90.33333333,1,48.66666667,11.3
820,0,23.6,44.26,27.40857143,35.77142857,24.89,40.19333333,24.2,42.695,21.39,50.16333333,18.32333333,12.3,23.11428571,39.79,23.5,44.93333333,22.5,44.16333333,13.5,757.3,88.16666667,1,52.83333333,11.5
350,0,23.6,44.2,27.4075,35.53125,24.96333333,40.8,24.13333333,42.73,21.39,50.2,18.56666667,6.856666667,23.16,39.714,23.42666667,44.93333333,22.5,44.42666667,14.1,757.3,86,1,57,11.7
300,0,23.6,43.96,27.6,34.676,25.26333333,41.8,24.13333333,42.46666667,21.39,50.2,18.76,2.063333333,23.2,39.49714286,23.5,45.19333333,22.53333333,44.72333333,14.5,757.3,83.66666667,1,58,11.7
260,0,23.6,43.56666667,27.67142857,33.92857143,25.59666667,42,24.2,42.19333333,21.39,50.06,18.96,1,23.2,39.12,23.5,45.26666667,22.6,44.53,15,757.3,81.33333333,1,59,11.6
290,0,23.6,43.13333333,27.7,33.554,25.895,42.04,24.2,41.6,21.39,49.93333333,19.29333333,1,23.2,38.86714286,23.46333333,44.99,22.6,44.36333333,15.4,757.3,79,1,60,11.6
220,0,23.6,42.8,27.68571429,33.51285714,26.16333333,42.06,24.2,41.32666667,21.39,49.72333333,19.8,1,23.2,38.678,23.39,44.73,22.6,44.29,15.8,757.3,76.66666667,1,61,11.6
170,0,23.63333333,42.93333333,27.6,33.696,26.29,41.72666667,24.32333333,41.26,21.39,49.46333333,19.92666667,1,23.2,38.59,23.445,44.6,22.6,44.29,16.3,757.3,74.33333333,1,62,11.5
90,0,23.76,43.32666667,27.52857143,33.99714286,26.2,40.73333333,24.39,41.2,21.42666667,49.29,20.09666667,1,23.2,38.59,23.39,44.4,22.6,44.23,16.7,757.3,72,1,63,11.5
80,0,23.79,43.06,27.39,34.236,26.26,40.06666667,24.5,41.46666667,21.42666667,49.23,20.35666667,1,23.23857143,38.63714286,23.46333333,44.46666667,22.6,44.09,16.8,757.25,70.83333333,1,56,11.4
80,0,23.79,42.86,27.33285714,34.33714286,26.2,39.56,24.5,41.4,21.5,49.26,20.29333333,1,23.218,38.59,23.39,44.4,22.6,44.09,16.9,757.2,69.66666667,1,49,11.2
100,0,23.79,43.19666667,27.236,34.356,26.13333333,39.36,24.6,41.29666667,21.5,49.2,19.96,1,23.29,38.56428571,23.39,44.32666667,22.6,44.09,17.1,757.15,68.5,1,42,11.1
600,0,23.79,43.53,27.17142857,34.42857143,26,39.2,24.6,41.03,21.5,49.2,20.03333333,1,23.29,38.46,23.39,44.29,22.6,44.09,17.2,757.1,67.33333333,1,35,10.9
510,10,23.89,43.16,27.1,34.536,26,39.4,24.5,40.9,21.5,49.2,20.22666667,1,23.30428571,38.33714286,23.46333333,44.36333333,22.6,44.09,17.3,757.05,66.16666667,1,28,10.8
280,0,23.96333333,42.82666667,26.95142857,34.38,26.26333333,40.06666667,24.5,40.82666667,21.5,49.2,20.35666667,1,23.33,38.29,23.39,44.29,22.6,44.09,17.4,757,65,1,21,10.6
250,0,24,42.56,26.83,34.356,26.53,40.33333333,24.5,40.9,21.5,49.09,20.29,1,23.365,38.20875,23.39,44.23,22.6,44.09,17.7,756.9833333,63,1,21.5,10.4
260,0,24,42.36,26.72571429,34.47142857,26.76333333,40.4,24.5,40.9,21.56666667,49.03,20.56666667,1,23.39,38.09,23.39,44.2,22.7,44.1,18,756.9666667,61,1,22,10.2
250,0,24.1,42.3,26.6,34.56428571,26.96333333,40.6,24.46333333,40.83333333,21.53333333,48.96666667,20.82666667,1,23.39,38,23.39,44.2,22.63333333,43.9,18.4,756.95,59,1,22.5,10
180,0,24.1,42.12666667,26.59411765,34.59,27.13333333,40.36333333,24.46333333,40.7,21.6,48.9,21.32333333,1,23.39647059,37.95294118,23.39,44.12,22.6,43.9,18.7,756.9333333,57,1,23,9.8
110,0,24.1,42.12666667,26.5,34.645,27.26,40.15666667,24.5,40.7,21.6,48.79,21.32333333,1,23.5,37.878,23.39,44.09,22.6,43.9,19,756.9166667,55,1,23.5,9.6
80,0,24.2,42.23,26.32333333,34.84833333,27.26,39.72333333,24.5,40.7,21.6,48.745,21.195,1,23.5,37.772,23.39,44.09,22.6,43.93333333,19.3,756.9,53,1,24,9.4
70,0,24.2,42.09666667,26.29,34.856,27.13333333,39.39,24.39,40.395,21.6,48.66333333,21.09666667,1,23.5,37.62142857,23.39,44.09,22.6,43.93333333,19.4,756.8833333,52.16666667,1.166666667,24.83333333,9.25
80,10,24.2,41.9,26.22571429,34.92857143,26.96333333,38.76333333,24.39,40.36,21.6,48.53,21.62333333,1,23.5,37.5,23.39,43.96666667,22.6,43.9,19.5,756.8666667,51.33333333,1.333333333,25.66666667,9.1
70,0,24.2,41.9,26.2,35.09,26.89,38.23,24.39,40.56,21.6,48.46666667,21.92666667,1,23.58571429,37.44285714,23.39,43.9,22.6,43.9,19.6,756.85,50.5,1.5,26.5,8.95
80,0,24.2,41.9,26.11428571,35.15285714,26.79,38.06,24.39,40.7,21.6,48.4,22.32666667,1,23.6,37.378,23.39,43.79,22.6,43.79,19.6,756.8333333,49.66666667,1.666666667,27.33333333,8.8
70,0,24.2,41.9,26.08,35.276,26.73,37.93333333,24.46333333,40.76,21.7,48.4,22.13333333,1,23.6,37.29,23.39,43.73,22.6,43.73,19.7,756.8166667,48.83333333,1.833333333,28.16666667,8.65
80,0,24.2,41.9,25.96857143,35.35428571,26.65,37.745,24.42666667,40.7,21.7,48.32666667,22.4,1,23.7,37.29,23.32333333,43.7,22.6,43.7,19.8,756.8,48,2,29,8.5
70,0,24.2,41.82666667,25.89,35.2,26.5,37.59,24.5,40.62666667,21.7,48.29,22.42666667,1,23.7,37.23857143,23.39,43.7,22.6,43.7,19.9,756.7666667,48.33333333,2.166666667,28.5,8.65
70,0,24.2,41.76,25.79142857,35.34,26.5,37.53,24.5,40.36333333,21.7,48.23,22.69333333,1,23.718,37.2,23.39,43.7,22.6,43.73,19.9,756.7333333,48.66666667,2.333333333,28,8.8
70,0,24.2,41.62666667,25.7,35.46,26.5,37.56,24.5,40.23,21.7,48.16333333,23.13,1,23.79,37.12142857,23.39,43.7,22.6,43.73,20,756.7,49,2.5,27.5,8.95
60,0,24.2,41.5,25.7,35.56428571,26.5,37.56,24.42666667,40.12666667,21.76,48.09,23.46333333,1,23.83,37.09,23.39,43.62666667,22.6,43.495,20.1,756.6666667,49.33333333,2.666666667,27,9.1
60,10,24.2,41.56,25.7,35.634,26.46333333,37.59,24.5,40.12666667,21.73,48,23.76333333,1,23.89,37.03857143,23.39,43.36333333,22.6,43.29,20.1,756.6333333,49.66666667,2.833333333,26.5,9.25
60,0,24.2,41.59,25.61428571,35.71285714,26.39,37.59,24.5,39.96666667,21.79,47.925,23.96333333,1,23.89,36.94,23.39,43.29,22.6,43.36333333,20.2,756.6,50,3,26,9.4
60,0,24.2,41.59,25.525,35.895,26.35666667,37.5,24.5,39.9,21.79,47.9,23.99666667,1,23.89,36.86857143,23.39,43.23,22.6,43.29,20.4,756.5666667,49.66666667,2.666666667,28.33333333,9.45
60,0,24.2,41.59,25.5,36.018,26.29,37.43333333,24.5,39.9,21.79,47.79,23.93,1,24,36.79,23.39,43.23,22.6,43.36333333,20.5,756.5333333,49.33333333,2.333333333,30.66666667,9.5
50,0,24.2,41.66333333,25.42142857,36.09,26.26,37.29,24.5,39.82666667,21.85666667,47.79,24.06666667,1,24,36.73857143,23.39,43.2,22.6,43.29,20.7,756.5,49,2,33,9.55
70,0,24.2,41.62666667,25.39,36.29,26.2,37.23,24.5,39.82666667,21.89,47.79,24,1,24,36.7,23.39,43.2,22.66666667,43.29,20.9,756.4666667,48.66666667,1.666666667,35.33333333,9.6
70,0,24.2,41.7,25.39,36.29,26.16666667,37.2,24.5,39.96666667,21.89,47.73,23.72666667,1,24,36.72571429,23.39,43.2,22.6,43.26,21,756.4333333,48.33333333,1.333333333,37.66666667,9.65
130,0,24.2,41.7,25.39,36.29,26.1,37.12666667,24.6,40.2,21.89,47.7,23.72666667,1,24.04,36.94,23.39,43.2,22.6,43.2,21.2,756.4,48,1,40,9.7
390,0,24.2,41.7,25.39,36.29,26.1,37.09,24.53333333,40.2,21.96333333,47.7,24.1,1,24.1,37.06714286,23.42666667,43.53,22.6,43.23,21.1,756.35,47.5,1.166666667,40,9.45
420,10,24.26,42.5,25.30428571,36.45428571,26.1,37.09,24.6,40.23,21.92666667,47.59,24.1,1,24.12,37.276,23.5,43.79,22.6,43.36333333,21,756.3,47,1.333333333,40,9.2
710,0,24.29,43.5,25.35,36.612,26,37.2,24.6,40.3975,22,47.59,24.376,1,24.2,37.4,23.63333333,44.06666667,22.6,43.46666667,20.9,756.25,46.5,1.5,40,8.95
850,0,24.35666667,43.62666667,25.39,36.79571429,26,37.33333333,24.66666667,40.56,22,47.7,24.55,1,24.2,37.4,23.7,44.33333333,22.6,43.43333333,20.9,756.2,46,1.666666667,40,8.7
470,0,24.39,43.75666667,25.39,37.134,26.16333333,38.06666667,24.7,40.7,22,47.7,24.65,1,24.2,37.5,23.82333333,45.1,22.6,43.5,20.8,756.15,45.5,1.833333333,40,8.45
360,0,24.39,44.22333333,25.34714286,37.46428571,26.43,38.66,24.7,40.62666667,22.1,47.9,24.35142857,1,24.22571429,37.72571429,23.96333333,45.76666667,22.6,43.5,20.7,756.1,45,2,40,8.2
620,0,24.39,44.33333333,25.37,37.736,26.73,38.86333333,24.7,40.56,22.1,47.96666667,23.95,1,24.254,37.856,24.03333333,45.93333333,22.6,43.5,20.8,756.05,45.16666667,2,40,8.33
600,0,24.39,44.06666667,25.26428571,37.52857143,26.9725,39.0425,24.7,40.5,22.13333333,48,23.82666667,1,24.27714286,37.88428571,24.16666667,46.06,22.7,43.59,20.8,756,45.33333333,2,40,8.47
520,0,24.39,43.36666667,25.06,37.12,27.16666667,39.12666667,24.66666667,40.43,22.2,48,23.69666667,1,24.29,37.938,24.2,46.09,22.7,43.59,20.9,755.95,45.5,2,40,8.6
290,0,24.39,43.56666667,24.93714286,37.09285714,27.42666667,38.96666667,24.6,40.23,22.2225,47.9,24.045,1,24.29,38.07875,24.2675,46.015,22.65,43.59,21,755.9,45.66666667,2,40,8.73
250,0,24.39,45.46666667,24.87,37.2,27.56666667,38.9,24.6,40.2,22.29,47.9,24.1,1,24.29,37.99777778,24.29,45.53,22.7,43.62142857,21,755.85,45.83333333,2,40,8.87
190,0,24.39,43.73333333,24.79,37.12142857,27.73,38.66333333,24.6,40.2,22.29,47.79,24.03333333,1,24.29,37.856,24.29,44.9,22.7,43.59,21.1,755.8,46,2,40,9
120,0,24.35666667,42.66666667,24.7,37.08,27.79,38.53,24.6,40.16333333,22.29,47.73,23.96,1,24.29,37.86714286,24.29,44.5,22.7,43.59,21,755.75,46.5,2.166666667,38.16666667,9.1
100,0,24.29,42.06666667,24.64285714,37.59571429,27.85666667,38.19333333,24.6,40.09,22.29,47.495,24.1,1,24.29,38.018,24.29,44.16333333,22.7,43.56,21,755.7,47,2.333333333,36.33333333,9.2
320,0,24.39,42.3,24.56,38.2,27.73,37.86,24.6,40.09,22.32333333,47.42666667,23.5,1,24.29,38.12142857,24.23,43.89,22.7,43.56,20.9,755.65,47.5,2.5,34.5,9.3
270,0,24.32333333,42.63333333,24.5875,38.605,27.63333333,37.89,24.6,40.16333333,22.59666667,56.76,23.03333333,1,24.29,38.2,24.29,43.76,22.7,43.7,20.8,755.6,48,2.666666667,32.66666667,9.4
290,0,24.39,42.53,24.57777778,39.09222222,27.82666667,38.29666667,24.5,40.2,22.86,65.39333333,22.86666667,1,24.29,38.336,24.29,43.7,22.7,43.56666667,20.8,755.55,48.5,2.833333333,30.83333333,9.5
270,0,24.32333333,42.72333333,24.6,39.7,28.06666667,38.93333333,24.5,40.2,22.956,70.196,22.8,1,24.23857143,38.49857143,24.29,43.66333333,22.7,43.5225,20.7,755.5,49,3,29,9.6
260,0,24.39,42.9,24.5,39.99777778,28.2,39.06,24.5,40.2,22.85666667,67.43,23,1,24.254,38.732,24.29,43.66333333,22.7,43.72333333,20.6,755.5,49.66666667,3,30.83333333,9.68
310,0,24.39,43.175,24.56,40.236,28.32333333,39.2,24.5,40.26,22.79,64.695,23.25,1,24.29,38.99714286,24.29,44.05666667,22.7,43.73,20.5,755.5,50.33333333,3,32.66666667,9.77
250,0,24.39,43.73333333,24.5,40.33714286,28.39,39.2,24.5,40.4,22.79,57.66666667,23.025,1,24.254,39.29,24.35666667,45.13,22.625,43.7225,20.4,755.5,51,3,34.5,9.85
130,0,24.39,44.33,24.5,40.42,28.42666667,39.06,24.5,40.46666667,23.19,70.86,22.09333333,1,24.23857143,39.47,24.5,46.06,22.7,43.79,20.2,755.5,51.66666667,3,36.33333333,9.93
120,0,24.39,44.72333333,24.5,40.56428571,28.42666667,38.86,24.5,40.645,23.61,80.66666667,21.4,1,24.29,39.88,24.5,46.19333333,22.7,43.82666667,20.1,755.5,52.33333333,3,38.16666667,10
100,20,24.42666667,44.73,24.4725,40.7675,28.26,38.56,24.46333333,41.12666667,23.31181818,81.81818182,20.69636364,1,24.29,40.30545455,24.53333333,46.62666667,22.7,43.96666667,20,755.5,53,3,40,10.1
90,20,24.42666667,44.73,24.39,40.834,28.06666667,38.43333333,24.39,41.33333333,23.16666667,81.66666667,20.53,1,24.29,40.5,24.53333333,46.83333333,22.7,44,19.8,755.55,54.16666667,3,37.16666667,10.2
100,10,24.39,44.59,24.33285714,41.1,27.82666667,38,24.42666667,41.83,23.1,81.26,20.15666667,1,24.29,40.75714286,24.6,47.46666667,22.7,44,19.6,755.6,55.33333333,3,34.33333333,10.3
80,0,24.46333333,44.66333333,24.29,41.276,27.63333333,37.93333333,24.5,42.09,23.08,79.918,19.63,1,24.29,40.9,24.66666667,48.26666667,22.7,44,19.4,755.65,56.5,3,31.5,10.4
90,10,24.5,44.7,24.29,41.42857143,27.35666667,38,24.5,41.96666667,22.92666667,77.46666667,18.93333333,1.663333333,24.29,41.19285714,24.7,48.43333333,22.7,44,19.1,755.7,57.66666667,3,28.66666667,10.6
90,30,24.5,44.7,24.2,41.5,27.1975,38.0675,24.5,41.9,22.89,74.66333333,18.39333333,3.656666667,24.29,41.5,24.7,48.63333333,22.7,44.06,18.9,755.75,58.83333333,3,25.83333333,10.7
100,10,24.5,44.7,24.18571429,41.69142857,27.03333333,38.16333333,24.53333333,42.36,22.82333333,71.99666667,17.93,5.956666667,24.29,41.79571429,24.7,48.72333333,22.7,44.06,18.7,755.8,60,3,23,10.8
80,0,24.5,44.7,24.1,41.876,26.85666667,37.82666667,24.6,42.43333333,22.79,69.52333333,17.695,7.595,24.29,42.374,24.625,48.2975,22.7,44.12666667,18.4,755.85,62,3.166666667,29.5,10.9
60,10,24.5,44.79,24.1,42.06428571,26.73,38.02666667,24.6,42.29,22.79,67.26333333,17.43,9.76,24.33285714,42.65285714,24.66666667,48.33333333,22.7,44.2225,18.1,755.9,64,3.333333333,36,11.1
80,20,24.5,44.73,24,42.134,26.7,38.23,24.6,42.23,22.76,66.2,17.16333333,11.03333333,24.35666667,42.82666667,24.7,48.59,22.7,44.29,17.8,755.95,66,3.5,42.5,11.2
60,20,24.5,44.79,23.93714286,42.32857143,26.7,38.36333333,24.6,42.39,22.7,65.72666667,16.79333333,12.86666667,24.37571429,43.06857143,24.7,48.79666667,22.7,44.29,17.4,756,68,3.666666667,49,11.3
80,20,24.5,44.79,23.87,42.518,26.79,38.29,24.6,42.66333333,22.7,65.06,16.53333333,14.4,24.33285714,43.49714286,24.7,49.5,22.7,44.29,17.1,756.05,70,3.833333333,55.5,11.5
70,20,24.5,44.7,23.79,42.66857143,26.79,38.29,24.6,42.82666667,22.7,64.375,16.22666667,15.66666667,24.39,43.59,24.7,49.76,22.7,44.32666667,16.8,756.1,72,4,62,11.6
80,20,24.5,44.7,23.7,42.834,26.79,38.4,24.66666667,42.96666667,22.7,63.69333333,15.96,16.46666667,24.34714286,43.73571429,24.73,49.9,22.7,44.4,16.6,756.1,72.66666667,4,62.33333333,11.6
70,20,24.5,44.59,23.68571429,42.95714286,26.79,38.46666667,24.7,43.12666667,22.7,63.06333333,15.66,17.76666667,24.33,43.812,24.79,49.82666667,22.7,44.43333333,16.5,756.1,73.33333333,4,62.66666667,11.6
70,20,24.5,44.59,23.6,43.018,26.79,38.5,24.7,43.2,22.63333333,62.53,15.6,18.43333333,24.29,43.82142857,24.76,49.66333333,22.63333333,44.43333333,16.3,756.1,74,4,63,11.6
60,20,24.5,44.59,23.6,43.12142857,26.79,38.56,24.7,43.2,22.6,61.96,15.5,18.73,24.29,43.754,24.7,49.66333333,22.66666667,44.46666667,16.1,756.1,74.66666667,4,63.33333333,11.5
70,20,24.5,44.59,23.5,43.334,26.7,38.59,24.7,43.2,22.6,61.5,15.5,18.85666667,24.29,43.7,24.6,49.76666667,22.66666667,44.52666667,16,756.1,75.33333333,4,63.66666667,11.5
60,20,24.42666667,44.53,23.45285714,43.41142857,26.7,38.66333333,24.7,43.2,22.6,60.96,15.36,19.36,24.29,43.7,24.6,49.96666667,22.6,44.43333333,15.8,756.1,76,4,64,11.5
70,20,24.5,44.59,23.39,43.42,26.7,38.7,24.7,43.2,22.6,60.56666667,15.195,19.77,24.29,43.72571429,24.6,50.13333333,22.66666667,44.56,15.6,756.1,76.5,3.833333333,63.83333333,11.4
60,20,24.42666667,44.53,23.31857143,43.56428571,26.7,38.76,24.76,43.26,22.6,60.1,14.96,20.66666667,24.29,43.9,24.6,50.4,22.6,44.5,15.5,756.1,77,3.666666667,63.66666667,11.4
70,20,24.39,44.56,23.254,43.656,26.7,38.96333333,24.82333333,43.32666667,22.6,59.76666667,14.76333333,23,24.29,43.91428571,24.56666667,50.36333333,22.6,44.5,15.3,756.1,77.5,3.5,63.5,11.3
70,20,24.39,44.56,23.22571429,43.68428571,26.76,39.09,24.89,43.4,22.53333333,59.4,14.56333333,23.93333333,24.29,44.018,24.5,50.29,22.6,44.5,15.1,756.1,78,3.333333333,63.33333333,11.2
60,10,24.39,44.56,23.2,43.754,26.73,39.23,24.89,43.36333333,22.53333333,59.12666667,14.39,26.15666667,24.29,44.12142857,24.5,50.43333333,22.6,44.5,15,756.1,78.5,3.166666667,63.16666667,11.2
60,10,24.32333333,44.56,23.12857143,43.89714286,26.79,39.36333333,24.89,43.23,22.5,58.86333333,14.33,27.43,24.236,44.134,24.56666667,50.56,22.6,44.5,14.8,756.1,79,3,63,11.1
70,0,24.35666667,44.73,23.1,44.036,26.79,39.43333333,24.89,43,22.5,58.73,14.36,28.03333333,24.27714286,44.32428571,24.5,50.59,22.6,44.56,14.8,756.0666667,79.16666667,2.833333333,62.83333333,11.1
50,10,24.35666667,44.79,23.04285714,44.09,26.79,39.5225,24.89,42.93333333,22.5,58.56,14.36,28.1,24.254,44.434,24.5,50.59,22.6,44.7,14.7,756.0333333,79.33333333,2.666666667,62.66666667,11.1
60,0,24.29,44.76,23,44.1725,26.79,39.59,24.89,42.76,22.5,58.43333333,14.39,27.86,24.25142857,44.62142857,24.46333333,50.59,22.6,44.7675,14.7,756,79.5,2.5,62.5,11.1
60,0,24.29,44.7,22.934,44.254,26.79,39.7,24.89,42.7,22.5,58.26,14.46333333,27.86,24.29,44.79,24.445,50.6225,22.6,44.79,14.6,755.9666667,79.66666667,2.333333333,62.33333333,11
60,0,24.29,44.7,22.89,44.36857143,26.79,39.7,24.79,42.5,22.5,58.06666667,14.39,27.46666667,24.25142857,44.75142857,24.39,50.43333333,22.66666667,44.96666667,14.6,755.9333333,79.83333333,2.166666667,62.16666667,11
60,0,24.29,44.7,22.79,44.29,26.79,39.79,24.79,42.43333333,22.5,57.96666667,14.39,27.53333333,24.272,44.772,24.39,50.26,22.6,44.9,14.5,755.9,80,2,62,11
60,0,24.2,44.59,22.79,44.36714286,26.79,39.79,24.79,42.36333333,22.5,57.82666667,14.3,28.9,24.2,44.66857143,24.39,50.26,22.7,45.03,14.4,755.8666667,80.16666667,2,62,11
50,0,24.2,44.59,22.79,44.5,26.79,39.79,24.73,42.29,22.39,57.645,14.3,29.96666667,24.2,44.7,24.39,50.4,22.7,45.09,14.4,755.8333333,80.33333333,2,62,11
60,0,24.2,44.59,22.72571429,44.56428571,26.79,39.79,24.7,42.29,22.46333333,57.5,14.16,30.73333333,24.2,44.75142857,24.39,50.4,22.7,45.09,14.3,755.8,80.5,2,62,10.9
60,0,24.2,44.66333333,22.7,44.7,26.79,39.9,24.7,42.23,22.46333333,57.5,14.1,31.73333333,24.2,44.856,24.39,50.53,22.7,45.16333333,14.2,755.7666667,80.66666667,2,62,10.9
60,0,24.2,44.7,22.7,44.75142857,26.79,39.9,24.7,42.29,22.39,57.29,14,33.36333333,24.2,44.9,24.39,50.59,22.7,45.2,14.2,755.7333333,80.83333333,2,62,10.9
40,0,24.13333333,44.7,22.68,44.79,26.79,39.93333333,24.7,42.29,22.39,57.23,14,34.16333333,24.2,44.976,24.39,50.56,22.7,45.2,14.1,755.7,81,2,62,10.9
60,0,24.2,44.745,22.6,44.82142857,26.79,40,24.7,42.29,22.39,57.13333333,13.89,34.03333333,24.2,45.31125,24.39,50.56,22.7,45.29,14.1,755.7166667,81.16666667,1.833333333,61.83333333,10.9
40,0,24.16666667,44.79,22.6,44.9,26.79,40,24.7,42.23,22.39,57,13.9725,33.22,24.2,45.4,24.39,50.46666667,22.7,45.29,14.1,755.7333333,81.33333333,1.666666667,61.66666667,10.9
60,0,24.1,44.79,22.58571429,44.9,26.79,40,24.6,42.09,22.39,56.9,14,33,24.2,45.46,24.39,50.32666667,22.7,45.5,14.1,755.75,81.5,1.5,61.5,10.9
50,0,24.1,44.79,22.5,44.92,26.76,40.03,24.6,42.09,22.39,56.82666667,13.96333333,33.43333333,24.2,45.42857143,24.35666667,50.16333333,22.7,45.62666667,14,755.7666667,81.66666667,1.333333333,61.33333333,11
50,0,24.1,44.79,22.5,45,26.7,40.09,24.6,42.09,22.39,56.79,13.89,34.63333333,24.2,45.5,24.29,50.09,22.7,45.59,14,755.7833333,81.83333333,1.166666667,61.16666667,11
60,0,24.1,44.82666667,22.5,45.036,26.7,40.09,24.56666667,42.12666667,22.39,56.73,13.76333333,36.36,24.2,45.5,24.32333333,50.09,22.7,45.59,14,755.8,82,1,61,11
60,0,24.1,44.82666667,22.5,45.15285714,26.7,40.16333333,24.5,42.12666667,22.39,56.59,13.69,36.96666667,24.2,45.554,24.32333333,50.03,22.7,45.62666667,13.9,755.75,82.83333333,1.5,59.66666667,11.1
60,0,24.1,44.79,22.434,45.156,26.7,40.2,24.5,42.12666667,22.39,56.59,13.6,37.06666667,24.2,45.59,24.29,49.93333333,22.7,45.96,13.9,755.7,83.66666667,2,58.33333333,11.1
60,0,24.1,44.86333333,22.39,45.2,26.7,40.2,24.5,42.2,22.39,56.5,13.6,37.26,24.2,45.554,24.29,50.06,22.7,46,13.8,755.65,84.5,2.5,57,11.2
50,0,24.03333333,44.86,22.39,45.29,26.7,40.245,24.5,42.2,22.39,56.43333333,13.6,37.76666667,24.2,45.44285714,24.29,49.96666667,22.7,46,13.7,755.6,85.33333333,3,55.66666667,11.3
60,0,24.03333333,44.93333333,22.39,45.29,26.7,40.29,24.5,42.2,22.39,56.36333333,13.53333333,37.9,24.2,45.378,24.29,49.9,22.7,45.95,13.7,755.55,86.16666667,3.5,54.33333333,11.3
60,0,24,44.9,22.39,45.356,26.63333333,40.29,24.5,42.2,22.39,56.29,13.46333333,37.56,24.2,45.29,24.29,49.9,22.7,46.03,13.6,755.5,87,4,53,11.4
60,0,24,44.9,22.31857143,45.4,26.7,40.29,24.5,42.2,22.39,56.2,13.46333333,37.63333333,24.2,45.29,24.29,49.9,22.7,46.09,13.6,755.5,87.5,3.666666667,51.66666667,11.4
60,0,24,44.9,22.29,45.5,26.7,40.36333333,24.46333333,42.16333333,22.39,56.12666667,13.5,37.83,24.2,45.21285714,24.29,49.9,22.73,46.09,13.5,755.5,88,3.333333333,50.33333333,11.5
50,0,24,44.9,22.29,45.5,26.7,40.4,24.39,42.16333333,22.39,56.09,13.42666667,38.09,24.2,45.254,24.26,49.93,22.73,46.16333333,13.5,755.5,88.5,3,49,11.6
60,0,24,45,22.29,45.518,26.7,40.4,24.39,42.2,22.39,56.0225,13.32333333,38.1,24.2,45.36857143,24.26,49.86333333,22.76,46.23,13.5,755.5,89,2.666666667,47.66666667,11.6
60,0,24,45,22.29,45.59,26.7,40.4,24.39,42.2,22.39,55.93333333,13.19,38.83333333,24.2,45.356,24.29,49.93333333,22.7,46.29,13.4,755.5,89.5,2.333333333,46.33333333,11.7
60,0,24,45,22.2,45.59,26.7,40.4,24.46333333,42.26,22.39,55.9,13.06666667,39.76333333,24.15714286,45.23857143,24.23,49.93333333,22.76,46.4,13.4,755.5,90,2,45,11.7
60,0,23.92666667,45,22.2,45.634,26.7,40.4,24.39,42.2,22.39,55.82666667,12.92666667,40.69666667,24.2,45.178,24.23,49.93333333,22.76,46.4,13.4,755.5,89.83333333,2,45.16666667,11.7
60,0,23.89,45,22.2,45.7,26.63333333,40.4,24.39,42.2,22.39,55.79,12.8,41.05,24.17142857,45.12142857,24.23,49.93333333,22.79,46.43333333,13.4,755.5,89.66666667,2,45.33333333,11.6
60,0,23.89,45,22.2,45.7,26.7,40.46666667,24.39,42.2,22.39,55.73,12.92666667,42.06666667,24.2,45.254,24.2,50,22.79,46.5,13.4,755.5,89.5,2,45.5,11.6
50,0,23.89,45.06,22.2,45.7,26.7,40.46666667,24.35666667,42.2,22.39,55.7,13.12666667,42.2,24.2,45.13714286,24.2,50,22.76,46.59,13.3,755.5,89.33333333,2,45.66666667,11.6
60,0,23.79,45,22.2,45.754,26.6,40.5,24.34,42.2225,22.39,55.62666667,13.22666667,42,24.2,45.156,24.2,50.06,22.76,46.59,13.3,755.5,89.16666667,2,45.83333333,11.5
50,10,23.79,45.13333333,22.2,45.86714286,26.66666667,40.5,24.35666667,42.23,22.39,55.59,13.3,41.8,24.2,45.12142857,24.2,50.06,22.79,46.9,13.3,755.5,89,2,46,11.5
110,0,23.89,45.36333333,22.2,46.112,26.53,40.1,24.29,42.29,22.39,55.53,13.53333333,41.26666667,24.2,45.29,24.2,50.1,22.79,47.23333333,13.3,755.55,89,1.833333333,46.33333333,11.5
70,0,23.89,45.36333333,22.2,46.26428571,26.32333333,39.82666667,24.29,42.36333333,22.39,55.46666667,13.73333333,40.66666667,24.2,44.98142857,24.2,49.63333333,22.79,47.46666667,13.4,755.6,89,1.666666667,46.66666667,11.6
50,0,24,45.43333333,22.2,46.44,26.16666667,39.76,24.29,42.5,22.39,55.26666667,13.86666667,39.76666667,24.14,44.574,24.16666667,49.19333333,22.79,47.4,13.4,755.65,89,1.5,47,11.6
50,0,24,45.56,22.27714286,46.60857143,26.1,39.7,24.29,42.56,22.39,54.93,14.12666667,39.02666667,24.1,44.16857143,24.1,48.86,22.79,47.13333333,13.4,755.7,89,1.333333333,47.33333333,11.6
50,0,24,45.46666667,22.29,46.572,26,39.73,24.29,42.59,22.39,54.73,14.36666667,38.09333333,24.075,43.6425,24.1,48.63333333,22.79,46.93333333,13.5,755.75,89,1.166666667,47.66666667,11.7
50,0,24,45.4,22.36142857,46.42857143,25.92666667,39.53,24.29,42.59,22.39,54.43,14.62666667,36.96,24,43.254,24.1,48.43333333,22.79,46.745,13.5,755.8,89,1,48,11.7
60,0,23.92666667,45.36333333,22.39,46.29,25.84,39.4,24.29,42.7,22.39,54.15666667,14.96,35.16333333,24,43.04,24,48.16333333,22.79,46.56,13.6,755.8,88.5,1.166666667,49.16666667,11.7
60,0,24,45.49,22.39,46.29,25.79,39.43333333,24.29,42.7,22.39,53.96666667,15.23333333,34.89,24,42.878,24,48.03,22.79,46.5,13.7,755.8,88,1.333333333,50.33333333,11.7
190,0,23.89,45.5,22.39,46.29,25.73,39.56,24.23,42.62666667,22.39,53.82666667,15.66666667,33.59,24,42.72571429,24,47.95,22.79,46.4,13.8,755.8,87.5,1.5,51.5,11.7
130,0,23.96333333,45.5,22.39,46.29,25.73,39.7,24.29,42.7,22.39,53.66333333,15.93333333,31.72333333,23.956,42.59,24,47.86333333,22.79,46.32666667,13.9,755.8,87,1.666666667,52.66666667,11.7
180,0,24,45.5,22.5,46.4,25.79,39.7,24.29,42.73,22.39,53.53,16.26333333,29.62666667,23.92142857,42.53857143,24,47.79,22.79,46.42666667,14,755.8,86.5,1.833333333,53.83333333,11.7
360,0,24,45.5,22.47,46.38285714,25.7,39.9,24.29,42.79,22.39,53.4,16.59666667,28.7,23.89,42.5,24,47.79,22.79,46.56666667,14.1,755.8,86,2,55,11.7
100,0,23.85666667,48.75666667,22.252,46.68,25.76,39.9,24.29,42.9,22.39,53.25,17.09666667,27.16666667,23.89,42.5,24,47.79,22.79,46.4,14.3,755.85,85.33333333,2.166666667,56,11.8
70,0,23.79,48.22333333,22.1,47.12142857,25.89,39.9,24.23,42.82666667,22.39,53.12666667,17.56333333,25.36666667,23.89,42.46,23.89,47.79,22.79,46.32666667,14.4,755.9,84.66666667,2.333333333,57,11.8
80,0,23.7,47.33333333,22.236,47.374,25.89,39.9,24.2,42.82666667,22.39,52.96666667,18.25,21.445,23.89,42.48571429,23.89,47.86333333,22.79,46.29,14.6,755.95,84,2.5,58,11.9
80,0,23.63333333,47,22.61142857,47.18428571,26,40.36333333,24.26,43.1,22.39,52.9,19.13,17.02666667,23.89,42.44,23.89,47.9,22.85666667,46.36333333,14.8,756,83.33333333,2.666666667,59,11.9
90,0,23.6,47.1,22.97,46.61,26,40.36333333,24.29,43.26666667,22.39,52.79,19.59666667,14.5,23.89,42.42857143,23.89,47.9,22.89,46.5,14.9,756.05,82.66666667,2.833333333,60,11.9
90,0,23.6,47.2,23.49714286,45.89714286,26,40.4,24.29,43.4,22.39,52.73,20.45666667,10.5,23.89,42.5,23.89,47.9,22.89,46.5,15.1,756.1,82,3,61,12
60,0,23.6,47.2,24.04,44.71,26.06666667,40.4,24.39,43.45,22.42666667,52.7,20.93,6.566666667,23.87571429,42.5,23.89,47.96666667,22.89,46.5,15.3,756.1166667,81.33333333,2.666666667,61,12.1
70,0,23.6,47.2,24.185,44.24375,26.1,40.46666667,24.39,43.5,22.42666667,52.56666667,21.33333333,5.03,23.79,42.5,23.89,48,22.89,46.5,15.5,756.1333333,80.66666667,2.333333333,61,12.1
50,0,23.6,47.2,24.45285714,43.75,26.1,40.46666667,24.39,43.5,22.5,52.5,21.6,3.556666667,23.79,42.5,23.89,48,22.89,46.5,15.7,756.15,80,2,61,12.2
580,0,23.63333333,47.22666667,24.814,43.472,26.16666667,40.5,24.5,43.5,22.5,52.43333333,22.09666667,1.696666667,23.79,42.5,23.89,48,22.89,46.43333333,15.9,756.1666667,79.33333333,1.666666667,61,12.3
660,0,23.76,47.69333333,25.49714286,42.59571429,26.03333333,40.69333333,24.5,43.56,22.5,52.4,22.62333333,1.096666667,23.79,42.55142857,23.82333333,47.93333333,22.89,46.29,16.1,756.1833333,78.66666667,1.333333333,61,12.3
300,0,23.79,47.86333333,25.934,41.754,26.06666667,41.56666667,24.46333333,43.7,22.5,52.4,23.16666667,1,23.79,42.612,23.89,48,22.89,46.29,16.3,756.2,78,1,61,12.4
260,0,23.79,47.86333333,26.29571429,41.72428571,26.32666667,42.36,24.39,43.83333333,22.5,52.43333333,23.29333333,1,23.79,42.72571429,23.82333333,47.93333333,22.89,46.26,16.6,756.2,76.83333333,1.166666667,61.33333333,12.5
290,0,23.79,48.12666667,26.54,41.296,26.76333333,43.09666667,24.39,44.06666667,22.56666667,52.5,23.22666667,1,23.79,42.834,23.79,48.03,22.9175,46.2,16.9,756.2,75.66666667,1.333333333,61.66666667,12.5
240,0,23.79,48.26,26.72571429,40.82142857,27.0725,43.8225,24.39,44.26,22.5,52.53,22.96,1,23.79,42.91428571,23.79,48.09,22.92666667,46.2,17.3,756.2,74.5,1.5,62,12.6
240,0,23.89,48.4,26.89,40.514,27.32666667,44,24.39,44.4,22.5,52.59,23.16666667,1,23.79,43,23.79,48.2,23,46.16333333,17.6,756.2,73.33333333,1.666666667,62.33333333,12.7
180,0,23.96333333,48.32666667,26.89,39.96285714,27.53333333,43.76666667,24.39,44.4,22.5,52.59,23.42666667,1,23.79,43,23.79,48.2225,23,46.16333333,17.9,756.2,72.16666667,1.833333333,62.66666667,12.7
190,0,24.1,48.33333333,26.85,39.75,27.66666667,43.36,24.5,44.5,22.56666667,52.59,23.26,1,23.79,42.96,23.85666667,48.36333333,23,46.09,18.2,756.2,71,2,63,12.8
70,0,24.16666667,48.46,26.89,39.56428571,27.7,42.76666667,24.5,44.5,22.53333333,52.59,23.26,1,23.83285714,42.94285714,23.79,48.29,23,46.16333333,18.5,756.1833333,70.33333333,1.833333333,63.33333333,12.9
400,0,24.23,48.46666667,26.79,39.5,27.63333333,42.22666667,24.46333333,44.43,22.6,52.59,23.46333333,1,23.79,42.845,23.79,48.36333333,23.03333333,46.15666667,18.8,756.1666667,69.66666667,1.666666667,63.66666667,13.1
620,0,24.35666667,48.32666667,26.77714286,39.56714286,27.53333333,41.96333333,24.46333333,44.36333333,22.6,52.59,23.39,1,23.83,42.834,23.79,48.4,23.03333333,46.23,19.1,756.15,69,1.5,64,13.3